0.0379170542385
-0.0153976993111
0.0964282661846
0.0121285373181
0.081777970448
0.131537789296
0.0982262339849
0.140895197795
0.0631295037151
0.052303649193
-0.0243833171898
0.0319713709285
0.0569497656016
0.0115981446245
-0.00177817904509
0.114267011152
0.0198763827907
0.0662273145335
-0.0546267211063
0.0711510095995
0.0621541031876
0.0119621994245
-0.0257299656034
0.00892653872489
0.0883630710782
0.0810335208948
0.0653338227427
0.0916668068726
-0.0353463095513
0.0743094723174
0.0459914226245
0.0582680513594
0.0486558592131
0.0283500268092
-0.0226919948244
0.0491507563032
0.0400434693522
-0.0791931703646
0.100230975131
0.0589783389227
-0.0288134819673
0.0823467396871
0.0497005134399
0.0932183360938
0.0911205655364
0.0568884883272
0.0464622535599
0.0640984800444
0.128849720332
0.104880051636
0.0493447271137
0.116422437067
0.000316742001656
0.0606347778435
0.0269847463617
0.0494115324062
0.000529560867474
0.016878234725
0.0556063733476
0.124306593169
0.000439918667338
0.0319058818166
0.0270788951403
0.123609071396
0.0367661673486
0.0547772976047
-0.0970624022385
0.0332478657752
-0.104477678102
-0.00813836190512
0.0446899921802
0.084947717047
0.0514660116346
0.0581132806838
0.0184821509812
-0.0382059742991
0.126669674541
0.124642130077
0.082884838645
0.0560148576537
-0.00639158127401
0.0504842308293
0.0346947920025
0.111236674735
0.0145709049036
0.0658100460194
0.0471513064919
0.0643896318673
0.0835752953349
0.0353960936813
0.117912880153
0.0889246944788
-0.0395539968927
0.104557729886
0.00958703634279
0.0913402694647
0.02170750375
-0.0405213821897
-0.0089008884288
0.0741065986146
0.113670932659
0.124733096583
0.0315314855516
0.114306009715
0.00347724875935
0.108059137307
0.0530856785623
0.103289828762
0.0833363340972
0.0360355412547
0.044064279654
0.0322670998832
0.0858010214615
0.0636505730846
-0.0598034218331
0.0752569615775
0.0385920182196
0.0222006990404
-0.00894143267043
0.0916023338501
0.0437799217129
0.12522480787
0.0887081428954
0.0783069571079
0.0670369239299
0.0566795905693
0.0306224292563
0.0924972272506
-0.00517076050254
0.0612015408962
0.0505005912947
0.111256440599
-0.00592282082638
0.032735688667
0.0356868246994
0.0768834702625
0.0703095531791
0.0743848278985
0.0817233830957
-0.0188968404216
0.000998847053721
0.114196363457
0.0818325568171
0.0552312186465
0.115074663482
0.0488175851662
0.0387566298241
0.1065188826
0.0580931545931
0.0429629387495
-0.00496326680747
0.0946244070698
0.0312136369112
-0.0136098241132
0.105922597007
0.0344886504353
0.00377373351472
0.0722695638
0.0256852193726
-0.0149067198631
0.0655055305311
0.00318130986764
0.0190881389223
0.0729875716934
0.126660858247
0.0261047560188
-0.00010150490197
0.0630493778329
0.0365238858046
0.0648027445654
0.0514955289838
0.0613557518868
0.0538511323907
0.0187076594692
0.0778818265345
-0.101962924006
0.104818162071
0.118105092677
0.0439541361808
0.0169073135403
0.0277501397014
-0.0561995249531
0.0841916933062
0.0477726452566
0.0896673916548
0.0368143407297
0.100625007674
0.0970175853918
0.0109406081626
0.046293085302
0.0100974889316
0.0574497545509
0.0567802246733
0.0676698486745
0.0553239637864
-0.0114105762671
-0.0436258711486
0.140931051739
0.0558266386417
0.00392831218787
-0.000947093515919
0.0951041469225
0.11074562588
-0.0154485003022
0.0957365336758
0.08656343658
0.0553451724769
0.041188709974
0.112356007227
0.111779726548
-0.0211434872008
-0.0138997938326
0.128328727458
0.0902797467687
0.071418508031
0.109547646734
0.0840491969336
-0.0402229531821
0.113105497477
-0.0341712497724
0.0943367223278
0.049746153775
0.0224638033916
0.0937450859041
0.112713963876
0.0013658980211
0.123725992009
0.00114690950796
-0.0666045171606
0.0808861348888
0.0439185686802
-0.0301357900646
-0.0123201252065
0.0456384932997
-0.0462535405054
-0.0261740503723
0.0414104421524
-0.0383117438228
0.0454470415454
0.0632288704206
-0.00933917055579
0.0276284489318
-0.00536114031318
0.0536201400549
0.0743232373213
0.0733276259395
0.0264607860061
0.0618602433276
0.023675181847
-0.0706952353647
0.0720025661289
0.00707735425284
0.0537551213712
0.052104869277
0.110376371753
0.107029586653
0.116048811901
0.0235584551286
0.0133559991028
-0.0251876572306
0.0911301181384
0.100144557507
0.0256055458158
0.110918878212
-0.0330912925676
0.110175693321
0.0709355292938
0.1249957959
-0.0036302961998
0.0452300497364
0.0932754204695
0.110184002189
0.095369725541
0.0605321923106
0.062100127498
0.0390153173337
0.0957873425233
0.0503256506806
-0.0318938854711
0.0862578031874
0.111295381925
0.114774722953
-0.00367220084031
0.0521369721817
0.0747879932875
0.0823982512555
0.0181581998937
0.0564868238277
0.0869060050817
-0.0255384320541
-0.0247738026936
0.0512352919282
0.0568464327323
0.115758336715
0.10733835353
-0.068706450001
0.0879707553689
-0.0216014113539
-0.0975854858037
0.0651928485701
0.0599582310086
0.0682970790755
0.0833683837403
0.0249956683665
0.0517876793882
0.108656314044
0.0249953866023
0.061380835186
0.0867654168176
0.0192203613462
0.0157208043853
0.0917179377315
0.102379888627
0.106265310333
0.118625241795
0.0201588879589
0.0259002941572
0.0986698491313
-0.023644422009
0.051372522892
0.0138080719225
-0.0156327611256
0.0647554125883
0.055858027784
0.0993808912914
0.0657900927662
0.0895140561233
0.111618417051
-0.0138633818446
0.103429619087
0.0149779407623
0.13773946283
-0.139078353135
0.082518426235
-0.10514204531
-0.0167264715899
0.0015145805231
0.0547592830688
-0.0624457370413
0.0665150141567
-0.00205130755457
0.0843161998907
0.127084061346
0.114155594989
0.141264469465
0.0945653689353
-0.00612239999135
0.00911397889721
0.101511191041
0.045435159813
0.0470976083318
0.0234612457188
-0.000726387430483
0.0247790862075
0.0647257665611
0.0816798569654
-0.00953500177998
0.0577202647885
0.0740854006356
-0.141362940787
0.00464249852829
-0.0112032564028
0.0986498840538
0.0730693765161
0.0100225561453
0.0290147130602
0.145141420525
0.044253119365
0.125049904026
0.0137570022268
0.0808123258107
0.0240936399272
0.0854810659515
0.0327892823171
0.0630599613237
-0.0861527708452
-0.00670961385964
-0.0410536830795
0.0633183697746
0.124896297028
0.0668138274123
0.0588684154504
0.000615695070213
-0.0642779952444
-0.0210690513016
0.129774765354
-0.0133605519268
0.0701298506884
0.126600313041
0.0641074438497
0.0999981490281
0.0532406447725
0.0488600143437
0.055107516194
0.0275353432561
0.0728734364927
0.0751549677218
0.0553838071307
0.0659937300217
0.0170647702279
0.107632083922
0.110186122919
-0.00840291991717
0.0704429945828
0.107404470631
-0.00705998356419
0.125655273384
0.0154551673213
0.0320653085796
0.0138374538691
0.0815608220676
0.0541324538658
0.103749321554
0.0678764881598
-0.00695971293648
0.0383096561491
0.0993795636118
-0.0181756653421
0.0148003665419
-0.0201980428831
-0.0241794247139
-0.00299571491851
0.0292627313121
0.094873948716
0.0552861593603
-0.0184502543244
-0.04195711336
0.0198151942836
0.139786595716
-0.0403998485979
0.0748049818847
0.0673191432895
-0.0712654540364
0.0430674377255
-0.0647899176079
-0.00283927886445
0.0741882009394
0.0442497401238
0.123246873796
0.132102118466
-0.00843420731444
0.0574899565614
0.0468820360589
0.086936120915
0.105403190851
0.00170752027195
0.14444227287
0.0431290849769
0.0434657967416
-0.0124653763628
0.0304370754781
0.0901450588006
0.0453983166129
0.123909962867
0.0895657958718
0.0713763284005
0.078043512678
0.0310196294002
-0.0332050571125
0.0441941592552
0.0869347640219
0.0434570185469
-0.00293511776446
0.0435451371648
0.0891477903301
-0.0306030929674
-0.054139966676
0.0434762785127
0.132600409254
0.0172963191868
0.119904821985
0.0391176031341
0.0739275892609
0.0818685664489
0.11875927104
0.0377806200978
0.0389153310598
0.0122008167184
0.0652578991502
0.0924412671434
0.0370706435461
0.0456567455416
0.139536491066
0.106430604324
0.0826360699505
0.0928926477471
0.0114999705468
0.117040429815
0.0993176767502
-0.0549009034274
0.0915295030118
0.0290550269638
0.0689398488523
0.0200681313695
0.0761603249471
0.0591119645297
0.0311556719589
0.091803747422
0.102586674705
0.0573358683927
-0.00546671220282
-0.0012228524888
0.109357931221
0.134724381889
0.125813856226
0.0222756812865
0.0328282232703
-0.0967199108959
0.0532055125221
0.0884586497166
0.0655640631886
0.0778973521488
0.0783265940211
0.0662738058893
0.0990478316492
0.132206619337
0.0777508470128
0.0752460722745
-0.00213499338601
0.0637246275742
0.0820204155325
-0.0177918215031
-0.0618341732656
-0.0097491084728
0.105650143212
0.0896425833245
0.0624448708795
0.0100000226631
0.0491236776365
0.0956045894506
0.106483605405
-0.0653949552272
0.0970163057642
0.099552679192
0.130692734093
0.08046340815
0.0622463684869
0.0279081473448
0.0765846642014
-0.0092717148828
-0.0276634461557
0.00236216260661
0.0641091494807
-0.0311813332777
0.108448728412
0.091459861552
0.0550549850576
0.0424631055971
0.0443417090029
-0.0559286918521
0.0669173126885
-0.000371211285255
0.109683546456
0.0868194820368
0.113996649281
0.0804583670889
0.0963385034894
0.0489398943506
0.0734698399896
0.000723530972531
0.0536065778849
0.0890813192101
0.03244339083
0.0870586396787
0.0240197083598
-0.000559590069072
0.117680648325
0.102181350532
0.0524219180262
0.0610899213398
-0.000507749191463
-0.0526456896369
-0.0176453220349
0.0736813471496
-0.000440450993121
0.104777953751
0.0358478426599
0.10636598243
0.0830422755166
0.0899927609291
0.0311091790413
0.00506207279172
0.11027576206
0.00870508388182
0.0313172176771
0.0928112250798
0.0461306261604
0.0132606222572
-0.0337841413621
0.0776736118513
0.0683217857296
0.049181232297
0.0306110329472
-0.0913429312927
0.0193317963971
0.0195330178266
0.00748274972465
-0.00819166046783
0.0981443917993
-0.0579866561227
0.00551750825477
0.0344037349566
0.00425035095146
0.139382941926
0.0806454110263
0.0451869381097
0.0871175663718
0.0168998501141
-0.040271569391
0.0366701194604
0.0684184288997
0.00774729418645
-0.0058924640659
0.117146424257
-0.00273583248831
-0.0173067071034
0.0731389448329
0.0646801689088
0.0482554096619
0.0494250916539
0.110027509106
0.108959332596
0.0590202773702
0.0844285822034
0.0154082457167
0.104435886289
0.0923311177827
0.0444244319093
-0.00452544748903
0.0906704784084
0.0158625470295
-0.0368185406827
0.114077568958
0.100177599528
0.0286703108541
0.107462568885
0.0981841327494
0.0905348565461
0.00911694907916
0.0965183348977
0.0395549085668
0.0576329784343
0.0663035726553
-0.00610610799792
-0.0099879689225
0.0295816111334
0.128291228607
0.0882604476527
0.0956494835887
0.0732670488579
0.0527186589411
0.0415261178385
0.0120031889633
-0.0202631242823
0.0503235619715
0.0299025935726
0.129306964626
0.0191077254158
0.0325012767111
0.0436931486248
0.0391752212422
-0.00892763575006
0.0761501719647
0.0109963315621
0.0717696234304
0.0192462722987
0.00447699384703
-0.0125236839598
0.098579775003
0.0740889402427
0.0453803096387
0.00883136481799
0.0963003939393
0.078920017905
-0.00730488656481
0.124810835755
-0.0224257441206
0.0338755037838
0.00542706474564
0.0681447200029
0.0745391858216
0.00424335329739
0.139188243051
0.000922066752358
0.145594867317
-0.0455162421783
0.117615126714
0.0385573772838
0.0322160532379
0.0007481202113
-0.0347760637525
0.0256868557387
0.0585179320236
0.0336582542684
0.0818438608332
0.129847285197
0.0079572887806
0.00286577432603
0.0496595741777
0.00688382834727
-0.0798030266949
0.00239528909094
0.0697891162668
0.0497838655264
-0.0352115209404
0.0770093023155
0.126410379635
-0.0536778859809
-0.0264621118695
0.0776401260978
0.0765296064623
0.002521452669
0.0172511430839
0.0595732679387
0.0345594668601
0.0429645491696
0.0442526615878
0.0168713951352
0.0691088742948
-0.0160264731269
-0.00962262165566
0.0375758629772
0.0394464748067
0.0481884102116
0.0205740933169
-0.015480014518
0.0327721088501
0.0971141515449
0.0865522101613
0.111171846931
0.00607890469914
0.0818342369536
0.0509343209074
0.105545873505
-0.0356175422427
0.0386684785867
0.00458371003039
0.0284987782106
-0.00488152157317
0.00980001814995
0.0645383484431
0.0178679977768
0.100170234075
0.0372861399413
-0.0560306736052
-0.063327381157
-0.0715450932231
0.067978137356
0.104078659279
0.0721727394753
0.102128257763
-0.0153557559605
-0.0321168556689
0.00950379115075
0.0600632279798
0.0689364606263
-0.0087785315674
0.0888670840312
-0.0039876933066
0.0377383770111
0.0765546787685
0.0943289223687
0.106849076729
0.0697495352403
0.0431862782838
-0.00221943142965
0.111093647918
0.121134811861
0.0728876885653
-0.0169855364631
0.0695054803264
0.076590878568
0.0179271910368
-0.023662087772
0.0285781358347
0.0620843928129
-0.0507060315788
0.10538537288
0.113448221207
0.114406744617
0.0989393006155
0.0272530373946
0.0279256897092
0.0484450401452
0.0651943075434
0.0221314569863
0.142497113222
0.0535804102142
0.129722348012
-0.00325178834919
0.104582572016
0.01060371889
0.0116402465042
-0.0773020075825
0.0294369897217
0.0708372225859
-0.080252801328
0.0163949106692
-0.0135367180606
0.0392357089988
-0.0161681374273
0.0470267630853
-0.0271118178184
0.0102540019664
0.0698466902468
-0.0296084450117
0.0682548550482
0.0147709806259
-0.0205103981354
0.142254671667
0.0566354714012
0.0355606973319
-0.0184173393898
0.0444649430178
-0.0636495908641
-0.0368599835915
0.142668891867
-0.0245129418517
0.0266136004501
0.0920618292114
0.0829764485153
-0.0619320759497
0.0383742393519
0.12063873051
0.105478606222
0.0829097300529
0.0959708821407
0.010508577554
-0.0257571782541
0.0352327608046
-0.0117252381961
0.0468222387115
0.0507328481758
0.0120071200942
0.0486343672385
0.0600816774492
0.0169006518346
0.00552314664582
0.0735746513689
0.0517009780989
0.09423813964
0.0312929558088
0.0208097199334
0.0438022569751
0.0293745122166
0.0558200479168
-0.0182969804792
-0.0265800992155
0.0917574124796
-0.00923895917369
0.0474324224785
0.0976546643516
0.0668970135262
0.0261128005491
0.063901670985
0.0131524953402
0.0741598851748
0.0761262051344
0.129747590322
-0.00731299848228
-0.0336118390485
0.0807196319758
-0.00955483141008
0.0735398555843
0.0762568800747
0.107784535122
0.059598315429
0.00761480067217
-0.0647720160065
-0.00641889530911
0.00384419267377
0.0988316471353
0.0896107484912
-0.0598981808984
0.013494843692
0.0113682193565
0.0274842797153
0.0245320974477
0.0551409810082
0.0411158318644
0.0221755986778
0.0430971167838
-0.00638159272533
0.0778149065338
0.0547517985491
-0.0537257793807
0.0411429044937
-0.0753863799478
0.0172878929652
2.41274160899e-05
0.0607554918982
0.0115491601984
0.0580512631324
0.0851138682726
0.0665767240396
0.0583007079242
0.0199023202634
0.097672661152
0.0704267163748
0.0575426868979
-0.0164307123428
0.0205347879411
0.0265630488011
0.0308531851703
-0.0068229807037
0.00238272727313
0.0876277566892
0.0896990201115
0.0153691056948
0.0241892357103
0.0154857384432
0.103777451946
0.0155095236612
0.00783494491657
-0.0347587690767
0.0211861042361
0.0417024726599
0.0331052185532
0.105360241637
0.080663046279
0.0719812630484
0.0604997292242
-0.00591466220685
0.0811829517444
-0.0617640036233
-0.0602749724691
0.00305314055836
0.0294144534832
0.0776278979424
0.0711604226314
0.00696846866422
0.113580816715
-0.00575716116402
0.0500015617795
0.00495182034317
0.0203515237515
0.0871172548195
0.0297365972326
-0.0674780100152
0.0912196996249
0.07411858287
0.0390006349416
0.0741295543174
0.0767636061839
0.00288795571085
0.0511666145217
0.0615393204286
0.103552106794
0.0297309484943
0.0749998159582
0.111202827344
0.0311453114681
0.0685169029463
0.0283257563881
0.0561996126558
0.0213153552752
-0.0361004636831
0.0494195404104
-0.0249917162424
-0.0415246449958
0.085109421292
0.024539827098
0.0850134016537
0.0162302108676
0.0914627692523
0.0669687920559
-0.0161226756798
0.0187253703114
0.0773476175639
0.0859167722974
0.0895789991317
0.04506571472
-0.00245619186494
0.000106997131976
-0.0161506742095
-0.0247294069134
0.0536671293567
0.0587514567592
0.097141991242
0.0574493679863
0.0625495840999
0.0410181107772
0.0144591350049
0.103759331391
0.0159633580543
0.0975857589536
-0.0140744730636
0.0590722203274
0.0910002743532
0.0286894859568
0.0645730259769
-0.063482574253
0.0678899358471
-0.00656414830934
0.00373599028768
0.0599132034237
-0.0217729432602
0.025415481238
0.0336917971887
0.0637183079304
0.0103102568732
0.129259862855
0.0537432015273
0.0144798763332
0.133446464217
0.119430142529
0.0121748773483
0.0383948451338
0.001769669216
0.0650471703344
0.0576273511342
0.01457373337
-0.0337757486424
-0.0045432091787
-0.0036794424841
0.0643586057262
0.0261455983155
-0.0310820773731
-0.0275245303563
0.03824581033
0.0219254337648
0.0855887891989
0.0175080545817
0.0946569367883
0.0798257161459
0.0293831229593
0.0372646897379
-0.0308059816723
0.00230241870666
0.0730576474324
-0.00103982169641
0.129387930769
-0.0111616282691
-0.0378638530265
0.112460955122
0.0640984446406
-0.0209804607267
0.014928113849
0.0704618256787
0.0545704974851
0.0777840955876
-0.0371865599986
-0.0405522667956
0.101750754884
0.0014703788717
0.045397434078
-0.0180731044511
0.0620348680651
0.0610360305979
0.0998255002226
0.115794432026
0.000110589352619
0.0952444456756
-0.0674233279478
0.0787677559157
-0.0125507683738
-0.02192833133
0.0680073145729
0.0473157165759
0.0118819332855
0.0191053668203
0.0572048715593
0.00450424429938
0.0556951730178
0.000528504583789
0.0802308566362
0.0562598167479
0.107999965371
0.0857162307377
0.0515837633563
0.106042214102
0.0503590118253
0.0590112673353
0.0999594785407
0.0225538081385
-0.0324926009067
-0.0630665927278
-0.00889798334199
-0.0353665167301
0.0132770427712
0.047888181372
0.0691592503977
0.0358706247797
-0.0378333135215
0.0929383526558
0.111049947817
0.107341424145
0.121805725625
0.115091616271
0.0286023985848
0.121633779458
0.0119715221658
-0.0438189674508
-0.0762883428133
0.00215404807581
0.0492329395444
0.0786268080049
-0.0701359705319
0.0639390352919
0.00195444122165
-0.0203872190647
0.00152733285277
-0.0259296015676
0.13712736087
0.107468899646
0.0145643765119
0.105952406575
0.0441754490501
-0.0275184215517
0.0421025431487
0.142508436246
0.0884098820003
-0.004563829308
0.117220560506
0.0787853040933
0.0528638350845
0.00113697370876
0.0461405111942
0.044670397894
0.119008527959
0.0486003273714
0.0146672635073
0.0165946933674
0.0446069092098
0.0388898580381
0.0312278640522
0.0244168091972
0.109265593953
-0.0151127533619
0.0622140533305
0.0414965725982
0.0446824820942
0.0271001442987
-0.0636038497825
0.0556999069878
0.0578060674876
-0.0659629948219
0.0956094967143
0.0379285838183
0.0731504837244
-0.0682728258225
-0.0342457694627
-0.00245553188935
0.0555045398372
-0.00312256125855
-0.00923833455328
0.0841979543323
0.0523558863259
-0.0285566618916
0.096801658902
-0.0390808467761
-0.110368258813
0.0711398851641
0.025994118097
0.113556110354
0.0570337249504
0.0676961017611
-0.0932152698881
0.114773352246
-0.00173078645431
-0.03561499735
0.0838655124804
0.109413790227
0.0958174312967
0.11276563383
0.0994286872149
-0.0252269218736
-0.0128016634004
0.0698839197841
0.0438937819809
0.0245474355074
0.0582733560244
0.0725712947131
0.0825087057302
0.0906490296178
-0.125300158216
0.0263654813619
0.0767325122212
0.0925076838145
0.0349681952423
0.0996737516563
0.0742230709117
0.0976392246232
0.0724278150044
-0.0463048467576
0.0491513881749
0.036535161793
0.00266922805977
0.0545364622975
-0.0159225764363
0.0734676457904
0.0156483017186
0.0415464480455
0.0458805814279
0.00646568763245
0.138422946198
0.0420703319301
0.0662029833565
0.117515120422
0.0485382742286
0.0470038467494
0.0407097088888
-0.0238279634686
0.119867282686
0.0206251958243
0.0697573325582
0.0979902026992
-0.0022611417185
0.12172063378
0.0462328583921
-0.027472487394
0.135740169345
-0.0144425410513
0.115343166858
-0.0303866780466
0.0190862657824
-0.0289019256101
0.0175153349058
0.0332436733274
0.122846646004
0.102336188892
0.0297375782217
0.0896191111903
-0.0881177866416
0.0108161667062
-0.0001526572547
0.0352954232655
-0.00356572930562
0.133499488801
-0.073467515127
-0.00233377228455
-0.0228074336973
0.0850623493982
0.0583543695673
0.0161894269271
-0.0622709434031
0.0857085202191
0.0546428830274
0.133504237354
0.0796257593948
0.0890183510693
0.0205865169743
0.0578450904562
0.0144819771766
0.0312029565844
0.0997748719578
0.039441500447
0.00639759556388
0.0691467083444
0.0877144786493
0.0483364907119
0.014743634469
0.0404431608083
0.0246858551392
0.03890664549
0.060420373365
0.0651029059753
-0.122144578091
0.085387196724
0.0322829884202
0.0785425619263
-0.0132182028913
-0.0756764935872
0.106832277741
-0.061275719342
0.0907760144115
-0.0218276954947
0.0292855447348
0.028725983495
0.11636132073
-0.027892818118
0.0921646090311
0.0956737424522
-0.00242331618459
0.0608279795133
-0.0496837558675
0.0911508560016
0.0679950542835
-0.0291590913431
0.0796353773885
0.136456669924
0.00829274215843
0.00172785151577
0.078851119152
0.0379119485099
0.063883074184
-0.00383172745861
0.0484376267677
0.0425856567163
0.011406440927
0.0505445161778
0.0936821933502
0.0381374290028
0.00791899356652
-0.0137559635148
0.0159070947244
-0.0397822162869
0.0758975275692
0.0626782972905
0.103349446916
0.100275473839
0.0455828137316
-0.0372640466125
0.109762009268
0.0289396744895
-0.035677846383
0.0734659017767
0.0339877941964
0.0611182822498
-0.0435894757243
-0.0468870767224
0.0814690757956
0.116559534631
-0.0222914573867
0.0497086622833
0.0640732675289
0.07405009158
0.135271636022
0.01173048251
0.0629021791035
0.0309547397111
0.0981261875492
0.117721379251
-0.00622813305323
0.133825056356
0.00984362787117
0.0781141597466
0.124611775952
-0.00293454743648
0.0764992101957
0.11978734598
-0.0160470275762
0.125674713071
0.0448408257877
0.103984414823
0.00949755828384
-0.00403596574946
0.0981042763745
0.0655689315732
0.045423841968
0.0649542520339
-0.0605288876211
0.0321344132296
0.0976036808229
-0.00585400272701
0.108480823317
0.00868284389172
-0.0298690659907
0.0680568124233
-0.0152720039424
0.114381841273
0.0888205506613
0.021914993497
-0.00237960295587
0.0890493675025
-0.0118091765342
-0.00819497804101
0.0424793401852
0.118175133628
-0.0822922427438
0.116297284253
0.0523084950261
0.0738465882974
0.0428412470653
0.045675981777
0.104120028571
0.0778589733757
0.0487548272326
0.0914375136492
0.0125027237935
0.0562031438863
-0.0676079088944
0.0452738079395
0.101803793405
0.0135742744402
0.044237637129
0.0205934966987
-0.00173445481129
0.0477416726147
-0.0344798319145
0.116401330737
0.108366976079
0.0583532583518
-0.0030880502817
0.0562004279074
0.0578895872486
-0.0193069516686
0.0012842861641
0.0954795557197
0.0231072101717
0.0162628937618
0.129375435318
0.0289997883794
-0.0500154513977
0.0614232233193
-0.0368713072223
-0.0213618696495
-0.0178741569733
0.0489871836385
0.132323669234
0.0722637549835
0.097283947125
0.0668058106615
-0.04404655097
0.0609750016495
0.0282969814064
0.0977979850882
-0.00435627196857
0.0494422234874
0.0263187699277
-0.00229379751341
0.0893885029155
0.0987457721873
0.0364812721415
0.120942358285
-0.0971404610154
-0.0125059707367
-0.0330589335563
-0.0199344484143
0.0121214446903
0.122545736489
0.0341167241543
0.0607951164501
0.0616912303899
0.0193105948591
0.100446939484
0.0751925471639
0.0735797352244
0.0166170243247
0.103829277442
0.118659627596
0.105775643731
0.105720404563
0.00946778471503
0.0797755003206
-0.0242045657704
-0.020478227374
0.117615594308
0.0895204298764
0.0456287852279
-0.0403535823392
-0.0126072556245
0.0534548230729
0.0274388082351
0.1316639405
0.128080194255
0.0312130882798
0.0767685268101
0.0859509222838
0.0765972400574
0.00782067949469
0.0587522968095
0.0200044570936
0.100080365172
0.0793752844228
0.010910465296
0.0720747189985
0.115917518859
0.0346988655043
0.0646835856552
0.0575915906612
0.0482211871408
0.0252756707115
0.0583095408793
0.0836369169874
0.0927444054543
-0.0173573675925
-0.0567986593114
-0.0599373307148
0.0592246069655
0.0996289726534
0.0218361732437
0.0930629518756
0.121087642114
0.0322324087073
0.0913537226952
0.118723541556
0.0920482522362
0.0812405058147
0.016929206299
0.0129343790116
0.0387758936905
0.0480877527757
0.0577543618637
0.0437913545664
0.0830596761728
0.121007843179
0.0557937129203
0.128313568421
0.0288721949096
0.0840706581597
0.0227740148803
-0.0347152671076
-0.0172426798552
0.0637605504666
0.0286257293601
0.0499514816662
0.066829607427
0.0593888308793
-0.00329346156933
-0.0152327558702
0.0607278246418
0.040651006753
-0.00465546024916
-0.124539958878
-0.0315472071252
-0.142030514007
0.123225314924
0.0428660513928
0.0739428391755
0.0902486452092
0.0772080472809
0.0615473306896
0.0327378209635
0.0903484408805
0.0226687718034
-0.131529233113
-0.0289972660278
0.02398819054
-0.0560964472363
-0.0686905998699
-0.00831312188033
0.0818443308026
0.0253272251021
-0.0197662561739
0.0409228442919
0.0376792418016
0.136467543039
-0.0183963678546
0.0199793593157
0.0852880062567
-0.00489051720593
-0.0124900207966
0.118667235676
0.0391421081259
0.0369505634493
0.0532642587633
-0.00104785566622
0.111997202268
-0.0116179762057
0.125856015039
0.0298541091632
0.0648830804507
0.0124561114103
-0.0103055985575
-0.00294977173387
-0.00898203685041
0.0729627272998
0.108142318545
0.0629108673191
0.00981706343833
-0.0587195007313
0.0939484932199
0.0566883485216
-0.00224369045907
-0.00574659864986
0.00781467748947
-0.0134724191173
0.0870228457408
0.0693335247669
0.116801249526
0.0817393213749
-0.00364795108727
0.0598427430372
0.0059248238265
0.0646236591562
0.0765098432369
0.0617073374377
0.0915539099191
0.0443602122766
-0.0293087749186
0.0118935817593
0.0041043245021
0.104312850442
0.110934384008
0.037200182291
0.00377480318072
0.0668425031173
-0.00843754985277
-0.0194269924995
0.0426944689968
-0.0801931511092
0.0752109570051
0.0667588504443
0.0828569741704
-0.0307471915142
0.018308877338
0.0295809131715
0.0679040523615
0.0817264017933
0.0269443169357
0.0861959727375
0.0263758344884
0.0762743542959
0.0474675425479
0.0159942602239
0.017579559547
0.00177411624586
0.0405632337775
-0.0706164676764
0.123874778186
0.0509916805679
0.0529470385669
-0.0403726096058
0.0591807332291
0.0843838585274
0.113163039474
0.113856333316
-0.0340244487573
0.0772969759907
-0.105431887321
0.112226427134
-0.050097169777
0.132054111143
0.0576742383397
0.113864512072
-0.053889645187
0.0273498104321
-0.00113291407248
0.119301056515
0.0258772814007
0.0572680449159
0.00788111423409
0.0854355213899
0.0791626094335
-0.0151881328759
0.0654187951968
0.0859506163539
0.0926832838391
0.10127024533
0.109323362159
0.00416387335425
0.0836468640801
0.0810817258597
0.0424932967509
0.0691038531485
0.0869618257705
0.0329332051997
0.00822436711005
0.0644859802622
0.0496050870282
0.0986338867321
0.101325210176
0.0851293602894
0.0024805962299
0.0615278987849
0.0216929805119
0.0244201230008
0.0883459114379
0.0447532257667
0.0375133892361
0.00778197521425
0.0379576374401
0.0504949538725
0.0993125803804
0.0535455699971
0.104917176341
0.0125779986028
0.0154569851985
0.0785100382555
0.104370652436
0.0779672690987
0.0541865718422
-0.0108431014827
0.0536233525773
0.0447488476948
0.0447555706604
0.0778289131655
0.0191998513574
0.0167786634502
0.0754204173552
0.0803056676849
-0.00463360281443
-0.0777370908963
0.00840242654315
0.0146744994332
0.115519223689
0.0994695285917
-0.0453811207249
-0.0186923840822
0.116944876414
0.0904523845794
-0.0617146398789
0.104027194065
0.0267413511612
0.0445242390601
0.111437421692
0.0996760638176
-0.0193517740663
0.0481852734218
0.10281642431
0.0550804687474
0.0444241930264
0.0423934718602
0.13613231786
0.0277553835826
0.00166388085676
-0.0132215305242
0.0907702725045
0.039503752802
-0.0225666148365
0.00203501113941
0.126717656537
0.0431738305227
0.0129995883336
0.0287281528834
0.054106705794
0.041534698959
-0.0211773615296
-0.0342737851398
0.0427013781102
0.0340360050956
-0.0155910069812
0.00370566505596
0.0954779125317
0.0896134126703
0.0318674708427
-0.1536094482
0.0163865647688
0.0558257846565
0.0887103534235
0.0447607872782
0.0879341489441
0.0268365540567
0.029509201081
0.065119360873
-0.003890214568
0.126314515754
0.0518220693622
0.0646733202459
0.0969031448815
0.0479679074993
0.0542614220992
0.000257060310798
0.0821753645412
0.015076892056
0.129105494159
0.0501927398915
0.043186541538
0.0776161457321
0.109904448819
0.116082539902
0.0541828441229
0.112077355986
-0.00540156580125
-0.0401702445537
0.0129183208437
-0.0169447409051
0.0918616534837
0.123903812861
0.0917421268538
0.0732122025033
0.00476214453763
-0.0544609972315
0.0894200321009
-0.00986213594397
0.0812292390251
-0.033727790619
0.0982061564825
-0.0271332660755
0.0950131626394
0.0843155943284
0.104870631769
0.025012860721
0.0992637171904
0.0905210974562
0.0446034338975
0.0937088052364
0.106456838406
-0.0759118141034
0.0216712226553
0.0971059882284
0.117862447183
0.119310874869
0.00566463527146
0.127466871533
0.0262009249282
0.0647854202889
0.078964031509
0.0647651978291
-0.0296271542966
0.0718789285585
0.0472589787725
0.117885058558
0.121517415364
-0.0409896336061
0.12032464317
-0.0200644695712
0.0544581554467
0.0217408827763
0.0180175376575
-0.0153162904712
0.00298960732189
0.039763963441
0.126419838469
0.0646951895682
0.0603304134845
0.121108141135
0.086459308402
0.105475936315
0.0552739103112
0.117060301291
0.0493456699037
0.119659363608
0.0646531550486
0.0239325582624
-0.0441186025285
0.0933825461211
0.0233107073776
0.00351141531396
0.054323494138
0.0191370459208
0.00403498101181
0.0599517198195
0.0235000929453
0.0407367857619
0.113828405209
-0.00315685276692
0.094669076489
-0.0317195172887
0.036450879178
0.121513056423
-0.0224020118616
0.0762496166144
0.109235221457
-0.0678915257002
0.0355469058319
0.0940661821365
0.0892320044726
-0.0566626117944
0.027769094344
0.00861234627934
-0.0157568504972
-0.00635221825389
0.0259958586595
0.0322394695776
-0.00449528124587
0.0144317571084
0.0316539462214
0.0676365754934
0.0395483185095
0.0680173223363
0.133313054069
0.103787629889
-0.0041805766815
0.136503784193
0.0562340302747
-0.0348917771435
0.0286041248282
0.13935539587
0.00174266732071
0.129062441892
0.0663244412418
0.0779145688479
-0.00280044357616
0.00641706500366
0.00751709843448
0.0911475436433
0.0191916737505
0.0704262769699
0.0797568653149
0.123532117791
0.0484796066061
-0.00283073672332
0.128290471284
0.0868110760427
0.0302009911821
-0.0852979741123
0.020783208057
0.0523531307566
0.0360664165442
0.00532664410761
0.0347553661748
0.0567164587208
0.113047878135
0.0931936225566
0.109338455442
0.110760515086
0.0530300714399
0.0582530711737
0.119067357901
0.0554330529495
0.0153620802434
0.0669282394647
-0.0995212579186
0.0274991671659
-0.00214934642613
0.102422875014
0.0971051067308
0.00663918241982
-0.041063172468
-0.0398672293638
0.0680884550346
0.131805289041
0.0746647828915
0.0137873664587
0.096344295894
0.0620806671906
0.063136583826
0.0191393570989
0.0254771860877
0.0410991373349
0.115921551869
0.0352112937139
0.104708808879
0.0118564034909
0.0520760265892
0.0378666444727
0.132870007417
-0.0580937564193
0.0124710472471
0.00641572264842
-0.123698245311
-0.00835771665756
-0.127568416618
0.0495618115738
-0.0522836485516
-0.0980969674512
-0.0489093294211
0.0069624849786
0.0705536118171
0.0501609782163
0.0400905645213
0.0351716756699
0.0400025659511
0.0465563090284
0.0222119834353
-0.0403109382159
-0.0369881010866
0.136531864687
0.0662500721323
-0.0203498325925
-0.129155638007
0.036945143966
0.0665262786828
0.11196021555
-0.0387467353319
0.121175154339
0.0788144363921
0.104509958721
-0.117700090157
0.0416610574548
0.0915982770271
0.0792821142509
0.00542578792533
-0.0253719883654
0.0951186937467
0.0428656817853
0.0997252140711
0.10039573838
0.0742473187929
0.0454831123694
-0.0367042640268
0.0358474703229
0.0397225648435
0.0818631900068
0.102407969277
-0.0399791025019
0.00887442480682
0.032585565892
0.137258653631
0.0419237645796
0.0750780968902
0.0257362807866
-0.0827224574215
-0.0597246605716
0.0968403871112
0.0309158967024
0.0558085908493
0.0154282103906
-0.0288330158518
0.0198174804606
0.0378164122103
0.0485625452805
-0.00160968749273
0.112396282796
0.0295162632599
0.0822631572646
0.0872592533385
0.0407018803408
-0.00854433107604
0.00363775096658
-0.0537217379575
0.0885372705795
0.0854999537787
0.086752696646
0.111783112206
0.091333575572
0.0498218495527
0.0364538318316
0.032631867569
0.0885913013586
0.072849693598
0.129069278405
0.0602022928984
0.0627260105435
-0.0142831168765
0.0393761563056
0.022806300151
0.0394446083934
0.0754701487532
-0.016517424581
0.0777274301779
0.0987503828179
0.0306375259888
0.05587871522
0.100172911716
0.0786166584724
0.0269921194384
0.0712028967991
0.00543394118196
0.12948136351
0.121183833783
0.0313511160586
0.0668060613526
0.118335037223
0.0306514400654
0.00473219682035
0.113958337593
0.0116452723231
0.00966856821936
-0.0119663639092
0.0666116576066
0.0944498675229
0.0852786318802
0.0811341797139
-0.000829672358051
0.0101797073203
0.00180601925783
0.0346017059889
0.108884242639
0.0875467093216
0.115357812356
0.0645625620939
-0.136613351846
0.102729479444
0.032591669841
0.0990859673683
0.032490044027
-0.0482547740448
0.0768720607242
0.125303877036
-0.00146941317394
0.0672697289324
0.0137843519172
0.0442116679261
-0.000284228623386
0.0590502873389
-0.0082791630147
0.00775929727437
0.0631689611521
0.0342701518471
0.119466224023
0.126720528432
0.0923116052701
0.111729858331
0.0891241270507
0.0591917044534
0.0582136749599
0.042244517096
0.0579196004627
0.0196347477229
0.0298058751114
0.025782719572
0.0277980048743
0.0543658170898
0.00795998362721
0.0947444993094
0.0448586618187
0.0547268952537
-0.0120105697342
0.0898594911959
0.060129875102
0.0841054973196
0.0475132901212
0.0099674917096
0.0297804543787
0.00217586299642
-0.110717946618
0.0477537833073
0.0676411357327
0.0787243075856
0.0906596396519
0.0850416202344
-0.00850770911899
0.0347080045278
0.0474730040769
-0.0169030237818
-0.0016102570734
0.129494866431
0.0225411708655
-0.0623533596375
0.0737969382279
0.0933641584161
0.0395318772279
-0.0354487911639
0.0611327868331
0.06694275734
0.122587153458
0.0600329419991
-0.0513208162835
0.0339022122359
0.0843461995061
-0.0538151903236
-0.0174686468742
0.0136364216491
0.0140071869079
0.0994615878649
0.0345033840953
0.053074041181
0.0395428059944
0.00726546262021
0.0494478377595
0.0374375814019
0.0906079563001
0.0340050980787
0.024532251937
-0.0209800403387
-0.0397059614686
0.120361328194
0.0723740866407
0.103022499557
-0.00141890322801
0.0942594918709
0.0563824921069
0.0705391585211
0.0278400353337
0.108720826003
0.0267582614234
0.0402020279298
0.121671378657
0.0348122025947
0.0484218208279
0.128412294178
0.0199099010535
-0.0104253969587
0.0144120978947
0.0128334213502
0.0222485229899
0.0781794647542
-0.00549249573532
0.0508714427168
-0.0366489174696
0.0211987822698
0.00828048526371
-0.000128396002072
0.0631741911701
0.0581693782274
0.0787231740599
0.105146662463
0.0894563453216
0.0994511220865
0.118642588878
0.026138976659
0.0312633536734
0.0090743108945
0.0110019412993
0.0380668212179
0.0900632652478
0.0460551598102
0.0343592036992
0.0550987772345
0.022776992359
0.00347727570288
0.124502045986
0.0763148744762
-0.00484285410534
0.123780965689
0.0301259010036
0.0971542119542
-0.00827875037361
0.0275283519388
0.0327225499549
0.127448384198
0.125626318322
0.0556213995657
0.108310336343
0.0772180624429
0.0238791211997
0.0877136853175
0.123313063929
0.0337221971677
0.0805837240295
0.0654732065962
0.0524356706591
-0.0945947948864
0.0397572390583
0.119292622477
0.112422148731
0.110726492822
0.0909816766458
0.12228417942
0.0594455078571
0.0210075861062
-0.0108951591296
-0.0263868078659
0.0404732505086
0.0275658798569
-0.00808461013794
0.0900313032481
0.0669248895526
0.0522118505235
0.0384600430455
0.0763678175029
0.0768542430098
0.0715464813875
0.0911303409587
0.0759035209848
0.0559420718202
0.0534095766606
0.0854955820621
0.0222830573512
0.0404826263566
0.0379974232693
0.123924048225
0.0764566717228
4.52532107484e-05
0.0691882836783
0.117421944437
0.0684567100241
0.130127497267
0.00561019744192
-0.0591710289554
0.0697102430437
0.047646675057
0.0286059227569
0.0465190627936
-0.012294711513
0.1343603504
0.0385570784584
-0.0620566360247
0.0831037038298
0.123748922673
0.102067997107
-0.0438656846268
0.0795866904331
-0.0279270271023
0.0164270668502
-0.0172246958589
-0.0258780500602
0.0369178304546
0.0330806548922
0.0981418166128
0.0965966954477
0.0511890264959
0.0953710241339
0.0631223644516
-0.0446137026287
0.0686406797691
0.084034677772
0.0658884363816
0.0305079467801
0.0467620711088
0.0865753339658
-0.0272336438314
0.035635471157
0.0671802943563
-0.054248831377
0.0868678955882
0.0169323702274
0.0691009510657
-0.00854865274164
0.0604523955448
0.0339796904516
0.0401347519813
0.099734131162
0.110786604772
-0.0196757905524
0.109108928577
0.0710361466982
0.012139874065
0.110416670948
0.115100624603
0.126405051363
-0.0127396746215
0.0130850131488
-0.0081580808284
0.098417317846
0.0142851196981
0.14420623506
-0.0653773951097
0.0444617981703
0.0628641492115
0.0375076160975
0.0412009337511
0.143796188047
0.0143680188104
0.01342869889
0.00760297618298
0.0440843587121
-0.0261834246448
0.0632053964865
0.110539014734
0.110168609301
0.00486344060183
0.0373731717691
0.111500092634
-0.0484883571555
0.0891963802866
-0.0457325817856
0.0360140911519
0.030488626621
-0.01465136192
0.13021453198
0.0156069903306
0.0351280256234
0.00499642691112
-0.043051199845
0.0345103375651
0.0743443869361
0.0993515720232
-0.0251019335238
0.1062765319
0.112724411195
-0.118384074123
0.139286208542
0.106797913635
-0.0785800344925
-0.0384746834465
0.061402724875
0.0543278913218
0.0188197646235
-0.0550772543534
0.0993008112133
-0.0406813978764
0.136092186482
0.113134934446
-0.0265245039197
0.0795347204006
0.0377820689614
-0.00210205968869
0.0875036147849
0.071287752378
-0.0343178082016
0.112142027917
0.126608546706
0.00715394518821
0.0560028527987
-0.0154963266017
0.035484543719
0.0420825450223
0.0683875225064
0.0700462293335
0.053929454627
0.0545617161998
0.0826454416776
0.146202818548
0.0976226816614
0.0877094341132
0.00904175739122
0.0979458471827
-0.0640073324979
0.0530887444006
0.10813991587
-0.0827142169396
-0.107074175306
0.0809339817909
0.0796404716639
0.0485143154006
-0.0737346685403
-0.0322393942262
-0.0160047783072
0.0864221810508
-0.0378421019597
-0.000156134390531
0.0954978036899
0.0806544991147
0.00942602326146
0.0750155567978
0.0682439729127
0.0498610865101
0.000210551925289
0.106685801516
-0.0118113036699
0.119347550868
-0.0433036668276
0.0144109026367
0.131436062832
0.139651198446
0.0420984480443
0.0902174930681
0.0390101914837
0.00439610561735
-0.0531736175504
0.0660621695001
-0.00525122704168
0.0938955994217
0.111343182037
0.0162429990215
-0.0998205784703
-0.14595386074
0.136002913312
0.0608747902249
0.073817611231
-0.00897864807515
0.00791208612436
0.115496828369
0.00934728488012
-0.0411050800603
0.122089731751
0.0761160073235
0.0489142726146
0.0682908173922
0.0312473190362
0.00813998118192
-0.0149953831806
0.0766714719547
0.013664548535
0.00343830156294
0.0695337941251
0.0222890536505
0.0673048313527
0.101786069822
0.0746569496518
0.0243048595087
0.0262099228516
0.0577818439072
0.014372182359
0.0256476571615
0.0590572021403
-0.0158730453483
-0.116836245335
0.129969761223
0.109923528484
-0.00417772011974
0.0463326273866
0.0743562508834
-0.00704768508967
-0.0418050546763
0.0257187054907
0.0206385869112
0.0475718111587
0.0742732712132
0.0741358784781
0.0200070162994
-0.00106365973518
0.0866384566543
0.0182668961898
0.116535243693
0.00985877935791
0.0116869470316
-0.094533606255
-0.0380090957759
0.0660375665422
0.083129469831
-0.00480047897626
0.0652858984356
0.0930215964011
0.0451308600227
0.0300758879551
0.063498339237
0.049778749875
0.0440459032095
-0.0792600778036
0.0547058851282
0.00703453637819
0.0379137198129
0.00595030114642
0.0494741128945
0.00692196039526
0.0574347682064
-0.0571584011273
-0.00632332395015
-0.0210190543883
0.0130955197394
0.0216408889807
0.114802811656
-0.0337020054111
-0.0748675884411
-0.0575112903645
-0.0743207528936
0.0236287800983
0.0862288124864
0.035740596756
0.0371941294035
0.044562583142
0.00673544404565
-0.0341215250795
0.0507349197851
0.136295236497
0.0363547085554
0.0108339514224
0.0316595203481
0.0596695395169
0.0151270897338
0.000828896942183
-0.0277570829158
-0.0498157748449
0.0710644816803
0.0185983965319
0.0450956773123
0.0523021928617
0.082387669047
-0.00848017270046
0.0987816481505
-0.0961106314491
-0.0133557354471
0.044802242352
-0.0116222609664
-0.0175865896613
0.0355215974042
0.0181244320738
-0.0102870280171
0.0942923942663
0.109936947733
0.0528441694117
-0.0210650918631
-0.00368649715535
0.0240288832982
0.0563139772513
-0.111092420419
0.0270078032509
0.0970747574177
-0.0117926377398
-0.0218380224516
0.0647067859503
-0.00552567918434
0.0279534414691
-0.0478126693767
0.0710465155007
-0.063348196657
0.0712008512662
0.11189659
0.0662630184385
0.120395654575
0.0396052924849
0.0498992382721
-0.0508259875759
0.0780223133512
0.0235659794329
0.0571817985425
0.0539576312273
0.0843759846335
0.0976107970466
0.0493505680522
0.0148374280288
-0.0456067289134
0.0498186833883
0.021097111873
-0.00523858859305
0.0730370628328
-0.0300159931566
0.119932335247
0.0180878234581
0.130661945997
0.0546955556608
0.0240111111659
0.0719997770311
0.0100889365175
0.130765165882
0.0275778221344
0.00874231805483
0.0243849736639
0.035655739018
-0.00667571453772
0.0836817842622
-0.00518031810923
0.0655388889775
0.0858424211774
-0.0490886643805
0.0787292047061
0.0386462462123
0.0699534152018
0.00552789402798
0.0350166869034
-0.0825013780802
0.00836226007436
-0.0667185406415
-0.00104332781072
0.0216998166508
0.0846517690275
0.0636989049939
0.0485855057891
0.0899072401138
0.0729107078107
0.0775844401599
0.0524075604054
0.0461194102522
0.0484870549226
0.0330305476102
0.0788130211419
0.0909913772228
-0.0422075800775
0.0674304656736
0.0710461342725
0.064945829269
-0.0378952324778
0.0281071129977
0.0176066959545
0.0730840404771
0.0799930165673
0.064720837931
-0.0139881888327
-0.065839918012
0.079999983949
0.0279438335371
0.0179555195604
0.00982582886238
0.098132212592
0.0344881668466
-0.0332289299389
0.0768688373714
0.0649432704799
-0.0183363109705
0.0157542956721
-0.0552831508236
0.0527422113432
0.00727646927776
0.0951442434229
0.0363998978726
-0.0687545969727
0.0968346092653
0.057764112711
0.0380904681854
-0.00451688646105
0.0739927943137
-0.0738596951307
0.0588523526196
0.072433969591
0.077782053598
0.0875175464299
0.0478845094872
-0.0663310581837
0.0949640511355
0.104315362429
0.0731304099901
0.0165506881228
0.0779663531066
0.0897224952777
-0.0559298524965
0.0784414842902
0.115840018576
-0.0268449713911
0.0171422738524
-0.0507293615584
0.04303420817
0.0753098518008
0.0559421687015
0.0625499904473
0.0185204211916
-0.099120407554
0.0468186993967
-0.0232367278631
0.000125102046345
-0.0161055242861
-0.00180772102086
0.0427462413236
0.0239299366106
0.0405268996025
0.0982330868133
0.116948779832
0.0784503500269
-0.02651327538
0.0872884298681
0.0765436462037
0.0289045411127
0.110246859683
0.08811250886
-0.0616126074536
-0.0625588630346
0.0266320680057
0.121331971677
0.105372434154
0.0120904476633
0.096099346726
-0.0233453517621
0.114294545523
0.0872530003125
0.025523422793
-0.0301423927915
0.0248792678875
0.0751603882535
0.0819485003605
0.0382965152845
0.131211183605
0.00181651590065
0.0746441731174
0.0540386392514
0.0134465282525
-0.0317434913091
-0.0992649366273
0.0979795873735
-0.0291313626641
0.0652786980032
0.0390737400711
0.0507021606077
0.0978513041265
0.0133240238173
0.0864341146892
0.000325475259473
0.0503875300719
0.136135758225
0.0822098182804
-0.00663411435018
0.0131037712402
0.119325126036
0.00766642215329
0.00684392587505
0.0425154926399
0.080286117821
0.110769903254
0.0267283873566
0.0888695199683
0.050969194531
0.0534135907846
0.0528150205423
0.0311667122718
-0.0151706058035
-0.00499469855307
0.0338620341083
0.027447456212
0.0783259867669
0.0922087672527
0.0551338354296
0.118223069671
0.0253450232821
-0.0290105935848
0.076632316385
0.0422358959726
0.0346138413438
0.107852430601
0.0521480036685
0.0405705500462
0.0701087279935
0.05908663624
0.132618503188
0.0443336326223
0.0635337553731
0.0342908854423
-0.00122791817647
-0.0310331822757
0.0959602036652
0.0971777184607
0.0953231289354
0.0186881521221
0.0221031419952
0.0361433661452
0.11009171545
0.084845782992
0.00391181895225
0.113637246113
0.104231940413
0.0628724289585
-0.0202371649413
-0.00591273884187
0.0477863321862
0.110678331513
0.044904074958
0.0533708091338
-0.0567953226295
0.0863317695155
0.018812530734
0.0986803017775
0.0569144198943
0.0432306488215
0.0118775318447
0.106348205107
-0.0148042904976
0.111584878587
0.0745863332346
0.0775550502641
0.0560712613113
0.0548030014084
0.0538087372368
0.0345363443646
-0.0314598377992
0.0170885069018
0.1076409607
0.0341851656507
-0.0744423105293
0.0160613129694
0.053238252409
0.0946849354341
0.0343735058438
0.0599525033407
-0.0635434006911
0.017283520618
0.0390691446288
0.0826712936953
0.0727175832282
0.0913562216702
0.0930785624846
0.09159058412
0.0302742769717
0.0827564981851
0.0303477594719
0.0290590805296
0.129226170347
0.0252313875236
0.0589724249236
0.0677420863838
0.107889924647
0.0996908593558
0.0618949523295
0.0768112817291
0.135870355513
0.032220832055
0.0430561866282
0.0340059209514
0.014507400553
-0.00790792788046
-0.00953275336196
-0.00620743513188
0.11671262982
0.0865655998242
0.0721324025621
0.0958952717637
0.015256983389
0.0893916046653
0.0319682749905
0.12792368452
-0.00196525136289
-0.01990177192
0.05997629903
0.0954028380675
0.000554004445354
0.0639840683486
-0.00308734418651
0.0340879812005
0.0466217178855
-0.0258950429989
0.0258853664793
0.0141056038583
-0.00100923152322
0.0182314923605
0.060665782786
-0.0248418669723
0.0281279470475
0.05198465678
0.0828754149688
0.0133888259888
-0.0577399098482
0.0602256180534
0.0423623314757
0.062553943466
0.0760063207974
0.049941114053
-0.0532837854446
0.0517908004711
0.0885778772141
-0.0417332353669
0.0510580199871
-0.00878929076536
-0.100582962742
0.0163757241994
0.134196458426
0.109268575593
0.122430851492
-0.0858508150691
0.124179906569
-0.0738757230517
0.0906761892787
0.0179468080605
0.125705538054
0.0954725708992
-0.0800185333148
0.0698554218465
-0.00365539490542
0.0367045421935
0.0942812330839
0.0433037519104
-0.00961092887396
0.11922938272
0.0922229948618
0.023685988261
0.0276810387696
-0.00423740283008
0.124432609045
0.0377441931908
0.0239993534193
0.0894172204962
0.0457228974246
-0.116527731254
0.0252314195597
-0.044649388133
0.0174346959394
0.0216169209477
0.0330603159317
0.0312791203495
0.0550142798873
0.0503439201603
-0.00154668251995
0.0798927452751
0.0830407535748
0.01001143096
0.0531514879976
0.00163572604659
0.0848904251918
0.0902534500719
0.0757909593797
0.000809123892099
0.0901727242671
-0.0398511657158
0.0219666164251
0.0910634830708
0.0633343905684
0.0897691558463
0.0596871961791
0.114511910733
0.0510980516356
0.00271330553383
0.0327035881936
0.0534820343457
0.0152170091397
-0.0192878284635
0.08358824854
0.0512356608266
0.0837398407405
-0.00344128449845
0.0355174509719
-0.0883115784367
0.0345400035184
0.0337073534332
0.0327925676752
0.039091263969
0.0377602363299
0.00254669818479
0.118848761787
0.09591806964
0.130250854264
0.0746302672819
-0.0164905261984
0.122275050889
0.0812551653324
0.0747962528523
0.00282799974532
0.0290715843884
-0.0915417862106
0.0202243194875
0.0682736718707
0.0488457605442
0.0497674377356
0.0397420241265
0.0205982126746
0.000418736118496
0.0222071130355
0.0532613005516
-0.0450692506082
0.0103242425494
0.0192842355917
-0.0430766114221
-0.109449720392
0.115605275048
0.0449421553275
0.0272215131949
-0.0710526096361
0.0751455396273
0.0357212241287
0.0891127718392
0.0628667380923
0.0106776667457
0.0936061809683
0.0974852131288
-0.078641130652
0.0748026373646
-0.00593499105033
0.0816285668777
0.121529557217
0.0306417054001
0.00571202739355
0.0960731032768
0.0627307946187
-0.00702650726
0.027219095522
0.0816679472155
-0.102329620116
0.0962549976478
-0.0203210983147
-0.00451910985529
-0.0308869365312
0.0475666305686
0.0263736956162
0.00742097363262
0.0873785302777
0.0269518552132
0.0160909434206
0.060650832038
0.0245890213525
-0.00644309994273
0.0661598061497
0.0655150315653
0.0808172497271
0.072540141423
0.115813643763
0.0348881916333
-0.0300039758214
-0.00781858967295
0.0625840932218
4.01746476832e-05
0.105252342455
0.0441945154752
0.0541049315389
0.0239515802729
0.0182042238703
0.00510743230628
0.117573654411
0.00781523601777
0.0339818886794
0.017812832782
0.0410699809516
0.0839477183783
0.0149226407796
0.0306805215434
0.107227948706
0.0528538578912
0.0488372145869
0.105068573121
-0.00102207660009
-0.0071864621007
0.0927619382671
0.0818872944333
-0.0271699684054
0.0863346479442
0.0957773366288
0.0318914512704
0.116068435959
-0.038595492115
0.106980455712
0.10262587583
0.0724152104701
0.0834219658553
0.111999269067
0.0171557641035
-0.0100938151013
-0.018643016704
-0.00560865154615
-0.0547652893831
0.0238480030809
0.127125569746
0.114879173999
0.0176752096137
-0.0128487057295
0.0916972451995
0.0837046455517
-0.0122445964306
0.0695294343278
0.0802764476706
0.0390218339283
0.1196499526
0.0504465897844
-0.0711079896026
0.0943133827672
0.0649283034288
0.113333800649
0.0199270153585
0.0736898411927
0.0855170461421
0.0349458649092
0.0958675634218
0.0571758233058
-0.00963053278824
0.0517263303575
-0.00669141203392
0.0279009833688
0.0261021758764
0.0340223954127
0.0670023885312
0.111781545875
-0.0703048331688
0.113021841649
0.129672861111
0.00983932061218
0.100232626362
0.0593115397695
0.103544186334
0.00514080197174
0.00169947785619
0.0931609273852
0.0676435212699
0.0691830466438
0.0933736822084
0.0651204134223
-0.0258529242923
-0.00121460424713
0.0196113499295
0.0586905750841
0.0864157728704
0.00512041327261
0.0542821527154
0.0624528903232
0.0824096845364
0.102572584379
0.108064229101
-0.00241368896529
0.0559344167781
0.0402300067698
-0.0571431529567
-0.0258694857044
0.0541030404839
-0.0561175891038
0.0375298489496
-0.000581759278885
0.0157815050182
-0.0438448342802
0.0131534208065
0.0352819437273
0.106890637888
-0.0219619268734
0.0395983335714
-0.0170023236762
-0.0358644722424
-0.0680618112739
0.117775855042
-0.0192206156705
-0.0320499584522
0.0739315234319
0.0896261313487
0.103508782579
0.0397893972132
0.0974773173794
-0.00260557075668
-0.022360521264
0.0549788635924
0.10721754642
-0.0319979942126
-0.00418631095703
0.0330272466413
0.0130242529348
-0.00367886434095
0.0508857025719
-0.0393420586875
0.0637854717517
-0.0278367142925
-0.0495676207916
0.0407833039956
0.0280342684278
0.107246770383
0.00406278399829
0.0403654932323
-0.0323874683136
-0.0279494749977
0.0633345489322
0.028761357492
-0.0294518978916
0.0144300391688
0.103352341416
-0.0440794951414
0.102273846903
0.0145742094621
-0.0496138070016
0.0983537301631
0.0397866203659
0.119480204779
-0.0299140699971
0.0522642130118
0.053680732069
0.0565760728205
0.0344304698492
0.0886132370483
0.0087242070356
-0.0156268234898
0.069396062367
0.0735518011485
0.108270877948
0.0426882874976
0.0731865265106
0.0382541676567
0.0872688415278
0.117401937364
0.028449373797
0.0500246756663
0.0827120002694
0.032950742814
-0.0413045900919
0.0667037324053
0.109199663532
0.0589646162105
0.0191436305426
0.0852700547012
0.0649148006567
0.0318484340353
0.0756882810346
0.00582484223485
-0.046804011689
0.0866348332109
0.0151327217106
-0.0263732240386
0.0586516984804
-0.0238264379047
0.0672685363992
0.105578056756
0.046003885584
0.0402000215684
-0.0595476818274
0.0764491391888
0.0892543650177
0.112283093231
0.00702084265835
0.0716756471745
0.0707257750835
0.0640088355359
0.0741053322609
-0.00862651541709
0.0710338872672
0.0516925441333
-0.0166614472265
-0.00073393580859
0.00793914898665
0.00610318758912
0.0334088658653
0.00612689239263
0.105009855384
0.0808002021975
0.073417543762
-0.0378939569281
0.0236785240554
0.107807225128
0.0761426007699
0.0151846843321
0.0654717359263
0.0654305887582
-0.0661156854527
0.0189756015791
0.0788231086634
-0.189389688052
-0.100828744469
0.0395752955904
0.0438296992605
0.0241993308752
-0.0284900821808
-0.0375225717115
0.0140960290455
0.0604663084318
0.0695673531629
-0.0221846655394
0.112585639456
0.0471684472117
0.036063782364
-0.0180294685511
-0.0288335530164
0.146119327261
0.123531126181
0.0607291545324
0.0797892490335
0.00815122486615
0.0643894461943
0.0407924997404
0.00829987214906
0.108849039761
0.0787878175505
0.0692598200701
0.0999901437511
0.00828153467642
0.0872811307963
-0.0280009901727
0.0485185714088
0.121549708713
0.0795897268544
0.0547521945136
-0.03366886133
0.0128461403052
0.113134959513
-0.00522727728649
0.12427207301
-0.014007142054
0.0138582949495
0.0928859141289
0.0599334931478
0.0501294886989
0.0247754453803
0.00354451367688
-0.135304388675
0.117078178001
0.0505448800395
-0.084475921842
0.0707683285191
0.0768635495149
0.106295525885
-0.00458396372157
0.0566020963451
-0.0286681293045
0.063300225948
0.0260759045898
0.0926912907968
0.0969264884404
0.0470823372607
0.0158868749689
0.0341423370604
0.0543729811046
-0.110080623035
0.0859811293995
0.05245167399
0.097937163005
0.0536605108635
0.0493828571953
0.00573161387947
0.0865247657794
0.0900284605816
-0.0254236563178
0.0135079900269
0.132139864534
0.111737088638
0.0809077115193
0.0167350455012
-0.00946735895341
0.0867843918148
0.123208229069
0.043376345439
0.0867049511741
-0.00606985387228
0.0379382735763
0.0442460785746
0.0246728663835
0.05213757715
0.00523696549867
0.0488954549385
0.00654287041908
0.0499914111481
0.0625506425029
0.0970056411283
0.00911823208532
0.0238526373532
0.0824614933132
0.0736501232974
0.106906331049
0.0347432827088
0.0258043962989
0.0974358863729
0.0610530189058
0.044068296864
0.123290677007
0.0546688297738
0.0639938056319
0.0729886620517
0.0941539784252
0.00653665403222
0.0484677325783
0.0962448311343
0.0322280225708
-0.00594174405976
0.0402690938728
-0.0189096129407
0.0342759494613
0.0737690963638
0.04405384994
0.123487330961
-0.108922018955
0.00173407502787
0.00324089542459
0.0793993854919
0.0344151014853
0.112309444007
0.0844884346622
0.0548354994485
0.103487383172
0.0918206614376
-0.00390431796149
0.024821015698
0.0220054742164
0.0444979712447
0.0463029720403
0.0404005602163
0.135798485865
0.0727201554168
0.107827502797
0.101111995275
0.0766694721166
0.0645913109569
0.0670822287307
6.39724370188e-06
0.0941211129904
0.105662954064
0.107714035344
0.0262408825898
0.0284514024656
0.0571615200385
0.0837471252517
0.0417530200097
0.0971531610626
-0.0188088948026
-0.000728601037524
0.104878647434
0.0536134743937
-0.0159678562005
0.0459616520144
0.0136186527382
0.0664972953419
0.132393071399
-0.0159549799883
-0.0338122828081
0.0970487289481
-0.0110648193275
0.0958629565937
0.115673252265
0.036300276454
0.0287375630076
0.00622188933889
0.0306479334127
0.00384868650116
0.0807192989851
0.0460447991227
0.0465352121353
0.010885824964
0.0998433515584
-0.032811275147
0.0518375810536
0.10342813999
0.0420218658594
0.09245913717
-0.00863161242759
0.0602635616129
0.0422303721161
-0.0181251645167
0.0770029686035
0.0500278975611
0.0461624747586
0.0337100835792
0.0584548201143
0.0408037406687
0.08398298276
0.0644665600481
0.0285471411696
0.00847156093339
0.0239378715653
0.00431135820691
0.0557927844358
-0.0294093740899
0.109525738947
0.0443689387428
0.0674922867749
0.0673386099508
0.0686245846166
0.112241321751
0.0435950142299
-0.0233924163498
0.0216300043764
0.0745981272577
0.0992831544101
0.112699606171
-0.0203609738841
0.117737834611
0.0271637672563
0.0932134058505
-0.0446856748044
0.0254635984306
-0.0650978890739
0.0682182971524
0.0998551154701
0.100457549298
0.0775185323932
0.0616235894742
0.0732258555929
0.121662224875
0.0534083306376
0.0389718688523
-0.0705539335673
0.0524111868023
0.0359239951643
0.106813322543
0.110693883869
0.00332064406655
-0.00675949850753
-0.0297620395731
0.0502731700689
0.098688524517
0.0650377767167
-0.0172202899631
0.0612139867355
0.0296177453597
-0.0113849463276
0.0716154848025
0.123294956513
-0.000940504065483
0.0694027435477
0.0648820344722
0.0913388672959
0.0247821913333
0.103350755285
-0.00987608827792
0.0931067181485
0.0685401427171
0.0335600615196
0.135067148821
-0.0295882278012
0.135662312679
0.0766865862054
-0.0236261436974
0.0685820264641
0.0947098887344
0.0455650862336
-0.00334836411851
-0.0336656257474
0.0821941249229
0.0091656318904
-0.000843454362832
0.0971899929408
0.0492865985264
-0.00946452790558
0.0534929521294
0.00458217336576
0.089323098362
0.0493062139891
0.00343578292826
-0.00290195189523
0.0650115670514
-0.0702332138056
0.0809907543403
0.0523365232648
0.0772496872821
0.0170741904309
0.0431765285964
0.100072857935
0.123159837697
0.0455000648402
-0.00885594813614
-0.00651085880827
0.0890815115078
0.0241656394282
0.00499989227083
0.0825876422183
0.0618026398153
0.00427583945272
-0.0102613062718
0.0817406014184
0.0657596011603
0.0263641529792
0.0393984829237
-0.00945142509133
0.0455904328043
-0.00902613362368
-0.000655814282201
0.0550490284331
0.0730324545076
-0.105890003704
0.0594041157513
0.064819857831
0.0468656855046
0.00347437448867
-0.0151563868302
0.000362365447192
-0.073040872297
0.011102013285
0.00654155892143
-0.0435590567259
0.0576224902776
0.0917311145226
0.0153130812882
0.101796750604
0.137344454835
0.104531102185
0.0787978156588
0.0182414947662
0.0806118479344
-0.0263578941668
0.0651874368472
0.00675581687051
0.0169698063064
0.113199648859
0.0833526579441
0.00226482490588
0.00670650899889
0.106006194938
0.14364940774
0.0504161980826
0.0708698314106
0.026791901322
0.043517346317
-0.0825028153062
0.127199158616
0.0268471459151
0.0340542067792
0.0276130403632
0.0627495065343
0.0372617326522
-0.00469570954206
-0.0863655551063
0.00744136132184
0.034893565264
0.102828174821
0.0253060308916
-0.0475179225936
0.0773285954117
-0.031276148261
-0.00776002291763
0.0299201612474
0.0100543641571
0.0566323924924
0.0569337180571
0.0991691171308
-0.105764273507
0.0368891973525
0.0411262701299
0.0515499419588
0.010556267185
0.121714181193
-0.0109820690072
0.0452615444353
0.0445879510402
0.0693444976695
0.0216329401376
0.0775598271588
0.0979141567368
-0.00550878061476
0.0359078372253
0.00410359950443
0.00775645937953
0.0995258959337
0.0393147259042
-0.0217860021354
-0.0422324489348
0.0395681646762
0.0802887408995
0.038033001297
-0.00744635919835
0.0683798991245
0.074986123241
-0.00452204899939
0.0575970621643
0.0724693073243
0.0360723115315
0.0364102034385
0.0831614369185
-0.0114458059281
0.106426856885
-0.0101873244907
0.0846484396576
-0.0101445074464
0.130508208664
0.084276768962
0.049407275022
0.0622202598307
0.0193534918222
0.0319278351509
0.0226717568735
0.00134867735053
0.00113237234908
0.0827703476176
0.0777808157644
0.121807338652
-0.0222739547107
0.00126477057143
0.134447473607
-0.019883759031
0.00792434902499
-0.0186810423043
0.0258699219501
0.0523167040822
0.134170280955
0.0407512591746
-0.0476020963567
-0.0457596654978
-0.005450485913
0.100405466833
0.0523331798346
0.0164357612836
0.0759290341643
0.0799638144205
0.122301366526
0.0609573336697
0.0709752047655
0.0654155325045
0.0620701951216
0.105923179055
0.079758246947
0.0652925405599
0.0914040475821
0.0606264295687
0.0176903702035
0.0603820033247
0.00995790330526
-0.0259944718595
0.0595827114857
0.00054633962179
0.0664138864545
-0.0254690983107
0.0132896391424
0.0286465453513
-0.0306648672212
0.068676110116
-0.0373300600024
0.0198515907464
0.0355819532816
0.0452717480014
0.0498123408082
0.121660776683
0.0253685620471
0.0176616587091
0.0592468112303
0.0237056816351
-0.0845735754359
0.0246910146587
0.0282279414333
0.0825727210294
0.0904575945097
0.0635338812157
0.0754367514218
-0.00818849676472
0.0344426195737
0.0785341236174
0.0697098437844
-0.0429820066371
0.0368359549762
0.0625981312104
0.00365615806693
0.0709691974911
0.0815800455585
-0.00835250524507
0.120952114672
0.0522192835715
0.0846132235903
0.0321044045225
0.0887660317226
-0.0305931214064
0.0292210286155
-0.11148677323
0.069923223483
0.00981305271724
0.0940198668134
0.000405761401165
0.00326441537451
0.083459066988
0.0276540810125
0.0608686123312
-0.0290251459448
0.00820770244095
-0.0228749736492
0.0450379824832
0.00806912766821
-0.0245833458878
0.0235092636105
0.0222967051575
-0.0671996726959
-0.0259838624254
0.0690593868008
0.0387081080617
0.088872701573
0.054984945934
0.0539453839929
0.0954627097125
0.100955494718
0.0738685109995
0.0623025325847
0.0763715369736
0.0560330705091
-0.0833876126666
0.0609203552176
0.108553997133
-0.0070152370837
0.0383060887353
-0.0852400817455
0.0784955179683
0.0862433624599
0.0811911992368
-0.0262096545135
0.110585669546
-0.0271580282117
0.0940558895744
0.0784446209306
0.0431953632502
0.0584831992185
0.0609421250698
0.115117562408
0.0658840170593
0.0038576539466
0.0642359005062
0.0931868495808
0.109128496633
-0.020270008738
-0.0138185815063
0.0430781806007
0.0937111643447
0.142778340574
0.0865500461673
0.0694008037073
0.054797480542
0.0121431196556
0.116774129125
0.0149778257714
0.0977229532213
0.0924421178372
-0.0134421934167
0.101137850715
0.112320884112
0.138996192996
-0.033484996653
0.0960806935226
0.0239699980289
0.0564153425377
0.0813887522066
0.112441522868
0.02704766812
-0.044574083647
0.120906057552
0.101683611833
-0.0269809991766
0.0793388659554
0.131084307098
0.0508495203618
0.0510382784129
0.0252669181658
0.118138069358
0.0599100683644
0.0680832697406
-0.0954863529019
0.0836812026587
0.0664195893343
-0.000248717663691
0.0528765818292
0.00599921594101
0.076121664882
0.0745675979537
-0.0282027184974
-0.0248962675943
0.0367611066233
0.0701813015842
0.00952956375052
0.0827707995817
0.08073591556
0.108755181279
0.124843262502
0.0733635130485
0.0183571073263
-0.0250443549771
0.108062153728
0.104984758144
0.0445885146583
0.0277255567876
-0.035008105041
-0.141225953234
-0.00698840620255
0.147072329133
0.027417789012
0.0295645997809
0.117718159253
0.0717392219865
0.100100675067
0.00720825301017
0.00224860143127
0.00456235918959
0.0488717345268
-0.0280821593876
0.0366041647324
0.00121752246638
0.0702439335064
0.0770038831277
-0.0482860612531
0.00999790046131
0.0378155841483
0.0262410927354
0.0259111017682
0.0407202982613
-0.0275235852184
0.113903277416
0.0747419851722
0.121093706128
0.0539723620312
0.0710613943921
0.0774749895405
0.0594249271637
-0.00624143619021
0.104541206218
0.0884189582077
0.0218304126683
0.018079429387
0.0553559066789
0.122902727123
0.0159638412737
0.00195550515325
0.0799987762309
0.130047266926
-0.00173312371185
-0.0159734434802
0.0112292604164
0.0939743690845
0.0583420994796
0.0794473697555
-0.0249500733025
0.077046801963
0.00700896324908
-0.0155891889068
0.129504751026
0.0910573905701
-0.0782797778083
0.0553027523673
0.0630490821795
0.0587810651502
0.11985367716
0.11611611512
-0.00743389483456
0.055632296579
0.072980614569
-0.0377648235091
0.0653905112152
0.0808018495253
0.00375858211926
0.09122641523
0.068832823367
-0.00479051826004
-0.00771445047243
0.0171555009265
0.066726413473
0.0268349874738
0.029443923132
0.104834542586
0.0554411815242
0.028573124078
0.0483846526574
0.018297971598
-0.157470964692
0.013887896638
-0.0332877900329
-0.0104454511679
0.0571906414024
-0.0129867367807
0.0397587601329
0.00233794169635
-0.0566474503357
0.113169323506
-0.0312340342514
0.0288851303084
0.0175458219959
0.0344882312064
0.0861082513915
0.108816564045
0.00239910093942
0.0477422439467
0.00576781200907
0.133687629713
0.0321888069264
0.0838860543707
0.03679883141
0.0913334310488
0.0281066040889
0.109022780322
0.00543791941889
0.136478445829
0.023176412143
0.11179929986
0.0272687753425
0.0926207416792
0.0452477968157
0.0298131401975
0.0828365542784
-0.0690312510554
0.00234931874808
0.0448259327994
0.0455507047016
0.127339494399
-0.124264012147
-0.00330560133997
0.0901214490501
0.0696477635781
0.11360115924
-0.0561516395124
0.0465369942701
0.108076052608
0.0450260345215
0.117704777373
-0.0351133065307
-0.0473687055718
0.0655244286366
-0.0406904451714
0.0779439272986
-0.0648725759191
0.0768379200149
0.0156372055354
-0.0368057066466
0.0376143127913
-0.00638101876077
0.125428883183
0.108948853188
-0.00436520130151
0.00958643473219
0.124984187732
-0.0769368678566
-0.00318919932085
0.0408804971307
0.0662373406311
0.118160057057
0.0484575394586
-0.0293950190911
0.0623082157258
-0.0386697137043
0.039599086831
0.0279148336671
0.0780630588868
-0.00533786230351
0.0250807379041
0.0255726758862
0.0504545646776
0.137402115457
0.00278457212783
0.0370935535001
-0.0115673947671
0.0726691088004
0.0867734895883
-0.0240691713637
0.0580176872583
0.0034797373029
0.0881709372288
0.0487746503741
0.0623423501412
0.0275284425471
-0.00585492760799
0.0674719543302
-0.06436981171
0.015961433671
-0.0139624760976
0.140279395012
0.0759620633377
-0.0251742144485
0.0303931026883
0.0240900299062
0.115226600641
-0.0160749055225
0.0825545277317
0.0682376531152
0.00413546157868
-0.0637459186809
0.00782687686776
0.102241365092
0.120692143385
0.06424062399
0.0626511438568
0.102325540057
-0.0108507491613
0.0841223188571
0.0435351946338
-0.00685402991275
0.0640419926498
-0.024105147237
0.116586533125
0.0134336473703
0.0934345457603
0.0883219864875
-0.0688457578507
0.0180372641383
0.0858455261059
0.0698596549907
0.0795070816989
0.05037764524
0.0667524236164
0.0419473664656
0.0538800317848
0.0236717641813
-0.098407439122
0.0999775063595
0.0860061715316
0.0478919306646
0.0445172748608
0.0638684936737
0.0516205485378
0.119756869295
0.0707780416562
-0.034916859797
0.0716209206917
0.0821384252385
0.0758035257251
0.0138637747403
0.105183545616
0.0887102720776
0.0675839656433
0.0603964323924
0.113813890869
0.0254747883432
0.0732002312708
0.0481603246723
0.0402214636084
0.0437655898885
0.0454175474672
0.0962704538499
-0.130369902632
0.0334834941112
0.0998659251491
0.0902896539057
0.110777234527
0.109630681483
0.0778585432973
-0.00837415992566
0.116060495281
0.0986862111972
0.057956644548
0.0508886809398
-0.0457300403673
0.0385964274838
0.053379943983
0.0818301504514
0.0528246112239
0.0376792011219
0.146467681359
0.0842490229303
0.01307577886
-0.0189492303131
0.094769380906
0.0694899859839
0.0306767688397
0.0510439056993
0.102162688777
-0.0045380704734
0.108602433615
0.100297350787
0.105207605804
0.0190030636327
0.0751267311032
0.121313087442
0.0451409186778
0.114917943822
-0.0718442567042
0.0912735370427
0.0241575785093
0.021020062252
0.0726830918683
0.131137074603
0.0205349102382
0.00189287129636
0.108557816566
0.0915292895017
0.0198071790192
0.108743054992
0.124056940049
0.081300992151
0.0258946461583
0.00904172840639
0.0889658643607
0.0956243573564
-0.042955781125
0.0831807288518
0.0667402843509
0.0272373800111
0.00925127743675
0.109709889319
0.11265173316
-0.00653958112294
0.0241290214589
-0.00874697343275
-0.102529666923
0.0936538521957
0.146747042791
-0.0971134153948
0.0621449737324
0.0680902513637
-0.00479660397466
-0.00984517206783
0.0339025670166
-0.0115927140791
0.0024826761061
0.120442670495
0.107841569437
-0.0449714933328
0.115052467789
0.0614760006314
0.0340182049816
0.000702597921528
0.147300578966
0.114812935574
0.0544924411862
-0.0557537548884
-0.0548165974116
0.0813817652431
0.0326973179413
0.0322432893154
-0.00345463111964
0.0934644870658
0.108798662083
0.0196319623233
-0.107443130356
0.0329575708174
0.0616640809784
0.0317370289385
0.134967674438
0.0540707174882
0.0770656858522
-0.0282734662018
0.0445091113581
0.013028240688
0.0308418942065
0.102067299126
-0.037984037728
0.0462188774587
0.0598395513308
0.0902863499948
0.0508219572232
0.0338900454709
-0.00369513085313
0.113740620021
0.0486179290938
-0.0178853700321
0.0766424304875
-0.00545773792877
-0.0589544961468
-0.0493931736842
0.00405859045732
0.134862241051
0.0887953294035
0.0304165824314
0.0224905135704
0.0616439813064
0.0600540268528
0.0543812399705
0.0517957033882
0.0881965879643
0.0991099964388
0.0587678845669
0.0812971206747
0.126081736835
0.000550463588169
-0.0117019836278
0.135508740769
0.0176001382919
0.0392131288816
-0.0311220034581
0.0125995063755
0.11734411409
0.0363859935264
-0.00973299032759
0.0806528992118
0.0561642163402
0.033271302927
0.0349280828762
0.112467034091
-0.00155267383684
0.0442324975251
-0.0481779558034
0.108922394027
-0.0249154857968
-0.0139051852322
0.0401211885179
0.0661144156258
0.0605647066521
-0.0178480458326
0.007418684889
0.0300354479786
0.0970379921513
-0.100412984761
-0.0489261465859
0.0605129950628
0.113093929589
-0.0245164639179
0.00369415241999
0.0713919278252
0.0761001949278
0.137807926958
-0.00901790590626
-0.0142489567815
0.00503080873534
0.0817447206994
0.0642602468843
-0.0122304572115
-0.00589866387894
0.0194502620029
0.053235002266
0.112770658903
0.0904937790345
0.0759115930993
-0.0713300688564
0.00220057138996
0.015605894497
0.10063814758
0.0675584920594
0.0283091413432
0.0449851938177
0.0543052205489
0.120772663558
0.0586636233015
0.0844448499872
-0.0410879475525
0.0889991500905
0.0336737028061
0.0566053751256
-0.00758558612057
0.0411948089787
0.0970600172096
0.0899352860461
-0.0160279872314
-0.0142530183251
-0.0336331527526
0.0701592280728
0.0503527101338
0.0455771289804
0.0964954033522
0.103150092133
0.0161002818295
-0.00716575666199
-2.51510991234e-05
0.027785484694
0.0542746072838
0.027521061444
0.00713805934578
0.0347153155253
0.100157755201
0.0604870685904
0.0348226775872
0.116383255599
0.0213813216377
0.0722204095193
0.0666938959766
0.032410680919
0.0761456643298
-0.0478195614694
0.0657816000785
0.0308945196699
0.100251139639
0.0872330419369
0.091982876378
0.0560766447948
0.0152993847882
0.00439564725398
0.0649020970354
0.0686289160059
0.078223333926
0.023592290613
0.0344334559545
0.0382860862166
-0.0497086862193
0.0330249997283
-0.087539320427
0.11503397311
-0.00196922516847
0.0825365519649
0.0630648436349
-0.0199446509694
0.0420573927358
-0.0158438673911
0.00214627185514
0.0504793081662
0.115295027806
0.00922846096821
-0.0309477438852
0.0385684738671
0.124806661356
-0.102422967184
0.122655144159
0.0146874798841
0.0441543060474
0.0198990670963
0.0146602590657
0.126775940385
-0.00373679402106
0.0931879639294
0.0431725176557
0.0209609278009
0.097517671941
0.0382883375696
0.0707209222369
-0.0351851514828
0.0395956917968
0.126765244347
0.122619668648
0.000545749880612
0.0919346777606
0.049068840991
0.116259591157
0.0700760779501
0.0607822044356
-0.000300452219708
0.0179940624738
0.112622255254
-0.142695442444
-0.00610528510668
0.116451065704
-0.00597548688697
0.0678860138415
-0.0663327188567
0.0754050783008
0.0158594423498
-0.025902645604
-0.0309410357987
-0.0603909553315
0.0167544610823
0.0562692302137
0.0479638123334
0.0283214577369
0.0357767916359
0.00379913520497
-0.0880111648954
0.0442888082314
-0.0224770643341
0.10028495414
0.0229512375722
0.0192019682722
0.0633739351
0.0783933583303
0.0601549163637
0.0754872790884
0.0614147819603
-0.0380971267502
0.000785856044388
0.0700512939411
0.0997959229637
-0.0280290999174
0.0853614685264
0.0461697122883
0.0699599389213
-0.00819408244406
0.0256559676527
0.0011838493295
0.0451072913772
0.107695320441
0.0756632081401
-0.0154219562805
0.0422382587482
0.0517304367174
0.0847878930981
0.0879335842225
0.0993101266166
-0.0579627725677
0.00369115549459
-0.0267744131392
-0.045665938928
0.0455393332499
0.0658010337214
0.0987095875818
0.0546648192265
0.0957178434264
0.104317911531
0.00703342548471
0.117283252148
-0.0125915294267
-0.00349004931949
0.000692557137457
0.064828336023
0.0467987596517
0.106717053894
0.0357093942625
0.00530009131132
0.0539471354165
0.0380274853258
0.0462966417907
0.0177682336965
0.036975525496
0.0197081983518
-0.0205695288056
0.0604954466905
-0.0295816582851
0.00596266420327
0.0654436639738
-0.0248702629592
0.0596811390058
0.0366503632218
0.058785421669
0.00866254534267
-0.0460361360349
0.0991534213936
-0.00139944805961
0.112430552921
0.0702916242463
-0.0539014103895
0.0676680651366
0.133975001434
0.0853261322516
0.049908036733
0.0210758014207
0.025024431869
0.0957003400248
0.0937954153333
0.00505424638284
0.0334904473118
0.13758479623
0.0756988669437
0.0490323749152
0.133761932454
0.0230363895497
0.0186039054136
0.0368514427658
0.0613369445066
-0.015877237194
0.113724095309
0.0348815072931
0.0555018060701
0.0236224311177
0.0581837223591
0.0840751644012
0.075613439721
0.110728502512
0.0595379710276
0.0755715094125
0.020268623336
0.0712408332687
0.0634064188097
0.00934403801975
0.0608943212335
0.0984225475327
-0.0392795875433
0.0929604689449
0.0661150275715
-0.0245243446301
0.0778205026545
0.0156068598373
0.0555076082497
0.0471377916106
-0.040971474475
0.0895514068552
0.093023986044
0.0551932075474
0.0274687648546
0.10576364414
0.0233502704537
0.0187167292595
0.058456112469
0.0492019348137
0.13397609875
0.145059164748
0.0149763202194
0.11575351718
0.0908487611937
-0.033653651461
0.0610963242038
0.0662077080669
0.0705586061696
0.0817519802372
0.00586795601563
0.0434171945433
0.0539973840997
0.0831070076924
0.080592758309
0.0617095230318
0.0485311738314
0.0172729959787
0.0459298778547
0.0618730827388
0.0852620941315
0.0815619010241
0.0347603775269
0.0191718662526
0.0395500583156
0.0477001863467
-0.0152321999339
0.0894210451452
0.044987072552
0.120517165072
-0.00903965994513
0.0488203587602
0.0443116825042
0.0564852770894
0.0347600508866
-0.0737929589353
0.0107368874427
0.0566008090087
0.111802452224
0.0202630351057
0.0532899212509
0.00279689446641
0.0482594052087
0.081587540083
0.0162567833007
-0.0536619506637
0.0759720387996
-0.0413989531872
-0.0346300575112
-0.00793653610941
0.10991758192
0.0793100883328
0.0484440688978
0.118605623645
0.0620011379146
-0.0704593537438
0.0579586267323
0.0506941179573
0.0726364525126
0.0488632890561
0.0984798727046
0.0264858076903
-0.0192989284516
0.117124121029
0.00782501640942
0.0300128156124
0.0171082872269
-0.0609151749491
0.119347867982
0.0312295679369
0.0151854614399
0.0109171043879
0.0473772253141
0.0713370269783
0.116088461746
0.0361993505107
-0.045708642882
0.101638956444
0.0841992051088
0.0312870155497
0.0692255132685
-0.0151010868617
0.0511381290064
0.106675992696
0.0161533810102
0.109639047224
0.130351187834
-0.0645603367026
-0.0282840001288
0.00606820257641
0.0109474295336
0.117364587409
-0.121856017828
0.0678913663245
0.0726011044189
0.0527449411107
0.0965181222422
0.0401638835509
0.00489398980513
0.0598261977379
-0.0494181470003
0.0673855496775
-0.0390969946114
0.0353219445703
0.0411972680662
0.0296116672993
0.142270255743
0.06805834174
-0.0297721455045
0.0628161131892
-0.0492513178741
0.0598203321305
0.0972900604985
0.00559147475532
0.0654168403161
0.104933886381
0.0496124729394
0.111229512371
0.0683960120997
0.12422513248
-0.0469956576466
0.0843826643583
0.00378964379704
0.060398636699
0.0264569048407
0.0167897804677
0.0383498415598
-0.0328055068021
0.0355638062712
0.0514412781816
0.0986458176332
0.0539068214756
0.120197367794
0.026793527191
0.03090716755
-0.113807887214
-0.0354916412731
-0.0106602152588
0.0520203078492
0.0295687530633
0.00950678318427
0.0887754657134
0.125451802766
0.077456842689
0.0538045135885
0.106593266396
-0.00100700654051
0.0194912198
0.0107682637047
0.0914026148688
0.0161619081134
0.0247217403892
0.0953505847479
0.0659721899848
-0.0294066107543
-0.00856135662605
-0.0127210197204
0.108564042907
0.0898159559677
0.0559534632725
0.00288753106565
0.0889724493525
0.0197386180077
-0.0207553363461
-0.0191621506046
0.0771876410288
0.0805512978448
0.0379309543779
0.114051526264
0.105151028499
-0.0292973525525
0.0172102788099
0.0970666915046
0.0605206970833
-0.0225718154583
0.0857069190047
0.0758583916668
-0.102354402304
0.0356521008249
0.1293803811
0.109097041188
0.0479123708563
0.0494259896596
-0.0158522766405
0.0155858664477
0.0108796611179
-0.0208062933525
0.0162916713715
0.0564244504706
0.0638443994301
0.0436114735939
0.0139634849079
0.0302772937235
0.0523718272761
0.0807085673771
0.0265217817409
0.048710351627
-0.0351377824597
0.148380714709
0.0407668366269
-0.00130448027971
0.0511555073748
0.105777521502
0.085444421248
0.00210647563018
0.106167161937
0.00577919757243
-0.131862614942
-0.0312038900791
0.0893283606119
0.105509635476
0.0253398087363
-0.00233455641787
0.11890501717
0.00281169409599
0.0103848422581
0.12842515991
0.0960207683877
0.0503691031372
0.109839001954
0.086198040691
0.0221394319963
0.0236138392171
0.0189747431892
0.0261912789992
0.0618052874296
0.00541931317073
0.0480792111886
0.0757562462604
0.0222007563893
0.0763485233493
-0.0246353550604
0.00286787188607
0.0791102468894
-0.000146524769498
0.0317020897243
0.0535758312874
0.0111207262294
0.096968646219
0.0139020488868
0.0261690954881
0.00160481139463
0.0275537409271
-0.0215271837583
0.110472734806
-0.0610963827083
0.0740739235999
0.123678778989
0.108814274223
0.101915486287
0.0472427062405
0.0558573695744
0.111543407516
0.10133286935
0.109329364022
0.070094220166
0.0216203472124
0.0534605330841
0.058305671126
0.114825835199
0.069075868934
-0.00586361953304
0.0260902640215
0.0098665316964
0.0998847596086
0.0584156000798
0.0364821024299
0.0445708517036
0.136993657345
-0.0361885617998
-0.0232175676842
-0.0747223845207
0.0126222093698
-0.0147177854975
0.000881599383664
0.126024686387
0.0603628926917
-0.0523727364404
-0.0737786172495
0.0690908923345
0.076167452428
0.112272239456
0.0128456516071
0.0363468545115
-0.00659067316591
0.00860486215614
0.126967481963
0.123487237628
0.107075603054
0.0688483363096
0.0861584298661
0.0609079296362
0.014599816846
0.0903045424208
-0.0148989516621
-0.00326653556179
-0.0622109300183
9.74771343323e-05
0.0646665018638
0.035748357736
0.00429147376754
0.0575444389839
-0.118324109399
0.0242043156175
0.0358590482293
0.00155279344657
0.0835849900403
0.00161055981807
-0.0545027497625
-0.00801897823069
0.0673529392057
0.103171808095
0.0634431126568
-0.0487617942899
0.0557609872985
0.0923905876541
-0.0195943712998
0.0720301796977
-0.0131627028361
0.0406370983987
-0.031814847557
0.0268713624062
0.0275860872744
-0.0209777375778
0.0681762501692
-0.0226956952149
0.0953510985823
0.0302172835907
-0.0638103498796
-0.00113336032304
0.0455688880278
-0.0140642488451
-0.0770927487637
0.0145453853466
0.0593082895536
-0.00951181198032
0.0350557757181
0.0550587144022
0.0235179123081
0.0700074557952
-0.0457979209607
0.070863116327
0.0344852157382
0.0296405143555
0.0362783319228
0.0980247634946
0.0286898345109
0.115189399623
0.0125491208172
-0.00860863918322
0.0309029369467
-0.0212454351319
-0.036475625004
0.033326577804
-0.0297925582004
0.0412296671054
0.0815067048689
0.117451614367
-0.0303035146024
0.0556464141634
0.032203807905
-0.010116932736
0.0972671513696
0.0516026361038
0.134767154294
0.101247981939
0.0336560677363
0.0501311084201
-0.00421992826512
0.0179254739606
-0.0855172604802
0.042393270901
-0.0206473697978
-0.0493757402247
-0.0556499493824
0.0171028140073
0.0199743996294
-0.00857164343045
0.0378825274648
0.129751723257
0.0931409089419
-0.0396660224807
0.118461076508
0.0615334773588
-0.0952786742585
0.0991279846543
0.0864243743502
0.00338136883381
-0.0534393476265
-0.0207458771397
0.0396865338252
0.0168785457846
0.0607969791861
-0.0336807947516
0.0202174254971
0.0251068563882
0.059107737564
-0.0571655250921
0.0336862147462
0.0320750391439
0.0793230388779
0.0494070401896
0.0955336052503
0.0938494963891
0.0728099170827
0.08071481953
0.0327823424752
-0.102983476977
0.0137401477801
0.121481877159
-0.00831573066866
0.115119652918
0.0969856369186
0.0991529556043
0.0235488793775
0.108898090295
0.00931949445315
-0.00509583495527
0.0938940848244
0.0458287051548
0.122015215683
0.0679826567726
0.0745408753587
-0.0220605351647
0.0532533599307
0.0116653607446
0.0893408540696
-0.00298275452067
0.0180626539587
0.0129850240235
0.116325845593
0.119114586472
0.047597488882
0.0412640113037
0.0962594288525
0.0785003977433
0.0257739173605
-0.0663546610891
0.0511337172665
-0.0201649541185
0.0385381976826
0.0262068878273
0.00864241894559
0.117294819906
0.0308298583685
0.11092835787
0.0863920678794
0.0309901247253
0.0284840901954
0.110032220328
0.0631588957244
0.0216563160374
0.0725262077209
0.0835295841865
0.0868825757905
0.0271092075936
0.120467618082
0.0184542997694
-0.0191179591465
-0.0300764478392
0.011411192622
-0.031492925179
0.09723633596
0.0407185227484
0.0494882767284
0.0231284274076
0.00664641665277
-0.0138946134905
0.0739920398943
0.100972544746
0.0401639328622
-0.00728210913626
0.0526735427969
0.0205901925663
0.0967983253468
0.076942775225
0.106832911422
0.0819476393272
0.121970691669
-0.0255024762358
0.0614751170823
0.0662949848777
0.0976777762256
0.0188195703874
0.0531428029315
0.0977274902178
0.0834459547711
-0.0074320485505
0.104629690615
0.104345752637
0.0777666068523
0.119536437185
0.127836541135
-0.0585057630315
0.0606716850323
0.0965953139651
0.000918631963867
0.0553071392959
0.0407168333334
0.106329036475
0.0895182850714
0.123211277944
0.0205409391681
0.0372073162824
0.125954850617
-0.0583320911816
0.108890801526
0.00846179621129
-0.0343581274695
0.127132798034
