0.0871641137004
-0.0651515881418
0.100316565532
0.10086005743
0.0949022148022
0.0304707968666
0.0619576009073
-0.0504676850422
-0.121207067529
0.0129918598156
-0.0554866797815
0.054572876843
0.0534405282932
0.102226517723
0.0030544250766
0.0552009983833
-0.00704332744145
0.0879474305193
0.0850140905832
-0.0196737345022
0.0149699252586
0.0874515739009
0.0245937106295
-0.0181254966288
0.111156122739
-0.0215145709449
0.00301282245817
0.105066054689
0.0510700013275
0.0381275832844
0.0581443494712
0.0732299132158
0.0793072327455
0.0870668025756
0.0772222610961
0.103435475308
0.0167896285275
0.0861580827951
-0.0497602058603
0.0557761051149
0.050759219798
0.0890835398004
0.0643771280893
0.0126275460789
0.0330978122429
0.0986393969445
0.112352860387
0.024540844503
0.0989106195337
0.0737404407118
0.0202961751964
0.0626230826719
0.129572249842
-0.00553613587702
0.114886473397
0.045384797337
0.0375590328231
0.0363115883258
0.113566657798
0.00517516929516
0.0334581948863
0.039432464078
-0.00966924392725
0.0167345528974
0.0648834686867
0.0370110498629
0.136705047697
0.0460258652279
0.0544710567977
0.0536698826377
0.10177245929
-0.000504972385751
0.120202555065
0.0390377459726
0.0955233048694
0.106249380419
0.0366889350445
0.101090063891
0.0794663998071
-0.0643959128729
0.0690408484349
0.0336050957526
0.0657959603859
-0.00182955294803
0.072597280795
-0.0195184198488
0.0781408849733
0.0397081170724
0.0847869084909
-0.0529645276543
-0.0355723810601
0.00400848138447
0.0863652712129
0.0929771329901
0.0443987125255
0.117601355346
0.0994805152598
0.0767706083044
0.0376510028453
0.0553134295858
0.0787867021199
0.00710552257073
0.0901153312192
0.0293201104925
0.0643966433126
0.110029297519
0.100347012489
-0.0517579358448
0.0314837685196
0.0167156953064
0.0168425729509
0.0771496675141
0.0455744506166
0.0171346097012
0.0513702629976
0.0136033812472
-0.0228970241166
0.0445963245377
0.0196939328466
0.051094231143
0.017905233313
0.140403976795
-0.00280714003797
0.0238864593678
-0.037146601661
-0.0563575247236
0.0267102139684
0.0712310247499
0.114057604001
0.123921212388
0.0962908886589
0.0471921618283
0.0322837406473
0.089368080546
0.0190995907529
-0.00721746023263
0.105825723459
0.0859951475007
-0.0590423486609
0.0308787234586
0.0246227929756
0.108215873396
0.00917687831098
-0.117170295079
0.100488695337
0.0620404263999
-0.0144432880554
0.0457931229552
-0.0884316819779
0.0170973140739
0.0131981802135
0.104337961158
-0.0205007989465
0.114814043368
0.0564076464655
0.040165875935
-0.0186416496316
-0.0184705657165
-0.076438544731
0.0502715628206
0.0223778529417
0.0740509978888
0.0246336633229
-0.00670902307279
0.119948817315
0.0773680955732
-0.00660195299027
0.0326215101847
0.104283206932
0.0380154464794
-0.0234541977729
0.0387476341252
0.0627528593431
0.0770156431532
0.0584588560261
0.000578853594855
-0.0748256802523
0.0730852534898
0.138398644282
0.0308637915993
0.0633054610434
-0.0369453175756
0.00689850667006
0.0382090492648
0.0337205937926
0.0717155219385
0.0783504728939
0.00817433065491
0.0751472922338
-0.065460572549
0.0663387484631
0.103825240815
0.0150375157488
0.0840030680613
0.0876394357109
0.0507641121904
-0.0172692338563
0.0628301231932
-0.0391925118849
0.041668121553
-0.0230972445867
0.0347003920196
0.0258795680401
0.0456527538706
0.0206058180488
0.0434098937819
0.0948154496848
0.131957365813
0.0565947979996
0.111201793141
0.0234649347423
0.116235191848
0.0757657661298
0.100591760072
0.0280416775353
-0.0307120988424
0.0847049628921
0.0933776782478
-0.0216270098054
0.0696694835201
0.0752579732777
0.0529785877924
-0.0557067116662
0.0429583579662
0.0175202474353
0.0323630802671
-0.0314314024893
0.0145788418655
-0.0702045766087
0.0566324983246
0.0577171102842
0.113953366755
0.0583658725947
0.0568736592503
0.0942808192245
-0.0115000607317
0.0674607794243
0.0644196392913
0.0297560716736
-0.00679023879765
0.0529531366097
0.0642422447991
0.0321554657924
0.11337287873
-0.00242678342744
0.0975217161063
0.0553134777293
0.0939876277789
0.0527008170064
0.0534259360128
-0.0133327411512
0.131138323475
0.0873566996465
-0.021903740519
0.0328009640722
0.090389478818
0.0466994000089
0.0678090102609
0.111080882773
0.0522797454052
0.118008508484
0.0391189890866
0.0802021275468
0.00145761078838
0.0299317773388
-0.060126161295
0.00487774734133
0.116288927975
0.0452527995169
-0.0277701999115
-0.0185927384997
0.021284057561
0.0720416403846
0.0616364349902
0.0441400508123
0.0719360505538
0.138422247636
0.0748776728478
0.0674522961429
0.0729542866543
0.00108481412778
0.0145095361089
0.0645418434446
0.0386038647963
0.0777403796098
0.0544600563937
0.00576896063479
0.0710631808084
0.0509760714567
0.0769643858821
0.0884296531441
0.0552932942205
0.0972099315973
0.0887165660648
0.0758347952165
0.0798291182767
0.0448023010696
0.00163140979734
0.0601058044789
-0.0111708469418
0.0930556933524
0.107159329593
0.113781046058
0.0558704041143
0.0325404659545
0.125798562413
0.0227122077686
0.11060637904
0.0539139219562
0.00960504737309
0.00310044939714
0.00332591743521
0.0280743186801
0.132852453019
0.0333887267977
-0.0512292886085
-0.0182569832054
0.0625796294354
0.0205433340396
0.00712816279545
0.0160572794672
0.0612591091943
0.134997625685
0.130248922237
0.037918258659
-0.0555354118322
-0.00437023912659
0.0545887355369
0.105099783138
0.0573682157283
0.115563875901
0.0914442371314
0.0244405892555
0.0523668909128
0.0941499313057
0.0779308957745
-0.00626173244831
0.0224859406968
-0.0322049723878
-0.0467335696551
0.0242697801751
-0.00642646041835
-0.0250516641616
0.089211867805
0.091260587021
-0.012551748247
0.046591506315
-0.0725475212744
0.0659530518849
-0.0429021164806
0.0574877459277
0.0699034036981
0.0521071736081
0.0331542513235
0.0708965623898
0.0731850201598
0.0634764139608
-0.00873046082853
0.0884112492049
0.0963328452092
0.104708609554
0.0615571027569
0.0947900624394
-0.0446414496407
-0.00673033361538
-0.0705147321609
0.0513330959292
0.0677608441154
0.0651077127647
0.076785213842
-0.0255137366244
-0.00798360740645
-0.0620312921283
0.0749093034434
0.0331397426099
0.129974594191
0.0643261995157
-0.00773723819242
0.0656597818696
0.0509181576616
-0.101033643411
0.0729126599442
0.0784773919466
0.0181875763434
-0.0204676709918
0.0500129957374
-0.0913974389395
0.0911833528478
0.0895406745849
0.135027565327
0.0421623090601
-0.0653826386346
-0.0216226096907
0.0552224083494
-0.0106969113481
0.140011531575
0.0587471018154
0.0438550938598
0.126035278929
-0.0340924013182
0.101767419128
0.0338730813962
0.10341700813
0.144228283952
0.116484422722
-7.30703007381e-05
0.0794887276785
-0.0369618422935
0.0281790274987
0.00457021400943
-0.0458038893251
-0.00708791988047
0.0492542520685
0.0528884438751
0.100518836179
-0.0338728104139
0.0831609384933
0.0592316022615
-0.0700957420136
0.0212537577185
0.0737088136506
0.00106427829233
0.0994220447889
0.00557203706786
0.0152294729344
0.0170479389669
0.0490993136657
0.0653606062276
0.0813838042787
0.0341065629027
0.0090331623388
0.0172317350807
0.0698131376699
-0.00516688952584
0.0762722751642
0.117282138066
0.0672720692007
0.0399584169118
0.0538745785591
0.0808075803534
-0.0215149769665
0.00445245497203
-0.00192434426919
0.0664357553392
0.121337398852
0.0534924509729
0.00392744229361
-0.00534397405654
0.0610799053031
0.074814810526
0.0356796104884
0.0742589781344
-0.0105115361622
-0.0179436365356
0.026980597983
-0.00969021880001
0.107857273757
0.117197311234
0.11950653862
-0.0354738237696
0.023579005782
0.0815158020422
0.0165607619775
-0.0481642052591
0.10394917606
0.0107231946657
0.0227514019147
0.0511535226431
0.0807255305068
0.0573718420075
0.10861515245
0.0854625750202
0.0405682018549
0.0890016716541
-0.00905045653366
0.104457462128
0.100794232075
0.0125202732707
0.0249536963988
0.080948814148
0.00359408675647
-0.00140658624345
-0.00810609354748
0.0294199675777
-0.0222001406925
0.00585429676548
-0.0142338392025
0.0581488425327
0.00877242787582
-0.0277089683854
0.088623385824
0.0349331176824
-0.0304336314651
0.0363254924773
0.123605976837
0.0570491096352
0.113299536665
0.0223197418584
0.0444655087075
0.0542921759153
0.0385289313368
0.0321319169394
0.0376155533175
0.0220607128687
-0.0781460531697
0.0307504907016
0.0963625345098
0.0253124033552
0.112629245502
0.0562545048204
0.112821999666
0.095266517704
0.00677968535252
-0.030651751469
0.0794624488702
-0.0875920121888
0.104385511583
0.0337235594265
0.00366057640499
0.0151590616272
-0.14758548273
-0.0194647750222
0.0558967148684
0.0366720880309
0.0353748332268
0.023409426501
0.127345119463
-0.0978417546066
0.0478943316003
0.105051439961
0.0487112073907
0.0666381361357
0.0349555531503
0.0412915519728
0.133059216098
0.0466900303371
0.0606425510108
0.0655160117072
0.0226132113878
0.0164705084773
0.106909996758
0.0568648879982
0.0918087934255
0.105539909004
0.0535209586177
0.0576392269576
0.0435404575265
0.00361775404936
0.045539859294
0.0199471125527
0.0322857884299
0.0431809707958
0.0705357456339
0.0702779809523
0.0519936194308
0.144467118136
0.107856105579
-0.0300567168336
-0.0646015033586
0.0862709416146
0.0350084184549
-0.0115016542206
-0.0063177506314
0.0543201605427
0.0775783933288
0.000586827579528
0.051688662397
0.0775113545291
0.0654753119105
0.0622711175762
0.099755193227
0.0902678568172
-0.0178099125233
-0.0379149345346
-0.00955414192781
0.0381164083017
0.0232971275261
0.10948280672
0.127412802744
0.046119979287
0.0627798528004
-0.0150523940009
0.037809084864
-0.0120885224975
-0.0104218609675
0.0834330771194
0.0229079224019
0.0325802071125
0.0808994669099
0.0356291018306
-0.0270440519139
0.0134844341536
-0.00869161810829
0.0977641135703
0.0422910889125
0.022180969289
-0.00345196373174
0.0328305369833
-0.00862305550446
0.0112025799161
0.0922031532003
0.0787162960764
0.0477734985063
0.0163158712106
0.0353766596935
-0.0109013132089
0.06868178399
0.0982501881247
0.0192982529343
0.0879691495407
-0.0383571807458
0.0340982399598
0.0588737635666
0.00477265189873
0.0377105557052
0.125270978548
0.106401509632
-0.00521602592181
0.0692445477005
0.0744320979964
0.101849699167
0.0938600077124
-0.0143922487444
0.0894322860597
0.0638183111073
0.0816832350432
0.0644806933511
0.0466491542096
-0.0546657339258
-0.0521692787863
0.0665575332537
0.0821577172829
0.101621871757
0.144440476619
0.076719549422
-0.0551103261086
0.089091574066
0.0936243345487
0.0621015470656
-0.0150777338041
0.10473543384
0.0359782282296
0.127978117154
-0.0573357100083
-0.062112527228
0.103726250238
0.0655199098217
0.0336970462398
0.0350419078768
-0.0234762119023
-0.0392274210964
-0.0207594874735
0.0631557469992
0.0697328014194
0.0820904345087
0.0780582063383
0.0235159169508
0.0969544679058
0.124719598515
0.0771109635452
-0.0217572809798
0.0233349925636
-0.0589159370687
0.0219991513496
0.0442471170994
0.124665224089
0.0308116778084
0.0197905432542
0.119836872914
0.0802209498858
0.0849375588011
0.0418104992746
0.0391211765108
0.0983327369033
0.0884844774266
0.0456077997617
0.0483375844638
0.0878615716858
0.0660366672333
0.128913264361
0.0234808140083
0.0724296282719
-0.0634132908612
0.014029192489
0.09175022894
0.0522029974994
0.140926569339
0.134815888541
0.0347882215521
0.0159023870009
0.0937278397218
0.0257755048757
-0.0200175009898
0.0805445813463
0.0828637757243
0.0368958345429
0.102246944052
0.0229315080796
0.086733534468
0.081826332962
-0.0132854990326
0.097407375528
0.0846311573491
0.0725938673924
0.0505004539018
0.00433101667885
0.0943311652373
0.120299806642
0.139892566771
0.0913103716384
0.0497488924918
0.0966546119299
-0.0728060332052
-0.00830947301227
0.138921367284
0.0393036529151
-0.0555262178725
0.0785666322582
0.0691849311028
0.0461334959799
0.108522739001
0.0733404518989
-0.0541778993572
0.114249813883
0.0958283021735
0.10305450201
0.0776136043203
0.0339917864617
0.0336377616162
0.070564440083
-0.0491180354383
0.0869008385419
0.0467696454161
0.097715573305
0.0789614284613
-0.0240069866951
0.118826296669
-0.074558364889
0.0349772312171
0.00238484574585
0.0737340969209
0.126535223522
0.00876143441002
0.0836590568429
0.0743934734187
0.0632866826566
-0.0582516889734
-0.0540332218648
0.0274109429902
0.053328189562
0.117314488546
0.00582553836087
0.108131112619
0.0796660842213
0.107362904542
0.0786900145641
0.00881114266908
-0.0248601092844
0.0968911176539
0.0983535862377
0.100531350503
0.0187035860703
0.0634898769218
0.0375165497002
0.0552018085249
0.0616033263172
0.0117607298339
-0.0938980944001
0.059754625175
0.117241356993
-0.0766920795894
0.139478612504
0.0537047621423
0.0160223259862
-0.00854104230743
0.0318635853769
0.0545816750396
0.105971332978
0.034904535317
-0.0147846604934
-0.0440342583238
0.0533432759425
0.0658350327387
0.0467680964174
0.0662075994597
0.113640308998
0.0298967831368
0.103636728423
0.0726699707655
0.129240548651
0.0162854720463
0.050399477865
0.033854537368
0.0716737307792
-0.0545901847402
0.0650475635282
0.145421142555
0.126708984509
0.118566816093
0.0300805675383
-0.0102837821908
0.0109421904015
0.113856000066
0.0568046325404
0.0990667954416
0.0850544011289
0.0606071196556
0.08347592875
-0.0205456480373
-0.00976465011138
0.0746773130432
0.0791391647619
0.0386591159477
0.122246702693
0.0296437051372
0.0270871359168
0.0339419362846
0.0507087111817
0.0691074261989
0.0914979817438
0.0407691376849
0.113127430657
0.062425108343
-0.0588650105823
0.113329767442
0.00134526601649
-0.00159844842316
0.0139394706185
0.0750202780795
0.023764891816
0.0699087910789
0.0408210659126
0.00265781034127
-0.107630005179
0.0512632866618
-0.0817238338142
0.125332843373
0.114897251745
0.0717005363638
0.0782017590191
-0.0307095258948
-0.113961948233
0.0673140476118
0.0872918703
0.118350296067
0.0740866278777
-0.0420316420782
-0.00360959640556
0.0815215755308
0.0747574947192
0.055174188637
0.0200364177335
0.115892086411
-0.0763371921449
0.0222920835093
0.0581545745911
0.0714779490841
0.113557807024
-0.0186920649552
0.0672016452628
0.0481347994692
0.0628550742992
0.0656165138439
0.0730181843894
-0.00229404107362
0.0273700130103
0.0801811313457
-0.022211259056
0.0846217192856
0.0300310158601
-0.00264099290729
0.0283925450884
0.0943599614134
0.0132107992664
0.0599204111242
0.121728223947
-0.0359579375452
0.120524668924
-0.0461699752982
0.0654797009003
0.0331192117624
0.117307990001
0.0702790782379
-0.0427401710722
0.00787149266887
-0.0780867270647
0.0631107756313
0.0915012088103
0.0231866456516
0.0129570073842
0.0409295914782
0.0705168447064
0.0900649290587
0.0126736546415
0.079372871543
0.0533247401401
-0.00125320636218
0.0964099575333
-0.037405681402
0.0137462958099
0.0632805718949
0.107557411413
0.0983293314794
0.0507434887715
0.0511286314235
-0.00831658314916
0.00401586361518
-0.0470971606082
0.0577127548769
0.0341979598817
0.0256769993551
-0.0633665728822
-0.0311847532658
0.102216023301
0.0864313560988
0.0714424843328
0.0638691078649
0.0589832336584
0.0550099205459
0.0493267661682
0.0612442125441
0.0714484953961
-0.00834781032075
0.0788743307499
0.0192175694648
0.0521426461652
0.121803000122
-0.0154428722768
-0.0845426633738
-0.00665575137158
0.066538343362
-0.00409104767356
-0.086049775887
0.0829952219878
0.0607913200475
0.0766858600332
0.0333189197022
0.0972483212043
0.00633541925512
0.0441056360105
0.0434430524354
0.0123329861774
0.0560859317042
-0.0541998944641
0.0307871048299
0.0754081238617
0.10404633213
-0.0452289186478
0.0398713458731
0.0581547697676
0.0588079473898
0.123421143592
-0.0456234401235
-0.123026960815
0.0501068431846
0.0246590478622
0.0512998454488
0.0661475318494
0.104671696781
0.0717643049927
0.0691244752553
-0.0217149336944
0.101865794866
0.0184026097965
-0.00364086346152
0.127962482955
0.113944788348
0.111414363682
0.0679486961521
0.131365197633
0.106135922473
0.0319954119504
0.0115725606709
0.0532153143159
0.052308403553
-0.030999902569
-0.0279921773468
0.0616809050957
0.0294891635673
0.107302998723
-0.00845476308353
-0.0447776290278
-0.0720810639067
0.0422225384571
0.00978537823009
-0.0019361581154
0.041375766988
0.040990571726
-0.00878595617926
-0.00718053633545
-0.0487111487837
0.0468184056777
0.129467074254
0.115187484883
-0.0182804523912
0.0722735524251
0.0102108094652
0.0964296713236
-0.0538561223903
0.0259707121407
0.0258047286581
0.0338658109473
-0.012669797963
0.0835198379955
-0.0216695051658
0.0703911422129
0.0103304235557
0.0544252710307
0.000533103423078
-0.0352496835318
0.0649948298384
0.0560529636089
-0.0281696415064
-0.01939846068
-0.00967165749276
-0.0144614724461
-0.00333864216033
0.0229705001908
0.0577857319691
-0.014064163039
0.0240897471566
0.125492080372
0.0178766276592
0.0985905545464
0.121344520438
0.0417358284995
0.0967187453018
0.12420754914
0.0895582691227
0.0468926839333
0.0281098841508
-0.0200548947822
0.0269324988674
0.0400383951073
0.108392196237
0.0464257247449
0.0190276932342
0.0339033057196
-0.00447322882616
-0.0422148209904
0.0045240397085
0.12325621872
0.00876773394693
0.0470316104451
0.0930108390586
0.0243394049598
0.0592012971389
-0.024020172518
0.122894370823
0.0571869843011
0.0727507705983
-0.0234979438799
0.0481185460598
0.0126105714175
0.0412555973569
0.125269525
0.0518889903649
0.126086576956
0.00971206732097
0.0662411982012
0.0689402809402
0.0218446116844
0.0160751213371
-0.0663360977393
0.0965158986406
0.101590254463
0.00224598034189
0.046015574033
-0.0630811015039
0.0645669098986
0.0660725427672
-0.063701828811
0.0961476161622
0.0597561777749
0.028286844983
0.0564876740368
-0.0477600029343
0.0134606458352
0.0597924890796
0.0902259378151
-0.00711730053989
0.0718900902021
0.0168423080461
0.0452926571696
0.0537969799069
0.102676791217
0.0272440485919
-0.02059495705
0.0183200138501
0.0479380080266
0.0994284375674
0.0596211112624
0.0635189442941
0.0751591524623
0.0661734338093
-0.0141194704302
-0.0422141179381
-0.114144062205
0.00961372992695
0.00787255384297
0.0452528059705
0.0604888779872
0.0205852691117
0.0432151329489
-0.0900108058755
0.11001551916
0.0160911231328
0.0569068614838
0.0105070184081
0.0743794047498
0.0953869350186
0.115486684453
0.101887862371
-0.0394036326661
-0.0675983965555
-0.0126991798917
0.0894785852717
-0.0388358077948
0.0243142494623
0.0177288842012
-0.0253919155902
0.00101842438449
0.0167993237284
0.0550863347084
-0.0604984106537
0.0557958975805
0.120566439753
0.00796979757963
-0.0035925566999
0.0464395801559
0.120497906021
0.128187986401
0.0714397472945
0.10363478378
0.0376861596667
0.0684239346586
0.0233102370959
0.0926175085443
-0.00201346356694
0.0761534614485
0.0688419664678
-0.0126265896406
0.0846786526171
0.0495800757208
0.0293510444587
0.00722348362528
0.0432247803953
-0.0846199499385
0.0582616180873
0.0744596065688
0.0220814773972
-0.01304087196
-0.0923979472368
-0.00486018085425
0.0152888798647
0.0617146925528
0.0504676354539
0.0549571085967
0.087567587592
0.0412765290715
0.0370787354218
0.0390686031952
0.106979472763
0.124470193265
0.027518859526
0.0105721594245
0.120088467833
-0.00184440459487
0.130395350075
-0.00483766868504
0.0437515500562
0.0786463844525
-0.0238030786684
0.000731178781768
0.022749877069
-0.00883204269503
0.0263132942319
0.0494441017706
0.0189519721018
0.0245536245372
0.0970095492965
0.0716719358718
0.0768204412057
0.110077383864
0.0194674410234
0.124353054542
0.0726910147685
-0.0163490702294
0.0557968965589
0.0474464480813
-0.00389052742448
0.0893756663305
0.0493284391463
0.110635454523
0.0520002810991
-0.0119369900722
0.0561509123045
0.0898955712013
0.0413736632538
-0.0445639937314
0.00292488174659
-0.0102134529766
0.0263949204967
0.0986124972647
-0.0098409971536
-0.0614106756453
0.0840358809452
0.028076125661
-0.0242122916918
0.0955968167016
0.0713121615104
0.0442513986224
0.0765792922974
0.029397173829
-0.0182423022121
0.0554043657281
0.00299987253671
0.0487157047197
0.0946917314419
0.0847269165196
0.0756964841754
0.0764893828769
0.0872582937022
0.0635722138776
0.0910601411272
-0.0388880849736
0.0547776008101
0.0560066992717
0.0270077175502
-0.0570817416237
0.0186366954546
0.0620008513759
-0.0232500828595
0.109669702521
-0.00557424744774
0.0463750877822
-0.00511675777294
0.0810814025182
-0.0258480863452
-0.0276862352043
0.0407954713099
-0.0172993132802
0.112888312899
0.0118749510695
-0.126384258426
0.0563591848015
-0.00323228123928
-0.0623715501832
-0.0115740620678
-0.0365845637352
0.0438590673021
-0.027523572001
0.076189911125
0.0849792714745
-0.0113573898397
0.100006138463
0.0636276148387
0.0922712958765
-0.0342383413365
0.113579487331
-0.0575527886041
0.0473837545487
0.0548230954947
0.0099027162496
-0.0144503440042
0.109900701935
0.0208067916559
0.00684880522886
0.102545069413
-0.0413837269346
0.0617404058943
-0.0315797321859
0.0147151036357
0.00316759214301
0.10166980074
-0.0123557346261
0.0218790193102
0.0783505255787
0.049006354767
0.0536935064329
0.0241314947421
0.0451595516418
0.0302690838477
0.0920802898916
-0.0471710579188
0.030366169198
0.0592139749196
-0.0551237233699
-0.0712859065228
0.0525342285168
0.0563640119597
0.100525540535
0.014610947024
-0.0338091083834
0.0954401192738
-0.0210421105084
-0.0244558314496
0.0663594139348
0.0408768734892
0.00846254281064
0.0926674242178
0.000469416371811
-0.0196573966361
-0.0140466528533
0.0367860754798
0.0980877326151
0.0106690572571
0.100922843484
0.0936283499325
0.102093549848
-0.0257532757449
0.0179410646565
0.124528329002
0.0283166424808
0.00353645603332
0.0432058526716
0.0900793221387
0.0191151809128
0.0500820841792
0.0605427097415
0.0605080344226
0.0150730587999
0.110934579963
0.0575357435247
-0.0349576495828
0.0716298006801
0.0511685208916
0.0100932054605
0.0688064166366
0.0624333407915
0.094226482639
0.0417805001146
0.0410338142739
0.00191078325974
0.0715915767391
-0.0230344664429
0.0108365340883
0.0958877166342
0.00228947792593
0.0290254026335
-0.0418016561957
-0.0512102259294
0.0578355315505
-0.0130398020055
0.0609750306214
-0.0119354826434
0.0678066503747
0.043492895387
0.0664780804117
0.0763833965055
0.00952552750456
0.0176585368686
0.0741298712646
0.0888317371784
-0.00274240990433
-0.0345261573022
0.0584375204845
-0.0625091995265
0.107437118403
0.0931527734576
0.0467013296656
0.0211509291617
0.10588657748
0.0423784913324
0.0677128250051
0.0391291088226
0.109471905497
-0.0211760444824
0.0182390568481
0.0499035042524
-0.0176202172514
0.0806753990954
0.0377667120534
0.10926409261
0.0729830946807
0.0730208696994
0.0993321151115
0.023762015726
0.0646483116523
0.0499305170831
0.0598930556239
0.0378350707082
0.0609575541151
0.073023850946
0.090243989135
-0.0110755563929
0.0168208533856
-0.0140951560759
-0.0495839291241
0.0792771343898
0.0570756970955
0.0729874590225
0.0821152782266
0.0917967812621
0.0616138647203
0.05848262469
0.0586992702391
0.0927420830608
-0.0259344917917
0.0181659755255
0.0860780631621
0.117722326286
0.097623059096
0.055571943113
-0.036502138033
0.0392012720068
-0.0326165204693
0.0651262980123
0.0666837841739
0.115407506201
-0.0333422022448
0.0831992084869
0.0354374012744
0.0210228666482
0.100299360095
0.092298385302
0.0752236688712
0.0666030540504
0.107776157734
-0.017323218058
-0.0397436084172
0.0162250214153
0.0776795194682
0.0658238050056
0.0722548162928
0.086531852142
0.0256194067533
-0.0260774037912
0.0132174318879
-0.0248578670486
-0.0133061927777
-0.145790718859
0.0197083243218
0.106731523996
0.0554534476538
0.0434319237919
-0.0486443103106
0.0382961746791
0.0450762544562
0.0484395638918
0.0749224340984
-0.000451328048654
0.0750610222276
0.0886929240178
0.0925777095601
-0.0160508175973
0.0243291958733
0.000822779499121
-0.0182052824227
0.0958922282983
0.0394067275783
0.0766681346246
-0.00255450049129
0.119942693117
0.110940022291
0.0100951865949
0.0657456085502
0.0270189502339
0.0096129081457
0.00890814170498
-0.00477315246549
0.0147384539002
0.0901592976096
0.114359225805
0.0912415756446
0.0507225854095
0.103764060037
0.124627384933
0.0790942003189
0.102851106298
0.0733481973712
0.085997312908
-0.00296279496477
0.00246470420447
-0.0920807563791
0.0342439119835
0.0546181515843
-0.00571107963308
-0.048768754786
0.123368521959
-0.0465432897374
0.0855484632205
0.0559010819138
0.0548858328027
0.0805499287605
0.0546117704087
0.0585161791496
0.00904910850707
0.107137040046
-0.0351989088318
0.123308685996
0.0399943964857
0.0286221430943
0.00163826733422
-0.0516546623908
0.0383163338478
-0.0213524584334
0.0495521914771
-0.00372762235626
0.00810278089372
0.130855509327
0.0954915256457
0.0244480083029
0.0426549472155
0.0994802470791
0.0892613355497
0.0670816398596
0.0804104079448
0.0544894303635
0.0209944650113
0.0986271497825
0.0813005486432
0.0831740121401
0.0277533848064
-0.0231671679165
0.0744464186905
0.107334175434
0.0141733147126
0.0840257914869
0.0494025530832
-0.0268101087855
0.0837354304403
-0.0763623690279
0.0609654454269
-0.00154604932549
0.104720476172
0.046875973156
0.0528418742328
0.0925939632154
0.0139147161136
0.00181987863399
-0.0835991532907
-0.000523944284562
0.0917879550659
0.0780942645627
0.0261518837276
0.0641787751598
0.0666486186071
0.0603486709038
0.0180665950515
-0.0525146798761
-0.0652194188045
0.0466583665648
-0.00768393937294
-0.0798396492859
-0.0460663230158
-0.0465766870539
-0.0244277088366
-0.0383245370833
0.111429227264
-0.015565303603
0.096763929252
-0.0476479960668
0.0114944295027
0.0456077256256
0.0116330669189
-0.0164359638749
0.0391496893562
0.0438201595627
-0.0161265309814
0.0174720803308
-0.0413093871448
-0.00261306394787
0.00258938984294
0.0331790649652
0.0488197294087
0.116843828905
0.0884089963916
0.0885889606474
0.0926300913814
-0.00799056227481
0.0264591784253
0.043682165644
-0.0403412761394
0.0340413505548
0.112661283942
-0.013905668381
-0.018364643087
0.0256402175737
0.0822435692651
-0.0178665258173
-0.0202809626773
0.0249645019947
0.00703724932008
-0.0386878840442
-0.0550667694765
0.060376685781
0.00890904807125
0.0284881049157
0.0438753516169
0.0914611709177
0.0449820431037
-0.00143684854492
-0.00279957264333
0.118075130166
0.00903454418744
-0.00958395671732
0.0727574770575
0.107393030649
0.113582384949
0.0677658542777
0.124057400672
0.0975058208427
0.0400537994135
0.0467596760015
0.0239262337704
0.0637371607572
0.133431744999
0.105090921686
0.0348442537896
0.0126433069469
0.0825297452229
-0.0741720713814
-0.0232263113558
0.0188460230113
0.0651069078595
0.123672871556
0.0156993186207
0.0681933561538
0.0233371503355
0.0685592392447
-0.037811430184
-0.00760599228396
0.0641997875835
0.032102002045
-0.00327334902012
0.0887601371989
0.0278977583034
0.0629499189665
0.0555806795899
0.0191146031708
0.00968680843799
0.059362242322
-0.00525080021814
0.0454556330088
0.0436529273286
-0.0128622646954
0.0357754201241
-0.0172639588903
-0.0815115766252
0.0864955069792
0.117923519222
0.088355011174
0.051417808788
0.0605439139647
0.110359590135
0.129482011631
0.0391240732571
0.039607560509
0.0686247901499
0.0143938869622
0.0324477056117
0.0797944158641
0.0378438163946
0.131707019574
0.0537012464045
0.0459096165599
0.100214328088
-0.0810362813848
0.135503140929
0.0967180115538
-0.0370429305716
-0.00414568542387
0.0308168134739
0.0320842688114
0.126289015987
0.124666980987
0.0940587960172
-0.00957899628512
0.0962168473671
0.0459215122657
0.0340453728302
-0.0269189247394
0.120392128916
0.0748933217561
0.0390348969112
-0.029973739206
0.00690542780593
-0.0032551393824
-0.0315691585484
0.067541389059
0.0288201058226
0.0401895170112
0.0529562720322
-0.041951724935
0.105014865051
0.0640029369183
-0.0160952210985
-0.0285858542409
0.0210325118288
0.0615000207145
0.0561030290532
0.0080024937556
0.069142732615
0.092781565538
0.0317958725323
0.0221711777574
-0.0365222071518
-0.0138990130366
0.0774240568708
0.105953690155
0.0827901370582
0.00528642343825
0.0199527329359
-0.0065551532355
0.0295617007172
0.0370703184095
0.0721221561515
-0.0148118591592
0.0954340777639
0.00990442696621
0.10030177594
-0.13386974975
0.0799526916522
0.122680350202
0.0402229216842
-0.011245772745
0.0674762651957
0.0308214375852
0.0734642655951
-0.0128579556368
0.036722066997
0.0908951707527
-0.102191997771
0.118206981439
-0.0033018152929
0.0175328088208
0.0612044775227
0.0226184048122
0.0676056651345
-0.00612182450394
0.121782537409
-0.0209594562685
-0.0070813636195
0.113124867207
0.00824978562365
0.00232653283534
0.0731865842329
0.0627554382514
0.059064505783
-0.0209307598001
-0.0106363922333
0.104052014199
0.0511820890074
0.0405708231187
0.0243197030367
0.0279692737707
0.0739783157191
0.088737641173
0.0240877900289
0.0633586730675
0.108012852224
0.0324291980818
0.0682129416497
0.0806343657034
0.0583693790322
0.0549710647951
0.0462873065366
-0.0391729528591
0.0377176729959
-0.0270021951487
0.048405333024
0.0582608749156
0.10522007332
0.0245762559406
0.0450513225673
0.045238041063
0.0690282834411
-0.0307845152328
0.105826072776
0.0580640745131
0.0760071499464
0.00231308492307
-0.00112782551571
-0.00299140577921
-0.08480882613
0.105966050068
0.0594508367671
0.144869630277
0.131707139213
0.065185466441
0.1155438481
0.0662013390268
0.0638302536311
0.00516918334056
0.0671759333171
0.0164473204571
0.0637343372858
0.00857899165846
0.0880026224563
0.0863758646952
0.0808650271418
0.0554946700805
-0.0275989790104
-0.0236297823004
0.0906524322025
-0.0131850431305
0.0977379778461
0.0567966630648
0.0183713725587
0.0247519920249
0.0887510437511
-0.0149942174891
0.0927392177031
0.0251697005152
-0.00581434932976
0.0211805081138
0.0733957522529
0.0227680015947
0.101007616772
0.121731303735
0.0200696438677
0.0541054490182
-0.0668211923221
0.0649161591108
0.0617616809815
0.0158167369744
-0.0323461510503
0.0503000949216
0.0666154613042
-0.00828419080118
0.0870741712894
0.0356591433503
-0.0396878927528
0.120358211601
-0.0432210965196
-0.00371602447501
-0.00751424675152
0.0405292801211
0.0470642732513
0.0652139739257
0.0731779150972
0.107948700188
0.0347397429278
-0.0289071251343
0.117202727044
0.060143832289
0.0488607808495
0.0146301371159
-0.0193475602681
0.10495747083
-0.0172365851796
0.106829820236
0.012040150447
0.0562639272678
0.0364946558024
0.0832267484835
0.0878704680966
0.0327518726026
-0.0697100840859
0.0814530795545
0.0475071381939
0.0855241870776
0.0859306898548
-0.0116850462803
0.0568104783553
0.0159692387302
0.0808702678803
0.0816105238941
0.0839542787607
0.0325394549613
-0.0379805598802
0.0859812891404
0.0631518777907
0.0366738470499
0.00316486565647
0.0894354803348
-0.0514351755865
0.00967973916642
0.0126673987557
0.101933872808
0.00269750031882
0.0466024270201
0.0771529207962
0.0131070914106
0.0640249986423
0.115729445056
0.119707066509
0.132997200314
-0.0739789341379
0.00114183486577
0.141341929583
0.0646449274103
0.116299597229
-0.0616687196317
0.114341464574
0.0373966078964
-0.0121706407575
0.0789983453063
0.015700198507
0.0101236192682
0.0913210214472
0.0328000658445
0.0274691130673
0.0177573474922
-0.036535653642
0.0810196325285
0.0978944389442
0.051393215515
-0.00167277361093
0.0147979853753
0.0719590148781
0.110772520855
0.0112012934815
-0.0581626346581
-0.0487688712961
-0.0336824025998
0.100078113397
-0.0382554961554
0.0843723093084
0.121041015427
0.0549318643218
0.0378766750276
-0.108491946722
0.00974463108534
0.00166588606727
0.0984163244024
0.0999562274015
0.00749439906119
-0.0286088957571
0.113657557829
0.0991235600346
-0.0244341027983
0.124356694928
0.000687685742401
0.00665284469529
0.0799857783231
0.0529785847375
0.0102369170554
0.0796139629798
0.0304796594767
0.00890907270146
0.0877249957175
0.07818836239
0.0815695113009
0.091035744662
0.0508162567875
-0.0167017980232
0.107643854039
-0.0036584159109
0.00954134192294
0.124624230475
0.0240080023919
-0.0110474221239
0.0738569480234
0.0615545289462
0.0880273216665
-0.0195297233338
0.016370337355
-0.0322735056738
0.0930551437209
0.0507226801825
0.106028949305
0.0869146874396
0.099274385199
0.0733642552628
0.134572675286
0.0202879717553
0.0774111474527
0.0775386372361
0.00428979876963
0.102458633392
0.106654520624
0.032986360391
0.0578968759348
0.0479552409106
0.0102323056917
0.00361285510805
-0.0194336350546
0.0170532096315
0.0808185046403
-0.00849658399718
0.0934835146513
-0.0168154637377
0.0548217611492
-0.0195027427974
0.107277196827
0.0179195659818
0.0471117506631
0.122024196856
-0.00661993463773
0.0393264872492
-0.00928821848272
0.071729576672
0.081680992888
0.0704733197945
-0.0238402621203
-0.0178404085824
0.0451218524021
0.0491143415317
-0.0743435605964
0.0571953240504
0.117576071081
0.080983368142
0.0738178065458
0.0988879960013
0.0123961288622
-0.0302125706124
0.0463465637128
0.0395830435581
0.115284499024
0.0486078461602
0.0876865791188
0.0792219688465
0.0890026578278
0.0944304315617
0.0277763786178
0.128537133276
-0.0376016869882
0.00939772417705
-0.0587742513214
-0.0704878655674
0.120466990392
-0.0224665673424
0.00606962918835
-0.0540518449257
0.0818062444335
0.0478623656082
0.00334292906041
0.0521192528046
0.123484891909
0.0229337951588
0.115124154719
0.0276353247649
0.0605749701248
0.00888308884857
0.0571157644226
0.029889518878
0.0744835437222
0.0462460063325
0.0828942351846
0.121237690114
0.0493377081156
0.0609928292747
0.0933906620321
0.107992548641
-0.0792615429296
0.0881825549813
0.0486458282612
0.066000714481
0.143788740879
-0.077531445528
0.0362155903996
0.0152953836234
0.131252157088
0.0120712339586
-0.0259215211227
0.124471722732
0.0295310342356
0.0858660540711
0.0600245643198
0.0147562809681
0.0552310506932
0.00126567274892
0.0695888361585
-0.00530666686037
0.0998268410782
0.0873616185906
0.109861442556
-0.0589020785834
0.0418516562286
0.0635521337977
0.059210709979
0.0673320134853
0.0251052065468
0.110197433345
0.0825441414487
0.0182844627162
0.108644314567
0.0367369536734
0.0831638537078
0.0540958908224
0.0317844413031
0.0948675614894
-0.00166052715274
0.035824686578
0.050527401766
-0.00185976475826
-0.0264734655281
0.102074133912
0.0538533006792
0.0043143351304
-0.00823934949927
0.0887844059429
0.0818207372795
-0.0895971652788
0.0218475919112
0.0569207389652
0.00614633953442
0.0125527604115
0.0426539090551
-0.0607708154714
0.00243514621062
0.12269637331
0.117353025839
-0.0246383532942
0.00302845156335
0.0386349906509
0.0320837449107
0.0761412162261
0.00563050387221
0.109993258428
0.0721646537461
0.0532151879092
0.0771784197197
0.0337514340037
0.0564216070445
0.0490848687898
0.0227454637654
0.0381067812781
0.0772416489185
0.131929199286
0.101688116314
0.0273539529718
-0.00767652540842
0.0650852750779
0.107553996841
-0.00274780350629
0.00485644731666
0.0843427156853
0.075521131608
-0.0454866607607
0.092194645612
-0.00175266214648
0.0217438837754
0.029211010207
0.0692690948739
0.0203998957335
0.0833948547918
0.0457703561264
-0.00186117380728
0.0440097965795
0.100304298511
0.106686936609
0.0222925978337
0.00335922827145
0.137415349614
0.0567209732016
0.104461875934
0.128844062135
0.138152545987
0.0314914312303
0.0422583640103
0.0542840747178
0.0582183962275
0.053327405523
0.11209614576
-0.0161698329066
0.0587958544927
0.098307757518
0.0294302822917
0.0710658223379
0.0131832805882
0.0341831369106
0.0729031055847
0.0592846831357
0.0795388271283
-8.3014569503e-05
-0.0212549585279
-0.0743406673451
0.10237067425
-0.00589663300684
0.0321623824367
0.00400531546362
0.069846991441
-0.0186195551706
0.101122119523
0.0568666260993
0.0416013037836
0.0144020892317
0.0461563109965
0.120029898395
0.035395381943
-0.00609839494922
0.0425869810514
-0.0440198613847
0.101635093231
0.107171193347
0.0791185836692
0.0835146648065
0.052100219775
0.0382453592541
0.0535141077461
0.0397330193546
0.0286733579126
0.0399773789568
-0.11800807302
0.135167600185
0.0330761142839
0.0967197476102
0.110727389009
0.0612400851347
-0.01301669491
0.0534847401729
0.0396980234701
0.086222315833
0.0274088396893
0.0967746078172
-0.0154042556507
-0.000603874101166
-0.00470897270132
0.105532767158
0.10111129009
0.0973541264442
-0.0127897398532
0.00990094448477
0.0483903758834
0.0272451642761
0.0661838116077
0.0600476431155
-0.0433004630371
0.065424093882
-0.0546495350229
0.00512057411898
0.0830730440175
0.074238056635
0.0073415019966
-0.0123652927659
0.0326441430193
0.0043928572377
0.131507314154
0.0690064016968
0.0407544258026
-0.0918464632355
0.0459588220827
0.0318549635949
0.114941874616
0.0855077397027
-0.024726100712
0.0940405185028
0.075687415553
0.00468849592464
0.0439742628711
-0.00182111777507
0.110758114011
0.0564548554906
0.0292218441102
-0.0922612650903
0.0352952239617
-0.029525124804
0.133073141485
0.12393348369
0.0347805460777
-0.0695857940301
0.0589832459683
-0.00998392855198
0.0085622633452
-0.0391254303248
0.0427476191416
0.0903806370154
0.00796801680134
0.0690028671558
0.0573069810925
0.0679481981745
-0.00535881348958
0.0527209962117
-0.0490289149767
0.13194137997
0.0207264035039
-0.0566268502493
0.0293169162419
0.117448320868
-0.0501501977635
-0.0925479465137
-0.0222221601255
0.141046631991
-0.0181723421031
0.1027179464
0.0416111541933
0.00708618896724
0.0614273647369
0.143110811446
0.0163218738866
0.00964247054424
-0.045974528523
0.0388076988434
0.106179235221
0.0136540401906
0.0194272142532
0.00206067090881
0.0999589390944
-0.00611894072509
0.0535714041865
0.0836775720381
0.0203711069756
0.0709195836883
0.0525916364177
0.0335963558282
-0.0275527665111
0.0764512491611
0.0458263479145
0.0415073894399
-0.0219812438387
0.128570220738
0.0729017822451
-0.0501663290468
0.01206876484
0.106912611116
0.0210699916277
-0.0049682981424
-0.0267696810381
-0.0251892305102
0.0546922442075
0.0274719664056
0.0966090036908
0.101200890522
0.0447629445542
0.0533343189595
0.0248576460112
0.0100519127875
0.0218924265814
0.0361289192316
0.0756895244959
0.0973370509123
0.109463989527
0.02632035065
-0.0367765693381
0.0373191495803
0.0631583283656
0.0358774671631
0.0960470844692
0.0272625920598
0.0742130935199
-0.0116732260935
0.0498034681188
0.0797303886602
0.102300939196
0.0601975422743
0.0391096963077
0.048891671403
-0.0096780598446
0.0570877064815
0.0754796795747
0.0848664587607
0.0976037446029
-0.00961710427061
-0.00130155554151
0.0629023542959
0.0627002102608
0.0820435346532
0.050521246943
0.0167009152602
0.0095934120796
0.0579068142267
0.0875789104251
0.0114516331107
0.0715215826475
0.0707132535328
-0.0515390099411
-0.00544868193971
0.0165582702447
0.0437654746837
-0.00834303959094
0.00825911839149
-0.0252524746469
0.0874112588235
0.0851574480291
0.0859876383916
0.0969797304045
0.00104695737521
0.0494947425323
0.0336933660878
0.0467303059108
-0.0503522504035
-0.0153340167594
0.0879265077918
0.0364315726147
0.0829933699917
0.091088571492
0.0811529116947
0.0966913845394
0.0129706164446
-0.00219877539443
0.00538259136892
-0.0174299232382
0.0728328196448
0.082220944793
0.0304308376729
-0.0161029439868
0.0730360705347
-0.00754153669109
0.0891254595108
0.132887211435
0.0704307349295
0.124649125748
-0.0867934421479
0.0290958692994
0.0380136364024
0.0585229749752
0.0567648925976
0.00196244022037
-0.00615144802091
0.0300417469702
0.0832173317038
0.0212954623267
0.0255325242201
0.104555960612
-0.0789508888226
0.0361740721685
0.0440094934388
0.133269160115
0.0757970851354
0.0920531267092
0.0592619430002
0.00802119381112
0.033485064057
0.0391585391416
0.0557616433628
-0.0243861826541
-0.0172035374919
0.120911998984
-0.0238441872612
0.0174167886276
0.113043527868
0.0714999750841
0.135850566913
0.119166596225
0.0507664798997
0.137221063895
0.120094078121
0.0350551889726
0.0915916678324
0.0714290509186
-0.0719246173446
0.0433544450558
-0.0198979298558
-0.0169740337795
0.115873216665
0.0492049399281
0.112724461391
0.00166341133701
0.0348964596952
0.0627151099798
0.133228491561
0.102255749466
0.061663829311
0.0883813615619
0.116244539543
0.0329871475689
0.142193259818
0.0482721053808
-0.0446674592229
0.102522084291
0.0116176060834
0.0394383793801
0.076012744112
-0.0738413781284
0.0245509186898
-0.00563545328565
0.0376232550077
0.0103135105541
-0.020140853038
0.00960932189259
0.0649944063481
0.0280844234266
0.120026874112
0.028666981018
-0.0175959821142
-0.00807703907859
-0.10994183084
0.00792249158815
0.0100600022532
0.0353418755055
-0.047947987691
0.088746225563
0.075876942522
0.0101351876255
-0.0426353801033
0.0149615240393
0.0437323267005
0.0468597346238
0.0846848146422
0.0774619481546
0.0468310190624
0.07406247964
0.114088585279
0.106045824541
0.0415810738863
-0.0167933861494
0.097081291308
0.0869223637421
0.0600664146527
0.0345049469729
0.10602479473
0.0767061462522
0.111072399159
0.050033893821
0.12431454808
-0.0148922193532
0.0223267303017
-0.0425230899231
0.071165069303
0.0953683976666
0.0375487388552
0.0912190521436
0.0560377064261
0.0443752823975
0.0876492941307
-0.0396209457004
0.0875450340923
0.0696253507981
0.025819735366
0.144588694663
-0.020335581511
0.062004095434
0.0835993145856
-0.0263957652629
0.090300013739
0.015595796484
-0.0305296698255
0.10728962594
0.107066238814
0.0701520279177
0.0985992147767
0.053739268604
0.03000504865
0.00554383334255
-0.0648134656029
0.0583571125769
0.0468593578966
0.0229257042231
-0.110846535052
0.129342314315
0.104717347521
0.117518643366
-0.0478892636447
0.0179171792732
-0.0240779019311
0.00830412348624
-0.0608767179226
0.0612952959492
0.0989098227205
0.0497270828984
-0.00095639483417
0.0160029869906
0.0621005649395
-0.0289062514089
0.0628151677555
0.109602522292
-0.00233272781741
0.0424411724656
0.0644634383721
0.0337903605502
0.0671963657175
0.0167557229887
0.109292888748
0.0783390132059
0.09704683603
0.0859446359477
0.01280615777
0.0651518799855
0.103728134343
-0.0956662985103
0.0695572017836
0.0191489046275
-0.0724052891697
-0.0820388693677
0.109359391446
0.067672568398
0.0909644459893
0.0312673015605
0.0884716688224
0.0275470860695
0.0596903183157
0.0743303384967
-0.0298124100682
0.0353573624791
-0.00755984173051
0.0115218100379
0.0898071859567
0.0020449723086
0.0523674286801
0.129808649801
0.0559830179591
0.0666750029359
0.0751979975052
0.000117253912153
0.0406316476878
-0.00478129441189
0.0655504671886
-0.00307421641161
0.0889086478067
0.0150112695537
0.0788185367071
0.0799373748158
0.0565518581771
0.0741695225102
0.0857064257572
-0.0345624152527
0.0401075407983
-0.0468574634269
-0.0190807736631
0.0753018397747
0.0222358157189
0.0345874524046
0.00447920053366
0.0565732416408
0.115874615943
0.0165369992973
0.0537173751451
0.142331502953
0.0961706574671
-0.030155574098
0.0477885034058
0.0784956336407
0.0352682415306
0.115868479255
0.0709393900641
0.104882665128
0.0886738707103
0.0343213614057
0.122922205912
0.0572796172751
0.134036616969
0.101081998151
0.0730636797352
0.0663687596571
0.0200436760514
0.069450924305
-0.0895517782323
-0.0382299962896
0.0279109996213
0.0152756019783
0.0589873779821
-0.0329233404385
0.0360924492541
0.0750714274545
-0.0158535098946
-0.0288083972257
-0.151170377397
-0.0713981788325
-0.0239789711148
0.0471881687973
0.0483416939464
0.0863754976416
0.0686924268279
0.12672311656
-0.0417796427839
-0.00309023013176
0.0297589540051
0.00868834217388
-0.0361939844936
0.0387063155337
0.0453399188568
0.067819479166
0.0835296024326
0.128114019566
0.112654081803
-0.0935467294237
0.126435489349
-0.00739619435046
0.126060864901
0.0413796640301
0.0922878807052
0.0595260793097
0.085812394816
0.107553804695
0.0956572331171
0.0910595914083
0.0769538832212
0.0474231027687
0.118310730285
0.0308458613291
-0.0718940167533
-0.0907099624628
0.0455478365826
-0.00443505655995
0.0151845843403
0.115999385267
0.116747193936
0.0802013957349
0.0680429255229
0.0282155243153
0.116900961499
0.0125492306314
0.0788100796316
0.117116976632
0.0544662533764
0.040078752726
0.0255453037759
0.037577311666
0.0202226014621
0.0784334281943
-0.0130756941004
0.109804247808
-0.0211885034914
0.109369769073
0.0714330845038
0.0641499883716
0.0323943520909
0.0649990364976
0.0240708158104
0.0684686808317
-0.00276299528673
0.0456073360222
0.0414240220463
0.0748355049871
0.1066815221
0.0536736166849
0.00214382605297
0.0661250430142
0.121696291086
0.0498157454254
0.146194780222
0.109844125638
-0.0217743571959
-0.0475437862655
-0.0100169991502
-0.0898668297356
0.0427315630192
0.0419757718076
-0.0132253057315
0.0196410414019
0.0429606193127
0.0719443858384
0.0921183528633
0.098284093809
0.0677264943072
0.113229189101
0.0548821291454
0.000427707157279
0.0310664650331
-0.00573585692544
0.0199427631309
0.0409531158736
0.00876564219861
0.0567455723368
0.112275537217
0.0719934595338
0.143191570407
0.118490598837
0.0335175025325
0.0362621273505
0.101397809888
0.136969509869
0.106744675263
0.0585950040137
0.0573231564887
0.114384067407
-0.0215542947983
-0.0702911571371
0.103043698093
-0.0729363943015
0.0313354949388
0.0981337969091
0.13450239484
0.113090104107
0.0148991751397
0.106347364908
0.0279892230444
-0.000256979884395
0.0959498937402
0.0212515629846
0.0600785608378
0.0316895691857
-0.0540478336373
0.0554813096408
-0.024190842994
0.11454604145
0.0077516236237
0.022425427233
0.0397198007062
0.0594129447961
0.00156601642486
0.0833927682237
0.141660503993
0.0375822440279
0.0869542688068
0.0293700193609
0.0556381378288
-0.00362178302829
-0.0733774924428
-0.000909665452529
0.054668536207
0.11115352506
0.0376380215896
0.0775130967086
0.132675647288
0.108741872776
0.0285912457094
0.0105437468719
0.0239206092637
0.0201734641452
0.0624166492196
-0.0248939182072
-0.0616002246424
0.0060389096207
0.134468153243
0.0805464413481
0.0623623267101
0.117592502608
0.0763872999202
0.0685392992464
0.0942388394124
-0.0204115646889
0.00219857780962
0.13258235403
0.0893620222213
0.0776705501364
0.140425698181
0.0211570757663
0.0208168203409
-0.00226695481923
0.033948605375
0.042243743262
0.0888510035026
0.0774275274381
0.00903816153953
-0.0178919830102
0.0344018172526
0.0590109861414
0.0463149722196
0.105088601865
0.0627004570865
0.065803661189
-0.00700362857576
0.0171852472172
0.0480532347928
0.0233302652026
0.0495100189071
0.0294919259069
-0.0111896892293
0.0747739694579
0.0497462809913
0.0135061145416
0.00908436273003
0.109799757566
0.0905907313635
0.039643431979
0.131219014922
0.00322006861126
0.0860201329134
-0.0715000959879
0.0316325405003
0.0148100818469
0.0896219850384
0.00954107870184
0.0334308494112
0.0447109297056
0.0889901656742
0.119368407678
0.0965221159499
0.0182661111961
0.0969170377855
0.0369184710199
0.0704884553674
-0.0217964451065
-0.0761680801639
-0.0120523763606
0.0963388918671
-0.00033447536775
0.0812142562349
-0.0322621995361
0.138690708609
0.0900832104511
-0.0613256824614
-0.0653786689518
0.0433886268806
0.0206240488943
0.0514877815758
0.0973175076672
0.0950863397992
-0.0136111176013
0.0427773937145
0.0279913026774
0.133510980934
0.0805422035088
0.0356061637571
0.0563006758475
0.0437800697859
0.0990570613142
-0.0261264973651
0.00885166700535
0.019331921996
0.0575142089255
-0.0310077003995
0.110132904902
0.0879408055006
0.0464101266349
-0.0385337789955
0.0801148418548
0.0559038140532
0.113551046534
0.0946139524787
0.0929382253229
0.0387822508447
0.0538877793853
0.0745555548769
0.0860384271522
0.0608998741931
0.0377803597132
0.0734709156267
-0.119961312468
-0.0189211681221
0.0248091532421
0.0734551864687
0.0797139515189
-0.00896208280421
0.0918844112603
0.129822845285
0.0264293141892
0.0327361991637
0.0857963985431
-0.0372540311012
0.0933327273804
0.0534938363655
0.0802158623206
0.0424782169509
0.0478360159494
0.00245083174416
0.0164429175342
0.10066889538
0.00585963149291
0.0618777609679
0.103320792888
-0.0539949768635
0.101142433108
0.0625070793096
0.101964660917
0.0764534783193
-0.0215938527129
0.0102136225712
0.0608702040532
-0.0227987771462
0.0758855574772
-0.00855332706004
0.0195689154238
0.0136309460905
0.0576118812652
0.00132194259878
0.016303966204
-0.0195762747185
-0.0478833854238
0.112760444173
0.0626096923088
0.064308195022
0.00266578490607
0.0852010045157
0.000940783351342
0.0953912246645
0.0814257284898
-0.00323877533145
0.0946383616701
-0.115164164689
0.0329870667671
-0.00642246315891
0.0686647182725
-0.0395298010328
0.107761025418
0.106868126372
0.0646363882727
0.125592559115
0.090031401343
0.0334561528061
0.105857710076
0.0930268141607
0.109265079293
0.0928316215044
0.128506027754
0.112677647898
0.015356654269
0.084699468663
-0.00919283314077
0.0904804993671
0.0603925751551
0.101830427699
-0.118858563949
0.101989493081
0.0729924575383
0.113045355778
0.0389880157264
0.0547633746086
0.0357524752831
0.0962071473869
0.0213198405617
0.0748293460446
-0.0146663871199
0.117816675435
0.0282065983317
-0.0272796926716
-0.0578783981654
0.12819111776
0.025933637593
0.0133953198646
0.0281408366404
0.0859816120483
0.0885715478374
0.0160793668092
0.0655188378127
-0.0182634595056
0.00421518774732
0.0833295711988
-0.139453922521
0.0645155759828
0.0326139600723
0.108239114566
0.115621358295
0.108207883578
0.0922261303682
0.111712521291
0.0661823896479
0.118336100224
0.0949606017
0.0276337296967
0.000590310124284
0.0129251802138
0.0912720192988
0.0017519862527
0.0630128325546
0.0380736465405
0.0547139530375
0.0861330495778
0.101400846392
-0.0272033747329
0.0400174221608
0.100111236703
0.0117152747015
0.00211603675535
0.07115990138
0.0918167928116
-0.00178786487522
0.0820131199895
0.0648551265674
0.0716325837812
0.00391939324194
-0.0257330893971
0.0861415633624
-0.0389715190187
0.00218254814664
0.0163869352466
-0.0142972796182
0.0354404604734
0.0371740060689
0.0909524574108
-0.00254346869949
0.0731562665867
0.0811018587174
0.0846713869302
0.0436177954276
0.008608780179
-0.00551053586304
0.0972921503082
0.021317220722
0.0183897551876
0.0531969797916
-0.00620503802196
0.0277546874287
0.0773243314986
0.0876260721162
0.0427364073098
0.0202415065395
0.0549764187016
0.0376991227882
0.111522926849
0.000732504998767
0.00823539459997
0.0983757278171
0.0255969748271
0.0913883615256
0.034634731782
0.0199871610446
0.0764380537648
-0.0058738617644
0.113635364741
0.102242849646
0.0580259221456
0.109954811814
-0.0154908683242
0.0593856623945
0.0318937531545
0.0506332616709
0.0557708805174
0.102588060507
0.0346710679301
0.0256137918789
0.0932768116829
-0.0135308632995
0.0320773744552
-0.0212357916831
0.0682276731462
-0.0538710807547
0.0311162034402
0.0581557579671
-0.0655975995248
0.0107097823016
0.0997786814574
-0.0858742836095
0.0641072327713
0.115996903823
0.120405153345
0.0917053288806
0.00497554026265
0.0803096887891
0.0401208332455
0.112550612154
0.00118218508341
0.0223033986347
-0.0238120374058
0.0827862484186
0.0170620368028
0.0460265127807
-0.0233534232611
0.0390433686082
0.0635003897482
0.056000045427
0.0739061448566
0.0229533255434
0.0479004007976
-0.0277886855633
-0.0279814930578
0.00831818408842
0.00630916387928
-0.0616352342293
0.0498593082941
-0.0582824961381
-0.00901200429798
0.015225783267
0.0726409151988
0.075913778215
0.0810484509225
0.0770603411974
0.0627824593541
0.0265322690983
0.0691888749626
0.0957077759002
0.130720686884
0.0469507270558
0.0482391828294
0.0141064534014
0.080857301619
0.0341218989364
0.126003535376
0.12359718168
0.120879212369
0.0253199943118
-0.0350326924673
0.104382101978
0.0218776166671
0.0316795197627
-0.0137211625494
0.113631364844
0.114905119492
0.0964986712884
0.0209434020532
0.0451166067259
-0.0303802578922
0.0086407552997
0.00284187666774
0.0588039811871
0.0853682713501
0.0993086168864
0.0382637777179
-0.00120404815123
-0.00736876727336
0.100873825028
0.11428647353
-0.00169913454903
0.0458798759599
-0.0623620853529
0.0355409704951
0.113293327409
0.0460209571213
0.116657157943
-0.0911200673542
0.014932841636
0.0355357923794
0.0358257536612
0.117233075465
-0.033330358544
0.0930533974929
0.0299992992187
0.0757168459442
0.0361530865649
0.0512958528855
0.0449042003168
0.101309938187
-0.0153857195514
0.0188264319133
0.0726839050247
0.0163926463116
0.0779783030867
0.0192730226333
0.0319878339315
0.00489097613144
0.0548602235656
0.143862830565
0.0460872779065
0.0652422140419
0.0328125818473
0.0666157426362
0.072293261195
0.133612866259
0.0458690830225
0.00632778357376
0.0619566003119
0.0631280645673
0.0533637450168
0.0746534131988
0.0978982800433
-0.00294429765633
-0.000609515124976
0.0293879365093
-0.00512011859675
0.100851915383
-0.016682496354
0.0709632281882
0.0135224832552
0.0361122006934
0.0674936150359
0.0971042536932
0.071929003793
-0.10289049439
-0.0345510815262
0.13856163283
0.103743289319
0.0515145703223
0.00309596154301
0.0596847915611
0.0316868612546
0.0791368093452
0.122439343859
-0.00484247338473
0.0521704269411
0.0943756776648
0.110043914024
-0.0507933657412
0.0363299455914
0.00988427817798
0.0348924220005
0.0575868891331
0.00780148569254
0.142789156716
0.0143781007176
0.0763540761246
0.136217840955
0.0584404989247
0.113074977395
0.0752583555741
0.0523495698389
-0.0359620561418
0.114110441609
0.11877428878
0.0807504083399
0.026512093103
-0.0434429872919
0.11849653378
0.00288807074803
0.0803892127973
-0.0324769195985
0.0568044106905
0.13375476546
0.00775362495583
0.0410973456609
0.0820685441206
0.0186622044843
0.0879155227467
-0.0396683188633
0.0480697327933
0.00960948768187
0.0743192974808
-0.0540580349486
0.0874517506422
0.063915870322
0.120868610737
0.0629602820476
0.0946979064254
0.00539348156003
0.13701194375
0.0446618559054
0.0652338690185
0.0738466330721
0.0530562427693
0.0714217656218
0.040638565958
0.0961291950014
0.0451250975888
0.0905686487454
0.0576217857644
0.0206828965374
0.134793594565
0.0491190148699
0.0166350673437
0.014215022965
0.0348087361243
-0.0139802358141
-0.0265315557825
0.10043230159
0.0594285576558
0.01054464791
-0.0138797649087
0.0405062728688
-0.0788623601531
0.0279300767875
0.0993232581832
-0.00332916787425
0.101703160389
0.0600417312341
0.0389218032586
0.0828951602705
0.120124490936
0.027442999668
-0.00959270790917
0.0297235223754
0.0490081784069
0.0938501779089
0.0980198784593
0.103783790585
0.0156637065443
-0.00782028250145
0.0703392128217
-0.00179502970613
0.0958252182076
-0.0439518688248
0.110617761933
0.0839287975971
0.0911961864656
-0.0711935211138
0.0139286765406
0.0591650774221
0.0976544281789
-0.0248513907428
0.0340927589276
-0.00272052850015
0.126889134035
0.120381795916
0.0770016931514
0.0782593207029
0.0920347035746
0.0914598458049
0.103000180949
0.0219738754923
0.0257677544061
0.106219906909
0.0761713451256
-0.0378141754839
0.0071822841291
0.0511665339784
0.0871262802996
0.0531291992115
-0.0450348706829
0.12795209865
-0.0682933641829
0.0740248630749
-0.0947333611958
0.0791094166392
0.0553146365595
0.0272045625153
0.0628961236132
0.0777510343702
0.00345892709185
0.108016325235
0.0916178211982
-0.00335753729785
0.0928537620164
0.0698398260105
0.0932411858097
0.0885803786362
0.0784337047647
-0.00429480448233
-0.0691643780675
0.0603717062591
0.00495951741469
0.0666036044231
0.0537020907155
0.022593310811
0.111955736163
0.0720879528695
-0.0264388684022
0.0947484899246
0.0348728636032
0.102845919634
0.127585831204
0.123458453107
0.117169506505
0.0225122510733
0.0710342588655
0.135529103276
0.0616120457597
-0.0576084990085
0.0942344307417
0.0379543519164
-0.000735282788751
0.0763512104769
0.0212285504586
0.017111974481
-0.0112411786721
0.143921970435
0.0421028062628
0.00110525531071
0.0328081561135
0.107193625984
-0.00222971310907
0.0275956051705
0.0376518522064
0.0309356814583
-0.0672714856397
0.0925587259475
-0.0740225774143
0.0403469401997
0.106906141643
0.00275846447437
0.0323204669082
-0.0162887136081
0.0710257301081
0.0603323771571
0.101650844374
-0.0817275961723
0.0851402865989
-0.0119546545851
0.076620288744
0.119726026526
0.118833745412
0.00646573965655
0.11404630395
0.119913733079
0.119692040785
-0.0111281723754
0.0662816302432
0.10592600105
0.0332140362759
0.0927056710205
0.00862433607183
-0.000303571088996
0.0284448491919
-0.0751575003062
-0.0128241114784
-0.0665035246737
0.0872526752791
0.00427667764194
0.0478008908506
0.0447756057841
-0.0533831734539
0.0577218320592
0.0989434874838
-0.00632590669257
-0.111425500619
0.0390922670424
0.00143518630851
0.0523798827595
-0.0253688618928
0.0345459406469
0.017677014321
0.0371309088894
0.0977636058926
0.0304961163013
0.0635509030576
-0.0580899771858
0.137937275227
0.0312900974339
0.0114246388635
-0.0113448942577
-0.0256717843358
-0.001000758194
0.0814613157626
0.0611948525644
0.0863852495329
0.087082848731
0.0622545066372
-0.0278725898093
0.042216173016
-0.02877550187
-0.00959227957515
-0.0123014903942
-0.0326216433886
0.0451163569057
0.0794115450278
0.106099359153
0.100152355747
-0.0319714689486
0.0638841644516
0.0288262193743
-0.0663590971388
0.0413480480993
-0.00149597407377
0.0546529710812
-0.114087871396
-0.00916763511584
0.111013411752
0.0468641378619
0.00749106106282
-0.0913541569126
0.0556947388969
0.0337318647868
-0.0196708744656
-0.0825782197645
0.00406640410172
0.069929242368
0.127498225423
0.0528033038693
0.0863376494883
0.12115007766
0.0316867651024
0.0197160638235
0.0135133486006
0.126257546919
-0.0703007248414
0.0497993876479
0.114164954057
0.0383435752019
0.0649954092823
-0.00695425846848
0.00593749038439
0.0438845264941
0.0494607008362
0.0681995377605
0.0433335151315
0.0861966237068
-0.00227115764532
-0.0178433997516
-0.0940580138117
0.0376604648707
-0.0359314896362
-0.0334143117988
0.087320524841
0.128084719363
0.0637059862887
-0.0197458484365
0.0756565990998
-0.0103810885123
0.0145142522826
0.0947018287157
0.00445835629028
-0.105539561733
-0.0446572653766
0.0947164628179
0.0631170006709
0.132937045063
0.0368746279028
0.0216671482034
0.113746445471
0.0429070626467
0.00915716348174
0.11145970279
0.0762929806632
0.110794632164
-0.00890741999484
-0.0439329958036
0.0181571923608
0.0595929427926
0.10512079804
0.0683230458526
0.120861568974
0.00422061450779
-0.0171391209502
0.0763087294951
0.0823636512707
0.134114617204
0.00825886137847
-0.0249521178001
-0.00337757537948
0.0582272720947
-0.0103321586837
0.0410953206274
-0.0195708376244
0.137891627142
0.0496114437567
0.0331749920952
0.0644547765476
-0.0428438032587
0.145486339363
-0.00813072185038
0.0946510011272
0.124355219433
-0.0636564276898
0.0775071397039
0.0693402991407
0.012648440557
0.0585667948535
0.00707463736651
0.0395159941085
0.0163133621215
0.0230191061703
0.0261889011993
0.0652057344748
0.114586492885
0.0942689813374
0.0266395751496
-0.125859629183
0.0688973619757
0.0178227378321
0.0534107304424
0.0633610109193
0.0920625160896
0.073158106698
0.00799546449599
-0.00249238594375
0.0730199639675
0.0474598051595
0.0836551284704
0.0518967249186
0.05845153226
0.0808707301115
0.0807282006313
0.145527650487
0.063538310209
0.134966183677
0.0842225598919
0.0578626585046
0.0229279218766
0.0853351012692
0.10791584537
0.0653584378315
0.0906903960436
0.0909817553402
0.112597239055
0.0510100530588
-0.0288669958318
0.0648722576053
0.0623680740621
-0.0155900771644
-0.0266574382036
0.0544453179108
0.129615697554
0.00466910578021
0.117009517092
0.000956546813362
0.0040623460546
0.0345497364421
0.0358243842284
0.00422970776759
0.050036967452
0.0573784495127
0.0601041904323
0.0327956787767
0.000633822996741
0.0262811003369
0.0880572669123
-0.000745764287722
0.116309503155
-0.0407163838531
0.0529452517422
-0.104829000354
0.105193888927
-0.0175650537077
0.0717686905108
0.0438641466074
0.0787121734896
-0.044117914349
0.0620550808215
0.0884188173239
0.0455424577395
0.00668892418348
-0.0473481494298
0.127588515537
0.106041960404
0.080323232817
0.0178764457911
0.131849354447
-0.0392842021447
-0.0134999061354
0.126881812528
0.102748246993
-0.0370676362042
-0.0320218400988
-0.0420227576332
0.00444295550433
0.0636788509969
-0.0282689580386
0.0212796812021
0.0821151188695
0.0452685749378
-0.0135449695502
0.0396800428291
0.0975566391054
0.0116404706505
-0.0395137379814
-0.0115852304972
0.0866509857005
0.0548967066201
0.0426917571866
-0.0494153649418
0.0846424877975
0.09886117584
0.108848271681
0.0353650457358
0.0408912499434
-0.0505548877061
0.0409000969643
-0.0670594567534
0.0148116644123
0.067621208734
0.0125658564179
0.0516342212665
-0.0545869737007
-0.0460424494018
0.0912188751284
0.050957560802
0.010496505868
0.0217363370262
-0.0942811677278
0.0536803102298
0.095773484962
0.0308589977175
0.0167128795737
-0.0102075283118
0.0531903809016
0.128342423393
0.110960850088
0.120347887401
0.117418294339
0.0610651923422
0.0649915000853
-0.0627299154491
0.0591477814003
0.11568667733
-0.0190549813885
0.0607438001075
0.120443179506
0.113913087522
0.0633762907918
0.101704145154
0.0884763915561
0.0722358922852
0.117799954728
-0.0490396690936
0.0587436094481
-0.00910617860651
0.0914073043986
0.0402348468943
0.0629335267555
0.0118297985839
0.0737761761342
0.0599462851747
0.0571402041168
0.0574465843651
0.0469441416607
0.0260622429976
0.0805118862221
0.0841056098958
0.129059988693
0.0796204158982
0.0185324607345
-3.05247926438e-05
-0.109931165292
0.117271407736
-0.0164985467643
0.0155993653504
0.0257383835711
0.0875105652225
0.100473447097
-0.0145134804643
0.0443743316551
0.0399328477358
-0.00668754714022
0.0805421471941
0.0641902377872
0.0345821398282
0.0814008620449
-0.0857803741896
0.0823630815105
0.103997830366
0.0389832467071
0.056004795879
0.0418309662105
0.110751859929
-0.00390185933235
0.0487592662805
-0.0467965387554
0.0173804097738
0.0505101905097
0.0734844998703
-0.025737212711
0.0728573528482
0.0697548914744
0.0179437754717
0.0694251610884
-0.0201090252075
0.037889454455
-0.0386725331701
0.0364002475573
0.00492209417359
0.10219830885
0.0219035663551
0.118360926041
0.135184627712
0.101258748631
0.0340162609924
0.0388971935739
-0.0757759511039
0.0693694491946
-0.0428908103533
0.043805890582
0.0819400679917
0.0758600201322
-0.0620365752831
0.0847846287272
0.0285341783298
0.0130611817482
0.0688280595315
0.00827479258838
0.00349625906118
0.0836298850508
0.029163138127
-0.00540596776668
-0.0323179004701
0.026193306826
0.0897134278903
-0.0315839224971
-0.0649384878571
0.127202315124
0.12278984508
0.00370596446197
0.0725740413111
0.0483711262574
0.00197193161817
0.00865476571897
0.0605302989295
0.00712236552736
-0.123654588597
0.109110992878
0.139201166786
0.0261487149519
0.121845393381
0.00357795632395
0.127718892737
0.126636032497
0.0223885444771
0.0691654486779
0.113467357451
0.00566103919563
0.00825562364788
0.042208709065
0.0440779305903
0.0729044629191
-0.00707347554517
0.108806263941
0.0191056190954
0.0353983025912
0.00743406398028
0.119695182392
0.00400587275592
0.0824309223456
0.10375078246
-0.0332915953489
0.106248039516
0.115675979045
0.100372410705
0.0745534489797
0.0995274574726
0.068669235657
0.12208513478
0.0891702642235
0.0278338110096
0.077302854581
0.0101743965025
0.0733938088534
-0.0255373152682
-0.00805757152576
0.0255795205367
0.0827987404459
0.0767858081263
0.127619033463
-0.000566496239787
-0.0418700009291
0.0691406480121
-0.0175334398246
0.0522359840954
0.0447630291628
-0.0582256445419
-0.0151667525487
0.0927475799151
0.0419563123955
0.0999083590123
0.0943487232114
0.0200332270424
0.0956265473125
0.0708226307563
0.0739132744456
0.0246571531872
0.088029439211
0.0402365098001
-0.0662984089416
0.0272979138068
0.0252635539891
0.000334001461892
0.0511546237685
0.0642537248998
-0.0563446317347
0.0375840394369
-0.0155897920257
0.0637967518986
0.0934532182094
0.00118315098147
0.0885437668642
0.010431785199
0.0331579066216
-0.0339964914546
0.0984960931469
-0.025658971946
0.0166137711301
0.0619297883737
-0.0585771822985
0.0672131103529
0.112125654696
0.00986574085958
0.0400564085184
-0.0573502337799
-0.000924868114519
0.0632374528265
-0.000661904539506
0.0253713640239
0.118270149487
0.0146251432998
0.0616341539387
0.0178871677187
0.0537912747713
0.0157987374489
0.0109996184183
0.066898306002
-0.0292594679525
0.0553546066898
0.0576320470864
0.0998271464207
0.0347913438784
0.0854278792726
0.0469189636103
-0.110624116677
0.0418495964972
0.0551047142712
0.0461911328006
0.0445223789489
-0.0124656441251
0.0407378409538
0.0995915621415
0.00400296287036
-0.0878046006119
0.0362588947998
-0.000555517578923
0.0652560846754
0.0846804517272
0.0309953031116
-0.0275543740092
0.0637323053183
0.0696032176412
0.076976189403
0.0865773730497
0.103166408071
-0.0386816004551
0.0321613418557
-0.0187217893251
0.00388793181312
0.00902844060299
0.0807855559205
0.0532438825435
0.082405192903
0.0212360033648
0.0596846359216
0.0835220408057
0.120478311637
-0.0273394676702
0.0885756892855
0.117467816977
0.0955712893025
0.0648659703215
0.0801185247191
0.0595636377207
-0.0438380281789
0.0391838089321
0.0584099878201
-0.00108701691742
0.100415579224
0.0938281245106
0.049605749022
0.0559416816063
-0.059132672904
0.10006979899
0.0715053176237
-0.0203000814645
-0.0121113776211
0.0947685826535
0.020676705311
-0.0309398666277
0.0957670797775
0.052156883621
0.0421145192084
-0.0873164838419
0.0832951890992
0.0634697600452
0.0851006931134
0.0916036380042
0.0234792409158
0.0071145395291
0.0361875056766
0.00726343934097
0.0477663516662
-0.00172419576925
-0.0260297732872
0.07798161222
0.0126895632525
-0.00607365557356
0.0418227256632
0.0524434284747
0.0746750138726
0.00527805423429
-0.0188986216031
0.0756582920695
0.0592650568617
0.0396040621362
-0.0128942586473
0.0486004317264
0.121541380756
-0.0235371720988
0.0298813168176
-0.0570889292389
0.0579211323438
0.0313997425871
0.0222365101715
0.0671898851693
0.0942033829468
-0.00315256593902
0.0378357906561
0.115839258838
0.0618168932965
-0.0282779530914
-0.0266093004434
0.0413037025972
0.0856910167597
0.0937131442502
0.0392814277161
0.121460383389
0.0920220167176
0.0578519752441
0.0322253811779
0.0572520078599
0.0468919140307
0.134870545343
-0.0215556003483
0.109082463004
0.0338553864486
0.0869342159833
0.0696938875858
-0.0293275043489
0.0747983613801
0.117174102639
0.0864295291807
0.0782178126762
0.134140871246
-0.0102400589748
0.111590813018
0.0369113424703
0.0575714314814
0.0302523744865
0.0804329173406
0.0407849712705
-0.0537785243209
0.0244599488206
0.0453854488167
0.0826493948805
0.0353548007343
0.0969006793597
0.104423892738
-0.00553954360861
0.0544389496311
0.0850650353627
0.0158341434304
0.114479041165
0.0804416710261
-0.0598822562327
-0.00762554370185
-0.0155714425291
0.0425237729863
0.0331475862485
0.0286221803693
0.0814795380639
-0.0689449711527
0.0086499304697
0.0917504263525
0.0108619007613
0.0881278708146
0.0421153444776
0.0985135864019
0.0144646307836
0.0665306889326
0.11452466079
0.0285277009974
0.0511332955559
0.107383616734
0.0659649620843
0.0211239219135
-0.0540782270458
0.0522426560012
0.099409803254
-0.0346937262657
0.0615664438946
0.0938138295772
0.0279237818863
0.0299044601406
0.0351238420861
0.134883422902
0.0347821501945
0.0227539416822
0.0172427829379
0.0142639149275
0.105877850269
0.0330268294444
-0.0575517801282
0.0542046501658
-0.029386037376
0.045946961308
-0.00843783428384
0.0794984077316
0.0621041728513
-0.0514840055049
0.0177989691912
0.0388407137164
-0.0166432078198
-0.0580170820943
0.0352700105562
0.0226735843808
0.0368527106636
0.0323973556958
0.0582373613764
0.0428755207793
0.0280290991979
0.0416845965112
0.0845132731058
0.0125996673628
0.0228628740053
0.132302670963
-0.0279530172765
0.0925016058379
0.0674349670947
-0.043556776145
-0.0159713047758
0.0228241009808
0.0195507249142
0.00236943137924
0.100177009849
0.0205959709079
-0.00499531543872
0.00666486347498
0.00541187671768
-0.0189421618941
-0.0366631894676
0.0107092066076
0.013633972012
0.0454454233313
0.0752770293099
0.00622845351999
0.0696703867486
-0.024409957834
0.0387647631872
0.00270386244296
0.0255002926296
-0.0348923986004
0.0424770716002
0.0935019210887
0.0149029345176
0.0455381085071
0.0787618195533
-0.0416351042566
0.0395279402571
0.0998502533995
0.0658446018058
-0.00235392256425
0.0836915774423
-0.0866548506491
0.0129582392231
-0.0629037426877
-0.0449481079423
0.0174863499323
-0.0136148047456
0.0679689166818
0.0948364819355
-0.0124784560523
0.0751685368693
0.0697290030478
0.021279317496
0.0619858046408
0.0787867664726
0.0544519977366
0.106847632393
0.0586696359979
0.0447749644692
0.0850191682413
0.0062342034949
0.0203898129921
0.0293338591892
-0.0127070930757
0.0937413772758
0.0342899507137
0.0318681498298
0.0414720079329
0.0512209117042
0.0669309873691
0.0349036468484
-0.0245050844023
0.114548253771
0.107758830093
-0.00241767305233
0.0172902093912
0.0301809616917
-0.0445937908011
0.0958811725729
-0.0328887227759
0.0686789433321
0.0475779827834
0.0632020760101
0.134644115385
-0.106832394654
0.0742351070205
0.115474718844
0.0359549197847
0.132199503822
0.0883293631914
-0.00705936170369
-0.0456921481517
0.0271019370183
-0.00116182892622
0.0532003844277
0.117230993077
0.00897321007618
-7.1824514567e-06
-0.00151344035015
0.0536029793002
0.074654308709
0.0955387665003
-0.0587138215594
0.0810336823419
0.0253800019535
-0.0183357712054
0.121514103638
-0.10965516719
0.0500102395365
0.11162507612
0.11441468266
0.00518665856751
-0.0473804480085
0.0357976622229
0.0425286038014
0.0810633970508
-0.0404340011284
0.0523626230098
0.0466835397316
-0.0112561716834
0.0271816352452
0.0843672296093
0.0665228515271
0.0485454896499
0.0846655750483
0.0221203292169
0.0417804625922
0.109438544619
0.0987858111955
0.00100574265102
0.123137126966
-0.0403666709333
-0.00268330193346
0.0941770001488
-0.128114225895
0.0241436400413
0.0111643050217
0.0299570003042
0.0524286449354
0.00962862691469
0.00148084473292
0.0566258604958
-0.0468931904839
0.0297362997818
0.100557732844
0.106606995088
0.0260296296286
-0.041099289489
0.089836663698
-0.0460562381262
0.0548671214294
0.104967232776
0.087248980574
0.0581232731165
0.0466402637738
-0.00649849835232
0.0727548813235
-0.0374066237921
0.0832051235155
-0.0172918290624
0.0235425857915
0.0910150185076
0.0601373601794
0.0506425364701
0.126625076588
0.0360790647859
0.0559078197178
0.0458084609914
0.0507707951282
0.0588113219195
0.0979470919143
-0.0197816706595
-0.0151963278028
-0.0128502404177
0.0635591898589
0.0267144554064
0.103903053561
0.0345596841973
0.0191026633762
-0.00735381375748
0.0955311417931
0.0263858591757
0.037398510683
0.104371176295
-0.0258996823387
0.0321852203792
0.038914897994
0.101294109734
0.0193423076437
-0.0765553693221
0.0804944887446
-0.0231905683117
0.0593053783198
0.0790713023578
0.0348481140374
-0.0273268578142
-0.0719379605646
0.089304025597
-0.00119838165617
0.0758638982006
-0.0631027471621
-0.0118820096515
0.084852823782
0.0491397144735
-0.0639766039317
0.0977723884618
0.00185712610887
0.049660939289
0.0618495891085
-0.0433300686017
0.0721527824282
0.0187711462879
0.0400400379639
0.120039630098
0.00198939735177
0.0320704865905
0.125123382264
0.00906945008836
0.101892367055
0.0914286870637
0.0295624132024
0.127578201901
0.0975953493005
-0.0818689316221
0.104020859354
0.0279677174807
0.0137207639475
0.0201339417662
0.0277964777392
0.085249522911
-0.0306382045
0.0387512783565
0.0174191803141
0.137286183011
0.102808330242
0.0119956266811
0.0503926337653
0.0416224110582
0.0291076439398
0.0751071490502
-0.0482981676408
0.0845119747547
0.025287433242
0.0899562699481
0.111632996375
-0.0650637065939
0.0767820763505
-0.00383114052142
0.0321965906686
0.0846871155115
0.047865357802
0.0154199813463
0.0863760193391
0.122376304632
0.0952452910933
0.0678880134528
0.061345662515
0.0480833422931
0.130899196835
0.124600660965
0.123490467377
0.118916434717
0.12661581091
-0.0123375051558
0.0420461821328
0.0803288877634
0.0445660114781
0.0754094144865
-0.00742592444971
0.101588267575
-0.00230476020288
-0.0308354197277
-0.115895371262
0.0621681222421
0.00766139046828
-0.0174297709617
0.0459131546089
0.0601993170655
0.0251910583948
0.130162809621
0.0851198083601
0.0215093202657
0.10848823795
-0.0515712440667
0.0816762955248
0.0755734291647
-0.0153910672149
0.0674337630588
0.034664432884
0.0818601811436
0.0310290227305
0.0994388955445
0.100567603347
-0.00743921777747
0.107849433126
0.00917240910457
0.0331826010357
0.0803804541421
0.054177764225
0.0365151901628
-0.00746510940103
0.0903607857791
0.0929179777466
-0.0106532170665
0.0366128989618
0.00292153738576
0.0400753133911
0.0220588532481
0.0158485798166
-0.0638960075423
0.0195527448835
0.090341018774
0.0569570915031
0.0724070732807
0.068281272592
0.072597619161
-0.0309795468103
-0.0238129408499
-0.0690342268747
0.116261210983
0.136311040399
0.0209515725659
0.0394432059177
0.0509632589177
-0.00468946330558
0.0139463688646
0.0403212505775
0.0627467062429
-0.011583965722
-0.00218265412033
0.0595833349444
0.0341910052945
0.0605151712197
-0.0249155265746
-0.00391664507807
-0.0287109437863
-0.0162522678005
-0.0465598930416
0.0617814129908
0.0458430918559
-0.0250054300545
0.0523298793222
-0.0265876559072
0.135019703065
0.00190984733302
0.0902754170165
0.0947605675277
0.0444934897377
0.0431336554165
0.0669562929465
0.00222499161369
0.0569718357462
0.0186517122863
0.0646795143061
0.0220261158156
0.0185391150652
-0.0830102618725
0.0898165000149
0.0441452239954
0.0235546688679
0.0470629033479
-0.0582013743687
0.0349669848678
0.0455179646193
0.0793776848597
0.00118952849075
0.098309340589
0.0144556689058
0.00528916941479
0.0682300810105
0.0375104820355
0.0327612875764
0.0351166670991
0.138032573598
0.00931628084154
0.00614975107819
0.0595529644355
0.0560896627422
-0.0174134846544
0.131806017191
0.0753933915006
0.0971333666836
0.0241043505084
0.0958925465524
0.0655952529856
-0.0597813278314
0.0421276474488
0.0197725318438
0.07811580563
0.00803686250104
0.012680626647
0.0367766234995
0.0236724511281
0.0226811546402
-0.0103668383398
0.0405274345238
0.0919805565835
0.104935457091
0.00326760801182
0.0288075455091
0.102995083362
0.0719677113848
0.0936227142366
0.0761955955097
0.0177222762912
0.0956870764933
-0.000572579383432
0.0774790662124
-0.00490777969495
0.0659970370706
0.101807588476
0.00738806268503
0.131693791399
-0.0231085681827
-0.00764284345533
0.0568453917922
0.116143186228
0.0199845545611
-0.0068069455915
0.0269320692238
-0.0417027760926
0.126584858565
0.0643681439805
0.0271292409305
0.0747166385655
-0.0133966230772
0.0492853283621
-0.0485798292433
0.0541280125533
0.023290087311
0.0663017469294
0.104123005339
0.0569385438811
0.0886065890607
-0.0549506594996
0.0122547508508
0.0138504419262
0.0839028395552
0.0295513623604
-0.0416349770551
0.0191651529179
0.0919686767022
0.0599705614077
0.053395951751
0.117233345672
0.0583763110979
0.0889096493107
0.00295880278598
-0.130664552637
0.00709054622002
0.0334710908589
0.106075281276
0.00366814653567
0.0921170802631
0.0678166975349
0.0525607813617
0.0775674870407
0.034968822279
0.0703812705926
0.0923281510649
0.0967224060057
0.0773425102357
0.0416211248376
0.0398407497417
0.0530740001016
0.135278659247
0.119662609698
-0.06210063647
0.0346841121548
0.0181521858554
-0.015860486737
-0.075405596184
-0.0534060051018
0.0863146071572
0.112476285005
0.0286609148132
0.0305274536892
0.00779074710568
0.0482013897049
0.0206519160938
0.0129400521086
0.00996356528588
0.0677027667087
0.0826067204595
-0.0856372815733
0.0395375758543
0.0355580941082
0.0173059667553
0.0802207604261
-0.0139744786298
-0.00512442352713
0.0911298877779
0.0623223763845
-0.00971516965426
0.037288752972
0.125235489905
-0.0192533698156
0.077187010167
0.0094713866682
-0.0363308820226
0.10096484854
0.0837898832587
-0.0209323152567
0.0607410081509
-0.024202355519
0.0101496708784
0.0360640796067
-0.0740302155917
0.065898984643
0.111380089194
0.0202033342629
-0.0494800970078
-0.0663208825082
0.123192272553
0.0376380836663
0.00272677371185
0.0556652167535
0.0537891945292
-0.0280996848124
0.0420716492977
0.0713915244447
0.091649768589
0.048246286086
0.0518028805297
0.0597247242641
-0.00772698346239
0.0513667148556
0.0933916986735
0.0718578912903
0.110914135661
-0.00790789722679
0.0285192741833
0.056917554955
0.0213109867608
0.000294121057877
0.1024789049
0.0896907207597
0.0795341569383
0.0863492136648
0.0730611299559
0.0202187390708
0.086770646123
-0.00985693995011
0.0378772452525
0.00130522433238
0.0461880043271
0.0124551438289
0.0586919567713
-0.000340704038584
0.0981543771989
0.0267981125738
0.0526830055079
0.0925993688722
0.0447882062781
0.0528085155602
0.090891856592
0.101526276134
0.120770264701
0.0534659820339
0.108045973799
-0.0198071809362
-0.00994090702562
0.00461563197272
0.0450829097978
0.00828691519249
-0.00737202787699
0.101511592306
-0.0204107175425
0.114629828776
0.0420618684119
0.0712411502912
0.0521032674951
0.00282708494049
0.0382069638436
0.0463941036482
0.0914353243537
0.0184434190046
0.0347624628702
0.126626773476
0.0309494494768
0.085238856327
0.00529600922904
0.0529421376228
0.0220547202194
-0.0287756283551
0.0802247443806
0.0562137668768
-0.00713432364932
0.0946418562713
0.103198382882
-0.006627452307
0.0733826878774
0.0625176289059
0.14207459036
0.0781951066291
0.0593624845604
0.0614744366989
0.112623953956
0.0124752595361
-0.0131502998921
-0.0318042974405
0.0229817991858
0.082434921595
0.0619450965384
0.0772225964023
-0.0158378152867
0.0358684141553
0.00049400110923
0.132049630212
0.0797840090256
-0.00262678751468
0.102620533578
0.110797849112
0.057599107296
0.0508934732573
0.061516615446
0.0362845736535
-0.0185024481465
0.0048418001772
0.0939299933889
-0.0913641803307
-0.0778595478945
0.0709879243953
0.0889225361264
0.0270541557251
0.064157329417
0.138298409734
0.13807946996
-0.0606372805437
0.0657017898899
0.0457340443337
0.037554602487
0.0739767851603
-0.000757284146187
0.0219697950096
0.114743673418
0.0343410696586
0.0203478969589
0.0512489340759
0.0229009242741
-0.0962967180159
0.0252862989899
-0.00616314840537
-0.0614199990675
-0.0205286583108
0.0901308289658
0.0359138515314
0.0361849789639
-0.0116546262299
0.0426322191475
-0.0143479497149
0.00314868108285
0.112335133689
0.0521319800818
0.0204026298268
-0.00390515414449
0.129973537994
0.103825227422
0.0539382751882
0.105100485033
-0.0157447162692
0.0454300774562
-0.015747619927
-0.0398378827329
0.0260307485037
0.0179058343594
0.0899867988786
0.103990971239
-0.0310791523512
0.0464918211644
-0.0989454883873
0.00207063261986
-0.045086794939
0.0646618239666
-0.0664109383663
0.0403074788397
0.0536768115857
0.119037342761
0.104054182556
0.0800649796068
0.0181805000044
0.0557317888647
0.0364713183054
0.0368880740074
-0.0301424628133
0.116532742613
0.0337619328134
0.0710885890816
-0.00145107992982
0.117868671701
0.00542819894465
-0.0911728498307
0.0834660533662
0.00332019521107
0.0408094809682
0.0402720691807
0.030869449063
0.00480139589957
-0.0259188603339
-0.0248418330486
0.0916015023557
0.00621200589881
0.0300120206932
-0.0130503218071
0.0944435349971
0.0569130777564
-0.0444766012656
-0.0648082126003
0.0669885522235
0.0731142596806
0.0843199029551
-0.0129597830973
0.131349192568
0.116972565963
0.0528840849151
0.0610091029328
-0.010672234475
0.0550616315049
-0.0145688126782
0.0254741811094
0.0687392567429
0.0289278737344
-0.00502191710397
0.0330470003848
0.0190337741241
0.0374319516906
0.0932088532197
-0.000440539406974
0.0941144491675
0.0399808481384
0.036585660273
0.115483896127
0.099790682841
0.0102331440871
0.086248238827
0.125275597855
0.0462141382329
0.0323338835689
0.122556720487
-0.0648075062279
0.00565974919432
0.0495693549493
0.0818892268657
0.0819538852127
0.0739850380194
0.113205710938
0.0665661512684
0.038102390973
0.0486248999222
0.0882637925379
0.0232710602563
0.0437515897617
0.0964209280786
-0.0141733117862
0.116648562379
0.0202945112849
-0.0167073964362
0.100022958264
0.0324678935298
0.111171547707
0.0569797955849
0.0133792226132
-0.0403305127096
-0.0125982140491
-0.035219402364
0.0255344123551
0.0776048186708
-0.0439106917592
0.00414236041626
0.092035648102
0.0292530876982
0.114610951548
-0.0399411478513
0.125537030538
0.101676266797
0.0894081312844
0.0956103756194
0.0980492937479
-0.0281887106841
0.00936281789685
0.00238902718015
0.0379861763752
0.00384931014862
0.0510017716734
0.0136410156451
0.0515230838
0.0850331203214
0.051895894134
0.140337756466
0.0831544435945
0.121777427166
0.10407696203
0.0932137544354
0.0502286975302
0.128732779416
0.131352576907
0.0687101562507
0.0114928649608
0.0142949260976
0.0472748690535
0.0823238767148
0.0599850044455
0.0248003082498
0.00950097888351
0.0330990450919
-0.00266926354513
0.102480800226
-0.0187738396528
0.0690260529133
-0.0516491341076
0.000100914412095
0.00170097006458
0.031715725238
0.0933766243578
-0.0124386848001
-0.0204373365141
0.00881039941357
0.1361984747
-0.00034436069626
0.0640600277075
0.0568090509624
0.0543195432816
0.0937150900046
0.0309384593421
-0.0444728600196
-0.104914163118
0.0898912841605
0.0841230517737
-0.0316515870848
0.0646940008301
0.09492020978
-0.0168529154745
-0.0249238540581
0.106158939931
0.100726955461
0.0307512771371
-0.0315631470675
0.0494142693042
0.0410931386286
0.0585963045567
-0.0437876333923
0.130191183506
0.0379920410435
0.0160397246382
-0.0841569032447
0.0549738502602
0.0207989369388
0.0329199662254
-0.00205637480385
-0.0164030208647
0.021916938012
0.0440486783054
0.0981830683158
0.0274165287291
-0.0344242511025
-0.00961777537545
0.049604450453
0.0662859623651
0.0894870992131
0.0680539372125
-0.061146814759
0.0931164965979
-0.102469926151
0.0728080512471
0.11710861319
-0.00241810146342
0.0746903571501
0.0160798038117
0.0328470706036
0.000567759533603
0.118106866672
0.0681662424932
0.0428985155812
0.0812635972025
0.0680501670694
0.075321339637
0.0435574887406
0.00482030934091
0.013093968629
0.0909862686369
0.00253751973086
0.0636755852959
0.0507647002586
0.107222204294
-0.0275862067945
