0.0689689779903
-0.0112144975903
0.0430932433579
-0.0014830388056
-0.00136051533661
-0.0361649027752
0.00357876607597
-0.0630501238571
0.0512599193647
0.0259640052131
-0.00804149003498
0.103820590982
0.103992296409
0.0690572261254
-0.00748860277217
0.0598184518887
0.0039925658146
0.022073356015
0.0305199212714
0.0326491847472
0.131613136618
0.063920429725
0.0128434303309
0.0399051606298
0.0441028901366
0.0562322572675
-0.0219651927703
-0.0102156046745
0.0527176104281
-0.0207291568167
0.0120386907953
0.0913625359902
0.0510464456802
-0.0184877540909
0.0424475219959
0.0332358283681
0.10915986488
0.102794259055
0.111814454822
-0.018518068966
-0.0101063633548
0.100326666843
-0.00397419526544
0.0186049407391
0.0531221343914
0.136124067617
-0.00551419484562
0.112187403639
0.0785827815176
-0.000724415387096
0.000472029315533
0.0977689571783
0.117425415317
0.0075752168654
0.013712294494
-0.0442693920892
-0.021571185432
0.0999820512639
0.00148913854682
-0.0235408936916
0.00295091771931
0.094261350669
0.0092340223909
0.0512290588067
0.126056522559
0.0161247526138
-0.103928142692
0.0661392353313
0.0165536752948
0.0783962416943
0.077266286994
0.0474281537758
0.0068162283398
-0.0663086066575
0.0755284917125
0.12436740784
0.0870412469966
0.0314705282015
0.0711557713784
0.100838264053
-0.0308823310323
0.0131475668406
0.126829041629
-0.0460961983724
0.0590221794056
-0.0269127406054
0.0197986150725
0.0435703018409
0.00478935112394
0.0730919924854
-0.00124022592782
-0.0207892462352
-0.0937353343576
0.0354565679026
0.0342424322371
0.0895352824236
0.130199893488
0.0223081871238
0.0709645118642
-0.00759414724408
0.0827002228647
-0.00651154234011
0.0514930198545
-0.0508288431664
0.0768296475768
0.0382299189706
0.13356932736
0.0420943476737
0.0786328351076
0.107062620954
-0.0319299768727
0.0400701887484
-0.0341507102535
0.0498839117037
0.0258375086123
0.0582673507705
0.0870200122487
-0.00797989096337
0.103693532252
0.0194455471214
0.0662947694654
0.049598952109
-0.0377691652856
-0.112068330221
0.0712062149092
0.0183593499137
0.0568398261179
0.0401418273747
0.0199125234221
-0.0515210350295
-0.0817257448914
0.0182560599301
0.0296918920261
-0.0467668878447
0.0371907600915
0.0914153729339
0.136884023651
0.0703510246883
0.0837062807161
0.0480020196833
0.077842810438
0.0851411745308
-0.00287806396902
0.100948386755
0.113172180788
0.0657683501793
-0.040633984169
0.066743798126
0.0249048339662
-0.0349301470378
0.00417523365387
-0.00806699448626
0.0611840503924
-0.0138077885241
0.0972067163182
0.074921598851
0.0767529872258
0.0497290714067
0.0762813244898
0.0196574155843
0.063997493502
0.121195836111
-0.0141643712305
0.0661699619007
0.114828029549
0.00390625586627
0.0548216694805
0.118030931344
0.0725438836651
0.0282338669935
-0.0132043200329
0.0717508064799
0.0511732094917
0.130508998688
0.0314274286315
-0.032676567964
0.115711622571
0.00949985148559
0.0976351696459
0.0926697040205
0.0788083003985
0.123685252257
0.00511513123404
0.128209356192
0.0520760857191
0.052005920333
-0.0391684470171
-0.0462179459467
0.0837423753762
0.0412603360464
0.0740153697827
0.0841621566013
0.033071851789
0.044191953832
0.138365187603
0.0491217842914
0.023622371863
0.0782809801988
0.0199084861269
-0.0104162341103
0.01235220908
-0.0286577796114
-0.0115684506055
0.0632404068404
0.0374884651243
-0.057307326161
0.076675454542
-0.0489455159132
-0.0116034518125
-0.0336878473825
0.0143835676488
0.100227976129
0.0995130990542
0.0674699677088
0.0403253664552
0.0720382972768
0.0767708428293
0.106813072115
-0.067490801359
0.10804417681
0.0238846216432
0.106238832821
0.0218019193629
0.0170427228419
-0.0097270482888
0.0735774656857
0.0636673226895
-0.0343886983051
0.047569148552
0.000616691832845
-0.0102252560844
0.0638801747446
-0.107823654004
-0.00535335254011
0.108912227287
-0.0284740723419
0.0359374298737
0.0171553185168
0.0589041297285
0.0646152462969
0.0329410750985
0.0530679035327
0.00566568835602
-0.0259341520404
0.0653639498534
0.130945436178
0.136205247245
-0.026793196555
0.0649126544149
0.103772612045
0.0434226111533
0.117678437826
0.0436264643596
0.0535111540803
-0.0475106686663
0.0175636497282
0.016850171613
0.116650702964
0.055770939145
0.00492987785573
-0.00645287896719
0.0735814444971
0.0755862808664
0.0967267363417
0.119485273194
-0.069905654201
0.0345982051522
0.0191344735256
0.0745103162863
0.0133568646953
0.122434631226
0.0631123373259
0.0765625371419
0.0846698245341
0.0142603828404
0.0589124305261
0.057672742003
0.0494757146813
0.0282898708043
0.0116298258135
-0.00702359002944
0.0589285517255
0.0721292504873
0.100983167521
0.00661564140452
-0.0185947782086
-0.00820333335276
0.0708140476054
0.0350571748557
-0.0593000651155
0.0395561032716
0.0883148181011
0.0674896621723
0.0425106728379
-0.00455727206672
0.114528075986
-0.00832768995926
0.0882917475426
0.0116327830157
0.0398385341774
0.141284097373
0.0206734350616
0.0663354421759
0.101694803909
0.0268255653358
0.0382410951267
0.0181334304098
-0.039408700048
0.0545798397821
0.0388531377214
-0.0492837524197
0.074284517227
-0.0617358467516
0.0342354678582
0.0660244397613
0.123146447422
0.0602095980197
0.0772531523042
0.101469893931
-0.024563938673
0.0668756200678
0.0142347914124
0.0208474271047
-0.0229107255732
0.0909592275859
0.0267931254897
0.0649442660916
0.0983672865046
0.063848669406
0.0945059810323
0.00672627158318
0.00259758105555
0.070723508922
0.0790571213349
0.034994133271
0.0709805091218
-0.0111037432426
-0.0158372942231
0.0157084697465
0.140669794499
0.0208252081299
0.0267465696369
0.00768900233321
0.0373483992231
0.0680011457019
0.0496984584761
0.112766802516
0.102953059673
0.0443653953618
0.0643747194529
-0.008407105592
0.0378586947055
0.0435923960526
0.0211483341728
0.0141401844876
0.111550416764
0.0632768169373
0.00840093160311
0.0129791536185
0.123858666131
0.0806490705302
-0.0428085794852
0.0184090468067
0.113600576624
0.0821272304981
-0.152922619516
0.017372277752
-0.0231548398282
-0.0290670247871
0.0955645520616
-0.0505226207802
0.0427758048916
0.0674614993011
0.112295512244
0.0545660684828
-0.0236692035601
-0.0526253439908
0.0534733415112
0.00327994011036
0.0780481447038
-0.132360650214
0.0254043623133
0.0839691306491
0.114150255455
0.075736754565
-0.0202520116444
0.00324307985085
0.0948945250397
0.071064901218
0.0966262259069
0.114133769519
0.0530441143145
-0.0904844507705
0.106940365005
0.0702301319043
0.0561362918264
0.0459656760568
0.0567138717384
0.0650935031834
0.0744066511842
-0.00246599504563
0.0531273182767
0.0616441532202
-0.0227068624991
0.0773203211167
0.0648262986571
0.0345846508749
0.0136168091094
0.100598546382
-0.0741426379897
0.0593967294839
0.0916876407932
-0.00611528710909
0.0263052586289
0.111752987652
0.0901723826939
0.0377878196211
0.0496311651478
-0.0151492281814
0.118901429105
0.0226457748893
0.0902943865494
0.0366388933609
-0.0159579383735
0.0358201423629
0.0533985453216
0.0485369076802
0.0487523141367
0.0650977510331
-0.0061485483211
-0.0397922529306
-0.00935672271236
0.0392887079276
0.0145802692556
-0.0237223712189
0.0607821359489
-0.0103546576887
0.0714248344572
-0.036213724316
-0.0145204703582
0.0609293262261
0.073751356034
0.121917998743
0.140710923509
0.111066004182
-0.0281123829844
0.0627668475649
0.105825932276
-0.0264462325413
0.123829249778
-0.000349877618131
0.0524579409336
0.0575905203138
0.0575423489845
0.134707422362
0.029084421707
0.0773492783956
0.0820880060829
0.104594043319
-0.103763342959
0.0822121754842
0.0867768461637
-0.030875993256
-0.0182350132938
-0.00292631418577
-0.0105492420676
-0.0154441813212
-0.0272523400385
0.0158566152235
0.0431971473245
-0.0334319290111
0.00756352253397
0.00333786275265
0.0590040674056
0.067495025406
0.0624376313197
-0.0107519128964
-0.064452831016
0.11212117039
0.128943199495
0.0225002944192
0.0917430392254
0.0046302178224
0.0745209774914
0.0696715426331
0.0555109616183
0.0885155298637
0.0761257555608
0.00226625519455
0.0613525626079
-0.0628880525676
0.0537498805856
0.114260640377
0.0492482672666
0.0158607761231
0.0285823252301
0.0782273005798
0.03812756389
0.101439753192
0.0900708679704
0.115082928651
0.0543920223426
-0.00991674659595
0.0511205111058
-0.0240284007688
-0.0690432187418
0.0253817838721
-0.0253413596298
-0.0268995156754
-0.0319837288918
0.112682992639
0.0867703214071
0.102427093861
0.0134166163036
0.0836045676
0.0489319974209
0.0528060420375
0.0345987806042
0.0768097251282
0.0550836495944
0.00841936896797
-0.0642582741696
0.0977613409541
0.0595084440159
0.108802019824
0.0907149344512
0.0582383647348
0.0505404133067
0.0532431709364
0.0787792633688
0.0882460443576
0.0924658606924
0.0827536236881
-0.0658067672707
0.011112035757
0.0316205579818
0.0428446411351
-0.00904328559325
0.0214257855333
0.0464633810841
-0.0215030675436
0.0482265447862
0.0124202957528
0.0201911796442
0.00819195090576
-0.077170141111
0.0721914341859
0.0473901781344
0.0884825007596
0.0918266854569
0.0585351436175
0.0169167952752
0.0199800023094
0.0411788477742
0.0960182926949
0.043788303856
0.0411333120834
0.0823700267094
0.044500304543
0.106308091487
0.0328131462206
-0.0107973257069
0.089878038513
-0.00566329183937
0.032715483836
0.0702562177826
-0.0199853115617
-0.0081102254263
-0.023928927689
-0.0227481813803
0.0973459338657
0.0582662635407
0.0636293209918
0.035522678859
-0.0651390625436
0.108760567071
0.0334167595995
-0.0242547346461
0.0883190972227
0.088942728089
0.0219861545231
0.0214085627191
0.116797309896
0.11036976242
0.0896225473781
0.077040762293
0.078297409414
0.112194353615
-0.0227227577026
0.125361275301
0.0224607868942
0.0499857324187
0.00447601547291
0.0386158832893
0.0713950465941
0.0757717413951
-0.124709447894
0.0328662073682
0.115468494276
-0.0296614712338
0.0415242029671
0.10461102289
0.0637401549077
0.0308316253247
0.0940822043864
0.0868049200713
0.0382006246578
0.0665122291996
0.00868434631851
0.0543738867892
0.117861345467
-0.00914198247369
0.0793078131477
-0.0408514478874
-0.0257297897806
0.0544328573211
0.0130619372457
-0.0309488888949
0.0293977017346
0.01718211817
0.0709411656389
-0.00800328745369
0.0853470505369
-0.0206754503219
-0.108049346558
0.108973378749
-0.00840281862135
0.0234163856719
0.0433907589966
0.105781538424
-0.0132839688333
-0.0197379315051
0.036446499377
0.101704386389
0.0939489567969
0.0740912303055
-0.0981680077927
0.0369767611223
-0.0152362269991
0.0625858626772
0.0183939002398
0.105820142959
0.0163704341251
0.113562315323
0.0365650184947
-0.0472803142471
0.0103731649638
0.037464287281
0.0640334943534
0.0555342701346
-0.0213911004259
0.0270121576167
-0.0389427167132
0.0946976935574
0.0795227704923
0.044322846496
0.0608554942667
0.105560141212
0.111230552776
0.108028111308
-0.00978110180703
0.0975228557687
0.0140301389393
0.0891856404105
-0.0705077996068
0.0757650146343
0.00219559998872
0.0573506366149
0.0417544140404
0.0664851210139
0.0774200871978
0.00634395438546
0.0186188162211
-0.0109439535578
0.0341513791445
-0.0473437739771
0.0811112093027
0.0191094981911
0.0747330415622
0.0120227880754
0.0649882829233
0.123811874047
0.0628692330188
0.0630399412808
0.0722249689571
-0.0812038438448
0.0817105940751
-0.025043393654
0.0478656450487
0.0720450472723
0.0203018043929
0.058160905403
0.0365235585783
0.0186364109015
-0.0211411926166
0.115909770877
0.0126625303966
0.0926519707108
0.0120623349793
0.0833962842218
0.102019565158
0.0171095883306
-0.00824095501927
0.0865707577997
0.0343575738035
0.0514171219938
0.0199760459207
-0.0786437830383
0.0284695932806
0.0595209566626
0.102795121827
0.0112984319621
0.0931719244511
0.0516293576289
0.0378399947439
0.112004298209
0.120882053506
0.119488511038
0.00101796588714
0.0507677966966
0.0763477460916
0.033652860661
0.07202315562
0.0330112451731
0.124760284183
0.0945361074629
-0.0204235138659
0.0571804508787
0.00365835477331
0.0548849047374
0.110137778854
0.0153690038875
0.016317645006
0.0960568818255
0.124202105345
0.0256298075155
0.0595173481651
0.034261535291
0.00832728153479
-0.0958796361704
0.135658524695
0.133073471805
0.103275509371
-0.083276812313
-0.0337133944258
0.0379976122823
0.0857755121632
0.0799919024686
-0.0146425776836
0.0418284693472
-0.0441228201844
0.0208269155849
0.11081246442
0.0984607166164
-0.00476972110366
-0.00761394048502
0.00141177133773
0.129764658471
0.134614985962
0.087846644917
0.0690295448434
0.00316374151147
0.0479644577095
0.120175887521
0.13279195945
0.0267559072968
0.0823203307786
0.102787381131
-0.0888095969516
0.0080830011102
0.0348357660487
-0.0515926665899
0.0863691048871
-0.00417387840272
0.0730780566321
0.0235970925799
-0.0115427407754
0.0392150078848
0.0590348326839
0.0496269723625
0.116753545874
0.101242294274
-0.0660954306174
0.00290351499064
0.0699066487387
0.0738853387476
0.0926721164446
0.0319329752382
0.105106007391
0.108983937016
0.0769248720287
0.0692897048228
0.0158952192254
-0.0213157555922
-0.0172653695831
0.0109532893622
-0.0254814708267
-0.0108223927057
0.127346956758
-0.0258288887431
0.0577256636712
0.0883623223129
0.109260445817
0.1023502675
0.0604314613925
0.118019564521
0.0597436686161
0.0827200382897
-0.0388510087791
0.0786782570555
0.103230838658
0.020294570649
0.0338043847434
0.0693549070254
0.0628501425976
0.0409420612451
-0.0996279278289
0.00305623909543
0.0463814080504
0.052015441482
0.0412204764228
-0.0231208096223
0.0480090604877
0.00386268950312
0.110771259023
0.074966545848
0.0830035788629
0.0875693503768
0.048259662527
0.0987930045505
0.124920410436
0.0422024730036
-0.021986104653
0.0814947402341
0.0201789252366
0.111352435504
-0.14654110108
0.0535964909076
0.0544034051915
0.0673494942808
-0.0179995152064
-0.0683621832057
-0.0112510436499
0.0388645888454
0.119165332536
0.130754423109
0.0900452543873
0.027218846304
0.0358286327662
-0.0317368774799
0.0782027065923
0.0183360542124
0.0648375038094
0.00996034669121
0.0391504443496
0.104950213065
0.0500527940284
-0.00181871187657
0.0251927238216
0.0720583861267
-0.0729494532977
-0.00779924197446
0.0401498563913
0.0264514438894
-0.00578439659135
0.028357930001
0.0736787062143
-0.00790884582041
0.0468692421822
0.0762510857914
-0.00388113340619
0.0253841038025
0.102470085079
0.0541957337261
0.0814703815076
-0.110983107458
0.094025057815
-0.0370751128524
0.0972099222435
0.0515344268754
0.014650415269
0.126063824476
-0.103152929885
0.0540680813303
0.0830474123474
0.0713517320808
0.0586479063983
0.102327578938
-0.0964659575739
0.0877468509321
0.0553001538216
0.0360256630338
-0.0406133609992
0.00656778499473
0.000905748170795
0.036345045498
0.0383536422332
0.0441212091092
-0.0166817746901
-0.00185857507699
0.0412177282225
0.094200364362
0.0221649683828
0.0778084431778
0.0475681095566
0.00685405662358
0.102904911731
0.0225732076609
0.00267970175425
-0.0458855999279
0.0155311833323
0.0191258844431
0.0375123238406
-0.0883162545273
0.107816761887
0.00450263590702
0.117213789473
0.0785403200747
0.101573138962
-0.0693959857243
-0.00770139461334
0.0239216734507
0.0499759217253
0.0927080864093
0.0966471593698
0.0444747457441
0.0583941334665
-0.069414672568
0.0931193947407
0.0262004931333
0.0180064406282
-0.0183957811597
0.0258952449471
0.051293843194
0.0224199005064
-0.0239811824465
-0.0357393333397
0.0462043059457
0.00894497977675
0.1100110122
0.139927182271
0.121173798648
0.073206740333
-0.00944056592903
0.0852975256996
0.0368552150172
0.04969876214
0.033558607336
0.0889809813523
0.0251567963128
0.106050791652
-0.0485377057644
0.0531765877689
-0.0135602887906
0.115633767502
0.0692266804964
0.027379973362
0.0737001926033
0.0156949367449
-0.0106815775724
0.0880642693089
0.0492233523751
-0.0271793840125
0.0397081525821
0.0254955042337
-0.0113018710202
0.0798177567443
0.0292609353225
0.0745533843389
0.0199602963043
0.0620879259929
0.0305574158664
0.0528302062026
-0.0178546563437
0.0748356699341
0.0208013863321
0.0767777350341
0.12656290811
0.11123986255
0.128478755569
0.0879831356014
0.0375284527465
0.0864658826384
0.0175776563944
-0.0162124202422
-0.00488942833742
0.106102958117
0.0375169665612
0.0186888332808
0.0817670735464
0.0346539927494
0.0759452722253
0.0727694703335
0.0707164362399
-0.0276541055258
0.012478893845
0.0547407260459
0.102225616618
0.0855271731019
0.0564913818762
0.0296680833809
-0.117610740916
0.122203491494
0.052980972176
0.0296588638748
-0.0753413123144
0.0434589059821
0.0127632169203
0.0298426906815
0.00403929703236
0.138020184737
-0.0419896878376
0.0279819873655
0.0694019440694
-0.00889437093194
0.0623412878523
0.0362894669333
0.0626635652715
0.0915961557786
0.0752320736835
0.128110967921
0.0067318795083
0.0593438344863
0.0788511094507
0.038510952446
-0.0937704284001
0.0115196510604
0.125235982964
0.0413521016005
0.0851520620255
0.0910221758339
0.0351537922242
0.074035721354
0.041818611282
0.00821702933614
0.0111503472632
-0.0243917334655
0.0395469558497
0.0400068779703
0.093855969952
0.0531109178192
0.0698554541261
0.065469511209
0.116358644302
0.0479489865816
0.128403549446
0.0766755332848
0.0174119227895
-0.00146160661891
0.0675823854963
0.0164787476365
-0.0467188827718
0.0677813560523
0.0263389443066
0.05506715922
0.0142318250754
0.0104234832469
-0.0296654596355
0.0640440248237
0.101858570008
-0.0346074179226
0.0288884282327
0.0919892233553
-0.038494064989
0.105686490628
0.0509695646513
0.0781315655035
0.00427911546222
0.0412247278734
0.125112956213
0.031088096898
0.0663662032419
0.0987139527384
0.084050556919
-0.0240929558036
-0.025630494618
0.0772912075421
-0.0386986717679
0.0903649340265
0.0290778332496
0.0250737746845
0.000169934925959
0.143742566608
0.096184635677
0.0554209449156
0.00544963379927
0.0431004726933
0.102603042662
0.00303032592201
-0.00766288458686
0.046218044389
0.129482519552
0.0245313804917
0.0531390955571
-0.0529490766635
-0.0910418543044
0.133435644035
-0.0166573169636
0.0478683429124
0.123308973723
0.0321169237868
-0.0155784394157
0.0931946076215
0.0419374340356
0.125078337695
-0.145127839929
-0.0251234401444
0.0391584936952
0.051663167282
-0.00928106146707
0.131840074219
-0.0104338547237
0.048522169627
0.0552600645016
0.0481660691693
0.0222204990144
-0.0137227399747
0.0138210502761
0.0659524250473
0.0483281539551
-0.00695825866494
-4.47538614994e-05
0.0249819718552
0.0691799734425
0.0348402323181
0.100022151425
-0.0465441327695
0.0805347906115
0.0130377727335
0.0389697571469
0.0808378059654
0.07592999278
0.0661255792948
0.0451129418948
0.0309060276769
0.142106716444
0.055950315237
0.0240881396958
0.0641265125677
0.0520587343818
-0.00763553069015
0.0704774819412
0.0145319404093
0.111910811125
0.00322041017455
0.0515446576495
-0.151769484057
0.0756603343203
0.13314550528
0.000745894992592
0.0848869988585
0.0647080749619
0.114442996902
0.101510007053
-0.0503289323056
0.00510831459213
0.0407867478308
-0.00511221296182
0.104495931132
0.026649852407
0.0627012364758
0.0544086698912
-0.00558205525719
-0.021919045393
-0.0561484144573
0.0521947271351
-0.0148153423325
0.0256274859736
0.0659120927662
-0.0501509596351
0.00245291829874
0.0941108539017
0.101780187361
-0.00777472067465
0.0768932177099
0.0865342070006
0.0103586000665
0.023885585851
-0.00744271649882
0.0224137708081
0.088008283491
0.00992605327926
0.0638037863115
0.113083197878
0.0139475117724
0.0518727479999
0.120305332179
0.00428412246748
0.0682635428871
0.0552133254872
0.0280269091012
0.0228565898719
0.0848847709305
0.0951001094572
0.0593935853048
0.064746151269
0.00290189534301
0.00200520346833
0.0886191488048
0.018485479359
0.00665356060595
0.0245020704754
0.0125893778653
0.0923594411236
0.0133787542907
-0.0277963730794
-0.035049389834
0.0544896420131
0.0501444106033
0.0231244561849
0.0775191721579
0.10606430391
0.0781939567963
-0.035973272607
0.116408364931
0.0238737830301
0.0155437924252
0.100521056211
0.0487085264299
-0.0476529567763
0.0168898722578
-0.0109656655977
0.0558308897383
0.0273713453529
0.0134799921914
0.0182077517285
0.0469891124629
0.12093736664
0.0460615441079
-0.121301992045
0.0388823374682
0.0119539201333
0.0792268671739
0.0542267887175
0.0739384463901
0.017063674992
0.104405854055
0.0586502281086
0.00561778097142
0.0596551514475
0.106238609374
0.035911878202
0.0896755814062
0.0110207061758
0.0665124330294
-0.0203712576387
0.00829387694528
0.0733860250316
0.0459327096095
0.114363477032
0.0629638198484
0.0428063724824
0.015606372622
-0.00523876139545
0.061054528919
0.0787741921746
0.024012920804
0.0278935409846
-0.00688524451432
0.0380962925921
-0.0276678612569
0.0498528090775
0.0495849071704
0.0060019937647
0.0506669933236
0.0207931792226
0.0470705143618
0.0982262131678
0.00743186575834
-0.00273453681119
0.0804758489017
0.0925781481987
0.00313974560616
0.065373437422
-0.0158156522131
-0.0101012337357
0.0564081299365
-0.0136091351784
0.0524209662464
0.101090389224
0.105926227287
-0.0444617937155
-0.0168685431563
0.0942604725339
0.0462852553518
-0.00151127679539
0.0611651358257
0.051361532932
0.01919682688
0.0976078733289
-0.0838402574155
0.101092424121
0.128283019581
-0.0208245223276
0.0775708559329
0.0633210002758
-0.0626202394442
0.0723071267209
-0.000959074439721
0.0330130797078
0.118182176342
-0.0256597728635
0.0097878761116
0.0513907569286
0.031806830815
0.0964879477534
0.0711986643724
0.0412563206178
0.123566704455
0.039367299271
0.000248234759167
0.0848034562793
-0.0124275166579
0.107851584435
0.0591491141034
-0.00415631565735
0.105478858626
-0.00330288033512
0.0945391549815
0.057567433547
-0.0823513506244
-0.01785260647
0.0949896133156
0.102036816225
0.101202449958
0.108790782679
0.0261111909542
0.0420951604152
0.0646917542179
0.12935648879
-0.0091138634764
-0.0397818802175
0.0659216329151
0.0489858235331
0.053022288158
0.0877519369139
-0.061182478707
0.0307111976327
0.00867591562998
0.114276231763
0.0673503559352
0.101869734817
0.0714937735296
0.0215700654587
0.126410656431
0.0920615711748
0.0872512086223
0.098535509215
-0.0215420266724
-0.010816649133
0.0673725223906
0.0885160450541
-0.0652536435599
0.118444064214
-0.0586488448668
0.0874695333392
0.0634673913851
0.0635676541764
-0.0371876451728
0.0170243040367
-0.00697315601886
0.0546494022971
0.126385493722
0.0231920975669
0.0023404618267
0.0178154387416
0.0491023674409
0.119147631351
0.101347447821
0.0804301936888
0.114003485455
0.118556186087
-0.000612587377996
-0.0562773207916
0.0726949613023
0.0796570554631
0.0776030043926
0.0984414424434
0.0637103038692
0.0716509610577
0.078718663835
0.0997604442663
0.046041548434
0.0462901348187
0.00680204601767
0.112075206058
0.0196981033466
0.0886848748713
0.064317288408
0.0271229265737
-0.0263193586138
0.0355296792615
0.0674506255648
0.127466722718
-0.0364052097191
-0.0381484307982
0.0378922564732
-0.0998619057168
0.0441686064849
0.0352232791064
0.0690478516067
0.0838347430926
0.0722829421321
0.0963674685172
0.132161152694
0.0566386027013
0.0805880361739
0.0557562935622
0.0311576137567
0.0887899440835
0.0827241760171
0.0219899430035
0.135386050572
0.0368931850252
0.0253241537497
0.0816416045994
-0.00629189522236
0.0279719747304
0.0358767988569
0.0177417572521
0.0708763354638
0.0975918800792
0.0650386154012
0.0990031075317
-0.157323324097
-0.00476004469111
0.116324681058
0.0757365178975
0.0385782301787
0.0967164521813
0.106678421392
0.0646608741255
0.100856052118
0.0891360950819
0.0347495066462
0.100890058331
-0.0247628167184
-0.160561212335
-0.0315970409903
0.11462131822
0.0744378726251
0.00373086385341
0.136507677133
0.0419403955754
0.0772276439408
0.0186847554689
-0.0109176004789
-0.0455617680033
0.0996064284735
0.00509323241472
0.11593491472
0.114943211611
-0.0134460703338
-0.0170942392451
0.0885869897735
0.0680204863693
0.0855503632073
0.119460956708
0.0859814909028
0.0538413479511
0.0602651884139
0.00641580626178
0.0813261975431
-0.0399194684568
0.101008819294
0.0627900630331
0.116203303048
0.0996658228957
-0.0622698183322
0.0140433003056
0.052101375201
0.0762494951234
0.123905889206
0.00520551401913
0.100908219708
-0.00468168339236
0.0562768668566
0.0340405945981
0.0168064967587
0.0305485496683
0.0717238516132
0.109102813564
-0.0549697875536
0.00747171540491
0.0574938305252
0.0277720770499
-0.0324819697014
0.069261414614
0.0877875461995
-0.0126707462152
0.0892186304935
0.0696224888962
-0.0420847941382
0.0611811363062
0.0834339389689
0.0523524215316
-0.0100670282135
0.0836558343151
0.0158229220092
0.0618729925491
0.0425206126808
0.141978648521
0.0763757061662
0.0907714100222
0.0933818015487
0.00305693460531
0.0887014852366
-0.0903583695191
0.0270683751997
0.025861786511
0.106601339004
-0.0760559468412
0.0469874525222
-0.0227186507764
0.0101387641825
0.0412017065299
0.0420705792502
-0.0113735080251
0.000462234037877
0.0622192771956
0.120585777934
0.0632685107227
0.120163710766
0.0152257212991
0.0247435980059
-0.0164766413924
0.0356161063286
-0.0758387211569
0.0140060609023
-0.029125031747
-0.0197888511608
0.0792071746744
-0.00974122012883
0.0822990700412
0.044879655772
-0.00107763258536
0.0499898424837
0.0862953504375
0.135505750459
0.0662375901968
-0.014355313526
-0.0051592000577
0.0805330004701
0.0305001926657
0.1042749652
0.0433344069297
0.000545576406887
-0.05011973245
0.0775514248628
0.0175729189951
-0.000442636337683
-0.00318549916918
0.0644251035338
-0.0294556871696
0.0559867589748
0.0255073910693
-0.0353589510662
-0.0184977898132
0.0860719679963
-0.00417799813624
0.0263366352742
0.0178547963553
0.00110802289103
0.0880219874403
0.0454094239453
-0.0324385183052
0.000288870615048
0.139145407627
0.134709825883
0.0255903791414
0.0435957757378
-0.0572128549197
0.0415669885207
0.105031817329
0.0871082649089
-0.00260380502447
0.0722851725476
0.0359776292197
0.0262845229353
0.0655435962321
0.0587967268771
0.103500084946
0.0493707654155
0.0853777910724
0.0679071387337
0.0395120342952
-0.026724331913
-0.0291925419979
0.122762619965
0.0748213472329
-0.0026460147311
0.0408368155314
0.111520199449
0.0564750122096
0.0755493593388
-0.00296498975998
-0.00130848638439
0.101939343227
-0.00397834339551
0.0906197160375
-0.0972513421911
0.0240819181031
0.0382347347307
0.0741891714813
0.0408402807244
0.13161695491
0.00163075130957
0.0409910616752
0.0660630466009
0.0736937801222
0.0907306868616
0.0354138390109
0.0763251707845
0.0300828379894
0.095115325354
0.0909691990082
0.0571217913334
0.0812132058139
0.00514189213773
-0.00366963924181
0.104128992276
-0.0126962344731
0.0247709282664
0.108212587098
0.0127402761076
0.116925112552
0.0834152165679
-0.0506290180344
0.0729493459457
0.0362115948268
0.121345224518
0.0718677333815
-0.00702786798136
0.0309986049505
0.0804038008433
0.0505369050029
0.117124465789
0.0805760246297
0.0849635363824
0.0554637918157
0.0593747145234
-0.020814939658
0.0568490286413
0.0858996013502
0.00670461671773
0.115462939556
0.0495648649982
-0.0116640779473
0.0494861644574
0.00896827240345
0.00650826892705
0.0331019041879
-0.0225046712136
0.0399729336457
0.106868464467
0.084295115867
-0.0175152183474
0.0596544532399
0.027653820366
0.0110790004448
0.0707761388397
0.0439856693532
-0.0125945619994
-0.00191692055675
0.12573799272
0.0148204223951
-0.0181410539681
0.0765027283169
-0.0930544454595
0.077192174044
0.0305809427822
0.0238534852037
0.0601992072936
0.0306705823815
0.0299029268049
0.040931294929
0.0269769206654
0.0303452018221
-0.000171819023459
0.0554556809771
0.0712513119347
0.0501783728556
0.0956899830561
0.110533311829
0.0771669014576
-0.0828298271718
0.0708653249957
0.110560941258
-0.0333662662967
0.0467028385711
0.0223522971006
0.00148849218934
0.0796611164917
-0.0176230807913
0.0023488591711
0.0222329315505
0.0908868203411
-0.000721899698953
0.0686463183416
0.0088335915996
0.00905668778114
0.0908198504375
-0.0210183591229
0.0358954032479
0.0794835099658
0.00590295001459
0.0636251115353
0.00853561890583
0.0699625870352
-0.00153522971238
0.110535620266
0.112343592607
0.0853546100021
0.074529316112
0.0279189922894
0.0778649514462
0.0284132825472
-0.126894625898
0.12009573557
0.102696934043
0.0526450148099
-0.021536389322
0.0870680069168
0.0196214816468
0.120419476414
0.0440087316096
0.0507024305968
0.0647369959646
0.0861649018631
0.0782607917131
0.0413208749902
0.0219358616015
0.0717273822232
0.0261608562641
0.0766722121864
-0.0155442748364
0.0444729179215
0.119433116617
0.0412227180199
0.0653010911392
-0.0646043407854
0.0555574411508
-0.095148268964
0.060954403153
0.0116285223493
0.00597359303328
0.0929518431948
-0.0195632956745
0.0868624063186
0.109519246063
0.0419914289977
0.0874626558271
0.133443965294
0.117942037806
0.0562151601857
-0.0319932022069
0.103251930763
-0.0111790841475
0.120405644181
0.0796858651734
0.0121488538032
0.0738228290469
0.115609864043
-0.0261830219196
0.0743715913724
0.0213175916822
0.0715174421397
0.0167944495804
0.0706777972671
0.00231220759106
0.0983024971869
0.0524648359954
0.0348123853189
0.0675853569761
0.0408050983137
0.0105510788465
0.109764843879
0.0628669308773
0.0686927208849
0.0640395820231
0.0704236276176
0.0405194145071
0.106230758661
0.0922946223795
-0.031464144245
0.0354845087749
0.120001730335
0.0851063585142
-0.0131310350879
0.0332889373628
-0.0745372224244
0.0724041882814
0.0727266366444
0.0282041671465
-0.00058752297285
0.0529682251235
0.0394788135064
0.114001720823
0.0355335354403
-0.00817363095898
0.00900579479766
0.0188087597697
0.0106553773035
0.00103252264656
0.0582107943568
0.120676845289
0.0658836634812
0.0568194412235
0.0145008054616
-0.0696834250559
-0.0578395807183
0.0855392084847
0.109972730945
0.0651111376532
0.0730323163641
0.0612699531252
0.00475784901402
0.126787730748
-0.0608702215998
-0.0186551216111
0.0525013009707
0.0745343573742
0.0497442759653
0.0728404254154
0.111070305643
0.00713498435718
0.109049895274
0.00579876149696
0.0746401269781
-0.0526687393276
0.0671614247311
0.098160979267
0.0928850659145
0.0580080752098
0.0412153373168
-0.0147237653214
0.0484828005882
0.0116629017759
-0.10118254374
0.0639634540898
-0.0592825081639
0.0499039064969
-0.0259907681548
0.0861451018656
0.0519236471222
0.0104588938875
0.0583907941782
0.0598562236236
0.00478530372936
0.0840147391913
0.101299092546
0.101580537591
0.100568243985
0.0676613453081
-0.0391009359268
0.0453577888485
0.120377167242
-0.0423488410358
-0.076701999294
0.0447080657147
0.0929215638682
0.0085817354996
0.0633699554196
-0.00609236002627
0.0501361641725
0.0784663728675
0.0366312370583
0.0697713222032
0.090790025977
-0.0134608583784
0.0904279226615
0.0594514589871
0.00799798038779
0.130247409322
0.0145231302664
-0.103932595478
0.0854764101641
-0.0356394250351
-0.0558191163136
0.0292730763502
0.110737824907
0.0590385429591
0.0333370355696
0.0720002586591
-0.0191196286683
-0.0326470246026
0.0545303763385
0.0508156643178
0.0487964743761
0.0210885345466
0.12756987296
-0.112725641968
-0.0117211638918
0.0549292173382
0.0297106311602
0.109585058506
0.0452658771629
0.0514349178838
-0.0322634728869
-0.00703854623705
-0.0200950860129
0.147393107625
0.0978830052538
0.101580259507
0.0522251022095
0.0342377921662
-0.0497584123257
0.0984097562327
-0.0206901682044
0.109809681783
-0.0218311796496
0.0511543454456
0.133623061187
-0.000615464782691
0.0398537591737
0.129222304347
0.0707854109163
0.075176119067
-0.0378496782376
0.111229471751
0.103871721934
0.00296182479877
0.0199100627343
0.099226122633
0.0953670763176
0.06538178651
0.0053628408927
0.0853018790486
0.109476102021
-0.0830547313719
0.0837110763266
-0.0269661626504
0.102057590697
0.0172810457699
0.0676941621911
0.0647720790165
0.00812521958272
0.00252371785272
-0.00910850866207
-0.0435889126855
0.0259468671084
-0.0844955916166
0.0416886841469
-0.0281551251974
0.0108596554434
0.0267929743669
-0.0177418815776
0.0406104158724
0.0209323380724
0.116092284433
0.0677979550257
-0.101013128325
-0.00764816053948
0.0668079343425
0.115010863851
0.0681587820306
-0.0444206470234
0.0649534910058
0.078452101209
0.0100660164877
-0.0157503449536
-0.0593080754855
0.0310691342258
0.0320304355592
-0.0255063515743
0.0321768854159
0.0979748084749
-0.106896512068
0.0865812445362
0.0455732470983
-0.0618471391833
0.0464628321126
0.0231644237319
0.0462963606639
0.104178291354
-0.0255687085476
-0.012259318698
0.0783500548213
-0.0889981262852
0.0889520516662
0.0968862624183
-0.0216108323619
-0.0202916429999
0.0583477639414
0.0658952840494
-0.0410781950708
0.077666244235
0.081144420405
0.122411901838
-0.088262054315
0.0701365848766
0.0536823736577
0.0290902435639
-0.0587359572717
0.130715082845
0.0676708843573
0.0209355337682
-0.018734866013
-0.0131296158387
0.0332519242927
-0.0194939332597
0.11025911331
0.101006218468
0.128435259229
0.0938095328532
0.113638387197
0.0805827128281
0.00417478010899
-0.0232814764851
0.0341638017292
0.0622617457471
0.10019369008
0.015168758447
0.0322891470191
0.0347655619881
0.0869675848323
0.0443665632532
0.0190929105875
0.0137405941716
0.00717452458754
-0.0574106659315
0.0308687856649
0.115444238794
0.0763883605161
0.0724938787309
-0.0694052790946
0.112357551312
-0.0527305968471
0.079818257168
0.0131003365058
0.0819119215621
0.0635349947851
0.063596645579
-0.0331519270931
0.128062579445
-0.00842035924711
0.081287267118
0.00404278030955
0.0118235690265
0.0220683934586
0.0306559439385
-0.0135888229606
-0.0203813722355
0.037909523296
0.0247701315077
0.0961837393243
0.0838293898497
0.0259933080506
-0.112605717727
0.0871529071032
0.104337718254
-0.00226709072333
0.0138661989836
0.0590957103459
0.124707368936
0.0730181168242
0.0116044692318
0.0623486358323
0.114909670719
0.0477561753663
-0.0372199396452
0.0157295756093
0.100346777888
0.0938889833478
0.0239651659355
-0.0467927191568
0.0447868415275
-0.0801731077931
0.12468137206
0.0498595872849
0.0359443230218
0.120153475426
0.00797515988411
0.00861866040152
0.00175366485244
-0.0113632062642
0.106324960651
0.0206065272017
0.0691423678812
0.0306555114303
0.106234752843
0.0311843554334
0.0498620874945
0.0726143939272
0.00490321419307
-0.045554962991
0.0260401216113
0.0439440972172
0.0738706383557
0.00584612804563
0.0108983478322
0.0764542212293
0.0886277044442
0.113120299817
0.105158328163
0.0191872009271
0.0761966114657
0.0714820574796
0.115189406546
-0.0431104293474
-0.0580263887514
0.0976644915052
0.0851050677038
0.0354087706069
0.0070375927097
0.0365410753664
-0.0913705282091
0.000732362276335
-0.0759238334937
0.0156539585896
-0.0219815678451
-0.0844173701301
0.136930462852
0.118599425264
0.0922163995603
0.100952823704
0.00792648369191
-0.0253707102797
-0.0670669165947
0.108533321788
0.115736834821
-0.0642996550435
0.00930407854315
0.0879011109091
-0.0199452450165
-0.0699100522198
0.0194810287613
0.0814816365642
-0.106965065832
0.10571806962
0.0644682105585
-0.0262987842736
0.033268643312
0.0788541357259
0.02893452957
0.00329984524599
0.0671614743848
0.0434266130127
0.0347856365011
0.0809946512795
0.089301308979
0.0286253216362
-0.0427059362945
-0.0735852034459
0.0505750984085
0.0553282696068
0.002043561476
0.0870153929351
-0.0627926179944
-0.00319714069709
0.123181318816
-0.0289872795317
0.113061002038
-0.0230075498095
0.0134085121722
-0.0170075899997
0.106984195297
0.101870375603
-0.0629179454959
0.051737223793
0.0720882275679
0.00271884241334
0.00668336849805
-0.0285055748069
0.0473133695879
0.0543053399808
0.0126706672089
0.115959622738
0.00303608631108
0.0477018747638
0.0404674048872
0.042443528098
0.0546062664093
0.0377066122541
0.0378032555617
0.0269857281775
0.0843276914622
0.103528116248
-0.0300495587528
0.0024851645064
0.0692662069123
0.0250742550081
0.0109096874896
0.0771981150366
0.051121191132
-0.00658561843841
0.073661387293
0.109965547783
0.0480077658764
-0.0195178580745
0.0370483535813
0.0579359260044
0.0681065929283
0.0158573374569
-0.0126692167347
0.0270046104895
-0.00141067162787
0.109333882812
0.111552691238
0.0941828786134
0.113084703447
-0.00593904076087
0.0753251776367
0.0335452699798
-0.0386236327425
0.0868641766355
0.0069710900565
0.0867706320733
0.116133637446
0.0154917815356
-0.0357493603955
-0.00209088799886
0.0787508015053
0.0298950525475
0.0650831034198
0.0230291017732
0.0300654138576
0.00552059508032
0.0600647928208
0.000644761714771
0.00676396584475
0.0823537417008
0.0934359213486
0.131173452563
0.142394868083
0.0826198505416
0.054702916026
0.0162914035934
0.00538880013709
0.0371411004052
0.0540166167932
-0.0170866668527
0.0648382832628
0.0630983857686
-0.00672924024173
0.0750559762172
0.0803823283949
0.00782817601829
-0.0230175462492
0.0725002038638
-0.00740445255937
0.0267977724659
0.0616347164155
0.0605736157674
0.0507667395626
-0.00834622795107
0.0763216665971
0.0181522919768
-0.0219641299321
0.113933126476
-0.0913141061522
0.0489000490404
0.0923124357142
-0.0531993228512
0.0765422335241
-0.0066592070819
-0.0161206063728
0.0290611076444
0.0885896750226
-0.0496158278505
0.0686265159442
0.0354129100416
-0.0218724915994
-0.0744462254169
0.0848543263132
0.0705856364137
-0.0181635601616
0.138637444688
0.0526106609857
0.0302690482755
-0.0270960102448
-0.0668133093973
0.00928611402638
0.0555843136102
-0.0110093731802
0.085999438887
0.0896866027615
0.00506117239927
-0.00114567695482
0.125474793063
0.0160789201518
0.00448280682313
0.0549802546782
-0.0270116897741
0.0908629112161
0.0788892719709
0.06324217982
0.0908742621866
0.0246907059466
0.0147195781891
0.0409010328613
-0.0203019249292
0.0691263434422
0.0618824066326
-0.0223099684021
0.0792287127548
0.121224838037
-0.0224251388618
-0.00481649365798
-0.0571903609916
0.0828477715212
0.0571853840435
-0.0078983143689
0.10252859273
-0.0642333772527
0.0813702097914
0.0909366226801
0.00940329701709
0.107610862608
-0.0736595785021
-0.0462917511613
0.0316849503288
-0.101206471586
0.0202165382586
0.0342278794975
0.0719599886785
-0.0296734539302
0.0292531836696
0.0963471533497
0.132308526862
0.00504843191059
-0.0167143092747
0.056452101587
-0.0699895523595
-0.150139803626
-0.023812758631
0.0880214447359
-0.00391731268524
-0.041182075167
0.03902996105
0.083174527648
0.0421949723737
0.0187929316844
-0.0408288983904
0.0701685390763
-0.00431084155543
0.0484922411279
0.0433151986886
0.0661491804699
0.0873690079286
-0.0329158428106
0.0372712522346
0.0883852278211
0.0507016651515
0.0971132990299
0.0187177259813
-0.0136792301047
0.0188413066617
0.0559917982886
-0.136466821561
-0.00854259772936
0.0339706786085
0.117728708466
0.0321414494555
0.0372850686274
-0.141873935849
-0.0346280438506
0.0633488646362
0.105318760056
0.00512242571471
0.0810350990489
0.1278150595
-0.0149706472022
0.104000653622
0.0495935066027
0.0607206132037
0.0781033528997
-0.0336448123357
0.0731945721117
0.0923346466818
0.0962021220492
0.107552204279
0.0457822999152
0.0954809474189
-0.0109644070847
0.0959701100613
0.054559173285
0.119315861006
-0.0380316179922
-0.00379364857054
0.0648960213891
-0.0294979365922
-0.0128648443776
0.0182576488025
-0.000861426944245
0.054928455964
-0.0656350271038
0.061390646841
0.114544719552
0.00103571247927
0.0577436174891
0.103280064522
0.0607134749266
0.0968924387619
0.034151831628
0.103587839779
0.0139646440204
0.076710109053
-0.0399434896621
0.0193321971936
0.100512359194
0.094346570355
0.0594990856024
-0.0460693902987
0.0545817346897
-0.0277375792844
-0.0353432111655
0.0533160219917
0.0544826474357
-0.0105060502398
-0.00343849153629
0.00380753140821
0.037547539628
-0.0271223313542
0.0103613208373
0.0811975861955
-0.11968945232
0.120374300689
0.000279374092642
0.0390043950309
0.0376169945085
0.105460582028
0.117943693222
0.116437077849
0.110375305617
0.050370451732
0.000966054526697
0.0481412302068
0.0563558139907
0.0538145540199
0.0906229841526
0.00487207157065
-0.0566116411267
0.11316382384
0.0413655011363
0.0644918385854
-0.0892287306975
0.10463902224
0.0722164890911
0.00754100770328
-0.0493647336449
-0.0156363591715
-0.0199496448214
0.0940768861408
0.0355325096003
0.00790457025527
0.0368950517985
0.0543938527827
0.0568996433778
0.0323603132141
-0.0159414880243
0.0151584465243
0.120618591784
-0.0572399824172
0.0834819457759
0.0661682123156
-0.0571002098355
0.0741890753622
0.00716043332377
0.0849600908713
0.0338254820505
0.109402073551
0.0208192245292
0.0677274844503
0.0319774402172
0.0778497810159
-0.00555106174582
0.131140306745
-0.0395513173524
0.0436632954446
0.0133713803975
0.0869698082726
0.0149932032258
0.0116205184029
-0.0154900667362
-0.0360569209429
-0.0701562202818
-0.00391839274439
0.0861456890644
0.106345720374
-0.0113283249
0.0566415314791
0.105751687553
0.115651999155
-0.0081837782811
-0.0608082020294
0.041068038886
0.0450260676643
-0.00575896016663
0.00799240852742
0.057763119927
0.0945619391399
0.0728620011373
0.0707755558129
-0.0856487642867
0.101456635113
0.0902334473434
0.0341566572286
-0.0919408364637
0.0277016367274
0.086342892975
0.0807563753478
-0.0240405317491
-0.0102976627409
0.0680251559983
-0.0495935543793
-0.0322610069253
-0.00183492978557
-0.0517271295085
0.0452664922689
0.0595417564483
0.0324137559116
0.0768123729434
0.0481403583377
0.00319302501063
0.00321049255648
-0.04944538644
-0.00843746592277
0.109395137266
-0.000930871329417
0.0716479715319
-0.0424549171121
0.047981368064
0.00338118549301
0.0849383642552
0.0753821139078
-0.0227086772162
-0.00252592206483
0.0401892558208
0.083557271008
0.044055406887
0.110499794067
-0.112528113032
0.108809315037
0.0565928013989
0.0238435760348
0.141764777835
0.0671219157176
0.0533946807383
0.131013787951
0.0360828919724
0.0778267023116
0.0588426158851
0.0973877404611
0.0929013924119
0.00217613329272
0.012488098991
0.0770149915924
0.0232532782463
0.0766539797215
-0.0698889630676
-0.0664826901119
0.0837943061796
0.0740381478301
0.030790724632
0.000324494172093
0.0307656264648
-0.0614061040993
0.0853544087012
-0.0382946098664
-0.00828021163183
-0.00439530023905
0.0241331156311
0.120874982572
0.064755922962
0.0538423413366
0.0619824964142
0.0854078015799
-0.0639229538055
0.0401695065395
-0.0111220327035
0.0310166782108
-0.00604350355028
-0.0118574174266
0.0483791567759
0.0595861882507
-0.016178600133
0.0706977326802
0.125943969862
0.0164661831486
0.0179527003383
0.0343590367783
0.11135410598
-0.00289757815781
0.0742876537556
0.0766590934635
-0.0420696449777
0.0674523947925
0.0186556906394
0.0153936481273
-0.0809679318245
0.0675181673257
0.0660608669721
0.0324042969602
-0.00338320900903
0.0171185769786
0.1294439326
0.0902689924669
0.103806043889
0.0214566755848
0.0745400107314
0.10819519368
0.00103727049483
0.00985764522353
0.129460089271
0.0293814472665
0.115000958702
-0.00274230696894
0.0615377892448
0.120407183887
-0.0154893178518
0.0667857295007
0.0799699333286
0.0570694793925
0.120458537044
-0.0452977321083
0.024883142631
0.112497369204
0.0709173182125
0.0682012671348
0.0308274582605
-0.077159715111
0.0803050445814
-0.00947461484841
0.0283742585145
-0.0485340080556
0.126649949785
0.0308320263296
0.0529275734172
0.130068899016
0.0753059309314
-0.0540836818208
0.0586680904406
0.0349643838947
-0.0123803940478
0.0384694420754
0.0702737820049
-0.0578181513993
0.119776149965
0.00375380957976
0.128994445424
-0.0381280051025
-0.0181515916951
0.0154166925253
0.0357646117691
0.0496817244037
0.0310017011015
0.0479613063458
0.0440145518463
0.0714535395401
-0.00667413270134
0.0411086911859
0.0597552200591
0.116235189823
-0.013051014325
0.124715590715
-0.0176141134109
0.0157088761234
0.132663817411
0.010030035001
0.103899289355
0.0620320952697
0.125073705972
-0.0690266837738
-0.0286431174943
-0.0123619683282
0.0495668961015
-0.00706729025989
0.103417755234
0.0987570842256
0.0791219017323
0.0315955202226
0.078381757855
-0.0871323524949
0.0126053616137
0.103511953048
0.0425928070977
0.121252912243
0.0257312934279
0.0505513406702
-0.000529304499346
0.0284643551225
-0.00899073514064
0.0252750282286
0.0145632852444
0.0227116154933
0.0692955571331
-0.00813971723437
-0.015918033828
0.0719380024763
0.0975772872135
-0.089476272306
0.0859709417576
-0.0538596982628
0.0493681185482
0.0853926691025
0.0160663061263
0.036422792735
0.0336900606735
0.034525324048
0.0573888782458
0.0619968451842
0.06916337888
-0.0134727202759
0.0280517373002
-0.0319434199798
0.116053288736
-0.0168703305669
0.0556796414083
0.0667962390158
0.106521324104
0.111701406391
0.0153603176262
0.0251062560844
0.0594326937961
0.0171880178853
0.058763540813
-0.0440907790414
0.0916019821488
0.0968946323238
-0.00218307366471
-0.0545280122774
0.130053418842
0.046304767583
0.110206144541
-0.0396877310105
0.0915125330825
-0.0165779489871
0.045986688824
0.00567967883564
0.00975932666014
0.0581386677382
0.0458193955276
0.103808354097
0.0114403140888
0.0248810583619
0.0730415222499
0.00714457836445
0.0665366590642
0.096098100167
-0.0594815981954
0.0573070203291
0.0299669491781
-0.0011116006957
-0.0660602791743
-0.0612480197265
0.057585562282
-0.00396441990623
0.0444442049067
-0.0629322713204
0.0250015136247
-0.0572740249128
0.122850424359
-0.0271205893779
0.0974790093923
-0.0574799779383
0.0134042100952
0.0175296922124
-0.0428424881883
0.110848193964
0.106639526347
0.0250328462752
0.0315283897605
0.100870811912
0.111869357363
0.0521139745549
0.119782160493
0.00549647100095
0.121058621445
0.0465530901518
-0.0363895821562
0.0826589782218
-0.00736794323786
0.0665640738775
0.0131508181886
0.0434155563396
0.0288149785979
0.0325392661691
0.0901338816625
-0.00678135713445
-0.0129872733876
0.0581399994066
0.0278176653678
-0.0774763413847
0.0788467440687
0.121981242057
0.0132716150694
0.100898719295
0.0192989139561
-0.0458314006058
-0.104768773499
-0.0139009332853
0.0247046354602
0.0616808431935
-0.0146479825457
0.0722378965891
0.020590465043
0.0482429782248
-0.0154537211994
0.070793954995
-0.0685389095651
0.0610192595732
0.124790838986
0.0923175904895
0.0808287141335
0.0465309292861
0.0684570360481
-0.0560849384413
0.102799360825
0.112348047757
0.141313379913
0.00947006890857
-0.0156067202243
0.00527522152457
0.0608324423673
0.0305644848819
0.0637373895236
0.00805007126556
-0.0775811812188
0.0473083661597
-0.029628252491
0.0757274718381
0.0856997948033
0.131111530302
0.00823674898839
0.0505033032816
-0.00361083535026
0.00930150218548
0.0569524649005
0.0268306310937
0.118590512178
-0.0477484295795
0.0364703445226
0.104034507664
-0.0121478287506
0.0543325324953
0.0878428074957
0.0586456944342
-0.0641523723339
0.1304468156
0.0116585726675
0.0768658644216
0.112898453775
0.010344945759
0.0588272035317
0.0587849124767
-0.00095534588173
0.0220992098325
0.0498574664716
0.125343195641
0.00978363875425
0.0363807192618
-0.0501977549814
-0.0243125566396
0.117690221127
0.0185048822411
0.0385180337981
-0.0125372341196
0.0380798546177
0.0563389676958
-0.00160193238008
0.0573340454701
0.0524178663457
0.00966900467456
0.047287840339
0.0499412489062
0.0879418861812
-0.0273084474933
0.0496826737604
0.109044683666
0.0120345069945
-0.117823285106
0.056012560777
-0.00208606288129
0.0311651453373
0.00919034849865
0.00838174070078
0.0344589201839
0.131760153097
0.0228804818629
0.0593072371785
0.0649606672914
0.00808298803531
0.0350800057886
-0.00512905010532
-0.107908672068
0.0320266122383
-0.0400399384409
0.0141440623269
0.0895718615674
0.0713768300048
0.140054459821
0.087118085926
0.0744566491119
0.0419002499619
0.000666100259671
-0.0186205628349
-0.0750871729178
0.0302144306504
0.0718579150763
0.0485934777823
0.108178033265
0.0211730334697
0.10565672695
0.000613614229274
0.0454240279411
0.120559778586
0.00770449905548
-0.0266650922489
0.0427772089958
-0.00824187694799
0.0468719570922
0.118460302894
0.144731186811
0.10562261286
0.0548429139815
0.0125760351026
-0.0326536141118
0.0735020492814
0.0106654289566
-0.00888201704273
0.023594326621
-0.00940632832984
0.132247000581
-0.0327825520332
0.0237271017569
0.0417430176184
0.0457258255132
0.0326623047915
-0.0499240819585
0.103842393669
0.131106400897
-0.0213447555606
0.0865469121396
0.0566991593582
-0.013506734392
0.0916538828501
-0.0170782935398
0.0660791650403
0.0280544888502
0.00336195675593
0.0444736374116
0.148384587158
0.0707120317068
0.00283533434697
0.0676137931249
0.0773756662956
0.0500020728826
0.0514513676268
0.0958752015255
0.0319624782475
0.0130611274836
0.00365716195122
0.103203193095
-0.00450248531152
0.0611474822957
-0.0473565590119
0.00392934123705
0.0983560908755
-0.0666435536841
0.0374699554885
0.041464715559
0.0927250003115
0.114689468441
0.0556764593243
0.0466267592351
0.0542682763116
0.0844703308063
0.111539308851
-0.0663251740339
0.0548675813284
-0.009598062227
0.0165458317801
0.10873184943
0.0989980388519
0.0481440845856
0.0238694254463
0.0241298782294
0.00730066124941
0.096628505472
0.107869922575
-0.0294842180057
0.0494698005508
0.120846996537
0.0450512940361
0.0993222737612
-0.00584686815775
-0.00740802467708
0.0773907826149
0.098171639501
0.0386356726285
0.0725215254329
0.0795931702965
-0.0159344797957
0.0801640224354
0.0134296179476
0.0996710717954
0.0420104008336
0.0126612360346
0.00857386149268
0.0638445792665
0.0280588167166
-0.00403632477223
0.0758455726645
0.0662561326289
0.0912370708798
0.00741806758993
0.105014069911
0.0322596240544
0.0494224938292
-0.0336334216815
0.0839222086574
0.0575493579673
0.118700260618
0.0722647062255
-0.053314914278
0.0904459551872
0.104095384842
0.107585506479
-0.0066858587
0.00341632899618
0.0645365850781
0.028164227702
0.129173223976
0.103684592852
-0.0317714872255
0.0821702125672
-0.00119315150032
0.123877863916
0.0765526199388
0.114233353357
0.00941092391891
0.0274975556567
0.104488599967
0.0422464775549
0.0581246247774
-0.0711863644946
-0.0171433819997
0.00568395213307
-0.0422719586265
0.10518217689
-0.0169782881365
0.0559964016204
-0.0180175158265
0.0483128825989
0.0509001305406
0.0318260807225
0.036601035462
0.13349105894
-0.0137555257367
0.124896511078
0.0529555781675
0.0199001968066
0.0327888282718
0.0664551037008
-0.00241801462971
0.0580765144014
0.120524488629
0.0723218030886
0.0867238095997
0.052694931266
0.120007869136
0.000290557081083
0.0712884541838
0.0291365821547
0.0790924654012
0.11386091696
0.107246793599
0.0261902493771
0.022582126794
-0.0608627486247
0.0982181586378
0.0191779040445
0.0193076830254
0.0034767259689
0.0541714594106
0.0705405609575
0.0487463748631
0.00583465833681
0.0698463054482
0.0412983937291
0.0632158984317
-0.0735106748323
0.0997076069396
-0.0339551473256
0.0395527970405
-0.136033861165
0.019590935647
0.0755910474947
0.0408751028313
0.018178802118
0.0621467297164
0.0632530389012
0.0783614251414
0.0159780948482
0.0999544557975
0.0968834344262
0.0525753433704
0.0115268162527
0.0996577501047
0.0150196383794
0.0148388519247
0.0464738497835
0.0961502180561
0.06259855474
0.0160118603398
-0.0758475087602
0.00764754565993
0.0278556227796
-0.029499049765
0.00253862467465
0.0268101080516
0.099127916739
0.0956543469652
0.117790716874
0.0812231931521
0.0934624896946
0.0998541457972
-0.0580491159777
0.0158506944709
0.0751338204633
0.0166729215681
-0.024578963879
-0.0501485409026
0.00364667990648
0.0353592093948
-0.0240125191824
0.0960541436049
0.140371290213
-0.00600492998186
0.0784558818885
0.118232323569
0.0481360564218
0.0373434353684
0.104565310889
0.0174102470742
0.0427794968502
0.0262199295822
0.0727793208229
0.0103475664982
0.12922221362
0.0669351554566
0.0543739922647
0.0251855503672
0.00363601479228
0.0683233547751
0.0764419052409
0.127289329907
0.111535032217
0.0469155641398
-0.143712735399
0.0968465002932
0.137892860871
0.0655884619774
0.0872873360778
0.0541133759584
0.0905255145848
-0.0237247294009
0.056105889897
0.13141289081
-0.000535987940731
0.014952666601
-0.139067686069
0.0101798782133
-0.0147489766152
0.090325817908
0.0868910194651
0.0443325806704
0.0596386951367
0.102872757483
0.0764634839263
-0.00454081967021
-0.00526733063284
0.0590061191688
0.0437031721671
0.0945547020884
0.03075721368
0.0311995919372
0.0725167169199
0.0678322697838
0.0573779956069
-0.0590531813047
0.104389848174
0.0438371920797
-0.00800495897264
0.0769736733005
0.109673616559
0.0117323968595
0.0873713545437
-0.0267451410762
-0.0102328606244
0.0259004145549
0.0657905403261
-0.000505870598196
-0.0276448452067
0.0880988965264
0.0565597048089
0.051200124263
0.0232693930809
0.0787978333772
0.0728662814686
0.0957926852611
0.07298472578
0.0956098270382
0.0643182372407
0.0242916015221
0.0830501289779
-0.0677975005038
-0.0411760851593
0.11116325704
0.0123002525409
-0.0871768541652
-0.0416084041941
0.0895576298901
0.0201850169039
-0.00852002699782
0.0457730000673
0.00440730479896
0.100313041651
0.0161399649835
-0.0607475718495
0.00991676869935
0.100360188372
0.102531991931
-0.00825270084344
0.0484696848928
0.0650832034129
0.10017076279
0.0101324522663
0.0779356475922
0.0379677875388
0.0199440334846
-0.01356447142
0.0289352464557
0.0449532171651
0.0211683280716
0.131806520243
0.0460172657506
0.0244401405844
0.0469988128055
0.139536185654
0.0422481068701
-0.0263990658413
0.111188380027
0.067417040018
0.0200843963526
0.100724288768
0.036191911241
0.00342813404347
0.0285144611422
0.0155811472443
0.0398814760945
0.0611611248354
-0.0260462918235
0.0756215776713
0.0673686049452
-0.0537997825136
0.0268458589193
0.0973332143768
-0.0206402540913
0.0931361325952
0.0834553827243
0.0730646200982
-0.00282291258719
-0.0234308474721
0.0469305317064
0.072039400478
0.123558816246
0.127132491967
0.0900710566217
0.106384610356
0.0642776381613
0.097241452258
0.0166779363071
-0.0585216078711
0.110422601722
0.0992531656303
-0.00664899010396
0.0395453686431
0.0575336260717
0.00378210945047
-0.0547622390904
0.0695699221695
0.0623450457474
0.0310824129474
0.0780970581621
0.0221020827468
0.0516239303124
0.00605630942366
0.111488995301
-0.0635325281726
0.015254032808
0.0064978097161
0.0767396621586
0.0681160379745
0.109515436088
0.0755983340402
0.111503447755
-0.0633833084866
-0.0341513758987
0.0420363881305
0.0245412784991
0.12659917724
0.0558286179484
0.122298670559
0.11710100943
-0.0738115298966
0.109129904516
-0.00502154049938
0.124676672518
0.0557869338548
-0.00851909888597
0.00799913532592
0.0580619762522
0.0633975342189
0.0783158474204
0.114183888697
-0.0169173301928
-0.013701012114
0.00563540260812
0.12651903012
0.00377466243062
-0.0157367598051
0.01470307224
-0.0465250883672
-0.124484997083
0.0613891629874
0.0618509391158
0.0595692293281
0.000116583684117
0.0203019425644
-0.0397779786982
0.0714490048702
0.0577733264919
0.0867922558386
0.068177861752
0.0270764606794
-0.0328523838679
0.0829406724684
0.044674251669
0.0753535076681
0.083720497976
-0.013959942229
0.0878128119161
0.051634797673
0.0583202266812
0.107109793299
-0.0456910591736
0.0113244316317
0.0648780494006
0.0717027165948
0.0169744871375
0.0952783466029
0.06932581461
0.052470364068
0.0464627695709
0.0272963030789
0.0405263277266
0.0176066338504
-0.0448542451086
0.0554901570115
-0.0417800509814
0.0249232409633
0.0559030010691
-0.0350587763363
-0.0590893267599
0.00364582768207
0.0573755754331
0.00707285778278
0.0875663926771
0.0341243201319
0.00575501230819
-0.00169134617229
0.0027735782704
0.0874898339393
0.0696291478279
0.095439016881
-0.0114414324009
-0.00778046104205
0.0547467365589
0.0681056755407
0.0352091259101
0.0388672861441
0.118912443474
-0.0597529454085
0.0653868293515
-0.0505156669674
-0.00544337587615
0.0584265929533
0.0633630421194
0.0137531201382
0.10084848937
0.00349099405959
0.0785686333462
0.0274708613689
0.0653892208924
0.0886505189188
0.114771264809
0.0718127343853
0.103530093763
0.032903295945
0.0188271368948
-0.135754571032
0.0130657779007
0.0671169136684
0.123557572006
0.13462668324
0.00673511093525
0.0947047414691
0.0922082891331
-0.021267943455
-0.0538828272562
0.0374703042037
0.0311352982652
0.00652377330822
-0.00778694769542
-0.025178688577
0.0582573704411
-0.0764180250103
-0.0367173912178
0.0468026676395
0.0589269753284
-0.0164184968203
0.0399023131024
0.0712832315255
0.0505442593144
0.0561307755482
0.0741145604788
0.0523954887362
-0.0182079109512
0.0379218534846
0.12549207433
-0.0405361155674
0.0148606682611
0.0493160387075
0.0280729379686
0.0144133900354
0.0235817970863
-0.00338937636153
0.112461898713
0.0279705335553
0.11043947135
0.107265455955
0.110463205598
0.0924464746803
0.0363993012163
0.103457684844
0.0967144917745
0.0494143232622
0.00501010893396
0.0492659672059
0.0296820228851
0.0859192164173
0.0031785050392
0.116502739723
0.0559185108026
0.0827238045826
-0.00619954916353
-0.0210666878218
0.0699627242012
0.10666548765
0.0869765739924
0.10292996141
0.0138246544395
0.0541882182125
-0.0376332529956
0.0546533250873
-0.0372630377294
0.0369668471667
0.0138037231831
0.0122365515533
0.0732887685839
0.00957577918645
0.0237614130026
0.00515383447775
0.0428636373799
-0.0902130573515
0.0565498753569
0.0605911995759
0.0141230593547
-0.00316400277566
-0.0478489872672
0.029046062954
0.0509286306614
0.0641166403905
-0.0199721038015
-0.00747007581999
0.0581417574025
0.0599993994946
0.0949391179881
0.0354864024096
-0.000709164030392
0.0418612164536
0.0635674533807
0.0347605111009
-0.00619853786513
-0.0263336713549
0.0242393729094
-0.0618730295127
-0.0422933427029
0.0903949503292
0.13874610005
0.0818910373663
0.0638222332024
0.0516220442299
0.0344401851015
0.0405782001263
0.0983973942806
0.0708442580621
0.0972141452067
0.120578858621
-0.0596411138329
-0.028848004636
-0.0551380208761
-0.0389672635882
0.00978465308611
-0.0132684217546
0.111617057506
0.0287483116471
0.0605087971484
0.0266743914951
0.0569774787936
0.0476448777935
0.0878401708502
0.0180822499842
0.045549312933
0.0123595282248
-0.0375606825833
0.0373098996408
0.0858784281907
0.0111822636203
0.0267449468258
0.0495799857037
0.123308381185
0.0655368444251
0.0247469632883
-0.0177790541857
-0.0374313863485
0.0693474356301
0.11776873572
0.0409774722389
0.127912009877
0.0411673509433
0.0841324154058
-0.00323293598982
0.0448810083459
0.0630674934942
-0.0286208328991
0.119442086331
0.0810900497483
0.0157438242724
0.023637904184
0.0101047948175
0.0518000302726
0.104383425265
-0.0192370977136
-0.0733894286109
-0.0538618770921
0.00715207159344
0.0521765122779
0.000658604414648
-0.0237287719741
0.0732769136255
0.0707087790669
0.0203770387298
-0.012224993254
0.0195960489064
0.0266014984133
0.0854574369033
0.0994207988289
0.0779729722788
0.0638389194833
-0.0291355300671
0.0273274569085
0.095953822857
-0.0409119536418
0.0294073768078
0.0244978322023
-0.00661023688836
0.0560999913394
0.0918293721385
0.111783828556
-0.0178064949035
0.024600623677
0.0651572504082
-0.0335090385121
0.0899380900674
0.094906295481
-0.0665492919939
0.0233425275924
0.0599728410161
0.098235414473
0.0742331513472
0.0540885383645
0.00754986526711
-0.00332353789679
0.0854051115456
0.118573698033
0.000343545984363
0.0359408366935
0.105421697639
0.0113607210325
0.0858157092362
0.0840205750736
0.127991211763
-0.0265025186956
0.115046742655
0.0803637596953
0.0935898621539
0.021132345771
0.0162560646696
0.0829207652254
0.0526206711582
0.0382085883828
-0.00587008474178
-0.0554252910997
0.101302534758
0.119712187149
-0.0301457186169
0.0106952884716
-0.00196607219409
0.0631621731594
0.0605485474359
-0.00029625387926
0.0178655278323
0.00806995975621
0.0900103998619
0.0629487354559
-0.0100486101348
-0.00422312423076
0.0398532670527
0.101254160493
-0.0192560582236
0.0687092004905
0.066161179294
0.019160644341
0.0955744776203
-0.0179973287446
0.0196936502321
0.0649844393574
0.037181838987
0.0406320688769
0.00545701889194
0.0794390699095
0.0385771958167
0.0391864904986
0.0608488078541
-0.0710030011738
0.0372088135801
0.0252082444912
0.0308817551388
0.0305733421462
0.0227754179509
-0.0312837282575
0.0783024197681
0.0452586416306
-0.0300277946445
0.0309609310369
0.0171856092836
0.0841289927504
0.124519219156
0.0918636945964
0.00485956550569
0.119100006994
-0.00544902049423
0.0797051720263
0.0195040460078
-0.0464449707025
-0.0100673509346
0.0170552609516
-0.0867636763492
0.0584322853223
0.0632349662553
0.0243734070834
0.0925452052802
0.0576426222869
0.0308702079937
-0.00700032656785
0.0892256941313
-0.0227304627261
0.0570920247767
0.0453390430269
0.0786297364638
-0.0321360917295
0.0585279130783
0.044558196534
0.0584258148127
-0.00814336181847
0.0340220457996
0.0129152715732
-0.0234268822596
0.00794193879502
0.139256755965
0.075201574061
0.0197157871777
0.0101805067283
0.0329861463324
0.00531331752377
0.0222842084207
0.0962571482308
0.0814531604161
0.0818157940022
0.0700545892335
0.0797975090256
0.0686402728761
0.0494493593525
0.10142643947
0.0146095366251
0.0345433531134
0.0498349230317
0.0404938334893
0.0514860975351
0.0812299924747
0.0905206719542
0.0679528943534
0.00659572791901
0.0381604263761
-0.00096041121733
0.0335963782963
0.0890605303291
0.0851300009893
0.0572296930341
0.063921684663
-0.0373603025175
0.0665130652649
0.133594570992
-0.042391232644
0.0705558007179
0.0886670253794
0.0605177192424
0.108657474544
0.0606977930202
0.0160844630611
0.0290020031695
-0.0235901638798
0.0494781204357
0.0799062140922
0.0908919609279
0.0255729185481
0.0632568447511
0.0766778591743
0.0171341622891
0.126706326377
0.0998377474514
0.0916559306749
0.101180714962
0.0488195531097
-0.00953086270202
0.112892492992
0.0190465706277
0.116899459027
-0.00647948457147
0.0602067098524
0.092011776007
-0.0147570170535
0.0333753499942
0.0314446358814
0.119956231345
0.100470299873
0.0639277976211
0.119106680886
-0.0152383018584
0.0152922693467
0.00507587936595
0.0235939527318
-0.0575050472788
0.0603296206871
0.0946319163448
0.0248642164401
0.032681658947
0.0498083922039
0.0103320211648
0.0239075932385
0.0291774123196
0.0442913039227
0.0801711304669
0.0296611135997
-0.000452910502101
0.0902323795687
0.0538645711525
0.0665964675125
0.106583060972
0.109867931723
0.124346253515
0.0479656353929
0.101623659337
0.133902896364
0.072274722521
0.109004350366
-0.0503839757752
0.0964103613635
-0.00541938996339
0.107109292473
0.0268707408809
0.0473316495999
0.132489670347
0.0975728528758
0.0374186344616
0.0124752722366
0.0359690800695
0.0261080314613
-0.0207286988727
0.0583715002686
0.0854975285735
0.109657033554
0.118480637699
0.0751822635157
0.0622422823158
-0.00206019797134
0.0696638982585
0.116501896855
-0.0148597019094
0.0732593681061
0.0789043689176
0.11086858421
-0.0200967916639
0.0843382780143
-0.0840244952095
0.0345562541325
0.0578611820302
0.0669879614245
0.00688713799413
0.0195004205578
0.00481022447974
0.0534976144378
-0.0382543667332
0.0303727601884
0.0574842792827
0.0141469681939
0.0872586355399
0.0403235511996
0.0890605810268
0.10290446129
0.0538759940863
0.070226327701
0.121802110164
0.0427719980855
0.0530302683128
0.00650834836182
0.0636992524586
0.0617208849957
0.122622973593
-0.00249564964518
0.143989903094
0.0849823615236
-0.00264921533399
-0.0144158103137
-0.000844911340758
0.0290917848214
0.0569327052496
0.00751095426508
-0.0550494642033
0.0425921468075
0.0318005331487
0.0446401950249
-0.0498770799155
0.0229885661258
0.0157193251233
0.0270043451658
0.00161362011445
0.0632499653769
0.0152323038234
0.0148601770631
0.0379089267463
0.060810925112
-0.00465914977324
-0.0603200801863
0.0301336863872
0.0763683250596
0.0336861513999
0.0311865723956
-0.0679898814382
0.0369044306119
-0.0234651548307
0.106155527441
-0.11677458119
0.0572284814115
-0.0115409752711
0.0612187814133
0.103071253419
0.0727000368627
-0.0114721277702
0.0976543533061
0.017662149389
-0.0396431780979
0.0754070989149
0.1113033218
0.105330709537
0.0374598051588
0.0897067233783
0.0842856103865
0.0458580514694
0.0733269084466
0.0804678663425
0.0421388632358
0.101742009595
0.0262062524725
0.0722799918195
0.0176402342178
-0.0105158170419
0.123470916742
0.0550944668389
0.0186798997085
0.0333839523761
0.0314283167769
0.0237074127634
0.0350160290845
0.00270782354244
-0.147065504596
0.121283843739
0.051711206606
-0.001016686656
0.0964971500604
0.0690544257974
0.110235861308
0.00244881186723
0.0269771280512
0.0469217785434
0.0613280149748
0.0300657023206
-0.043915695243
0.0466980634461
0.0617493043375
0.101617156428
0.01694729502
0.071169434329
0.14391548572
0.0329080975272
0.059856352618
0.0759294380614
0.0130275185222
0.0391410559284
0.0108399566713
0.0998763563821
-0.0306353382077
-0.0333108197834
0.0938114644263
0.0937403383721
0.0904600566419
0.0479596587831
0.0150938272601
0.0575121079225
0.0853735503377
0.107864530156
0.0743799471608
0.0586181481443
0.0397912836098
-0.0201045217094
-0.0337427812989
0.00688650559253
0.0423041195855
0.0337153168394
-0.0193579503591
0.0485973087609
0.0192910522639
0.0289643107517
0.00149444008471
0.0788581392725
0.0297867595414
-0.0150037312249
0.0665331063516
0.0112281628781
-0.00412099126882
0.0205915347853
0.0422927216016
0.0543863007347
-0.0793354519416
0.0281167421104
0.0151040693249
0.0392523043867
0.0360892286672
-0.0257118662748
-0.0191635306359
0.058015541258
0.0117083840933
-0.00832068676712
0.0357671130445
-0.0426981122492
0.102470919198
0.0506888884133
0.0662082953721
0.126639149011
0.0131296610543
-0.0165831208614
0.117646245089
0.0799704596522
0.0709055895026
-0.00681749866435
0.0292731245294
0.100636609181
0.095505592833
0.0890071037849
0.102085486797
0.077186411811
0.122342372316
0.0612575953397
0.121772154668
-0.0985856956304
0.0396303834399
0.013294284178
0.0444105610102
0.078170740612
0.0496924911327
0.0219792256482
0.0982260359658
0.079170122714
0.0521467219795
0.0213759353311
0.0899536347034
0.0992292230086
0.0681805307747
0.0956656835433
0.102886675508
0.0262054258567
0.0337178528514
0.116740029917
0.0679279599
0.0515921640135
-0.076085292737
-0.0200483214623
0.0773664867473
0.0142326373378
0.0460380898743
0.0605182498605
0.107612298155
0.108784462991
0.0889049450952
-0.00846242644913
-0.00777278351673
0.0341640383017
0.0296657289374
0.123618128064
0.000439408920914
0.107293612133
0.0500629109909
0.00849918254715
0.0406656909777
0.0931954191712
0.121977551891
0.115719394398
0.0837539920805
0.0548855641665
0.0476241645917
-0.0210643875984
0.0197805432691
0.0411086711107
-0.0186008859977
0.0190377025792
0.0498174970778
0.00571663202251
0.0933839399002
0.122278843109
0.0743247481729
-0.00180196662703
0.113611983152
0.0597293306556
0.063076607157
0.0649515902102
0.0674038762257
-0.0595681485063
0.0692493734458
0.0988830192213
0.0525253718925
-0.0194037232336
0.0448858217298
0.0929206581777
0.0829514104119
0.0263063505519
0.0550528599122
0.0198230079329
0.0417489242075
0.112032022702
0.0207472251666
0.12536223652
0.0896700005378
0.0821813286496
0.122829481506
0.0277912049777
0.0721677892961
0.00541922070634
-0.0251039695919
0.0405081092605
0.0477401981613
0.0559708544712
-0.0152509337258
0.110240269184
0.0404096402957
0.033733327222
0.129728421867
0.0151618988226
0.0977979481526
0.074410079966
0.00654412747704
0.0619747548503
0.0801482731395
0.0179463381006
0.116209841743
-0.0809078296725
-0.0872586597296
0.0779759951272
0.0661484999227
0.129534964754
0.0643097720907
-0.0079344234224
0.03158902872
0.0985382292817
0.035873017678
-0.027065257513
0.0999796356061
0.0183278961349
-0.0421141535708
-0.0109599400143
0.130800554426
0.033066179884
0.0934070799199
0.0848473076552
-0.0450890626369
0.0833256408725
0.0655174156785
0.0567360947236
0.0502668578181
-0.0203341143801
0.0276261472425
0.0201659182694
0.0967820802464
0.023400826637
0.0665963971053
0.0554929322347
0.113540320976
0.0852619419938
0.101661599076
0.0508695460453
-0.0434032373616
-0.0380310752084
0.0466936300873
0.00228843363145
0.105556915355
0.0101273553384
0.00933318931389
0.00980619690197
0.081366850217
0.0658749860253
0.0503941750882
0.0384918333898
0.00212907796472
0.0218379037275
0.129612545533
0.108042597926
0.0395949785755
0.016292450093
0.0301199900415
0.101190104337
0.128085253751
0.0642411607401
0.0504254247154
-0.0186062022002
0.0365569723438
0.043793908265
0.097614410872
-0.005563883481
0.0722267443292
-0.00170817918769
-0.121458412384
0.0147389182525
-0.022800423806
0.0466703522708
0.0684952290185
-0.00966863364502
-0.0555165886517
0.0234298967741
-0.0138976493399
0.102689804159
-0.00162120198212
-0.0288887462569
-0.0132210694949
0.0138766456126
0.0297435151137
-0.1177024717
0.0696543934121
0.0838572316182
0.00377401815156
0.0741052303273
-0.0220623857296
0.000162356227861
0.0722326569874
0.0044114323189
0.0045930426983
-0.00161249246102
0.0524891864378
0.0891372011131
0.0893598725568
0.0666938132227
0.069461370792
0.0869975483916
0.0373317436414
0.0150628402192
-0.00303037375132
-0.00650930491639
0.103729417053
0.0283041509894
0.106635150717
0.0932482623646
0.0295747127878
-0.00395027259043
0.120514840833
0.0888744064579
0.111079571941
-0.0618950908384
0.10421817349
0.0104533414147
0.0820167855546
0.0711289138303
0.0196136795273
0.0360765193502
0.0750323347422
0.0337090573621
0.0380999263977
0.0562991501326
0.0705307321544
-0.0977932814792
0.021407985964
0.00513779928581
0.120042508436
-0.00733415273938
-0.0450124853332
0.125235033183
0.0589248082476
0.0739548819257
0.100636602503
0.062626498996
0.00214783108253
0.0400722036844
0.076472859911
0.0169094922235
0.0838360699918
0.0288385199201
-0.0699292200495
0.0422755865453
0.128664308804
0.0649614566526
0.0424330163196
0.0109539866263
-0.0782873751817
0.131910291664
0.0500468375606
0.0158020093323
0.087258863218
0.0801122078774
0.00840992641166
0.125462738692
-0.0191584734717
0.0379231704148
0.0471980536817
0.0811696301696
0.0691403081506
-0.153680697857
-0.0567996471319
0.0608692646188
0.0845524375066
0.0635084661136
0.0971466715687
0.0914196203917
0.0882013870486
0.095390374084
0.0887677489962
-0.0494988005523
-0.00557832435251
0.0325441044822
-0.0112563349267
0.0782617309632
-0.0222212014724
-0.032978049504
0.0904014869634
0.0172222930364
0.000920923148688
0.0715230084645
0.0435758650408
-0.0237250612976
0.054911702637
0.0134949972075
-0.00993993872411
0.10025628372
0.0739012663841
0.0811700941663
0.113755850591
0.0134275681649
0.031184361029
-0.0371714040919
-0.00655376964798
0.124765355998
0.0711463137899
0.129358384684
0.0279923052569
0.108142198496
0.000571486667946
0.0969561888782
-0.0127291090935
-0.0553947893771
0.0813008893074
0.0112155773063
0.0665574000182
0.0161480467401
0.0160000281051
-0.0356449591594
-0.0646068109276
0.0311347875002
-0.0695522616964
0.0135531531894
0.0787476364766
-0.0021183240269
-0.00853336250117
0.0747291581594
0.0765890167114
0.0328324292634
0.061678503716
0.0827663052804
0.121384574955
0.122018436209
0.0123393339348
0.0335242973258
0.0400185534409
0.0187259147097
-0.0161155887595
0.0978590202253
0.104733531063
0.0305149575707
0.0906412685976
0.0695084939003
0.0662907950295
-0.0237699338135
0.107938375374
0.0177877996394
-0.0757678568654
0.0559912018735
0.0651651761891
0.117404271889
0.081336943144
0.0846526349347
0.0438429885451
-0.065161205444
0.0720969125333
0.114950865289
0.0462295906367
0.0562488090313
0.102805745494
0.0883330758835
0.131590001832
0.0720024086572
0.121950056016
0.00109636420786
0.049262855135
0.027716333118
0.039628613733
0.00394936576172
0.0390506210491
0.138993891623
0.0278940175245
0.116187903983
0.0558871772979
0.109921603514
-0.0223693490096
0.0482035688526
0.0422213489804
0.108779368987
0.0337961290364
0.128477453926
0.0152327659511
0.141694408818
0.0180612453728
0.0494001141888
0.0880962285095
0.0478607917736
0.107727885777
0.00110541393022
0.011042510969
0.0972328969448
-0.00533899390087
0.0109284588187
0.0888851232761
0.0225433032591
0.110825616369
-0.00209916975618
-0.0390338256805
0.0671977611203
0.0458649631233
0.00199345991293
0.0564124615727
0.00688815997533
0.0328504265895
0.00436143806586
0.00130384775969
0.0650747343745
0.0328015693516
0.0993987093752
0.0423855833374
0.01037209687
-0.0305752824779
0.0852108125194
0.0573014929189
0.0913071810615
0.129843969596
0.128000431509
0.0121749357909
0.0537595905128
0.146189335613
0.103689710004
0.0170745919011
0.0679813970599
0.0519528913012
0.0940502016546
0.108289756995
-0.0124992144892
-0.015527067376
0.0362742361219
0.054097299918
-0.016292347127
0.036663608741
0.00260234072101
0.082058319398
0.0227265438534
0.0596457307884
-0.0126630389831
0.0170709477426
0.0376486265291
-0.0209399660357
0.0674980632301
0.0846457094122
0.0429360244479
0.0303539432379
0.0356929919981
0.0544709864078
-0.0166174610764
-0.0259469016399
-0.0663175011667
-0.0220359061769
0.0916983704661
0.105381661665
0.03224672508
0.0458376325942
-0.00690115047781
0.0754687892763
0.051093759333
-0.00779543182866
-0.15491050585
0.00563458491344
0.037736382945
0.0678289452548
0.113016409698
0.0852003157863
0.0310554627543
0.0319990553258
0.0531921090345
0.0674423273683
0.034794556611
-0.0759425202595
0.0591805163067
0.0769487968751
0.0446113343975
0.0543424305465
0.0106168263262
0.121363100892
0.00572763897283
0.0155688021278
-0.0195301889484
-0.0707099628143
0.0197821101016
0.077404297518
-0.0330223631598
0.0958418877173
0.0253249011547
0.0159994265222
-0.0609203275621
0.142474323504
0.0971460799051
0.0835343707788
0.0545100922975
0.0591079273004
0.100374834267
0.0179920844023
0.0296426347713
0.0528603568122
0.0563077542716
0.0583355346013
0.117106548944
0.0643912028538
0.0344595477147
0.0940680257907
0.0266040548732
0.0051371466482
-0.07811594193
-0.0423410601637
0.0842820371193
0.101026433988
0.0316101025503
0.0254446782138
-0.04388226543
0.0911861406573
0.00731632352291
0.0243964688856
0.0383247967529
0.0427204686384
0.0926302771152
0.0455450086767
0.093372269362
0.0614361530814
0.0707747256272
0.108729098205
-0.0575263289284
0.100247231753
0.129632328403
0.0573540338593
0.0459525680155
0.0308690025381
0.0747081397139
0.0956341256291
0.0299987062276
0.106860180768
0.0494336055658
0.0459776146837
0.0950155629784
0.0914934064829
-0.0206980586763
0.0452881549856
0.0941818349044
0.0230830344415
0.0927066901735
0.101566142823
0.0491890982964
-0.0393101945036
0.105837885193
0.0222247601477
0.128214814625
0.0897387866289
0.0856321685917
0.0977670726154
-0.029511682846
0.00101723752644
0.0407000483132
-0.00307885148556
0.068486021916
0.0143569205802
0.107592414603
0.00368622607375
0.0361096584117
0.0685791049617
0.0647875538456
0.0741775870975
0.0160593430879
0.0723018830808
0.0502992703743
0.103393006578
0.0207408710583
0.0193112859982
0.0988565145241
0.0747991105196
0.114424411943
-0.0180808714332
0.0322341052409
0.0486960600573
0.0805794186999
0.0863232758699
0.00185654783907
0.102668475757
0.038964646079
0.0838034234606
0.107963818981
-0.0397636997496
0.0681143074694
0.116797825417
0.0961205048363
0.0619555181505
-0.0280256339693
0.110205699519
-0.0556610857585
0.0889104818012
0.0446591152709
0.0308512907037
0.0144954084624
0.0929049632002
0.0591629534464
0.081404263464
0.0690204215972
0.0935357991106
0.117925061689
0.10215999287
0.0405739993557
0.0874363094784
0.0563072052366
0.0632469374168
0.0323627135715
0.0450046384194
0.107773633625
0.0201818015987
0.0509499932307
-0.00766763829665
0.0811306346452
-0.0114006151248
-0.0255724295627
0.130101153256
0.0209469518596
0.1011573424
0.0413014476169
0.0900998687156
0.0420126147838
0.0262466882003
0.085844844651
0.0927224779411
0.0746264738983
0.0618128053659
0.0703245667946
0.0439737712788
-0.0424573094225
0.0961711698855
-0.00611195784168
0.0339004945667
0.00990353612671
0.0865281380505
0.0217402659953
0.045275585689
0.0693757100984
-0.0473932634285
0.113842262927
0.0187707589282
0.0987770645513
0.0176717794062
0.0579189601689
-0.0902723804802
0.041849105193
0.0474114488801
-0.0461549842037
0.0752315983911
0.0940189485162
0.085403897399
0.00521561288432
0.0144527191589
0.0964504720051
0.0678350001898
0.046429001037
0.0661975716191
0.0611248286469
-0.000738203902007
-0.104165984292
-0.0430756174866
0.0338493416927
0.00931741576619
-0.078446374922
-0.0506540523941
0.0867264278326
0.0042291249191
0.0611152036836
0.143225673231
0.00318874404921
-0.0158780913066
0.108161707385
0.100793964176
0.0654080397915
0.064501964887
-0.100888299275
0.067035510365
0.0947520185566
-0.0165232377748
0.0260711922946
-0.0345442526373
-0.0175000712321
0.125217830707
0.100315948538
0.106531392142
0.135697562428
0.039101178037
0.103257277509
0.115165262887
0.0291190586205
0.0117795662477
0.0120817017324
0.0434975038288
-0.0179314281811
0.0967937039926
-0.0319541133331
-0.155335661775
0.00818417540751
0.00334148348781
0.0291564127835
0.0421112372827
0.0189724936225
0.00556543265808
-0.0465821484676
-0.0233330446737
0.0147176386706
0.0623783640191
0.00138841364578
-0.0284130295172
0.0595377660369
0.115213143243
0.036695025869
0.0272560502864
0.0328670640613
0.122638390649
-0.0222816474851
-0.0656193933488
0.0323095024393
-0.0539814391746
0.028613761032
0.110876949603
0.0527787176367
0.0826727504745
0.0130295383093
0.068956550647
0.0302789715085
-0.0453164049073
0.1342802602
-0.0267149427238
0.0773125390579
-0.0248473261848
0.0465102272597
0.0559054601276
0.0785586631811
0.0826167755406
0.00890951004649
-0.0117198648213
-0.0454436108918
0.076549137578
0.082850633052
0.11184756421
-0.00626679103009
-0.041452644996
0.0676672667993
-0.000108791914161
0.0795636472408
0.0515544990362
-0.0519371219397
-0.0304410670984
0.104372232331
0.0796460749583
0.103298490323
0.0334660557256
0.0536578288573
0.0446914748986
0.0677635037634
-0.0856254805924
0.0406900855282
0.0914150982978
-0.0543046504957
0.0661165977876
0.052851522498
0.00190047627139
0.00311591411776
0.0795925308954
-0.00936534796427
0.0733854018678
-0.0542799942066
-0.00828350385768
0.124728377183
-0.0639606470773
-0.0086236200753
0.0712793519652
0.0727132545695
0.10947578781
0.108437132702
-0.0208171800214
-0.00945730061442
0.00333981937123
0.0388515537185
0.00529894840694
0.0250741271787
0.10469881993
0.120547954161
-0.0833963475494
0.101574655463
0.0433609031834
0.108271565925
0.114102769604
0.057095480821
0.0193069291529
0.142184576504
0.0287739376434
0.0458113866963
-0.0384525374046
0.0352285606205
0.0368320932467
0.0764346446721
0.088520694072
0.101794510952
-0.0113469728863
-0.0217557715617
-0.15278490558
0.0520192770785
0.0425898457628
-0.0188768806832
0.0637414453718
0.033253258329
0.0724912265181
-0.0233716139155
0.101846057438
0.0873256735585
0.0972517316962
-0.0464655127287
-0.0159325114903
0.0157519059502
0.0485482473429
0.0257844546622
0.0704436974207
0.117888313572
-0.02233968399
0.0799602531537
0.029312353193
0.104541951617
0.115315929769
0.107395349684
0.091872246126
0.00820528063798
-0.0165631453813
0.0796371930264
0.0612308857136
-0.0381095545233
0.0874044163029
0.0931780976431
0.0852765782148
0.0770514975645
0.0734184503491
0.0206354855835
0.0236825823938
-0.0681472572873
0.0394983827016
0.0398356610204
0.0735127978789
-0.00913571243203
-0.0501233016561
0.102109942497
0.0617367831248
0.0631275803101
-0.0243109895561
0.00821662530033
0.00115002351345
0.0965077167551
-0.035743524878
0.0920397126626
0.128829621769
-0.12027179501
-0.011414194467
-0.0590003765886
0.112076834651
0.0333274847811
0.130769568893
0.0044593824554
0.00324954608784
0.0398488170266
0.0313824054942
0.0165341161185
-0.00290182980198
0.0493352175294
0.0603594272336
0.0556813128015
0.0501533535673
0.0705929799128
0.0393148306116
0.0925433977036
-0.0172196245707
-0.0389563158637
0.0414536617202
0.00917182600694
-0.055607295964
-0.0498998387376
0.0807315518621
0.017395596856
0.0404009403651
0.0749409842316
0.0775427703394
0.0253891893285
-0.00207932431475
0.0119162697359
0.129799223483
0.0567041123224
0.0434565938308
0.0597865112906
0.0469398686028
-0.020070862219
-0.0395277581655
-0.0025208129145
0.0695133181005
0.0787815648109
0.00270423597758
0.0403430701093
0.00159080119157
0.0697549178046
0.0951821974884
0.0759617169533
0.0353553919212
0.104985526559
0.0783501631476
0.00819573267226
0.0422622464614
0.11865661321
0.0335540027564
0.0461090055135
-0.014838923377
0.0619899266829
-0.0454024286501
0.0143270826938
0.101141253688
-0.0498676744841
0.0928519743116
0.0509270722732
0.0796939300217
0.093889740401
0.0192428471969
0.0293226493755
-0.01779793214
0.082418217201
0.0220084447214
0.083176703827
0.0251850799867
-0.0116203309466
0.0676367082053
-0.00721500380252
0.0929447584834
0.124511592178
0.00518030230076
0.0423058765608
0.0305832001681
-0.000198284671157
0.00036820104202
0.0179320943838
-0.0460441445405
0.0591928561588
0.0810347981017
-0.044618691702
0.0362907814165
0.000827071495412
0.0633496278987
-0.0334606254628
0.0971016050087
-0.00898822875546
0.127167515951
0.0863318580526
-0.00332803337401
0.0781745709901
0.100351553454
0.063659440773
0.00461540400191
-0.0217986843189
-0.129160406981
0.14467357039
0.106389423899
0.108049276449
0.02878155422
0.051407608482
0.103648880759
0.0378216593067
0.114645737295
0.0383906468456
0.0509141239645
0.0868426671627
0.110969477357
-0.00704623729401
0.0103086320261
0.0568309265816
0.108385779563
-0.0236950673171
0.0510875307928
0.0358904972261
0.00816634252582
0.00985836251473
-0.0170685599413
0.109408643889
0.0954375183149
-0.0422436440453
0.032877470789
0.0333856603377
0.0981563133206
0.0605122202091
0.0710247477183
0.0530754102168
-0.0640950174795
0.0907187269231
0.0509733508801
0.0643920739763
0.0157623109994
0.018255230854
0.047828127352
0.0189691504181
0.0836966197292
-0.0306196325684
0.0319368976651
0.0246315689294
0.0649634697374
0.0686315754593
-0.0099755709754
0.103706454937
0.0606288403896
0.0614064446292
-0.101619729839
0.0170491113665
0.0289853264129
0.113349211814
0.000827078925387
0.111936652391
0.048980529661
0.0173664286551
0.0843852291774
0.0400599942986
