-0.0651859777641
0.0909745325009
0.0645766110449
0.107035273553
-0.138248884945
-0.0299690060979
0.14002066449
0.0776051209833
0.00823612820627
0.117751677148
-0.0854195201596
0.114433767915
0.0137615357041
0.0653626316604
0.0998619707611
0.125062736901
0.00215747547905
0.102295986104
0.0858126933639
0.0203306474756
0.0535136005255
-0.0672016016034
0.0184192223741
-0.0416055540351
0.00773706770397
-0.0571081536492
-0.0205220516428
0.0326822292805
0.103260260568
0.0372256714499
0.0337310927125
-0.00688930666228
-0.0344822992537
-0.00734568161419
0.101755189487
0.116869593861
0.0454431281731
0.0302257317123
0.0418729960488
0.033821482887
-0.00628697780036
0.017693579535
-0.0129636585516
-0.0078984810927
0.114712143442
-0.0419266566263
0.0333481312607
-0.0264983527673
0.00171045005162
0.0193199312098
0.0633761611988
0.108835978319
0.0325691994223
0.0811971685279
0.0154332790138
0.0646978691564
0.0641116160997
0.126085296469
0.12354052774
0.0223075042883
0.093321877908
0.113669197228
0.0742049075451
0.129197685891
-0.026798594417
0.00128006501147
-0.0100140137401
0.0169333054823
-0.00944959645983
0.0062867067708
0.124452145389
-0.0174723093132
0.118714964159
0.083362653299
0.00142608129329
0.0272462957442
-0.0704796517306
0.0312326014606
0.0674859551873
-0.0344971936489
0.0388709499951
-0.0236201710325
0.0158438387368
0.106227365741
0.0106226746335
0.0293291326373
0.0175289491827
0.0716883520386
0.083926001141
0.0225406148562
0.0409356783029
0.0527307975263
-0.0356986755013
-0.0300677772109
-0.0294784206767
0.0844063616391
-0.033764601794
0.0645945169779
0.0186967481627
0.04082035599
0.116820193702
0.0965549033705
0.0664037024283
0.0421741656297
0.0681543866561
-0.0560857911563
-0.00288729876536
0.0490657088105
0.061152568023
0.0504067330892
-0.0466294261615
0.113439769741
-0.00793715887327
0.0410798054421
0.0441528523964
-0.028349592298
0.109802997066
0.0882612449937
0.0527507840099
-0.0982941949448
0.0996091391247
-0.00482447403275
0.0620896814738
0.117227637018
0.103301407139
0.0399472646035
-0.0234442366364
0.0737737329343
0.0738832142696
0.0055182312171
0.125262264415
0.0160922642391
0.0231149352534
0.0703695982279
-0.0313840550413
-0.0166594548031
0.0268937880813
0.081609544891
0.0873311807762
0.0946867641454
0.000436630017242
0.0751875531651
0.086713653963
0.0957881494028
0.081657953298
0.0931731593662
0.0277509336764
0.00118411279357
0.103631859664
0.0634252893595
0.0659369239759
0.0437688154038
-0.0500152895729
-0.0491173800369
0.0545963059984
0.0045535027859
0.0916245099828
0.0756315977948
0.100042707315
0.00697340234899
0.122558667592
0.0598725534659
0.00283593541
0.0476071706496
-0.00283820615877
0.0225004323173
0.0322478003985
0.11184074418
0.0405998701385
0.101090555204
0.0453549478718
0.0476081260651
0.0793801352473
0.0991795359705
0.0884042335783
-0.0128107876202
0.00484082200386
0.0685050078367
-0.01274442209
0.038517617602
-0.0578531928486
-0.0512866420032
0.0754744811914
0.0433396190738
0.10814226379
0.142555558357
0.0597810488558
-0.0350300354115
0.0485113353835
-0.0790172698567
0.105426891831
-0.0481909362819
0.0270492998216
-0.0014739911251
-0.0298220157422
0.0827344030085
0.141364849632
0.0716095805715
0.107692372865
0.11616376041
0.0640677077376
0.0331884010908
0.0642144632723
0.0982745554889
0.0335643307032
0.1240467647
-0.0656063799327
0.0556284874941
-0.0645873980409
0.112547992869
0.0613319351803
0.0392920248375
0.00137143112451
-0.0352245245429
0.0652901961084
-0.0580183972476
0.0548310396992
0.0943475118065
0.0464103736629
0.0649867385699
-0.000808729544969
0.0785224825596
0.0456135419076
0.0943975281997
0.0705455212224
0.0409163875308
0.0408389082068
0.0406539727673
0.0297128295545
0.136668550614
-0.0523372966658
-0.0922795499017
0.0352341301131
0.0972958509031
-0.0351876356406
0.108983275681
-0.0454406757713
-0.0560921502059
0.0503269395032
0.0735490783199
0.0532354982217
-0.0669949364441
0.0656935766687
0.0966862077313
0.0270707420141
0.0669760613384
-0.0231369927959
0.0934071500957
-0.0103435331142
0.124845552195
0.026349401281
0.0667090300358
0.0893992222446
0.0215037093461
0.00819890872336
0.0453648103249
0.0795614406813
0.0484269622697
0.00913772354126
0.0869062251475
0.0306203336261
0.0286260097506
0.0136689276283
0.0994143450181
-0.0578204835065
-0.0878348124133
0.0116993343764
-0.0339276216575
0.0420068879161
0.0479035062327
0.0158314281772
0.0401095864914
0.093932206878
0.0623073960155
0.0884715911047
0.0320046062561
0.0842237131347
0.0436962114528
0.00807909109691
-0.0365403836344
0.10890941972
0.0201953916423
0.0599434713307
0.119340640196
0.00410227843733
0.108921046364
0.0545723853203
-0.00248259311073
0.0116449060275
0.0355963790824
0.0146773839026
-0.0520179790879
0.0579283105385
0.0399883244704
0.0759322796076
0.0915775157053
0.0668034402942
0.0146377711847
-0.0685776234584
-0.0399215119218
-0.00919222945199
-0.0238482343253
0.138425524849
0.0848118274466
0.0374751674857
0.0549098584036
-0.0389000637255
-0.0480598613097
0.0200686275584
0.0398645502691
0.0290040811996
0.0274453840045
0.102697650586
0.0212026030323
0.0316282293792
0.0741208785225
0.00063745225818
0.0788208760481
0.0801763010977
0.0412463425008
0.0669965564376
0.0731356451461
-0.000273165904448
0.00733006582797
-0.00744230435444
0.0650771595138
0.0308400923956
0.0744846592252
0.0857334337581
0.0257574303554
0.0614097118787
0.0273351460487
0.00190954243089
0.104806235342
-0.0271869296423
-0.0484619057374
0.0672038042886
0.0317835160481
0.057594582326
-0.00984300115743
0.0680251240229
0.0403351803677
0.0241060104512
0.124997154921
0.103540385759
0.0917376327119
-0.0262095303794
0.116583465053
0.128340610191
0.0462788895142
0.115751322298
0.0946842454411
0.0314151507038
-0.0376112538283
0.021909928287
0.117681209258
0.0154035385115
0.000943437827966
0.00442331198032
-0.0172024109828
0.0985292755499
0.00644373234321
0.11782467195
0.0128771910128
0.0514749184353
0.0690065115996
0.085718177385
0.0590833998731
0.0662721552302
0.039823857324
-0.141352776156
0.0520878985981
0.105909352475
0.0203349357395
0.0810294782535
0.103289253433
0.0276017555276
0.012579729835
-0.0351142662045
-0.0303351667241
0.0801590763898
0.0926747785012
0.0675660359191
0.0805574507256
0.043756495995
0.0862624335802
0.0904034195606
0.0241155924245
0.0888690950286
0.0288566614598
-0.0363391453299
0.0413758683962
-0.0163192998729
0.108841311837
0.0610871688262
0.0445295715471
0.0666863067143
-0.0816538758925
0.0261191634878
0.0193710968935
0.040917516079
0.069718379368
0.0345644566944
0.0411455422301
0.113742549083
0.0549780108465
0.0375549889375
0.098904728547
0.0674443128783
0.0921473075085
0.0853788089103
-0.04129677564
0.0282409297771
0.09527085319
-0.0220249762452
0.0505953523574
0.0733644879712
0.0780472292682
0.0254833416712
-0.0199715111903
-0.0251829028091
0.0804209080266
0.0381855352075
0.0228731475688
-0.00702949102098
0.123472259466
0.00826151976426
0.0556510099454
0.0066021004176
0.0353901571817
0.0702327822965
0.0237811764904
0.0712755628815
-0.0355963291086
0.0695583173342
0.00766213410422
0.0080154347889
-0.0407609306014
0.09539611217
0.0264264437971
-0.0156860567782
0.0936621268229
0.0729009551072
0.130344680735
0.0670527786576
0.00133653096352
0.0748284844265
0.0974310012194
-0.0241519862479
0.0347304495753
0.051972932268
-0.0134512669713
0.0601252131251
0.088154342069
0.0866547217691
0.0472974951464
0.106479995428
0.0706475386889
0.129922044083
0.0927471220489
0.114618910163
0.0518491613086
0.0727725634276
0.0767328321142
0.0867022933611
0.0864865635216
0.00379117082303
0.120685951998
0.0436391871111
0.124248818812
0.011018104285
-0.05025648989
-0.0318241175615
-0.0278641527009
0.143789432146
0.0366806563674
0.0971976930026
0.116069173357
0.0414880543994
-0.0267664091156
0.119404588232
-0.000554722237
0.0538223236429
-0.0432946005039
-0.0304726830454
0.104971468728
0.0972394717265
-0.0576046009727
-0.0182441080523
0.0443776595108
0.0474582652097
0.0419737083438
0.0376015159318
0.0135293043988
-0.0308537591001
0.0740429636138
0.0952673003272
0.0952050517794
-0.0136483298455
0.0582177295322
0.0514580379123
0.0713619365141
0.00068603486536
0.0564276208366
0.0348597577761
0.00364041402344
0.0372967257607
0.0717260529529
0.0680088483789
0.0683246189761
0.106444338168
0.110217511793
0.106440471279
0.00128707807103
0.0988796243447
0.0698813434131
0.0265254876936
-0.057868415783
0.117043763084
0.0175110161966
-0.032160199125
0.0272194303465
0.0260186653294
0.0374474366202
0.112874330845
-0.080900075254
-0.0962223370015
0.012117334343
-0.0158313116039
0.0941869709247
0.0698483809989
0.0441144124689
0.129937182937
0.103344391927
-0.144855576851
0.0649796787015
0.0626655047506
0.0506843262078
0.0308828702071
0.0320964878556
0.109958248121
0.112308990493
0.034472935503
0.0475383857074
0.00157663194291
0.0266241168896
-0.00915008211466
0.091126695322
-0.0175886993976
0.0939382094552
0.0861840815618
0.0385728223406
-0.0200183531177
0.111216050594
0.0971212267718
0.0294868746244
0.0904052295156
0.00130607531517
0.0852877810831
0.0659351056853
0.0868146966191
0.0687503936274
0.0803225411201
-0.0814867564676
0.0222192251548
0.0209612429025
-0.0132477997301
0.0830306432281
0.0222755690362
0.0736840651947
0.00222416832738
0.0866277988042
0.0844902821448
0.0554134772047
0.0883114488313
0.00812639338266
0.0783955943374
0.0736826400935
0.0237216742791
0.0145122343688
0.0342034689003
-0.021184286826
-0.00486765294322
0.0228183276866
-0.0265753365821
0.08179185105
0.121398028979
0.0418378019828
0.049823537606
0.122206764556
0.135123091546
0.0346652283697
0.0357690283476
0.0691716579386
0.0772551675977
-0.0509975334646
0.0437291368356
0.0358397395201
0.11571483488
0.109426270692
0.0487064364387
0.0967541518337
0.0695577338781
0.0672446437608
0.0724955260731
0.0986540095013
-0.00507488478926
0.125760666986
0.0875570838169
0.0224770708484
-0.0153097890365
0.0374074580446
0.102318844076
0.0857854421624
0.116138851178
0.025187558329
0.0114661159019
0.0447283412304
0.0745250948742
0.0708989709817
0.0583455068573
0.00917303069752
0.0779907931685
0.0528149503773
-0.0170439224157
0.00935159822347
-0.0688204589251
0.0100871001725
0.113375882484
-0.0206039949307
0.130654482009
0.0843682301961
0.135163752688
0.0180737887751
0.0538884869348
0.047579744082
0.086291021498
0.0937953669986
0.0157287119976
0.092846216208
0.0195246010544
0.00055483195833
0.0623335310528
0.0970072420086
0.00156144748367
0.0347110634278
0.0675707904811
0.00980058858873
0.137440099529
0.0340912765326
0.106150913841
-0.0133967617894
0.0530883143699
0.00142220768511
0.102302909151
0.0734121650799
0.0598531086131
0.0821710224868
-8.18097726878e-05
-0.0684014188044
0.0788044714146
0.03441739486
0.0621246874509
0.0833902105169
0.116170608455
-0.0171541439308
0.000253569642035
0.0600725528898
0.0679345900052
0.1044056692
0.0694031204736
0.0382005415328
0.0818997699595
-0.0761772308323
0.0604717420531
0.00382158360912
-0.0124710415493
0.0503395125253
-0.0299873810815
0.137452918431
0.017373046041
-0.0245572815542
-0.0268071559744
0.0784962557839
0.0064330959645
0.0275607619322
0.0699995432705
-0.00225039823543
-0.0241603124068
0.0992964089206
-0.0637393315638
0.0775291953517
0.015620194775
0.061165231315
-0.0194643393732
0.0313088450724
0.00159031656929
0.118745999463
-0.102642203858
0.0217403620064
0.091209950137
-0.0370562293861
-0.012319239614
0.0616466782252
0.0650232126154
0.041075682723
0.0295757583937
0.0257771314113
-0.0290107060153
0.0564456029219
0.0869141206224
-0.0714726506888
0.0199191371688
0.0693665210711
-0.0198785633412
0.0511941773457
0.0285887173784
0.0462159959972
0.0587544695501
-0.0832935203102
0.0992315169028
0.0139677006075
0.0730732947661
-0.0284711928391
-0.0478055580124
-0.077000997543
0.0908843242874
0.129716209452
-0.00765754133254
0.0351134699796
0.0837717398137
0.0334279722174
0.127630069853
0.0207376491371
-0.00296210814927
0.0407919360105
0.0831863213509
0.12915905291
0.055680487193
0.0992434399182
-0.0350127227693
0.039083353035
0.0360464778793
0.0945055195147
0.0742521753416
0.0508812815111
0.0156456905527
0.0341086970252
-0.063755217128
0.0229191288707
-0.0218684939834
0.0913106456936
0.107241893265
-0.00378884652977
0.0171498643139
0.0281540238988
0.0795056269405
0.0417994017457
0.0972719320771
-0.0184719599394
-0.0277424820329
0.107563165683
0.0866254209359
0.0968360155132
0.0918746857989
-0.0344673782875
0.018818953811
0.106892727279
0.0653667079359
0.0879536865023
0.0143526557059
0.112715931213
0.0919909392753
0.104193725041
-0.0268182055362
0.0550718267149
0.0504631176906
0.0470045954951
0.0715956543349
0.0533719929458
0.00213714985746
0.0740459915227
0.0659603147996
0.0849106019293
0.0608995758412
-0.0204929848224
0.0354196243955
0.0255452321629
0.052902852788
0.0173097842084
0.0579394344752
-0.0191673507102
0.0888893567753
0.0592883350453
0.0516886593712
0.0956588916996
0.055344980664
0.0305762661311
0.0774616720155
0.12487174393
0.0110813455725
-0.0391222599159
-0.00546368355029
0.0256052855707
0.0564975592771
-0.0263710401221
0.0875607296609
0.0453558590593
0.0367790204908
0.0331178354429
0.0361206893275
0.00149143749741
0.13446820866
0.0969376512428
0.0166150439538
0.0467044973798
0.113347061181
0.0978880280826
0.0101571820899
0.0672528981299
0.0201357369022
0.0873378566291
-0.151512607466
0.00961908254907
0.0956015558736
0.125241447928
0.0375091134481
0.125085041744
-0.0323415865964
0.039247943587
0.0370384620231
0.0873391267494
0.0585385872937
0.119574063923
0.118591386322
0.0343365371743
0.0626971695631
0.0329087952248
0.0847576646792
0.0073224047492
-0.0317321805581
0.0934816707993
0.0478398900868
0.0524737558
0.0108016700366
0.0366335769279
0.0471005578711
0.0539826462697
0.0442600822606
0.0908386412019
0.0353190799593
0.0203068641812
-0.00463044737027
0.101277332486
0.0637145416329
0.0635078344577
0.0546970266984
0.0933052375588
-0.0253516992533
0.0220019366938
0.0815327606717
0.036658527196
0.0351986370651
0.089547851399
0.0366124022555
0.0750427882122
0.0738242793264
0.0154334336586
0.034621181947
0.0392268040761
0.0402846705778
0.1260819267
-0.0146303591837
0.0165662886942
0.0305219582073
-0.0191219890338
0.133768504136
0.017442809225
0.0706398902457
0.0373579079873
0.0780091339059
-0.0513851970539
0.0775953474676
-0.161200095612
0.0969784548026
0.0300818747521
0.022018226673
0.0329589987072
0.0191946260669
0.11317695588
0.0377071940319
-0.0351559997732
0.0624694257396
-0.0089851051987
-0.0435293973803
0.00582443331263
0.00240919825779
0.0484019121195
0.0382373262541
-0.00838192167024
-0.00888600573716
0.103558250594
0.0134490125908
0.13309197395
0.0944577852087
0.0506943383594
0.083571022144
0.0692827040281
-0.0401958380661
0.0207871497169
0.113141670418
0.0670906007503
0.0327098378588
-0.0195324817974
0.0824577164448
0.0123606696365
0.0832325598799
0.0916202107315
0.0627940067682
0.0637986409602
0.0442915976929
0.128604338892
0.00771383017895
0.00416539633303
0.118290150514
-0.0799390813866
0.0414407153352
0.116958572595
0.0813755211927
0.0389432355157
0.08290962306
0.0491119537569
0.0551392958556
0.0242753034631
0.0341213716549
0.000284847516865
0.0382276826656
0.0853197166836
-0.0032726200215
0.0985341446133
0.0524761165412
0.0775389354336
0.00877565679224
0.0364621495047
0.0931510641225
0.00680906774119
-0.0403944351297
-0.00678736159772
-0.0710846407051
0.0742129154261
0.114194607339
0.0355804650698
0.0995765472648
0.0600545422164
0.0492895990098
0.0622548925589
0.0687226281088
0.0270393693227
-0.0390451409146
0.0419280488913
0.0223712905527
-0.158678839009
0.0777737143986
0.104050482787
0.0091341251725
0.080894922594
0.0664726287688
-0.00233021686995
0.0914758644045
0.0267474321597
0.0406508516379
0.0911825549804
0.00816929891409
-0.0647408055257
0.0917055767142
0.0701207554703
0.0596418120914
0.0130971597052
0.0374612961448
0.0643848651959
-0.00342962005857
-0.0540966422989
0.00358968123203
-0.0313023931525
0.117780695622
0.0934894752359
0.0652477888948
0.118354975311
0.0776917143431
0.138460017324
-0.0111480601608
0.106811016192
0.0398157432329
-0.0100627104944
0.102381585148
0.0365742170842
0.0512190269266
0.0582482414469
-0.0287897273206
0.088609336255
-0.00945787050177
0.0896167178664
0.0604989669755
0.027602542079
0.0419129418015
0.0101182680425
-0.00879845292747
0.103566588608
0.112147189268
0.0478261321364
-0.0269175332323
0.0464952634363
0.0575972122303
-0.0455373095495
0.0859705431668
-0.0148719145542
0.0139469446487
0.0397167398041
0.106444440251
0.0477596942624
-0.00742055174925
0.0936552311648
-0.0164611210018
0.0825261130249
0.00513100910448
0.0283320018178
0.0556438382422
0.128304494399
0.0535353475951
0.0753291425399
0.0770219878303
-0.0161494597192
0.0414128263993
-0.0296075052196
0.0453375882062
0.055632022311
-0.0095107350225
0.0393091612149
0.0181130313269
0.0897956269634
0.107160466598
0.033191053932
0.00894022118639
0.0527650772845
0.0894836767653
0.0490616506894
0.114479938525
0.0855180640969
0.133105127174
0.0493941500649
0.102834365911
0.0560221906178
0.0814373847325
0.0516114200763
-0.00344150805594
0.115245134212
0.0714709162604
0.0328264532334
0.0171226125511
0.133230969684
-0.0272798668582
0.11579428249
0.0494719537436
-0.090689877589
0.0808100083088
-0.0414664742816
0.0755694450761
0.105004569857
0.0530563486858
0.0696695120127
0.106609180853
-0.08668812783
0.125241204937
-0.0514724277285
0.0365358190688
-0.0391380142985
0.0379536640855
-0.0281394093325
0.0297244143135
0.0715348346256
0.0894949003496
-0.0813581121617
0.0563065576482
-0.0408216965415
-0.0315755599508
0.00586575992989
0.127624256755
0.0241010797178
0.0421082946241
0.0139144414234
0.0882598397078
0.125242983267
0.035217072785
0.0420065975206
-0.00646645164087
0.0584361886144
0.111975021898
0.0440834448748
0.0714690436124
0.0627113760479
0.0737020761162
0.092766929701
0.0569614814608
0.00909906595347
0.0240849936085
0.0774257379878
0.105991674692
0.0100842600891
0.0985334697292
0.102248129253
0.119687482766
0.00547469414882
-0.0179505082513
-0.0651899587396
0.0969455504633
0.0430811298993
0.0879989311985
0.119593885627
0.0357702780593
-0.0228927952452
0.0665099552673
0.0344076076288
0.0908317198295
0.0131761897412
0.105251779117
0.0446126990989
0.088478747039
0.056068338015
0.0135226228053
0.0293980348076
0.0294794038189
0.116522725302
0.130341450471
-0.0241214318471
0.0983360427221
0.0209768623097
0.0752426836155
0.107220873641
0.0311574284488
0.0680209072915
0.0493076134287
-0.0384573464504
0.0457491043468
0.0902691125913
-0.0118219301362
0.0819414567128
0.074271603681
0.103052284374
0.0585055758002
0.0491425060905
0.0284160400362
0.0844596998164
-0.0120860896755
0.00661395629999
0.0271251212495
0.0230230758541
0.00504018467746
0.0233375443434
0.0164317975992
0.0228532750902
0.0505026181814
0.128433500442
0.0525340127537
0.0690238158005
0.0547418740636
0.0585221238014
0.0932840108611
0.03153672231
0.0605959964708
0.0772966129343
-0.0201957756353
0.00402757877754
0.0598546529172
0.0311840714422
-0.0316587899636
-0.0449046228334
0.0706895425361
0.0632892044367
0.0415185620033
-0.028856679437
0.0137895626349
-0.0145835992675
-0.00651104870294
-0.00926793839027
0.009094599993
0.115657041123
-0.00555169319764
0.0236523315557
0.0501441411805
0.0232283467041
0.107807683826
-0.00446400126087
-0.0102767972771
0.0289637059536
0.0601566809608
0.0864168808483
0.0900120619618
0.0608630589526
0.112983104906
-0.0593714075298
-0.0873430686119
0.0580750194269
0.0869655584669
0.118752462619
0.112973677105
0.0798353492096
0.117493175922
0.0291332946956
0.0566000460514
0.0221306939242
0.089973318322
0.0704608449699
0.0819979216273
-0.0524182798032
0.122639502422
0.0134996141688
0.0802426383978
0.0819826126262
0.101209934309
0.0637615984322
-0.0327264552918
0.02624574344
0.0719177715293
-0.149187659468
0.0250196672198
-0.0504230545527
0.00178960156177
0.0819627338743
0.0513601639077
0.0435710442325
0.0722459347857
0.0641902179581
0.0472880840309
0.0288609402311
-0.047847629002
-0.0102296485354
0.083995398298
0.00374822596792
0.0789615309328
-0.0992240330157
0.0900811405215
0.0437096213657
0.0482689888657
0.00945532557775
0.0700003459223
0.0950071435954
0.0903319907011
-0.0561612936646
-0.0566476659998
0.0300373032695
0.0775477782816
0.100521041763
0.0489666985972
-0.0199119021884
0.118471979536
0.0903469348131
0.0297715998306
-0.0472755251531
-0.000253015123004
0.031216179841
-0.00808545325998
0.00803720450306
0.102259545793
0.0812844437997
-0.0561198242744
-0.0593947367449
0.06939576208
0.0836623324858
0.0725080731773
-0.0157662005801
0.0342420086585
-0.00630010334923
-0.00165164641333
0.0496308259735
-0.012682476346
0.0254329362157
-0.00288681643369
0.0851969874694
0.0133990244921
0.0348066129117
0.0312850816593
0.0204007425805
0.131425120668
0.040234484203
0.0335587218073
0.0891629278853
-0.000852174037696
0.0437391364063
0.09355242725
-0.00716305679812
0.0197406510951
0.0519880161138
0.0938733081373
0.0606130114936
0.0935351569852
0.0481736779962
0.0930510720344
-0.0298537518138
0.127308672724
0.101408723137
0.0374050270174
0.066093246561
0.111497657289
0.0205666391491
-0.035515211494
0.0302608490547
-0.0560747847893
0.0724834250439
0.0570828470575
0.0752494912479
0.0267020247786
0.0960655501877
-0.0113834818949
-0.0146057916902
0.00670125774559
0.129403109603
0.0737620962289
-0.0100312435984
0.124840801325
0.0388352396151
-0.0499109423398
0.0422302036255
-0.00937740386041
0.0751502192068
0.0760664712933
0.0133587364303
0.0559068793107
0.0325444369886
-0.0383855883735
-0.0259252949979
0.109445352309
0.026583422172
0.0593133024215
0.0391379088421
0.0912302660758
0.103325341025
0.0692795149645
-0.0234068964985
0.00485219107349
0.108065607203
0.0772211399849
0.0580199341831
-0.0087197584134
-0.00958678914619
0.0193944233482
0.070504854884
-0.00874455289969
-0.154509114767
0.0442592045765
-0.0422100759933
-0.0143802980808
0.0689203202569
-0.0258999487221
-0.0481357994812
0.0544093229023
0.122079028253
0.100067399643
0.100195037381
0.104027923322
0.0833581318163
0.0212437996851
0.131540798825
0.0770655010924
0.0942155460841
0.0286014364493
0.000142102565122
0.0465618485312
0.106860846678
-0.00995073540492
0.122984879726
0.0119218807831
0.110797414396
0.109954840896
0.0102439607991
0.0786251131025
0.0439934392869
0.095703247205
0.0252280322214
0.0221522102147
-0.0325584632054
0.0832354042835
-0.0172856176337
0.0852650672737
0.0454635769415
0.0868955512498
0.0708973267996
0.0403029132213
0.0526751008484
-0.00808921248624
0.12007133963
0.0702440304757
0.0739785298402
0.0825322465802
0.0894692741237
0.127861817605
0.0376385422239
0.0354046841825
0.0272047573724
-0.0135561384097
0.0752885438693
0.0564884887454
0.0144263891887
-0.0117517444187
0.0299863858647
0.130393330291
-0.00567993794954
0.0689651096255
0.0327953132527
0.00921494659862
0.0692968628043
0.105040141475
0.0324896731861
0.0852602130117
0.0754866980856
0.122316112112
0.0192054691989
-0.00758986912007
0.056783215964
-0.0541621601102
0.032697822947
0.0969101286625
0.0264308212183
0.0964194369157
0.0234637535804
-0.0422270060196
0.0782354473206
0.0434836316206
0.0734712422754
0.0713785026238
-0.0177677778434
0.10118326451
-0.00167335405363
0.0597194229749
0.0298249973859
-0.0647526294758
-0.0379203163604
0.0148413956488
-0.00208644139168
0.0692763724875
0.098419459808
0.0258379637683
0.0217135048268
0.0900969102279
-0.000123150142432
-0.0236929289679
0.0138351195318
0.0953710681228
0.0913261875583
0.0976087285361
0.113700169255
-0.00387249276297
0.0777635957212
-0.0158145579333
-0.0387824671806
0.111645520026
0.0548837872772
0.0553412648505
0.0660525146774
0.0937369870113
0.00550270891953
0.117168854261
0.057546807603
0.0774061886501
0.0526780958033
0.116960346346
-0.108094838673
0.102894484507
-0.043428851952
0.0886526934609
-0.00275043669659
-0.0085499801988
0.0408122778072
0.0270043538424
0.0418320454227
0.0908946667825
0.103613529587
0.121593245191
0.0171609318892
-0.00392133386206
0.0268354591189
0.0238440167486
0.0842649177419
0.012869848025
0.0448317506603
0.066908769314
0.0529448843425
-0.0753737072515
0.036475743425
0.0439382942531
0.0577719004348
-0.0555497765119
0.0653934063323
0.0876962124239
0.00992728378559
0.0918216046793
0.0423098854272
-0.0358194595816
0.110949286917
0.0623916119399
-0.0266646417152
0.0241569830762
0.0259085291402
0.0156998642257
0.0506881605336
0.00718769913285
0.0582520225829
0.0545445956346
0.0557095306685
0.0567581668433
0.0285196925687
0.100637929117
0.00381718046642
0.100234727624
0.0409242565397
0.0436789065414
0.0320832657904
0.0825904171363
0.015164047709
0.0806973053206
-0.0521556456861
0.000922191049024
0.0188629685832
0.0731866891772
0.00622054765498
0.0821184128478
0.0904340581854
-0.068543306191
0.0650713994057
0.0498644769981
0.0907818043183
0.109288483951
0.0463062531704
-0.0199517596801
0.0475844773959
0.0121760255991
-0.0690309109146
0.0380812380622
0.105058328296
0.0668156523302
0.0678883026441
0.0663170413072
0.107119594023
0.00489215491717
0.0675987649602
-0.00472266414758
0.0256393771116
0.0979911055555
0.00748685423927
0.0277248192001
-0.015179767924
0.102016573205
-0.0690324856831
0.0532363517948
0.0698624934205
0.0172482385784
0.0225579149405
0.0763601728541
0.0416762888553
0.0560878694793
0.0291791423508
0.121432735083
0.00901354373847
0.052780448537
0.0214516016783
0.0576848402394
0.119340059905
0.0465712767277
0.0586889501496
-0.0538555843228
0.0460793211309
-0.0695020932692
0.114909314192
-0.0367545095093
0.10672287029
0.0523254779771
0.0867938449813
0.0171900038796
0.0556723186134
0.00229401766852
-0.0232674198949
-0.0620161118852
0.0507914901103
-0.0252246664929
0.00960350945178
0.0192617244682
-0.106586152372
0.0310792050943
0.051210294043
-0.0186850104519
0.131726644706
-0.162021981541
0.0968339603454
0.0483734434617
0.114914259292
0.0308821409892
0.0527181835053
0.126417551098
0.0300516672749
-0.0577402204231
0.0190788169036
0.0966054462772
0.0636812990427
0.0372196613889
-0.0396766531571
0.0986444431841
0.0340712572446
0.0884466063596
0.131610039785
0.0131321209306
0.0804781782172
-0.0538480394834
0.0856869699931
0.0948821906558
-0.078711830991
0.0912414410024
0.116894415174
0.0682855578989
0.120341707063
0.112392836806
-0.0331632451656
-0.0361439176749
0.090836058647
0.0752154191763
0.0565234400362
0.0770735876542
0.00199981505855
0.0280082708556
0.0115695744309
0.005119461763
0.0972024659102
0.0932687068775
0.0878531374314
0.03875967468
0.0118759200332
0.129618291442
0.126268207617
-0.0497715166869
-0.0425555729589
-0.00749503074194
0.0138153176401
0.0539196315935
0.0471156872233
0.127455860107
0.0193915790311
0.0133144680874
0.00116207051914
0.0647047357572
0.110681034471
0.111043609551
0.0538086267154
0.0964032839353
0.0938301706741
0.0445169383837
0.0480309831381
0.0292212984317
0.0974447236249
0.0534369122156
-0.0117840808379
0.00341627935703
-0.00353935524082
0.0992131841775
-0.0631285431866
0.0491696668352
0.0734939428567
0.122439304852
0.0920454558109
0.13369687539
0.0834110010246
-0.0127617725048
0.0129472638568
0.0843741132723
-0.0478855707654
0.122675578119
0.000916896042795
0.0206544554671
0.00314066730948
0.00759143054607
0.101539799391
-0.0307441632522
0.0526298602932
0.120973862277
0.0765104627357
0.00452834225472
0.0843992042269
-0.0134873682034
0.0256067864174
0.0344147228915
0.0523547883631
0.103881619856
-0.0507316641851
-0.0323842421922
0.138525366877
0.0131210195416
0.0196471102997
0.0791486181526
0.0215603957988
0.0766421986762
0.0285013370699
0.0517583677397
0.0821170134588
0.0284770664871
0.0253322472458
0.0866272247519
0.125385358258
-0.0183892224168
-0.00768509670926
0.0568306799859
-0.0392189708668
0.0610371089659
0.0632334939151
0.0395851935172
0.0371176433645
0.0871024331076
-0.0683040443668
0.0248054560796
-0.0208908635097
0.0498678948684
0.135443533627
0.0367767706774
0.0977024367561
0.0174081576132
0.00440962594946
0.0790332316339
-0.00643256989868
0.0446862471249
-0.026767125287
0.0349615433323
0.135148310426
0.0175411602817
0.0583500746686
0.0333993423337
0.0787636535409
0.0303938260306
0.0335813978101
0.114695113413
-0.0386835268064
0.0273137345316
0.0398083896841
0.0276194355035
0.0405324198957
0.0170621343262
0.0995865767863
0.0476157718236
0.0933112877056
0.0827517703097
0.0441305647372
0.00395140215426
0.00285307468488
-0.0946177574657
0.0461989688742
0.00730917693449
0.0185514867402
0.0513810005647
0.085992043053
0.0255959850062
0.137080805291
0.0420442010779
0.00545664342998
-0.00101669480294
0.103544078313
-0.00415372516476
0.0590615649933
0.00854931900991
0.0868578472247
0.0146305472037
-0.0607528404867
0.00313409707484
-0.0114371309627
0.0761255057164
0.113079151985
0.0376101141098
0.0420801571257
0.0173154570713
-0.00235506755004
0.0498636338581
0.0524040719694
0.0615619843979
0.0528712161001
-0.0194321326961
0.0552268559622
0.0689620797201
0.063698752526
-0.00616576963432
0.0740161198672
-0.0145209820009
-0.027641906024
-0.0812955143752
0.0955500366917
0.0403188629179
0.0656952418466
0.06466673471
0.0640904333849
0.0562487791538
0.0397260262562
0.0671917383745
0.08538463802
0.00530089360702
0.0337210942956
-0.00746104203591
0.108854924358
0.0706967625966
0.0257672606506
0.125202369042
0.0934793313794
-0.0373771823669
0.0771056863911
0.0580006713032
0.0810682426192
0.0130960428163
0.0600217678109
0.0642641014389
0.00578369976505
-0.0242973026672
0.100485766514
0.100464866331
0.0477733926016
-0.0181039166767
0.112489655446
-0.0529992843602
0.0928405096821
0.0808027922207
-0.0177158252076
0.0642055340635
0.0839758013299
0.133022918695
-0.0323453854211
-0.0121574817235
0.0125854123337
0.0268939712701
0.0629827961873
0.12965328483
-0.0266500889041
-0.0414906836844
0.0450142809227
0.0588566367107
0.0635691261009
0.0228708726221
0.0772866750859
0.0233675201997
0.1136353278
0.0387682649458
0.0763280512135
0.131086598209
-0.0200438844238
0.00833449578668
-0.00952963508229
0.0602126917956
0.0575095491258
0.114024258582
0.0517232707017
0.0500106258651
0.0986427587294
0.125855121627
0.0331281567313
-0.0481431854586
0.0174773995635
0.00873042683821
-0.0340135352187
0.041389241535
0.104936310895
0.0706058360063
0.0951616883317
-0.0040305266229
0.0445338354098
0.0732602420877
0.0104667867978
0.133653360102
0.0897325548411
0.0282809160048
0.05149441066
0.0660123069516
0.0523629879038
0.0628778823166
0.0296069888189
0.0609886450648
0.105616964117
0.0814514386115
0.0293416790693
-0.0216238715578
0.0987902128388
0.0323466656885
0.0195408733618
0.140822946321
-0.0794101432859
-0.00314066725602
0.105225827151
0.0926658646432
0.0465741944413
0.0904712879748
0.0157457299881
-0.0718555921269
0.0108374575625
0.0947764551293
0.0515168080272
0.0846294515315
0.0524012138395
0.0134522503375
0.0603013886718
0.0523303149555
0.0613062840239
0.119962634986
0.0882265778018
0.00684499510563
0.122146672839
0.0875323999711
0.0931792632169
0.097929399191
-0.0836930611928
0.100927467279
-0.0369633639633
0.0420455824065
-0.00417791829732
0.0397962315921
0.0906223998394
0.00595545162761
0.0473394765035
-0.0543241504574
-0.108188742877
-0.0197704170364
0.0436734697964
0.112669831322
-0.0118679248856
0.0921484074827
0.11377744043
0.0118352235131
0.0714362464982
0.0347201792356
0.0167238376193
0.0618770931558
0.0274705487377
0.10500007297
0.0784901410521
0.109459570766
0.0839263765745
0.00568328710092
0.0532121965314
0.0943682097391
-0.0317063151365
0.115939700984
0.0365625835812
-0.00873290337041
0.098230006794
0.109657692016
0.0866136100813
0.117550807612
0.0275621027828
0.018009637886
0.117970096391
0.0705253260044
0.0986017206398
0.0846796224215
0.0935332000352
0.0263111167966
0.0445068617655
0.0486119448228
0.0735686809045
0.124488177913
0.00676438012497
0.0376465110025
0.0567607809131
0.0834975103437
0.0754050315874
0.0902719920612
-0.0130059239941
0.0490736343228
0.0718299727916
0.121116775369
0.0806351403246
0.0961334833828
0.0316305209995
0.0992031777224
0.0948294398332
0.117614002569
-0.0310616008607
-0.0475826649548
0.0245492197689
-0.0262222318704
0.0543226580158
0.033123891059
0.0917565170405
0.109672808266
0.0137667134319
0.00649410951462
0.0913046414359
-0.0129276651195
0.100616430125
-0.00176668744211
0.107879941428
0.115267019531
0.0503244795903
-0.00460618081808
-0.0748978571106
0.107854883879
0.108341881893
-0.0762012229606
0.0718078915822
0.0859525480835
0.0563052980718
0.0434239591021
0.0815810900297
0.0294980659
0.123096855374
-0.0185349662302
0.0284602066345
0.0674321275735
0.06784988964
-0.00458158819045
0.0784173464851
-0.0110785906681
0.00434004614636
-0.00697298269683
0.0514028081813
0.0475263557248
0.0281581114304
0.0588030317178
0.0907468217328
-0.00332868663977
-0.00197329786499
0.0202280563057
-0.0640397676023
0.0407577323564
0.0808711763389
0.0116777854823
0.0159301934544
0.0811511925224
0.0486221631781
0.112564814112
0.0921853937236
-0.0429337785581
-0.00562303135435
0.0301951352754
0.026837214247
0.119362028106
0.0763183345288
0.0331664952878
0.00868790438322
0.0194216260806
0.0561397759405
0.0345412466073
0.0498258344674
0.0873785354928
0.098774346577
0.079182132452
-0.032646336581
0.0532083818613
0.0717291990494
0.0651506302958
0.0931223608401
0.135275441902
-0.0658872708225
0.138479036909
0.0466403814787
-0.0105908329077
0.13159553193
0.111744287323
0.0327189248206
0.0777547701606
0.0801051515843
0.11176907747
0.0949640170069
0.0883195421207
0.0429120014562
0.039610960798
-0.0441459562146
0.0678802305465
-0.0284461398782
0.103283564399
0.0820782026306
0.0616173212641
0.0558818161539
-0.0830730574007
0.040345929525
0.0686402769708
0.131803354475
-0.0123038161102
0.0568766392725
0.0407765291192
0.0476972722282
0.00883111256504
0.0945105974909
0.119103028225
0.0902446466772
0.063795412116
0.11905721399
0.0416309926752
0.114833842335
0.0551187268914
-0.00225681942393
-0.102082455862
0.00919929865743
0.0233733423406
0.0361132452762
0.0933661099326
0.0501908866389
0.0593298856411
0.137340389507
0.0807788734611
0.0500939314346
-0.133588602074
0.0741220319033
0.0298155573204
0.0769745905361
0.0221510690188
0.0808049672396
0.0275618456939
0.0775051451105
0.121860279006
0.105347627372
0.0717440555066
0.103237788105
0.0302565390938
0.00695502515991
4.36956758012e-05
0.144857172893
0.048640630248
-0.0339553139984
-0.0368729627171
-0.00237492112116
0.0456909502564
0.0719477111597
0.115483902136
-0.00193923648332
0.100086210162
0.0461211769646
0.0559322941979
0.105297064949
0.133279368557
0.0469112258619
0.0803545197192
-0.0362522623961
0.0358212371498
0.11439217976
0.0126643028819
0.0387331652347
0.103365517479
0.0199663500577
0.0842816674179
0.00996371312188
0.129631913018
0.0561177873316
0.073170126413
-0.014375930838
0.0947174243422
-0.0467489410757
-0.0348575151255
0.0696647076571
-0.0053379480221
0.0741543857175
0.0662822738212
0.0326659887042
0.0798394607377
0.0757563268062
-0.111184499676
-0.014090361943
0.0461020490674
0.0821379377392
0.025164358856
0.126551639884
0.0910793537815
-0.071848055724
0.0399730114192
0.115025057459
0.040348076098
0.0529357902037
0.115938692396
0.0765676455363
0.111476594305
0.0378859475608
0.00170484191685
0.0570434447563
0.0904148754389
0.0759897492167
0.0123083203846
0.0393902012675
-0.125705614791
0.0376219509775
0.0786651691874
0.0250566340131
0.0522820589019
0.110518078337
0.116733941964
0.0637473819607
0.106010374437
0.129450287448
0.117426774803
0.0387540468749
-0.0803191820788
0.0523768807821
0.0325814334047
0.101269799355
0.0697560678998
0.104843756596
0.0825618515083
-0.00632258517845
-0.0105216142482
0.135239706862
0.0326856103438
-0.0651752885379
-0.00762076678718
0.0691460668068
0.0442293933609
0.114678872677
0.0903569920887
0.0216531231396
0.0875487298447
0.119611894939
0.0812728652029
0.0167282657253
0.0249410557714
0.0573881777114
0.144303818895
0.0381843550027
0.137830632243
0.0312753144135
-0.018646274636
0.0560412273162
0.130722668246
0.0516364410586
0.0374536013061
0.0682697385267
0.0517879517379
0.0256478809328
0.072460179731
0.101158473245
0.00538970247198
0.0550148132145
0.053526558058
0.0711675814652
0.0473893102427
0.121200567671
0.0106492402117
0.0500056952655
0.0195636942422
0.0566716893573
0.0597022844957
0.00250859546652
0.042726078461
0.0271953793484
0.00781184455492
-0.118888510868
0.0347445484888
0.0869841487661
-0.0826421968379
0.0427363475683
-0.0195806413299
0.0520932193584
-0.00503336600331
0.0857211973255
0.00961043912296
0.072545359183
0.0441211560995
-0.0321324668953
-0.0347792712899
0.046845557948
-0.0233090856048
0.116698687227
0.00723381955395
0.093685184781
0.058561549503
0.0812888159657
0.0742300083632
0.067404799937
0.054405579856
0.113323957497
-0.0325270849479
0.00393633355346
0.0350311513707
0.0352983501248
-0.00018764471471
0.0159502703561
-0.0125645854183
0.0893859044546
0.0796195598311
0.0576904520501
0.0914510439718
0.0554329777503
0.0127077180239
0.0970044467097
0.0534587520697
0.080194961578
0.0130795622886
0.0121848571261
0.0670042367888
0.0440566089659
-0.000589999592964
-0.0382152948328
0.00346617853634
0.0481804731582
0.120420203986
0.0877912581048
0.00579890027973
0.0606599630109
-0.0428762780613
0.0556707564416
0.0949465810687
-0.0996054778425
0.0750537574158
0.0512127425886
0.130546161389
0.00270205465483
0.0804687892739
-0.0536488203243
0.0685686472027
0.0900203872295
0.0745882946142
0.084296064471
-0.0316386003008
0.0897768095747
0.05304646305
0.124761377392
0.0201846551596
-0.0763943066118
-0.109529208588
0.0600240181864
0.0118937765402
0.117475915657
0.0479799249513
0.0823995652948
0.0491838999473
0.0101602740103
0.0380236578631
0.0511998031073
0.0298942432571
0.0196777346509
-0.00750992645779
-0.0609694116555
0.0134908009332
0.00120954605234
0.0162730324903
-0.0150666871127
-0.00545736859328
0.0745501718315
0.106221359504
0.00676531770526
0.0355810929131
0.0645844717695
-0.106277030705
0.10182718631
0.0666590504262
-0.00462413431911
-0.0178472502031
0.0304534814211
0.0153598202175
0.0738093310808
0.0311313007965
0.0153287949734
0.0452553153548
0.0262527629059
0.10001516023
0.0657978995652
0.0309966935968
-0.0205275382133
-0.00457886876572
0.0139145745086
0.106422054554
0.124817789237
0.0857203758129
0.0647223935851
-0.0181316180042
0.0986148043307
0.0796752260904
0.0192749203192
0.0212261545881
0.116331892171
0.0389167431239
0.105040598298
0.00549477411581
0.0914231388122
0.129361646773
0.0266032988549
0.0693794965714
0.0257782602214
-0.0110615388751
0.0342090272315
-0.0838486086444
0.122648271186
-0.0356892664335
0.0342465648026
0.10695262036
-0.0396099334094
0.0681064438345
0.0450097281559
0.0978508888151
0.00561434602567
-0.0259164001971
0.0382554715529
-0.0315834919045
0.101768527284
0.0816973520795
0.0798024934212
0.0658594435577
0.104196374522
-0.0225826349418
-0.0114824092629
-0.00466253259712
-0.051302149593
0.12641999426
-0.00215403741712
0.0612091450832
0.0606697761454
0.0216354801841
-0.026216682021
0.0976682496292
0.101632120292
0.0871625708122
0.090627790596
0.104867025622
0.0354166388852
-0.0441518669501
0.102275711957
-0.120360758547
0.0262456256464
0.0827482483523
0.063773209046
0.0849473243334
-0.0163596471653
0.067171404361
0.0383202352972
0.0465709927
0.126012467669
0.101706112058
0.0650352643698
0.0302014117529
0.110401447131
0.0833265662435
0.0774762466474
0.0966343349986
0.0592688396124
0.0241200094042
0.0308296426318
0.0286483027854
0.0359374962978
0.0354284192685
0.0958964844022
-0.0143312101345
0.0455996206701
-0.0189724424624
0.0876785236245
0.0847308465051
0.119856317222
-0.0548821754294
0.0748873903755
0.0776594172867
0.13085831741
0.141773449516
0.1043530479
0.0308019679497
0.0793026873736
0.0487486110235
0.0494654540756
0.0167734686801
0.0506144224057
0.0422342372311
0.137536595347
0.0685099812837
0.104318185207
0.084821142481
0.00575857941306
0.0670575205784
0.0448314980579
0.0518161865297
0.0216958571283
-0.0076326828153
0.00357858324607
0.0139317018299
0.0368000490528
-0.00141222804226
-0.0127803595261
0.0809531382013
0.136815689357
0.124783598309
-0.0227969366919
-0.0342216276285
0.115114487458
0.0479045092634
-0.0495663903228
0.0434616892646
0.0229518850144
0.0776466231486
-0.0399984047178
-0.0160349263392
0.099780542616
0.114822208918
-0.0248573294164
0.0506821917274
0.0410032607174
0.0306536930374
-0.0209087905592
-0.0986548576346
0.0599985261522
0.0433485168189
0.0242642193214
0.0628554454138
0.0584695558239
0.102639279916
0.0150467188656
0.0761419926619
-0.00946595751969
-0.0014420946336
0.0525609378623
0.0335823979261
-0.0127144884984
0.0482458877979
0.0773320516931
-0.0131877943055
0.126113609998
0.0156851631048
0.0100441698257
0.0930320645111
-0.0238617207267
-0.0486501453393
0.0953954430102
0.0693082019472
0.0809227231713
0.0677479937218
0.0144834556235
0.043221254867
0.090143849371
0.0858776702154
0.0337640798505
0.0329284708444
-0.0342160896395
0.143696333598
0.0588919948194
0.0360768505769
0.038213708722
-0.0604403889266
0.134428973619
0.0970481759275
0.0141098651039
0.0287810388742
0.0933222560975
-0.0306124514734
0.0598802754916
0.0216265188852
0.0439858128644
0.0565649107539
0.00715878638881
-0.174106439949
-0.0508908766809
0.0576913160732
0.0667857685722
0.0350056940265
0.086751482354
0.0834472354364
0.108785757881
0.107637965088
0.00583629800559
0.0155429882985
-0.0274955661654
0.0681339275615
0.0828099548907
0.0942863813659
-0.0372219173046
0.0329867363513
0.0693125953731
0.109915900846
0.0761866066465
0.00143159784697
0.0100817598425
-0.0243561603191
0.0641162292428
0.04039159449
-0.0176360724178
0.0873953896501
-0.000927820483792
0.0173147965498
0.0949707304726
0.0525136924071
0.0136460239937
0.047810184336
0.105167790304
0.0752331900254
0.0802208722573
-0.0264459879001
-0.0377645243129
0.00324174094501
0.0540413220391
-0.0208341048217
0.026150278632
0.0134314673614
0.0398462719429
0.0481136841626
0.00885698300902
0.12351118364
0.104243522615
0.0204737139588
0.092034051804
0.00820009613415
0.109432596632
-0.0262556154581
0.00178523097586
-0.0156657776864
0.084921830568
0.0746592350114
-0.0475222278793
-0.0462812930001
0.0055473235485
0.11148671347
-0.0762686528761
0.0766221957886
0.00501187967892
0.00211488431478
0.0596346909836
0.0453829569417
-0.0850081341679
0.00854393463879
0.0587192799529
-0.00473141785437
0.0453098759845
0.104430281683
-0.0133559536766
0.0163425573218
0.0274374699518
0.0622798192472
0.0263409544483
0.038637541444
0.0483693496642
0.000778103322327
0.0882924688663
-0.00686608899758
0.0944964484791
0.0808787238524
0.0712147264216
0.0291344030397
0.113659113628
0.0336693134526
0.104666729005
0.0318694725882
0.0730402211078
0.0477644258713
0.0471566409672
0.0895357738508
0.0943863986852
0.0720726321116
0.0660631961429
0.0585571719833
0.0836537219317
-0.0111505969097
0.0274537050816
0.017207921982
-0.0199344412841
0.0392697142103
0.037538976872
0.0512905995973
0.0879426802451
0.0687918710825
0.0940411621003
0.0553127047512
0.0402651619404
0.0373779382542
-0.0117842647729
0.120867146549
0.0743337445906
0.00299195648336
0.0880132166929
0.0661015210012
0.0717350896777
0.103203754157
0.0847395901942
0.0595700255794
0.0726332493771
0.0652475997706
0.0597813608116
0.09853719712
0.0682428486304
0.074642462151
0.0844534071824
0.0824908355
-9.23104128683e-05
0.00575784065711
0.0145560254475
0.113715643636
0.00913286055382
0.0834820221369
0.0214125016011
0.0303522807298
0.121091111449
0.103963093944
0.0545672981354
0.0405900208652
0.0306496827858
0.0147324949037
0.0901231920003
0.0558271737865
0.0619889503823
-0.0638398220274
0.0702924727297
0.124557845568
0.0950507733461
0.100125984976
0.0610384481539
0.0839631950159
0.0913249571475
0.072237370541
0.0292968511946
-0.109804810964
0.0912081196545
0.0334573564443
0.106056566351
0.128623380847
0.0365128702808
0.0634930962065
-0.0193996280183
0.105519761664
0.0910228194891
0.0619627790619
0.00334561781
0.0235908811214
-0.0215865048981
0.108653637721
-0.00771083643
0.0454632907455
0.0330414242152
0.00252176539074
0.0112302155065
0.0520301977118
0.0561496654389
-0.127711648566
0.12284618001
0.0146624720271
-0.0785000967844
0.026200671913
0.00648428907188
0.0676078952561
0.116380199622
0.0190433295372
0.082408099831
0.0121156973183
0.0998479896763
-0.0520567002169
0.0845115917709
0.0325726344651
0.0420625100274
0.0972381197358
0.0629010423286
0.0846718935705
0.0188699542296
-0.00703012620577
0.0190443176604
-0.0951506005232
0.0754270982217
-0.0628046493827
0.0535073648614
0.0735490023021
0.109773322837
0.0986123141534
-0.0590078183748
0.0347318719071
0.0859733329832
0.0877351729862
0.0342910652592
0.0583178137577
0.0316794232072
0.0232508627101
0.0639252838593
0.0601263082055
0.126782884041
0.0239176921841
0.0215488875334
0.00799447587756
0.0365921899406
0.104163866444
0.0870055870099
0.0624147982888
0.00466441565906
0.0698265282891
0.0462641517888
0.0436231156948
-0.0328743882971
0.0686202365202
0.0264753905352
0.0468621380485
-0.0254361144172
0.0762269997768
0.00928007989066
0.0330880535614
-0.0481290660566
0.0569113236453
0.0917121251498
0.0628009228158
0.0586886979451
-0.00815981906659
0.119696431318
0.072507071467
0.0835368605528
0.0440683153722
-0.00714800056647
0.0779934615016
0.134790458207
0.0178218004746
0.0664111209259
0.0319664057196
-0.0344491127428
-0.107435938214
-0.00495176513829
0.032008387832
0.0959313692132
0.114047636207
0.121251765159
-0.0133391144526
0.014560649415
0.104513907146
0.0326401918926
0.142676266124
0.0948637590889
0.0578969741918
0.0713879064453
-0.00310364874197
0.0405187497562
0.0302563807417
0.00922991994365
0.0893858871597
0.0797531710246
0.0984924185069
0.078682063924
0.0223072768511
0.0259453022832
0.0917365592715
0.0410663116328
0.0899674666834
0.0227072843729
0.0265609728681
0.0381407037591
-0.0693807108689
0.0524897663629
0.00178459286366
0.0887376889926
0.0817162672904
-0.00440255315578
0.0367144182132
0.0439348981296
0.125529987715
0.0878865646462
0.125729318455
0.0514152190046
0.0548617491796
0.0435523396654
0.035214611921
0.0636975644187
0.0771508760273
0.0649931966147
-0.0547737214507
0.086586608906
-0.0016530090883
-0.016349489195
0.0329781233765
-0.0377383061898
0.0739068911245
0.0580001556105
-0.0253952368848
0.0696590344374
0.0390305565575
0.0288825428636
0.074683411524
0.0341363581883
0.1088366712
-0.123767054057
0.0440220730242
-0.0806409838776
0.0953539926657
-0.029185436962
0.045535989327
0.0454888457436
0.0609907842884
-0.0145025127529
0.000175398972447
-0.00878592106561
0.109717604704
0.0754713361549
-0.00353002922584
0.0243243059801
-0.022998258429
0.0604647078305
0.117202435647
0.102666573425
0.073362234303
0.0476350265049
0.0844164865386
0.0178256454882
-0.0139212696092
0.0719634179642
0.112670642289
0.0108719276729
0.0652487446609
0.116005756367
-0.0592567861078
0.0125801209922
0.0859127873399
-0.000910776061165
0.115656885269
0.0738192068853
0.0524158153568
0.0300777818124
0.00859432368584
0.0923140289987
0.00236367683364
0.105154112157
0.0860650809612
0.0286144832348
0.0384875273617
-0.0241567154672
0.0981818059509
0.0863153234816
0.0837296870386
-0.00563943267727
0.0559009844978
0.105360177094
0.113592730154
0.0560389798387
0.0621771511607
0.0603747637556
0.0678372449072
0.0918449318325
0.045615741883
0.0842185285054
0.0664137786031
0.00460859010037
0.0469624588239
0.0960964310123
0.0647398676622
0.0737031613584
0.0889686729402
0.118985696233
-0.0135697576971
-0.00718237089315
-0.0504769438017
0.121911094862
0.0902950484528
0.0844016060681
0.0383975559691
0.0736301933146
-0.0130056594604
0.0274302401092
0.0518081705805
0.00430585101604
0.113732947525
0.0126551918139
0.0781992972005
0.0153408544609
0.0810446807551
0.101892315219
0.0498005813047
0.0318743831763
0.0853080548086
0.0312714725801
0.0820111462423
-0.0919920141932
0.122972129105
0.111307544218
0.124360818969
-0.0106717342315
-0.00217059877375
0.00251047847103
0.0557089559854
0.113300106429
0.116547581424
0.0244370392016
-0.0242970796457
0.115262044553
0.137642993227
0.0190083785831
0.0713316247946
-0.0102926654488
0.0948144398441
0.0142166588571
-0.0664393730469
0.0399820336819
0.00387771660951
0.119713528413
0.0473244465626
-0.00377862483887
0.0509129547703
0.0585041699205
0.0544917071927
0.0547966194553
0.0545910561304
0.0590807520807
-0.00467537898704
0.0283317229152
0.0715574384934
0.0715633877303
0.0411773339045
0.0148989250615
0.0147024752877
0.0944003585757
0.0728389946851
0.0283309780101
0.00267194672566
0.003129377457
0.0247984988339
-0.042433758436
0.0312417537296
0.0633459942637
-0.110134053808
0.0436655886855
0.0991116925012
0.0679852227622
0.080340299919
0.0458959557807
0.126238219918
-0.0172496514501
-0.0337174649443
0.112775863942
0.140390440523
0.0516960236187
0.0557507134117
0.00335593460224
0.0967162070872
0.0240102047886
-0.0146462998109
0.0421543261957
-0.0136451039862
0.00674851834408
0.105951893191
-0.0154229613747
0.0557961045413
0.0432326411582
0.077655813369
0.0747493952461
-0.0380367105556
0.0774464782616
0.0646570921493
0.0855738433872
0.057058117137
0.0853417322821
0.0412463485548
-0.100551993766
0.0862188917222
0.0258278611833
0.126427827949
0.0929057341588
0.0165868299747
-9.5951921927e-05
0.0771842286629
0.110939821285
-0.0165593064142
0.0973895983462
-0.00664211681343
0.075205927841
0.0303912306138
0.118587145317
0.0983271281005
-0.0304960444029
0.0316308924146
0.102886544222
-0.0327487841853
0.114788238596
0.113282445082
-0.00331019191639
0.0274804457553
-0.043721001134
0.0993810324101
-0.00914430410764
0.06762519805
0.0252887760168
0.102317731772
0.0997341268995
0.0907621874103
0.0889056875344
0.0826657171168
0.0671619190721
0.0662253291831
-0.0232393429525
0.0491391774265
0.0969838776485
0.0589526180272
0.0925492095334
0.0971333980007
0.115112677487
0.00241705415839
0.0530627516196
-0.000304292230028
0.00323372697412
0.105436975904
-0.00879534533987
0.0187403618612
0.0651790826671
0.0196597641785
0.050329850548
-0.0194115365963
0.0754754031979
-0.00174882951194
0.0166625894077
0.125224794634
-0.0373982585324
0.0451423363601
0.127562665656
-0.023410762029
0.0171745675649
0.121422737726
0.0886880269415
0.00774341999168
0.0594533816859
0.128971716714
-0.0535713175173
0.0658818235532
-0.0320168053849
0.0758555542111
0.0587649683313
0.000377810536878
0.134805422175
0.124482091193
0.107371603364
0.0510463044365
0.114731439363
0.0469944637329
0.124296948694
0.0773904157747
0.0054863496167
-0.000241106069385
-0.0211957231072
-0.0676204920659
-0.00583743649587
0.0144723263476
-0.0207549872988
0.0710279738109
-0.00679417426879
0.0256245401684
0.0057928227675
0.0419982405078
0.0192879070285
0.0614146089287
0.0761038919433
0.0822306934096
0.0882884628481
-0.0476975848911
-0.000555738772704
0.076553910808
-0.0939839121204
-0.0403661569295
-0.0114937486665
0.0733177690332
0.0085716271687
0.062453515094
0.107402565772
0.0146041867842
0.0144583164928
0.08649757815
0.0373596172075
0.0469382322403
0.0233438810064
0.0504779844342
0.0486816296404
0.0333423967422
0.0215030356792
0.119026676395
0.0566069591729
-0.0340729989526
-0.0617384305992
0.0648428535804
0.0667466396225
0.0814463241123
0.0667159746083
0.0280750808494
0.0702265250118
0.0692156465323
0.0724427016308
-0.0262864939403
-0.0350189042757
-0.007884525579
0.0334831885832
-0.00540341056453
0.0393880699901
0.0820411396956
0.0952736207036
-0.0613727719412
-0.00648672879898
0.00319218277136
0.0118449831722
0.132273176899
0.0278958675173
0.0468825884951
0.12733403465
0.0413427651983
-0.0507901259976
0.133310125661
-0.00138816680455
0.0663094933712
-0.0318453615817
-0.0262166637981
0.068646096748
0.0173517231118
-0.050805678429
-0.00525749671544
0.0832278619052
0.00484987605702
0.0636713997867
0.0274877850701
0.0627462796741
0.0353178146486
0.084527671936
0.0563600409502
-0.0717171800122
0.0650613788708
0.0820982011914
0.0889527376726
-0.00829166782206
0.138313993434
0.0340632040787
0.106943530054
0.105149285109
0.00731090392599
0.0650883350446
0.00947592234411
0.00138710488686
0.0253288527605
0.0513988607235
0.0457102558662
0.104639332495
-0.031619271833
0.113560146453
-0.0168300311936
-0.0130337402259
0.0497996931458
0.0307026628031
-0.0111806355235
0.019203302035
0.086159416913
0.104317233472
0.00580213661572
0.0847878214041
0.106530290878
0.0636375408222
0.0327510997931
-0.0989530808943
0.00369833249272
0.117513543004
0.115831677166
-0.01207895987
0.0497290337216
-0.00258943937456
0.00273013872709
-0.139822002858
-0.098368098783
-0.0513605041597
0.0381199046615
0.00354702833373
0.0325180089035
0.102108052687
0.042961196571
0.0540872037592
0.0541167240152
0.0421085251292
0.104478914422
0.105199846347
-0.0123252744086
-0.0254906297398
0.101897681541
-0.0913351604783
0.102884911066
0.00559651739472
0.103738986378
0.0608731387095
0.0049854775306
0.0586131838843
0.0546090616351
-0.0639249776015
0.108659667627
0.0811451731223
0.0743089510311
0.109408917114
0.00801702770313
0.126028295151
0.0302400017566
0.044545100024
-0.0391841675762
-0.0227236989
0.0560249312534
0.00299468603355
0.115696258949
0.126419716836
0.0911743707677
-0.000926787099089
0.0312662555501
0.0388323905532
0.0519005715494
0.0951337748139
0.0885442912678
0.00536719955875
0.00362780265864
0.0612256476013
-0.0563236617933
-0.0326645041073
0.05363042167
0.0835086575628
0.0835942899003
-0.0379615401748
-0.064935720886
0.052944544402
0.0447325933647
0.141536220691
0.0214542581294
0.033041394497
0.0874634450023
0.0214528895768
0.0588670817238
0.0215909528764
0.0518734541933
0.0181491803284
0.0397163704961
-0.000855947042244
0.00233738271759
0.085956299596
0.00906513029123
-0.00872295246616
-0.00302202007616
0.075406277111
-0.0421542174778
0.0691935392051
0.137894884941
0.0592274112834
0.0996400824664
0.0141744425588
0.075844967079
0.0259664865617
0.0709498816915
0.118553931103
-0.0480442756649
0.130717725661
0.0518983044565
-0.0432096958413
0.0757088385004
0.0365810307165
0.0128050054636
0.0930774447912
0.132931838052
0.107902550304
0.043838266903
0.0186409911973
0.00502357711444
0.0990839589297
0.0940950256877
0.116369305728
0.00305087772392
0.104729849894
-0.0375925564223
-0.0871868528555
0.131424378771
-0.0553250852881
0.0590354037697
0.0749500133887
0.11555568061
0.0189124405131
0.116144808851
-0.0188715987522
0.0970848814977
0.0238373485996
0.0564876638459
0.0572908100475
0.0352226267781
0.0885544096763
-0.0306245834912
0.0736577191922
0.0329528217948
0.0783069514248
0.124109436105
0.0771380062219
-0.00269641896522
-0.0356617742019
-0.0167002470046
0.0396194720326
-0.00591925651813
0.0576723695312
-0.0178071018876
0.0137144616555
0.0268575527447
-0.0941061145656
-0.054944886508
0.0127940777305
0.108238679499
0.0103144107727
0.132777760061
0.0824692043117
0.0420497217501
-0.0134654181833
-0.0622498660858
0.0712121692283
-0.0739584609938
0.128076227422
-0.00597109613258
0.0478339177598
0.0204913453207
-0.00784664880458
0.0583224750794
0.0472429617539
0.0723784421817
9.17009764265e-05
0.0613300161905
0.000688616028617
0.0553200152618
-0.00572392055142
0.0634294197039
0.0542817632165
0.112119003139
0.109948760159
0.0766240043879
0.128216006264
0.0476968162728
0.0442910342926
0.102354889783
0.128428453138
-0.052403616413
0.0491444054847
0.0236550758844
0.138830093372
0.106368215864
0.0559339960183
0.0446055377808
0.0637546078553
0.0509174639487
0.0522726657186
0.112745099431
0.0320518670957
-0.0282705523904
0.0381882800843
0.0299800408868
-0.0136058154573
0.0247123522671
0.0465941585681
0.107638020942
0.0215756281222
-0.0284982034499
0.0442889427188
0.0845024461774
0.126144191342
0.042980942349
0.0218127791912
0.0238743507375
0.12826647477
0.0596602427792
0.011583523685
0.0267481885055
0.0286105369463
0.0646876562976
0.00964390804083
0.0461020130717
-0.015517408311
0.0748135653751
0.0209135856984
0.0538554127124
0.0618257082245
0.118074604334
0.00457695541021
0.115936635703
0.0135967180544
0.0892933349229
0.0842001113945
0.0816010670801
0.0487892253165
0.0708143443954
0.0885701557177
-0.15433352495
0.0958805368403
0.0611796440438
0.0700105205036
0.0870229481759
0.0853710895024
0.0927456884599
0.0750816094851
0.0536123360498
-0.0543630211402
0.0473851213067
0.0698045900409
-0.0118153313837
0.0967878639125
0.0739988460555
0.120544347635
0.055016511022
0.0462151251511
0.0971961791605
0.0238491649127
0.0253444641471
0.0154228498248
-0.0718522337073
0.095164312201
0.0959189963895
-0.0200946937222
0.109588028391
0.0364939040581
0.0743188774999
0.0887876948
0.0223394839234
0.119464537311
0.0694426554447
0.0672828056201
0.0204109830242
0.0237170610624
0.0767101375134
0.0128593744614
0.117311389303
0.0969481194815
0.0775495253152
-0.0128650496361
0.030465642939
-0.0491394394133
0.0743944768414
0.0491723447698
-0.0466953814071
0.104752909574
0.13391843063
0.024370755784
0.0320728750905
0.129165102773
-0.0542587990014
0.0971473482416
-0.0339322196437
0.035301841821
-0.122398809868
0.0115063111143
-0.0181397683624
0.0349817000133
0.0424062988484
-0.0133734029832
0.0948999755706
-0.0139595895578
0.0925547251035
0.0525340995106
0.00932071926423
-0.072190838193
-0.00623935872134
0.0960610114884
0.0271009808281
0.0356522028682
0.0703079882838
0.0721029892597
-0.0334362116919
0.0422232073535
-0.0224603999797
0.0470978886181
0.0220361552951
0.081156953222
0.0702305654807
0.00706569420762
0.0408361073184
0.0198932084252
0.036927364324
0.0374926203946
-0.0135330739858
0.0378447731365
0.104131600627
0.0591253305496
0.00741906785148
-0.00218269455365
0.0518693313641
0.0429980040356
0.0613727051521
0.0559357816214
0.0559927431924
0.0350988712633
0.0233975305097
0.0168285762254
0.0132887638414
0.0656307295659
-0.00788229981128
0.0741369994555
0.0886991934928
0.0344562947099
0.0894138695661
0.0766468011776
0.0884010526144
0.0366394863481
-0.0225227379449
0.130665525454
-0.00400068365307
0.0191001613156
-0.134991147694
0.0135911506085
0.0939932503602
0.0278766869346
0.105734744302
0.0808548630545
0.0791858443083
-0.00509754094091
-0.00290783446208
0.0519696933924
0.047016438533
0.0149608016188
0.0180717929745
0.0737415513071
0.13667984993
0.00747418820332
-0.0410572948879
0.0841043831047
0.119494107322
-0.00263487579554
0.0930250508121
0.0717242461503
0.0581251380803
0.0434349901105
0.0404391105789
-0.0173517344361
0.0837697139562
-0.0931859226789
-0.0300127057916
0.0589204608765
0.129252516019
0.0256318068491
0.114977030653
0.0814730216523
0.0517410387953
-0.00899285328388
0.0351382778327
0.105686531774
0.0229683188267
-0.080399876432
0.00774420333703
0.123709149313
-0.0276804179297
0.0318398709608
-0.051608633896
0.0426663588227
0.00534339608639
0.0584294827083
0.074869691875
0.120623633488
0.0591134845944
0.0933677536588
0.0590680020408
0.0738642711607
-0.00222647334982
0.0745737071631
0.0955137793438
0.0206531289142
0.0371639595276
0.0548142980513
0.123433839074
0.115787358423
0.116774106166
0.0692466667575
-0.021009102291
0.130389564979
0.0536465424261
0.0736274417559
0.0381179720372
-0.0301277560354
0.0525304658781
0.0487764861695
0.0796390465453
0.0420061730117
0.00208391795977
0.0975398039311
0.114044937266
-0.0428952097501
-0.00726272227246
0.0985153504719
0.0808010332089
0.114729584755
0.0684746948133
0.110999278547
-0.016737139378
0.0914208353283
0.0306817298346
0.105708376678
0.125061308233
0.090942467856
0.0881968150528
-0.0708499113895
0.0661800567704
0.064241498031
0.0858886727314
0.0250254307126
0.0463441859811
-0.0268779101654
0.126003789487
-0.0650136404183
0.0889287945969
0.0167279009453
0.0832535355919
-0.0323083870425
0.112150673965
0.0423313849426
-0.00252971113997
0.07463268953
0.114532325843
0.113384091585
0.0544655264413
0.124088174878
0.0878512444841
0.0448325194931
0.0710114677877
0.0406612821953
0.0696011640327
0.0906176479039
0.0726395787277
0.0825907722763
0.0257200490881
0.0281528317657
0.0761607919161
0.0265292209288
0.0566215024481
0.0440755418831
0.0183371166245
0.0687955370859
0.0754432534097
0.135429771114
0.0728671908494
0.0269951170762
0.0727435509676
-0.0346352588636
0.0287499257362
0.117478125909
0.0208937296887
0.0405606125918
0.0191369063214
0.0970457391276
0.0623336464984
0.0232618380763
0.0833377748409
0.113286161757
0.0725373150386
0.0705814571938
0.114407928986
0.0413504888188
0.0792824174751
0.108659998053
0.079148316007
0.0101899814509
0.105546415329
-0.0143394214238
0.104938291628
0.0311046885986
-0.00112210147689
-0.0219255348862
0.126404666527
0.0443650003378
-0.0524164691232
0.0367993061503
0.027834860283
0.056459885221
0.0875860760702
0.0612635151559
0.0386062997318
0.0575693690358
-0.00656393350022
0.0453142899955
0.047028350738
0.0720510229871
-0.00524789658183
0.0245319559829
0.0243415150932
0.00932366029762
-0.0385151465521
-0.0524630360216
0.0495834225274
0.117313227713
0.0328904981599
0.0714634791757
0.0245230317928
-0.0151173567372
0.116818158342
-0.0706074018278
0.085149714809
0.0999495858519
0.0292987948573
0.0833604265174
0.0681889933535
0.0156890135799
0.101467604935
0.0733784140806
0.0854876723202
0.104114334496
0.00424233316077
0.00658568089695
0.0390673532831
0.0610651567448
0.0880941301806
-0.0125612386535
-0.000917129583971
0.107371194922
-0.0134369211327
0.126869524708
-0.0705506749685
-0.0462987410414
0.0625041516727
-0.0125295995859
0.0542711216936
0.0163956608862
0.065172385183
0.0815764316982
0.0788450191557
0.0203959233685
0.00565353385994
-0.0270826625067
0.0754595779919
-0.0369463192505
0.119657249949
-0.0132594875781
0.0878039779112
0.028393779905
0.105940635344
0.00835498489503
0.0361412260592
0.0954117499855
0.0223537377387
0.0567565675649
0.0220401141692
0.108078082749
0.105345797075
-0.00190736139224
0.0811281863349
-0.0137895495792
0.11323360797
0.0606393550192
0.121889459777
-0.0137517825787
0.0495543748488
0.0443227104959
0.0395086264911
0.0819275858115
0.131234508601
0.0939602884262
-0.0477034477494
0.0318124845136
-0.0388209383599
-0.0623686042068
0.0560850957217
0.05320754056
0.0764168526455
0.0720156199956
0.0232290960418
0.0313710611428
0.0343623575128
-8.38494654216e-05
0.061868229574
0.002706169353
-0.0128653589032
0.0375743824904
0.037963346778
0.0611672720301
0.0817664914966
0.0514725582132
0.0552052650259
-0.0372457678358
0.0694199797337
-0.0260506912747
0.117500920353
0.128776396492
-0.0323896786403
0.0185754969622
0.0375668491485
0.0560026269965
0.0202594334493
0.129188698995
-0.0515136483737
0.110582012046
0.0085107506158
0.0656528002008
0.0300963785461
0.0442192307874
0.00600633363517
0.0921665372121
0.0933722406822
0.0850849199207
-0.00708393752961
-0.00401936364405
0.0246767810186
0.136364389557
0.0291080420743
0.0954251193578
0.104127551873
-8.31626965416e-05
0.105633220217
0.0399787476965
-0.0133581985901
-0.000852350176273
0.104682558128
-0.00314974021087
0.0566801755267
0.0135033175796
0.143818294497
0.0789123376638
0.0192366915797
0.0401890260736
-0.00108881792409
-0.00301343029394
0.0392881686904
-0.0286965774745
0.0703943788577
0.0758585742338
0.0341688525203
0.0402442144862
0.0998220410727
0.0557250120988
0.0463237260138
-0.0176986006976
0.00150543580634
0.0385816733083
0.102950886808
0.00879403822948
-0.00354669239652
-0.0425014687694
-0.00100479542361
0.0887898665297
-0.0214136338578
0.0259300811078
0.126771003841
0.0894303029866
0.096175198021
0.126613595345
0.108113113684
-0.0796309578525
0.0463651099722
0.00438933166022
0.0575482121466
0.0955568921793
0.0558133045369
0.0566606833336
0.104735615802
0.1139709845
0.0544928143917
0.0772157305588
0.107298300454
-0.0414219807849
0.1162314193
0.0447386425503
0.115903822508
0.0242680939521
0.128108712059
0.074057502753
0.101830994783
0.0487153169353
0.0118620570833
-0.00540538782813
0.0489501632125
0.104047313002
0.103228468223
-0.0177206189619
0.078004547455
0.031530253436
0.108519685037
0.0118716804926
0.0248810525209
0.0525704853198
0.0695798561812
0.0418600494197
-0.0304387751575
0.0644119165158
-0.0323782067612
-0.0125985649748
-0.0140479270423
0.06524262112
0.0720288997034
-0.000660635187185
0.0401400788778
0.0492005494528
0.0552863253638
0.0822625703162
-0.0962690062677
0.0859729577414
0.0864672628202
-0.0590680788513
0.0657802869282
0.0500456604443
-0.0157883823844
-0.0528597384448
0.10595101664
0.11863595326
0.00644548309737
0.118466021886
0.0511765182903
0.0316636074632
-0.00153095133045
0.0810460078257
0.0847072856834
0.0858781342609
-0.00960408103687
0.0934728708576
-0.0625223721464
-0.0617475894153
0.0739648486091
-0.00538796460467
0.144003213965
0.0519377238268
0.0444132854315
0.0966995984246
0.076381363138
0.0609481101524
0.0929005070432
0.0909572176533
0.0275959819973
0.0362399317742
-0.0256555975865
-0.00647881382849
0.127918896023
0.012171440887
-0.0965537410595
0.111833398328
-0.0320508490066
-0.0429088031696
-0.00592703961833
0.0966347867384
0.078736549172
0.0479915379836
0.0449426742455
0.147513808689
-0.0296693712609
0.102795435925
0.0996004398999
-0.0308911325913
0.00344231752526
-0.00777788994011
0.0576268650634
0.0400202363453
0.0542339257824
0.0667809831318
0.110644184749
-0.0341769817771
0.141743016072
0.109404043698
0.0966636206385
0.0294758412274
0.00311943454359
0.0695326699752
0.105669245815
0.0791190226699
0.0795249675405
0.0533653110327
0.0593011037691
0.0411557047479
0.0735474961999
0.0705441888255
0.0337822898133
0.0226370907732
0.0513402399354
0.0385837135476
0.0232923124386
0.0525466431411
0.0216147272642
-0.0576979569562
0.117499950108
0.0811702044948
0.0511627588837
-0.050274698845
0.0756717657412
0.0956886621667
0.0764038504852
0.00906529229341
-0.0834856611887
0.0567940814088
-0.00303467970158
-0.0148182369735
0.0504295809677
0.136638345193
0.113889479536
0.0533489339876
-0.098110607227
0.00350686362834
-0.0123770806728
0.0887465095521
0.0586973813032
0.00373868868598
0.12088037419
-0.030007627169
0.0328276785369
0.0224911387953
0.0452537099797
0.0151316934872
0.115961876442
0.135814255525
-0.00559459157459
0.0989969583808
0.0556671964306
0.0856144832382
0.0737860795831
-0.0154681065857
0.117900360185
0.0704501574623
0.0849151001509
0.0473042657761
0.0712758689576
-0.0332694910169
0.127789797788
0.0363544572976
0.0241807079497
0.123257854719
0.0325254048565
-0.0842762593776
0.0653227301029
-0.0459124941902
0.0263849600101
0.10794746289
-0.0340464043399
0.0935348666061
0.0863126504192
0.0917998213573
0.0768171515101
0.0307448244227
0.0794647517905
-0.0398195577459
-0.0282272538209
-0.038816281269
0.0545018847209
0.0986579202615
0.0717323338426
0.0130019535787
0.000538867440917
0.0129814466412
0.0470094351082
0.0218245920315
0.103190125305
-0.0200274860317
0.0645011983476
0.125805139291
-0.00407003911444
0.123231130407
0.0464034045716
-0.000979718263242
0.0456198981293
0.0534706226923
0.104178515038
-0.00182277115621
0.0876830713089
0.0155691645232
0.0395870541375
0.0729445634723
0.0419552338088
0.0270882874337
0.0626107073291
0.0608418198108
0.0784997542319
-0.0406906677557
0.0874015867139
0.074322645988
-0.00303378136151
0.0363818915408
0.0799169480926
-0.0122152050999
0.064050067201
-0.0370852696676
0.0886374158043
-0.0256249063591
0.0237156566981
0.129962029069
0.080204467982
-0.0133481262773
0.0674653566937
0.115166877816
0.0955308628792
0.0533819258574
0.0809143370893
0.0706191679854
0.0535233212704
-0.00165297354985
0.0294305882537
0.0223264067818
0.0932783868843
0.0318879333341
-0.0173094029879
0.108416432551
-0.00792640906826
0.0596758701998
0.11567235298
0.0858021366831
0.0224272054055
0.0726330667898
0.130374816988
-0.0267395505377
0.0763558598518
0.047292777011
-0.0688440648008
0.0112965293488
0.0514995879202
0.00788537727035
-0.0133548476363
-0.032004482478
-0.063054233775
0.00889175522978
0.107353974546
0.0610900924377
-0.0264419439349
0.0483651961033
0.0719590613033
0.118639283161
0.00796663719329
0.0481142730364
0.045130417649
0.102809758009
0.0841491543797
0.134906839553
0.0760001298811
0.0543080839258
0.0733739132686
0.0201078208358
0.0755555654063
-0.00640103137792
-0.0230557760544
0.0171051997318
0.084737540472
0.0696621228286
0.0161183605314
-0.129417065873
0.013134101918
-0.0119146420619
0.0112387374018
0.0963947483327
0.0912901940805
0.0963265864675
0.0902268412395
0.0672309018806
0.112807720816
0.0192819904948
0.0473766866623
-0.0408902606922
0.0267025327509
0.0155078073788
0.0451483789573
0.0226446337018
0.0897143062103
-0.0366705056422
0.00649409740501
0.048674381837
0.110737516048
-0.0179539998536
0.0740580117845
0.116144206028
-0.042757572952
0.14307459034
0.0144249815973
0.055235543925
0.0819299494461
0.0814501016778
0.0938782557067
0.0157434837562
0.0291770458195
0.0123221094774
0.0592442407021
0.0456980803885
0.00623686857904
0.00528103384776
0.000631709449282
-0.0174521183249
0.107025405152
0.0732682091834
0.0647063585426
-0.0139886883936
0.00668833402141
0.115978703784
-0.013820898877
0.0645841696487
0.045361036559
0.0453973130937
0.101034620982
0.0601871016214
0.124397767959
-0.0133617398656
0.113838509134
0.0507880861026
0.0836585861914
0.0896982528438
0.0852714660271
0.0316067665352
0.0321527015553
0.132860077585
0.110301271398
0.114574578481
0.0983414108939
0.0505120477876
0.131855174849
-0.040304785474
0.0821999434473
0.0907829893833
0.0390580595432
0.0505757370427
0.0708589329442
0.127730877076
-0.00599337746157
0.018588212637
0.0405694753682
0.053785319494
0.0174397667695
0.130344879251
0.0974543179877
0.0391515469138
-0.0385180672593
0.0132660012806
0.0268556060585
0.0213836797101
0.00163080563847
0.0872956141022
0.051701497753
0.0766141740474
0.128931827089
-0.0588808698346
0.0886967272178
0.000676710754417
0.0337130450281
0.0536202907066
-0.0594703338338
-0.0215255321638
0.0494314835762
0.0461891749308
-0.00286341089651
0.0371242589051
-0.0250121883937
0.0673050525797
0.0913778721922
-0.0370402367718
0.0455083814883
0.0635586949157
0.00810110270013
-0.0138271649499
0.0338961872286
0.0885649163455
-0.00888684269528
-0.0403553133874
-0.000748359984615
0.149796264709
0.0550598512565
-0.0476021106483
0.112126601034
0.107216984595
0.0847560517314
0.0413005489246
0.0632765241843
-0.0391453917647
0.0691143926881
0.0735681370613
0.0493955205565
0.0634375592653
0.0925181939859
-0.00912863904459
0.0677844931176
0.0903167297385
0.0668371807263
0.075921175107
0.0748787861321
0.0725515091139
0.0715448815145
-0.0940509023575
0.0459743094178
-0.00836948421946
0.119859916401
0.0706739444078
-0.000694311822561
0.120374658133
0.0577876981481
0.122033406312
0.0432393174204
0.0373902545
0.0695371964741
0.0394347586308
0.0525234051172
0.103077757842
-0.0273413611595
0.0360902976688
0.057331505764
0.0876704780218
0.0829904782314
-0.0470114607981
0.107106275887
0.0436136203919
-0.00908514600632
0.0740248828526
0.0376495027393
-0.011927278563
0.091999025616
0.0370399990643
0.0171433827874
0.0568773476948
0.0546448735963
0.0558671524835
0.0382919956719
0.0132305124667
0.0539072774622
0.0891697129706
0.000290920830917
0.0983575301229
0.0152511750825
0.12526785727
0.0212063929387
0.0507766121069
-0.112472114366
-0.0086486008361
0.0688373399268
0.0356177184919
0.0904021103146
0.0686324294579
0.0694503876814
0.0301469879462
-0.0315722237544
0.00442884690578
0.0340520189025
0.0064112490429
0.11812142047
0.0561948109674
0.0328380613109
0.0674664700607
0.0933297250547
0.116128924229
0.0793850096366
0.0790992163791
0.0422243505144
0.0676408824269
0.0888529741765
0.0591037362743
0.0544405410445
-0.0201203217053
0.0871851771019
0.0950829418417
0.0167780325165
0.0201572572097
0.0756614539188
0.112078160409
0.0879660163287
0.0525476812812
0.00899881701439
0.0408695987764
-0.0493249336899
-0.0181618580717
0.00780113186639
0.0182851774386
0.0271830288333
0.00533407303856
0.105850638858
0.112499023132
0.0566390279888
0.0976298641827
0.0911859647798
0.0433133322223
0.119882688221
0.0087151183735
0.10251020576
0.0348575192074
-0.00145585770787
0.0356014309424
0.0359468045596
-0.0132172970552
0.0533019469035
0.0345735471143
0.0155083984088
-0.00730631775794
-0.00220860244024
-0.0458077402806
0.0810115811812
0.0733884188355
0.129369910705
0.0491196371429
0.0301009898122
0.0433194160875
0.0348263138723
0.108492113723
0.0994185048248
0.125799797561
0.0779460605244
0.0255670245288
0.041062251447
0.0285349964626
0.0706510940175
-0.00708790267474
0.105481332433
-0.00469857469189
0.0521893589546
0.0766221673163
0.0521937894375
0.0628486486459
0.0523808040626
0.0118305073156
0.0145702411976
0.0869270970922
0.0197621459328
-0.0866626551868
0.0273694493125
0.095078648456
0.111669826547
0.010941246913
0.0859589374391
0.0354271368362
0.115360487739
0.0156976435901
-0.0139288627623
0.0728311395519
0.0615950220954
0.0758945043418
0.0240880760982
0.0523851986635
0.0109896075169
0.0542578602651
0.0261357052671
0.0354228909033
0.0815812280378
0.0600060124747
0.00280419315957
0.027674963941
0.0686373925837
-0.0222564425975
0.047649487373
0.0489165437308
0.0158719299827
-0.00796305449434
0.0978886210595
-0.00417336004696
0.0981180108105
0.0273235487127
0.0930994082964
-0.0347460652417
0.0504081383601
0.0328505254764
-0.103803878994
-0.00521502142318
0.0240957127672
0.0289900354059
0.0244159124006
0.0310330087031
0.0312213876471
0.0335880123282
0.106542203438
0.0579840250552
0.0103731882394
0.0962391088055
0.0178486900487
0.0100774967792
-0.0280143083791
-0.0107860416528
0.056295266033
-0.0205164930288
0.0159138061479
0.0390735267124
0.0747830344624
0.125781099308
0.0747845268749
0.0655507711151
-0.00389299202719
0.0832420194458
0.00553014265741
0.06412555982
0.0372819545019
0.0202984348889
0.0403954645657
0.0131885716706
0.0665281066433
-0.015342372382
0.0179878039272
0.00476739601116
0.0406871554132
0.0494866239814
0.034456907211
-0.00385613876993
0.107371652525
0.059660838823
-0.0987388840356
-0.035161520834
-0.0437678244386
0.0518373622994
0.0604923814081
0.0608480443494
-0.0268478325118
0.0546373994434
0.0567180916175
-0.0266920704271
0.106002831109
-0.027219686081
0.127579120404
0.0383017818137
0.102578557236
0.03877338473
0.0562601818958
0.125364104419
0.0343106010604
0.0186214273236
-0.0183064123134
0.0886258557001
0.0676766552531
0.114084130196
0.00922008707331
0.0925276921442
0.0387650537285
0.120690668435
0.0411297036833
0.120587756428
0.0460780004831
0.102698327178
-0.000548534743795
0.00327183546743
0.0404410623907
-0.0361005708773
0.105502678289
0.0360236861917
-0.000261035566495
0.0516551824943
0.0656092037598
0.133176743072
0.0351188250732
0.0982097780492
0.00856812128333
0.0681586309389
0.0802945127072
0.084337840042
-0.0111782954858
0.0422721913763
0.0494350112407
0.0854366860053
0.0561194265058
0.0962331536868
0.0133508142869
-0.0151065800204
0.0767279843164
0.0982585714953
-0.0372748329886
0.1050791002
0.0602968030264
0.0362511807473
-0.0064605398312
-0.023874611693
0.110283220204
0.0582671741927
-0.0683423488001
0.0554904083052
0.0496932192212
0.0612516793686
0.0731684854261
0.120473753101
0.0867742764031
0.0762945900109
0.00597624982622
0.0978223517598
0.014895814418
0.0445498044865
0.0420174233644
0.00441116624193
-0.0253443215037
0.0227572676192
0.0208035344805
0.0522964126582
0.0912962234889
0.104424552522
-0.00968807622109
0.0831649382361
-0.00930011374721
0.0600772632916
0.0676326889278
0.064689557208
0.0352772055543
0.00879499406575
0.0706566968856
0.0439284156795
0.0599048140971
0.0234941970269
0.00850661896998
-0.0106496259846
-0.00173633392791
0.0870861299301
0.0754329806359
-0.0825582318685
0.0990433806498
0.0494831853081
0.0886679760261
-0.0484666382277
0.091599892598
0.0450623287639
0.0247962004332
-0.0414937193889
0.0582539086039
0.0702444413858
0.117540421664
0.0693375567143
0.0443706388904
0.104888908276
0.0980958560129
-0.0196311259644
0.13562510613
0.0818923200281
0.0353014847106
-0.0286263696738
-0.0201583915317
0.0906351384718
0.0565087506377
0.0322307589053
0.110601234951
-0.0436265291145
0.102050031896
0.0284388562295
-0.0232161555458
-0.0174953124594
0.0509305725062
0.0110536643299
-0.0418319651815
0.0513954472743
0.113032591899
0.0471301507372
-0.0035613143313
0.0540842748372
0.115417933968
-0.0106561300564
0.0457878407011
0.109877515677
0.0662144623722
-0.0167540324569
0.0738557395859
-0.00495342504129
0.117550713125
0.0752119588746
-0.0240972567316
-0.0699823372672
0.0272811118145
0.0278835667508
0.0306194020452
-0.0268143952506
0.0639741884845
0.0594801044113
0.0382041810793
0.000528763958531
-0.0450826262979
0.0702291407819
0.0475164601241
0.021267921937
0.0714656075307
0.00991017633441
0.0270234394272
-0.0575987968792
0.0303803854434
0.0431694001134
0.0650689134234
0.0950182155369
-0.0352090627546
0.0788025185187
0.0805528616987
-0.0119827033705
0.0481062201305
0.018890361782
0.0649543703748
0.0521865404312
-0.0496601851572
0.104793821958
0.106108743682
0.0615116965925
-0.0152331850365
-0.0109864672637
0.0152966017326
-0.0229746319785
0.0947008284555
-0.0290368384465
0.0398387779562
0.0203036001707
-0.019595795421
0.0455176967288
0.0252565955039
0.0400052235526
0.0094534684601
-0.0188616481302
0.0682781777617
0.0740527768137
0.0344870282314
0.117389922628
0.00226196878842
0.0150411392218
0.00821252569604
0.0585516495723
0.0243522889615
0.0620067247019
0.0672653812497
0.0420611513939
0.0417755029202
0.0653508313737
0.082183005733
0.103422578841
0.0579612249894
0.0124141349751
0.108738856873
0.0302828053884
0.046434090621
0.0493815034914
-0.0726695952694
-0.0834364376119
0.0794068402074
-0.0327214588001
0.095665988296
0.000907728205742
-0.0272445129988
0.0923687915568
0.0778780001983
0.05444665205
0.0835154647689
0.0786167563741
0.00791846862715
0.0615335911567
0.0639476918379
0.0541784991756
0.0915182870789
0.0445602599881
-0.00273857885518
0.0822947056724
-0.0241816792166
0.137570739904
0.036254891726
-0.050301037234
0.129945567196
0.0887864818461
0.0996648578865
0.0828343078735
0.0752147551027
-0.00943010745891
0.00333717409282
-0.0750274352333
0.00109120261905
0.0620444865911
0.0545975113552
-0.0585857883176
-0.00455054120011
0.0463028385969
-0.0758383533429
0.069698922948
0.128558435821
0.0750420110021
-0.00227524799818
0.0105156075586
0.00718825183644
0.134697028293
-0.0499048506719
0.0540509000523
0.107576294654
0.0502993448357
0.0563362800262
-0.025354118223
-0.0433876267445
0.1498218155
0.048844160453
0.0320082696369
0.0449895861584
0.0381621743798
0.117178144935
0.0133229103478
0.0117303198662
0.107373863645
0.0539562303901
0.0677782943311
0.0228108557595
0.0428227993189
0.00709325088106
0.0284720690021
0.00935688597487
0.0544194903457
0.0525678134484
0.0652882541015
0.0521898616107
0.0615987469758
0.117609997069
-0.0173240990689
0.14351129809
0.0655446653341
0.0744201632803
0.0656815158298
0.0208178254013
-0.0265677147969
0.0172088650403
0.0923697062787
0.0312721399812
0.0404352064799
0.0386827941985
0.0126629176214
0.0356199404941
0.016789963034
0.0549574462515
0.0493916399229
0.108621330431
-0.00601760374498
0.0279319515337
0.0106447802805
-0.0494814720194
0.103579530276
0.101677015569
0.0257653051894
0.0786047239696
0.023126488922
-0.0523090061477
0.139293006904
0.00709399667655
0.0291115516787
0.103141357102
0.0480285616771
0.0823270367107
-0.0651505512223
0.00441122172695
0.115529312883
0.077752999074
0.0925841872227
0.0271282473529
-0.0181649125204
0.0787333553543
0.099712869757
0.0359085178078
0.107230765099
0.0286169957835
0.0308271739692
0.0626929547236
0.0405668033209
0.121555140952
0.0628114580952
0.0971814772614
0.00826548097404
0.105303835388
0.0710283829266
0.0295991671979
0.101899617347
0.0994176079051
0.113291070289
0.0219595909864
0.0902446671696
0.0685158140584
0.0652875662009
-0.0317368768682
0.0471581492274
0.0900805626073
0.0497846687978
0.094706239853
0.0317406945747
0.00986188812984
-0.0534640592101
0.00459765705401
0.114547425216
0.0145475300335
-0.0614577546733
0.0199643785256
0.00369925994128
0.119955779697
-0.144530270799
0.0490293020706
0.142367602836
0.0139503017979
0.0218512783711
0.00613701917279
-0.0274216944796
0.00567899293776
0.0227479359775
0.125932641635
0.0105165426214
0.0595696376333
0.0862060320783
0.0252363039198
0.075719867586
0.0742117568741
0.051661112489
-0.0103764603179
-0.00879799890827
0.0996123756098
0.0706797258483
0.0761811397805
0.0125322495319
-0.0362903609592
0.140335374003
0.0268125280653
0.0872349778742
0.0118558471501
-0.0709981460314
0.0967707970064
0.0245550891913
0.0548845992753
0.133521486172
0.0369141110351
0.0193099545544
0.069673056484
0.0342910707711
0.0511193485111
-0.0243531037232
0.030590772236
0.0390643398324
0.0380337888442
-0.0225468784306
0.0640847384983
-0.0229650755661
0.1260329141
0.0345391613782
-0.0423801091671
0.104331135702
0.126073640143
0.0717421384188
0.0183868053526
0.0238351987912
0.0958386858324
0.0909349451228
0.0231613551084
0.0658179607483
0.0766905298297
-0.000862317387015
0.0765729740766
0.0689719392775
0.0675159539739
0.0945210818908
0.0314370252768
0.112702200507
0.0549082097506
0.0266215415388
0.0830622954131
0.0485832852595
0.0694715463448
-0.0168648023865
0.0146293284797
-0.0404365287516
-0.00802553806849
0.1058699825
-0.0221900239832
0.110523243519
-0.00138897566175
0.0712618825109
0.0142174520538
0.122339058081
0.0919771943705
0.0361056969286
0.036020108424
0.0491068455398
