0.0480493149899
-0.0149025817034
-0.0261063667477
0.0143519260927
-0.0181521189329
-0.0219099374503
-0.0318823025282
0.0920043736783
0.119487721073
-0.0600997682314
0.0595229831059
0.121083656464
0.131995609684
0.0708755265734
0.0157895809375
0.0825259531058
0.0675296294534
-0.0031696912615
-0.0743854884731
0.0484520406707
0.0149518706851
0.00914367552627
0.0363141429469
-0.00704289150192
0.1092589975
0.0305648947166
-0.00624534252262
0.0559089123436
0.037413912467
-0.0076985330326
0.11599187806
0.125183321793
0.0572702134356
0.0342731352734
0.0256788021411
-0.00178761943169
0.0275461493839
-0.037651719004
0.0772898427451
0.117889881266
0.0315274786614
0.0388130547248
0.101024501408
0.0135666792285
0.147408319112
0.0293376339276
0.071439740971
0.0808671188575
-0.078619192968
0.0023178752021
0.0521580852671
0.0652228705306
-0.0146047675782
0.062040206478
0.0070494770738
0.108589201648
0.0312730218963
0.0434513067573
0.141395566997
0.0260798718977
-0.0145685927353
0.115583481026
0.0396661811444
-0.0268865469775
0.113109473696
0.0234984948629
-0.0284836284163
-0.0190967579877
0.0102223729317
0.0596957802527
0.109347888219
0.125556818418
0.040319379042
-0.0717044526618
0.104096294572
0.0609003019978
0.0193116550036
-0.0043693541856
0.0340839233237
0.0761567395612
-0.0215629663704
0.0486610430115
0.0678062156017
0.118950924095
0.101960433315
0.0478986634369
-0.0169672147491
0.0632710660178
0.112120491103
0.0726271193757
0.0950862979599
0.109097303933
0.0404787101166
0.0060824490437
0.107078596326
0.0906304294606
0.014256836008
0.100950562845
0.112284650084
0.0870600581709
0.113678447386
-0.0122647561678
0.00540428935895
0.0420022646866
0.0500421941274
0.0361320024029
0.105320012154
0.0388166781652
0.0253535613301
0.122303651174
0.0816405735979
0.0929550359572
0.0519202673905
0.0138632926518
0.0442591063213
-0.0349239833723
0.0818394787581
0.0678505469364
0.034613493634
0.0822686956094
0.0855376429393
-0.00536803011695
-0.00752922389153
0.0795160752854
-0.0536297470936
-0.0679806388087
0.121543747803
0.0472447354588
0.0906089670768
0.0522329378912
0.0896800719368
0.00667163032998
-0.0131030697516
0.10876255011
0.0488854993721
0.0772103598353
0.0596157807773
-0.0975190830593
0.0599959177626
0.0961409341427
-0.0147322114041
-0.0260812648072
0.0602023878795
0.040142407968
0.0101252667353
0.0604146430715
0.00483708777554
0.027256484334
-0.0197602995128
0.0796281056998
0.103037278224
0.0114423974248
0.0883527106319
-0.00236427641404
0.0897316091664
0.0662867585767
-0.0746646777831
-0.0377270093457
0.040180147499
0.029350603803
0.0263904390384
-0.0147299535125
0.0958307071899
0.00518541731031
0.000926297347079
-0.0325012174133
0.0388771171688
-0.0347897947094
0.0904304906375
0.110295578989
0.107923618077
-0.0500078452559
0.0544218248404
-0.0124803169238
-0.046474455686
0.0672553732328
0.0698564627186
0.0209095075729
0.0139109077854
0.0400265137258
0.142946040262
0.0890149213129
0.0510387535828
0.0436404014667
0.0696693694698
-0.0414401819596
0.0607885404082
0.0760851177474
0.0288921315312
0.0147342683637
0.0794295133293
0.0162325088673
-0.0044228208059
0.0286211787432
0.0544002372235
0.000940146514561
0.0746314094993
0.0516312299332
0.0622819209063
-0.0517079898267
-0.00124342808049
0.0845090560191
0.0944870870424
-0.0120629055817
0.120812358438
-0.0121377035948
0.00629385004636
0.0861556985939
0.0590617059718
-0.0169346493662
0.103190698917
0.0722598178987
0.0189326363394
0.089535532346
0.12653114662
0.0805745915906
0.0631271026067
0.0631393569401
-0.0419702330846
0.0798017712799
-0.0326720055683
0.00435434104067
0.101297565396
0.0611493897286
0.00476885313893
0.109502309773
0.0579148060263
0.074053809161
0.0858541300771
-0.0304677102862
0.0555455484908
0.0988825153253
0.12799706278
0.0304059112083
0.136043712751
0.117732311043
0.0171798606123
0.144829594292
0.041098456461
-0.00106234136539
0.0273478789416
0.101092927162
0.136675199463
0.06354977169
0.0279007224802
-0.0372467210559
0.103979183259
-0.0834568156961
0.0409864565264
0.0280860178331
0.0416855158459
0.107682386313
0.014537724103
0.0231629791172
0.0700328791791
0.0610448791464
0.0206858241917
-0.0678374074872
0.0223285451955
0.0197889273413
-0.0176711258067
0.0499746134591
0.0723550565305
0.0949021049038
0.0143538974637
0.0916368804706
0.0738036664409
0.0100864025734
0.103666421632
0.085384057081
0.0849057952692
0.00383479974552
-0.0188589285599
0.0909734901505
0.11854931518
0.115799662646
0.0319799801174
0.0434786400088
0.064551081735
0.0857985631142
0.0777959009841
0.0448304984825
0.0100359189418
-0.0590416479093
0.127106298238
0.104723310096
-0.0101682450236
0.134106986971
0.0114170913282
0.107236412434
0.0450865929103
0.0207722149013
0.126049652389
0.094497457229
0.0687076394126
0.110458238982
0.00273975558176
0.111400420846
0.131896991602
-0.00824365626307
-0.0312892437582
0.0381689311987
-0.063188190169
0.0503619952815
0.0467460276472
-0.0097964753293
0.0386148189351
-0.0270433639171
0.0619328604184
0.0368295462966
0.130494942026
-0.0093249923896
-0.101114282413
0.0899087215854
0.0939046966453
0.00440026411823
-0.0334600160931
0.0813703388594
0.117875053356
-0.0254065860896
-0.0264183614853
0.086849354876
0.0687890952356
0.0820844327373
0.115863104435
0.0335367135553
-0.105283102703
0.0556324937888
0.0475385694405
0.130584592941
0.0656363909947
0.00583330975752
0.0519574117322
0.0373295440038
0.0335052993258
-0.0471439182296
0.00650039169129
-0.0212035272895
0.0463053146316
0.0225026253426
0.0429489131608
0.0124133715465
-0.119864377238
-0.00605459950927
-0.0141177868672
0.00114260542034
-0.00231195241418
-0.0264852772078
0.0467693820989
0.00976849010055
0.0608844148407
0.0815180608805
0.0660285400153
0.108349695404
0.0650070821174
0.0645535971571
0.0614874895378
0.0740453131018
0.0955437494831
-0.00243544228304
0.0779476158933
0.0088600994303
-0.025558070224
0.0186409281938
-0.0499129753255
0.0219280321422
0.0619114275112
0.0541362156381
0.0426301310927
0.0132517206416
0.0970154775235
0.0254135475973
0.112743141767
-0.0571372284288
0.0196681772174
0.0164206703659
0.0469003273656
0.0861258996927
0.0111006603195
0.0989592968686
0.0597559249576
-0.00409206113277
0.000423521180045
0.0617355307518
0.039464060462
0.0948222243191
0.0815526675608
0.105866905834
0.0170216949929
0.135062593842
0.129180011939
-0.0159722471681
0.0547845005292
0.141574922409
-0.0858573674908
0.0368197732955
0.0825153872778
0.0727904923011
0.017516235722
0.0653843212942
0.0426974866966
0.0461921145773
0.0967309755863
0.048447192339
0.126050394055
0.136745619883
0.0565859899532
0.057560364215
0.0558133439034
0.0332525178442
0.0358287371646
0.103551179873
0.0661240041036
0.0416352389688
0.0235392154616
0.0946024166774
0.106099325126
0.00467968952128
0.0781463916362
0.0637989317652
0.0232906800266
0.097151409543
0.0772498304837
0.0241861161573
-0.0660052074629
0.0472499640668
0.117014063727
0.0971302784587
-0.0353646829303
0.00225990260556
0.106922635587
0.0441288050805
0.105441676462
-0.0890310307132
0.104383491153
0.129969715891
0.00396195534631
0.123790938451
0.0316331257139
0.0767742943686
0.109813475112
0.00524717351428
0.0622370655468
-0.0215018775197
0.122900490151
-0.00289706912075
0.0457520848167
0.00500041573235
0.0574124911571
0.0432427827364
0.020645230005
0.024496559469
0.128646464981
-0.0619426111719
0.0156453907371
-0.0517144637641
0.146489334526
0.0165058165137
-0.0154773577291
0.0137449082606
0.0624722297058
0.0188067627633
0.0196934940974
0.101423052376
0.0960569039869
0.127961746825
0.0980308478468
0.014128714711
0.0320039181199
0.131952378125
0.0667534868223
-0.0456509846791
0.0481816914737
-0.0383576895364
0.0626953968815
0.00613829171502
0.104360109576
0.118628857163
0.0571723308027
-0.0169497604636
0.0301014621949
0.103964987752
-0.0110331102004
-0.0302854599494
0.0793717321092
-0.0501228726547
-0.0529491595982
0.0971477565634
0.123132008014
0.114752368976
0.120490226846
0.133391064573
0.0841540419547
0.0111479777574
0.132379840827
-0.0419464721637
0.0863101764906
0.0302005690353
-0.00312847885477
0.0686022887082
-0.0169380141023
0.130739196911
0.0295439147996
0.0415898385235
0.101315083319
0.0266136546163
0.0827233368497
-0.118178603905
0.114184290336
-0.0481958154034
0.0140375165916
0.00366639338373
0.0976903480297
-0.0644139009988
0.0683237958736
0.124415528195
0.0328868180494
0.0948398447306
0.0553178985299
0.0420177425803
0.0986091796034
0.0438553535538
0.0796113915463
-0.0404827948477
0.000657001598458
0.0667795570438
0.107593880553
0.0899621096615
0.073844520023
0.0712165944838
0.0847159272341
0.0225356349561
-0.0125135143529
0.125683633581
0.0700579475974
-0.0696695074849
0.0991067470317
0.045890428131
0.0402322609287
-0.155742718113
-0.0116187378646
0.0389014432667
0.0284455350211
0.113904521831
0.0519504001394
0.00762756371049
0.0537851355045
-0.0345887760028
0.117489609095
0.0137932124347
-0.0150219252353
0.106340909231
0.0550124183631
0.0678038458468
-0.11441424658
-0.0346006915786
0.0578543154763
0.00867142378795
-0.017881052542
0.124559549771
0.0392492352461
0.0875012923676
0.0590062714856
0.11469859451
0.110320467047
-0.0220263429167
0.0362909309349
0.00547693283713
-0.128383194942
0.0107736001733
0.074176981319
0.0434494257766
0.0365946299212
0.0450219675691
-0.0467242547434
0.113397827637
0.0477241374714
0.0223851193219
0.0473301080355
0.0949381807025
-0.00916051764884
0.0741033835808
0.0144485558365
0.0928515034621
0.0114433063685
0.0369541946142
0.0380560496139
0.0373734119558
0.0845789457317
-0.0385184985633
0.0185413692853
0.0299814962897
-0.0846598094143
0.116428001269
0.0134788243091
0.0184885232898
0.00711598720508
0.0435854417298
0.077204264935
0.0631785643656
0.0804906612195
0.126542998944
-0.018615378917
0.118104822602
0.0824730146575
0.00233243126266
-0.00331399625009
0.0172711732824
0.0858023944899
0.0440878379158
0.0627068068172
0.0866906658887
0.0653120092327
0.080503898467
-0.020711735137
0.0251468133715
0.0922623274912
0.0340136620958
0.0339632300011
0.0755951843037
0.0730210855985
0.0117423442682
0.0687355175539
-0.00649933019971
0.075432054037
-0.00141436785655
-0.0607009475774
0.0964110904435
0.131869820424
-0.0202434519579
0.0102371254693
-0.00846525189672
0.00165903252536
0.0527848413436
0.0452623658766
0.0464732815771
0.00546880323914
0.0988089311114
0.0650570147568
0.0447185523759
-0.00643532560471
0.0494832876669
-0.091032233297
0.0598831635999
0.0949172532971
-0.0291188327591
0.0533327156081
0.0299744218174
-0.112212763493
-0.00434040943655
0.072921459046
0.0704211268832
0.0773660399276
0.0186568333626
0.0852100204098
0.0277522703122
0.0584480338037
-0.000460877393655
-0.0176682462888
0.0100440912928
0.0206000030893
0.0890094969385
0.00504297739692
0.0266976666352
0.113341007066
0.0772461078679
0.0717553857132
-0.0386849300797
0.0957222137854
0.00766350703183
0.0682121048291
0.0234514620793
0.0775432894874
0.0455376029758
0.00330855281844
0.114223263077
-0.0177025928917
0.0962383727705
0.0916608899228
0.0688406149257
0.117545477349
0.0507291180977
-0.0677485441835
0.0166396363283
-0.0267455425744
0.0421930317136
0.100020045104
0.113931454925
0.031862996923
0.0208509123732
0.0332103582175
0.0624374207729
0.00972089261594
0.0606825166242
0.0297335942402
0.0616325251618
0.0576536546693
0.00548371069102
0.0229619812621
-0.0274445835625
0.0576421635284
0.0536057932081
0.0415434765227
0.0741971566663
0.0746912927917
0.0736008103782
-0.0330600967809
0.0226104354897
0.13117578431
0.00325415737678
-0.0465107889025
0.0565389627526
0.0113948801612
-0.0534337951979
0.0720466764475
0.127088391798
0.0285876940076
0.0152660107544
0.0462291102224
-0.0372457261463
0.0664432493697
-0.0395989376866
0.0682772865224
-0.00235762834228
0.0446622272756
0.0778754058252
0.107514117114
0.0561507460999
0.0224957697121
-0.0254896616369
0.0632748062714
0.105457839677
0.120589961715
0.0387923782876
0.00723375806383
0.0515565816338
0.00105338588867
-0.00148014182485
0.0349159729343
0.00355277655852
0.0892322027787
0.0574740766862
0.0695401655194
0.0554439418101
0.106370823204
0.116963177467
-0.0143679972806
0.0540569890218
0.0901428211759
0.00336763925892
0.0604260811426
0.0955432799658
0.0804372957828
0.123854614785
0.100911561693
0.0677759370822
0.0413569465264
-0.0567038671424
0.0212534766952
0.0877839367643
0.0217031178612
-0.0845467950718
0.00411765067479
0.0123249568542
0.0499018777467
0.0301730412591
0.0127980422006
0.0963019809271
0.0419410494143
-0.0901798844337
0.0843434625713
0.061348559443
-0.07973803258
-0.0588060551918
0.0448301937772
0.00206718181826
0.0487566042522
-0.0106677446189
0.0869364060528
0.0155122912479
-0.0639790231122
0.0526651490933
0.0822495658951
0.0685265108559
0.0316270384566
0.0292009249129
0.0606767035357
-0.0661651487658
0.0106780157022
-0.0157803307345
0.0712739901791
-0.00263599940421
-0.00119942280848
0.0708563241954
0.0108338427391
0.0886150635287
0.102171488405
0.0760210919201
0.00287489147943
-0.0340627325164
-0.000961641829063
0.0965474513834
-0.0485343607587
0.0502686056753
0.125677560382
0.108097590256
-0.101895115001
-0.0265329589858
0.0619907001413
0.0331793037672
0.044655621948
0.0899077858676
-0.00712673366977
0.016290133694
0.0362315403256
0.0369680377398
0.0413714686757
0.0299531931333
0.000190083231861
0.0252893084941
0.06234028662
0.035621700901
0.0746853030999
0.00638182404128
0.115917674878
0.0815495671263
0.0845280013949
0.0487655903049
0.0179161412486
-0.0401648332595
0.089269663442
0.0417273604232
-0.00607820671013
0.0569754444868
-0.0137274558081
0.0201172353419
0.0957286981135
0.0917818588041
0.0263268738936
0.00310758160856
-0.0989196266982
0.0164220543407
0.0831068037165
-0.0219352836413
0.00720324522095
0.0766297159366
0.0753626221619
0.0315620777225
0.0762601870865
0.0239014401406
0.0702513847494
0.00919850809306
-0.0401859888876
-0.0153049771185
0.0824069314022
0.112542512299
0.0588100669494
0.0108458460409
0.0891450823799
-0.020927363002
0.114524138092
0.0559048386265
0.0666855390962
-0.00473758266254
0.100654327678
0.0745800525388
0.107846395102
-0.0331842508741
0.0958153541575
0.0677666489559
0.0506916381133
-0.0355032482944
-0.061008751429
0.0588354573204
-0.0197450865716
-0.00126785128536
0.131787835735
0.108263584911
0.118190048946
0.0751282438536
0.0687654365343
0.0187468746544
0.0337514536185
-0.0519679955497
-0.0308293840691
-0.0182840673258
-0.0417280826703
-0.0134347724722
-0.0802173442553
0.00312111845177
0.131547587934
0.0622049380961
0.0997021965446
0.109040440522
0.106010738049
0.0633759015878
-0.0450503345992
0.0437396112013
0.0270852172446
0.00406457701134
-0.0102683166909
0.0717663292424
0.0589956721184
0.0221016856424
-0.0106466910783
-0.0718957335977
-0.0486147964152
0.0124759518172
0.0650129580608
0.0992147495706
0.0455342069121
0.00268460948217
0.133511723467
-0.0521328795365
0.118809014425
0.018297390864
0.0851589173134
-0.0335282367172
0.0418354693387
0.00812430223754
-0.0295412086421
0.0721376410513
0.0522830104435
0.0246498017108
0.11124708453
-0.000595698243738
0.102014926692
0.0715318700729
0.0673168805142
-0.0107774497222
0.116851852916
-0.0131561313822
0.0660440156342
0.0177610503652
0.0328642487838
0.0792673072643
0.0149426090615
0.126522046108
0.106787296698
0.116198851068
-0.0618259605583
0.0934229423089
0.122517088064
0.135753797398
-0.0625903061527
0.11767606459
0.09864149946
0.139108730237
0.0928911455928
0.070751230803
-0.0290293701771
0.00992428478628
-0.00921172718057
-0.0053657011025
0.0953380131627
-0.014538507091
-0.0276071561157
0.0598182270234
0.0576391038431
0.126014625788
-0.045479009813
0.0889620583026
-0.0128353118939
0.0882594739574
0.0428675053865
0.0178819372693
-0.00111745224905
0.111768882422
0.102116171333
0.104147798437
0.0854425727828
0.0243378168802
0.0908419413693
0.0766824712272
0.0686271912163
0.0327336634769
0.0855948871619
0.00661209056543
0.0913398337472
0.132829776681
-0.0133952938939
-0.000220551371585
0.0494632033861
-0.0224574210824
0.0746475866869
-0.0688297170657
0.0683828940558
0.0870869994977
0.0683521538876
-0.0115664871226
0.0337746990476
0.0409212725156
0.042245893315
0.0820836777453
0.0407125014001
0.0280669244905
0.0800467360101
0.0965568504059
0.0809036157589
0.149055563226
0.0223925501382
0.0303572886546
0.0766854269306
0.0418206484786
-0.0110426377548
0.0664638270371
0.0654881865869
-0.0357610801276
0.0336086283855
0.0949973330921
0.0372245364574
0.110030030773
0.0978819608543
0.1318343079
0.0328238461709
0.053709593972
0.0875355188522
0.0722969466061
-0.0252982196931
0.0839987115973
0.0518667277063
0.0200454173743
0.022352582442
0.0972221203847
0.131839563371
-0.0148018722771
-0.015062373583
0.00410818761397
0.123115843557
0.0225996372678
0.126817202409
0.0642726810889
0.127794841615
0.0899691537115
0.0376206303276
-0.0219584589448
0.0625287184647
0.0914788529242
0.0608959809084
0.0475722245489
0.0712317125832
0.0302192381394
0.0486240238115
0.0795029339284
0.0214726041375
0.0730160885363
-0.0681927611465
0.0856308897526
0.105452265729
-0.101185346279
0.0577987303317
-0.00342249171008
0.0809905525046
0.120569876131
-0.0481397646995
-0.0021013465928
0.0320381982485
0.120453936043
0.0899852481691
0.0234942210545
0.0675267483795
-0.0367478103904
0.0362879046236
0.0900445983548
0.0946755344532
0.0207089178871
0.00345113482052
0.0815770646605
0.130316547985
0.0245558104559
0.084001520766
0.036893826232
0.037609779525
-0.0244849381451
0.0237926656346
0.084749427645
0.125954729798
0.0673062555506
0.0196042000385
0.101288026551
0.139969985937
0.0454104645117
-0.0543712529619
0.0579605526697
0.0659860497511
0.0363070541336
0.121950965459
-0.0428913783631
-0.0521790767839
0.113276656075
0.0247958012965
-0.0897732226266
-0.042692646936
0.0235533945828
0.0792390910151
-0.0136495786726
0.0344981696646
0.0316409159785
0.0198372091859
0.0146606648299
0.0458344529823
0.0135143027787
0.031044474447
0.0680655419709
0.0951982421018
0.132651548022
0.0448898561681
0.0977823963603
-0.0255715012246
0.0508452658538
0.0874916233844
-0.00991697485109
0.0269108360039
0.102218167836
0.0836606283101
0.0326566321631
0.0656924026642
0.0615029105389
0.0360264714622
0.0643781379047
0.068533200561
0.0762810870508
0.0204690410915
0.0714634992471
0.079562443208
0.0357111125709
0.0645657292814
0.0173918172919
-0.0215773363511
0.0138400254667
0.00224624522644
0.0240071992435
-0.002568597602
-0.113320715473
-0.0278306716105
-0.01619931253
-0.0197541758033
-0.0283185091647
-0.0343827432897
0.0136205494514
0.0120413523285
-0.014320325402
0.0333273071287
0.0821416022742
0.0724150884896
-0.0220880306586
-0.0418850176012
0.0182818553287
0.0148123638705
0.00797825275461
0.0670322758323
-0.0222699454879
-0.0376974461181
0.0351370125241
0.0801754109209
0.0343972477828
0.0455135330069
0.106768339102
0.0578893429959
0.0722761130114
0.0622680835888
0.0325973509257
-0.000789830909567
0.100974168602
0.0367367626734
0.0716320767056
0.0630400638676
0.0131344499642
0.0551505775808
-0.00230779743161
0.0289883113861
-0.0275803725507
0.0442745096397
0.0816695499243
0.0268254669899
0.0571097886347
0.0473108564689
0.0574041628637
0.0137733547002
-0.0554219168701
0.0775017349817
0.0166840095004
0.0654020336002
0.0602717569536
0.00842075725852
0.095432358924
0.10028616299
0.0757979610725
0.109192062605
0.10438539164
0.0595873136302
0.0218425791114
0.0758202980606
0.000529656708069
0.0579036087781
0.0907081759332
0.0386443332013
0.135664822578
0.0878128846001
0.0739351929915
-0.057226955205
0.0563938657925
0.0639069958944
0.0723581787911
0.11032317945
0.04781382471
0.109534702488
0.119488280328
0.0793935483186
0.0239104419542
0.113761940192
0.0284613921645
-0.0421626410969
0.0663276554252
0.12571745358
0.00173075453429
-0.00139979260595
0.0291220913692
0.0688901182648
0.110071667144
0.0836560178341
0.0425826732184
0.0160974173197
0.0836482588723
0.0412180913055
-0.0147866604544
0.106746193393
0.00793035260645
0.0732929223989
-0.0129368468486
0.0492215391015
0.112322585477
-0.000404062208664
0.0402453790148
0.0822589045944
0.0459756711094
0.023714800169
0.0170568387287
0.0824822008158
0.0204644215953
0.0284477268824
0.115673461197
0.0512901894129
0.10797563481
-0.0279799001394
0.124770006297
0.0520575998268
0.0642000683044
0.00155204227665
0.0796443958411
0.0625439522824
0.0426710514798
-0.0146565245933
0.103510892915
-0.0678004722076
0.0963147157867
0.0841192058903
0.0378688532688
-0.0255180402066
-0.038831262061
0.03044887394
0.0928543293339
0.0789163843546
0.0384799398709
0.115766951592
0.0275466952966
0.0856281651154
-0.00437781250779
0.0555913270099
-0.0767901216608
0.0877108006105
0.0303485789576
-0.0212034314055
0.0352676492422
0.0602417001981
0.0807732326203
-0.0526843272365
0.0252115472579
0.0714164374871
0.0172642333387
0.0447192119912
0.00494416347585
-0.0261494935277
0.11975790554
-0.0418460216866
0.0724755155749
-0.0445772729626
0.112049694379
0.0820016666827
0.0465316177433
0.0680842026164
0.0610048245258
0.0415790422167
-0.0452053115011
0.10014344677
0.0206139276283
0.0688651063786
0.107242966448
0.0302325662617
-0.00762778882326
0.121979328641
0.0138042074118
0.0209994171137
-0.00936896904606
0.0362126289033
0.113094902915
0.082694351993
-0.0107433156779
0.0935425585428
0.0148048934348
0.0868127476541
0.0140162503661
0.117383535957
-0.0140620542594
-0.0615175713393
0.0719504406575
0.0341686715421
0.092604887551
0.0801088170419
0.103182220535
0.149766301549
0.0429989899397
0.119312881259
-0.0245000980161
0.0950922111029
0.0157457606081
0.0506080611098
0.0161974983977
0.0790088774797
0.0244964076656
0.127869707062
-0.0151541980535
0.104867587184
0.125420748865
0.0447256189822
0.0878732954929
-0.00207416293722
0.00140908504388
0.0832619118482
0.0365329561009
0.1228197964
0.0454978786486
0.0523621979024
0.0691566049332
0.0730621477403
0.108715105811
0.0793941130593
0.0831776331644
0.116624701071
0.0149844180016
0.104497627757
-0.0550132309741
0.0541578689555
0.0119676605228
0.0529943697904
0.0398923882527
0.121628058099
0.117464708971
0.0203687365585
0.0957229442971
0.131531971203
0.0070206746698
0.0427231667481
0.00916640305783
-0.105373297308
-0.00672081614847
0.0153898230295
-0.028365058115
0.104993438905
0.010253129388
0.135527120516
0.0489337383668
-0.00750000867072
0.0451870727371
0.0954326677374
0.0151761641754
0.00667492028502
0.0909134582644
-0.00576600595475
0.0211929711317
0.0662324863767
-0.000326375719844
0.0762369773163
0.0333235739878
0.0184699147583
0.106538981604
0.0182856069324
0.0585765770211
0.0667629788619
0.0155391656777
0.0933435657328
0.078019860396
0.0339763409413
0.112716581774
0.115194060683
0.0898997545501
0.105050602985
0.0130150916962
0.0185122374695
0.117154073376
0.0445797708385
0.0792553454865
0.124278384241
0.0332406553196
0.0607930709284
0.0645998262666
0.0522260062814
0.0334571982568
0.00558648185735
0.0817455959306
-5.45320619407e-05
0.0502563071581
-0.0447491768628
0.0308938559903
0.0563913160759
0.0908948279367
0.101174256682
-0.0206014238994
0.0701596602069
0.0701540010879
-0.0258149248942
0.0387455308913
0.0394966680151
0.086097935669
0.0830089991919
0.0102935109153
0.0901248329255
0.028872947986
0.00074393556519
0.0506334246966
0.0650842585522
0.0711820710051
0.0168599505597
0.103882320277
-0.00625140109631
0.0406316938349
0.0784259861675
0.0402461045087
-0.127701105679
0.0718378671107
0.0761421837711
0.112843419226
0.00961160111252
0.0438959279477
0.00643579266948
0.0258030861943
0.0155358044833
0.0719734523291
0.0564084585581
0.123247714503
-0.0118301062836
0.0994046978507
3.7249442566e-05
0.0338211433664
0.0956809535998
0.063302266605
0.0827738905577
0.105046055136
0.116300845856
0.104165792881
0.0733824598046
-0.0514594507883
0.0895393102949
0.0165927193494
0.0313891045988
0.047086751365
0.0106468063838
-0.000987649419966
0.0419484330901
-0.0219744691025
0.0141101167569
0.0670161592982
0.015086111389
-0.134867184284
0.0335087250719
0.138364002395
0.0360431023886
0.118980072428
0.0997894053628
-0.00806640897464
0.119951901196
0.0819322680915
0.0816562190101
0.0781864038177
-0.0345010813784
-0.00256866270358
0.00853304814884
0.14243238722
0.0073293459585
0.135854577734
0.0360731122519
0.0223181213515
0.00558539739524
0.00880175616758
0.122079180825
0.045418048546
0.111617433585
0.0132721279948
-0.0529964101084
0.0622753657709
0.0704691390518
0.00975616081058
0.0683301419752
-0.0125834086076
-0.0634341794374
0.0827155551919
0.00213624236832
0.0691347501362
0.0891086819111
0.108387531161
0.119374600404
0.0671570344006
0.0375599150604
0.104578674111
-0.0259523337696
0.0232863200478
0.0895416218028
0.0102926691173
0.0165168303848
0.10717281504
0.0144845991533
-0.00319068270333
0.13761962344
0.0137695833251
-0.000546447324443
0.0928910710993
0.00623853929188
0.120702782557
0.0393908204338
-0.0403387307662
0.0139221278911
0.0818742078425
0.0624117254156
0.00324402218187
0.043698236236
0.0293078757028
0.0990843152559
0.0477412353337
0.0656133047304
0.0640096513714
0.0162264747546
0.0128343069696
0.0309174873698
0.0901117555991
0.10290550107
-0.0159286643783
0.124278591746
-0.0316040522196
0.0880966486507
0.0584204773685
0.0636528971088
0.0717857459192
0.0679174560564
0.0159794202538
-0.00782275075712
0.0392650870323
0.0701254043461
0.0102383568168
0.0323429530835
-0.0312668518149
0.0602978843975
0.10278904309
0.018607097941
0.117381827802
0.12555700552
0.0812198139255
0.114605775417
0.0637871709652
0.11361685727
0.0344110678898
0.0765538672296
-0.186596247705
0.0279963582514
0.0292597803408
0.106355513934
-0.00902887857797
0.0143338094439
0.0853320776868
-0.00424477376645
0.0384939865901
0.0824715366714
0.0570978836634
0.0311990727202
-0.000292624601196
0.0604239464545
0.0945602080268
0.079289983165
0.0402553286219
0.090932478662
-0.0357138303801
0.114967090838
0.0598934233099
0.0512936686794
0.127846013801
0.0508903295348
0.0931058784975
0.069314236263
0.0482801148713
0.091207810771
0.0315069849129
-0.0805447291608
0.114524148883
0.064706598505
0.0851433953152
-0.0410299259096
0.0628531306832
0.0527902626095
0.123743791275
0.120586786864
0.128056580626
0.0663430885288
-0.0877062983254
0.0669640763051
-0.00632125038536
0.0226624454692
0.119337104627
0.132224972525
0.0262528551485
0.0909615897972
0.0652328238839
0.00785694136083
0.0378778621841
0.0793425749224
0.0625176321657
0.00186698033629
-0.0588297580266
0.0840647459955
0.0374617065801
0.0561706073923
0.0704361533771
0.0937595477375
0.0758450171785
0.0237282173537
0.104160879788
0.0902159473734
0.0706069463449
0.0457135137663
-0.0409216719318
0.0506598154542
-0.0267798131201
-0.00723718399948
-0.0542073472022
0.0347088843627
0.0303233056782
0.101313158274
0.0100121632445
0.11430586655
-0.0480123909494
0.0561628573165
0.0264213367821
-0.00476146372169
0.0225075035583
0.11484584263
0.085098689219
0.107224933
-0.0171323412822
-0.00206812482875
-0.0250617788067
0.020554863663
-0.000364118027229
0.136095378011
0.0559740403367
0.0875974776043
0.0784670250978
-0.0183814584414
0.0914628693725
0.0418990139597
0.0342663676141
0.12601345544
0.105735256515
0.0968723177945
0.0698748288127
0.0501465608343
0.0596406626145
0.0773648351866
0.0767030125523
0.0459889507331
0.104673149105
-0.00771406154419
0.0112161987866
-0.0497553894762
0.0225466867676
0.0363738286388
0.0643440132477
0.0284494314952
0.00319556649244
-0.129625385469
0.0728714293612
0.0205696186144
0.110698076908
0.0123871621428
0.0508533883761
0.0188948588743
0.0275211384237
-0.0672582366027
-0.0128402128731
0.0275243405523
0.117709832757
0.0919701382484
0.139898507666
0.023025084391
-0.00142201361906
-0.000262033137683
0.0882827368604
0.0205530700916
0.0812859535122
0.0974189536059
0.129413023058
0.0330927470861
0.0871540245876
0.09087318905
0.0751399166747
0.0311579508463
-0.0485240849822
0.109234552685
0.0229186704264
0.00229845385293
0.100671692758
-0.000789378652073
-0.0538136987217
0.0989729514725
-0.0196267153581
-0.0180266872954
0.0825392064325
0.103783697554
0.0418044147419
0.0997864529465
0.0906372497091
0.073956557937
0.0251629239137
0.0108969911719
0.100377422067
0.0701757051002
0.100577226214
0.069543471102
0.03449229659
0.0902732949581
0.0643931383509
0.00208167326939
0.0358229196008
0.0316375610335
0.0793703320502
0.0661573807285
0.120804920273
0.0452752335939
-0.0350014228808
0.0917347933424
0.0235885306439
0.0986048940857
0.0553941505409
0.0851882275155
0.0118880261337
-0.0307883905927
0.0364988455594
0.141605709706
0.100341594918
0.0543583593743
0.0507142239277
0.100436542044
0.128078277704
0.0213352289677
0.106386712686
0.0911012674865
0.0785801870996
-0.076766016587
0.0162685267903
0.0302473599444
0.000993054635551
0.136958405076
-0.0531518972775
0.0611914713949
0.0855369458846
0.0880445281711
0.0531626913635
0.106039771888
0.0784985771675
0.0655679306464
0.107349343661
0.0116844562111
-0.0214964178636
0.0825604934191
-0.120793586826
0.0284851725273
0.128342701161
-0.0795805457678
-0.0563389954205
0.0176496194497
0.00368682394791
-0.0264682728387
0.125940690707
-0.0827949970251
0.0820860522829
0.0568551863207
0.0210339036273
0.0388511493489
0.139695551994
-0.0066333741867
0.060503299958
0.00711668983955
0.0384504693215
0.0616085261021
-0.0122017897732
0.133815928733
0.032481191643
-0.0148757434141
0.0925505839671
0.0341287049291
0.0189543649037
-0.0123885555663
0.0635287881425
0.0605575682877
0.0542257948076
-0.0147529578806
0.0448893703899
0.137710285029
0.118375434083
0.0330266527714
0.0303737909714
0.115164813955
0.0670161862405
0.059901911275
0.129641004576
0.073022389461
0.0618258981898
0.0845448244654
0.0114217022107
0.0120222108814
0.0290666618423
0.0542002167006
-0.114814909216
0.0867184351539
0.0514178323395
0.00724032299834
0.0945921566325
0.00373480871487
-0.00630761723555
0.052394444245
-0.00948000412983
0.0744070196628
-0.0881713425759
-0.0399618764454
0.101690858792
0.114127592147
0.020611633589
0.0538832293966
0.0233704262606
0.0126701692348
0.106823713161
0.0392017626597
0.0309166847295
-0.00429697741027
0.023876713459
-0.0384010609949
0.0293709342569
0.0551948323908
0.0642844247408
0.0590883933463
-0.0258850407531
0.0114642362691
0.0942319443182
-0.00177284486924
0.0162962974883
0.0766382283085
0.0502350520936
0.121760326268
0.0981152016843
0.0243863792822
0.138363737279
0.035548570139
-0.0470805431364
0.128093744421
0.016111530794
-0.0435930014256
0.0998164384414
-0.00304053346041
0.137833956183
0.0717097113129
0.0356764184087
0.0832223459847
0.0608766037164
0.0889082823229
0.0870018428544
-0.0324539348666
-0.123866177217
0.0934361912193
0.112901640261
-0.0267487682292
0.0635963803047
0.0741174017948
0.0735355432862
0.088653923411
0.0954319234769
-0.0156965843236
0.0892938388148
0.0656657424731
0.0760123881586
0.0981946415268
0.0816227038003
0.0370238096347
0.10036561769
0.0684651798185
0.0317127233229
0.0639826881471
0.0791265651189
0.0465467632853
0.0481104280111
0.067056828365
0.0346814449782
0.0634986360463
-0.00785098866881
0.0821817497288
0.130567065478
0.0221474365012
0.0357149947245
0.0914223054459
-0.0133802545607
0.0923744911156
0.0717429755748
0.0608482368331
-0.0396220474431
0.00866294594661
0.119081618919
0.0132917942603
0.113507029572
0.0621062029973
0.0793043593843
0.0637738951536
0.0325339546681
0.100067548296
0.0841997929006
0.0632321837527
-0.0107462994789
0.0436934886766
0.11825631429
-0.0285172248026
0.0343373643217
0.0982045204234
-0.00210176917685
0.122530640316
0.0271899171822
0.0190056434791
-0.0190023412909
0.0324256960972
0.00116392743909
0.0866637916461
-0.0197370621481
0.0895865750362
0.0268569947777
0.051902022639
-0.0244819183269
0.0490905328429
0.071930562305
0.00740326040079
0.0180593550462
0.106497404184
0.118473722924
0.128521440514
0.0430543791533
0.0577062144637
0.0789193638918
0.0572074801197
0.0556975306084
0.0808341974405
0.0364709224432
0.0337354141166
0.0698781513765
0.0801245306247
-0.0141161281397
0.0828207492174
-0.0482065376047
0.0487428145332
-0.0459161354983
0.00946367393421
0.0121229329032
0.0478473147253
0.127672199584
-0.0206619368125
0.0041734209078
0.0406516877541
0.0414102686034
-0.0537959346052
0.0795489717721
0.0692060189224
0.0325483695573
0.110656707392
0.0105123115808
-0.0644190042399
-0.00521099040178
0.131447212486
0.10079508497
-0.013289619157
0.0821606978825
-0.0245459719209
-0.0586164615477
0.0764588001663
-0.0244990126751
0.131779797795
0.0124188163507
-0.0126995499067
-0.033013878688
0.103019050609
0.0363003732108
0.0464921437417
0.0411252013218
0.0883221620429
0.0240667861434
0.0537074547316
0.0757278655691
0.0710884146261
0.0673916070689
0.0774551929267
0.124788105423
0.0485733373965
0.00790043168546
-0.136881079878
0.0544248648195
-0.0266561245729
0.132262263953
0.110977711288
0.0856584636393
-0.0249603281393
0.0315443491273
0.121290108179
0.00948606060556
-0.0344564866801
0.0284766878158
-0.0259704423233
0.093025045911
0.0347095391779
0.0861557911559
0.0264784535452
0.0369284775523
0.0144738804627
0.00302741986841
0.0815511466322
0.0709470820811
0.0460373354204
0.0459744346174
0.00408762754378
-0.0681193660956
0.105782637888
0.0526059360265
0.0774425373444
-0.00710029103711
0.0751437046621
0.0971665473375
0.0144724995785
-0.0656554159483
-0.118714638628
0.0544103881898
0.0164409672848
0.0187487741619
-0.00148038221402
0.0716003918302
0.00102995604532
-0.0583522317383
0.0732719734489
0.0718152393727
0.0980219928596
0.0753805593513
0.0646254202727
0.0703183422488
0.0232802347102
-0.0122979127518
0.0766209441729
0.0250969855737
0.0132685546081
0.028894043124
-0.0149608396357
0.0511805076084
0.0211150619745
0.0204086200657
0.043408818066
0.104998370265
0.0767589531704
-0.0233575905914
0.112561682383
0.115448957133
0.00694550926649
0.00400861576592
0.0790625364033
-0.000620612349694
0.0820335490282
0.121595270127
-0.0401120618213
0.115129868245
0.0549191598516
0.0835819679356
-0.0494206002493
0.0701710524191
0.102471461391
0.064280566281
0.0430358026956
0.1009056595
0.106694378113
0.0628782681877
0.0591293768123
0.115310329014
0.0318271301204
0.0518550499681
0.0271779536562
0.110944770414
0.0726929301632
0.0560372258545
0.0490191541712
0.070732800829
0.114300468589
0.103287525168
0.0255973360438
0.106720100675
0.035644148202
0.0190863624696
-0.00862616139879
-0.0228848718016
0.108398739105
0.0982345285507
0.0326969476737
0.0581447530577
0.140172565015
0.145143079065
0.0441158773764
0.0738220260853
-0.00917344458501
-0.0138938393791
-0.0342702775163
0.0464922844922
0.0128986926776
0.109968485748
0.0399143073444
0.0103221233479
0.0880911372095
0.0795469474873
0.0411324162182
0.0353457667749
0.0250042945098
0.0397183793378
0.0456746267603
0.040227404038
0.0721866057379
-0.0154188443251
-0.00644484453875
0.0174948802991
0.144713755815
0.08449786013
0.0683917929587
0.065320298877
-0.0553096574187
-0.00250185241006
-0.00567156468742
0.0725204815851
0.0501404674281
-0.0390664123779
-0.0812803551412
0.043680869513
0.0461318121991
-0.0534460330594
0.0664921657274
-0.00137840365687
0.0625627868498
0.0696355382359
0.118641924865
0.0166601172975
0.00692770279494
0.00745398287749
0.0778435410913
0.0937196568881
0.0709686901886
0.0463305359926
0.0301074515327
0.0943862005213
0.100063276259
0.137057676982
-0.0357692709103
0.0719802002264
0.0975645323264
-0.072291622682
0.0712370844439
0.0897779682245
0.00695587220919
0.057901763387
-0.0257635793009
0.061401498374
0.0221403807178
0.0416614400843
-0.0151954939887
-0.0909425221652
0.0889105003211
0.0881880116364
0.126747669163
0.0309803052273
0.0247094742767
0.0513508081232
-0.021224617688
0.10804044187
0.0277992006419
0.0895565610479
-0.00199345996493
0.0794443699876
0.0645949293905
0.122048123723
-0.0512445494873
0.0380195539818
0.0380051067013
0.077450368147
0.0654668476418
0.0209703543162
0.0968148147949
0.0558810108258
0.0728295701483
-0.0595718617615
0.0928642326328
0.0467557969735
0.0794110841838
0.0691945681917
0.0645355315774
0.0378328568533
0.0960674282097
0.0152898699155
-0.039903588189
0.0172707681192
0.0817018386258
0.039892037312
0.00952969324458
-0.00137917933557
0.0711193638257
-0.0032012318152
-0.0711874434849
0.0394387280908
0.056124976881
-0.087790324894
0.0393619387896
-0.0157940201458
0.128046040082
0.00173414997188
0.0596445191379
0.090347227789
0.0206558876985
-0.00523467179487
-0.0086830988403
0.087035689545
0.0132478791823
0.0933725364473
0.0595093686269
0.0442225526752
-0.0372667294122
-0.0449472644201
0.0454842631503
-0.0624111407966
0.146640200508
-0.01316496464
0.044694288368
0.130805170555
0.0543341374469
0.0350689291631
0.0184932749614
0.113989437919
-0.0363872265934
-0.0012251612431
-0.0477765595167
0.04755597407
0.0760826056674
0.0392597145983
0.0103668280961
-0.0292040262203
0.110450917648
-0.0422536962197
-0.103315187183
0.0881368544535
0.0314722293699
0.073873598558
0.0417000260805
0.0717467539886
0.0881152798091
0.044305587326
0.0810856121732
0.0936092438517
0.0476879931695
-0.00327706834222
-0.0129394555211
0.0530981674647
0.014304596997
-0.0186316936108
0.0609039065365
0.11291872508
-0.080618850156
-0.0155631207787
0.0895484955857
0.0677663816617
0.0662482091461
0.0246857292744
0.0382565156964
0.0940319530916
0.0993238215237
0.103533093012
-0.0149649672679
0.0746238733296
0.0655321431771
0.0833156812227
-0.00914392967835
-0.0737214476725
0.0861632538988
0.0562745715461
-0.0116661963977
0.0476845160018
0.0303099612513
-0.0146520354334
0.11164030896
0.0351873205796
0.0664106396332
0.0683392887937
0.0552296416828
0.108368436425
0.0480877350462
0.0671193975112
0.116340307679
0.0168682444
0.0133323771735
0.0681536822689
0.0349685907056
0.110062449496
0.0803239565115
0.119124380202
0.0613072906552
-0.0250873254494
0.0225029709708
0.0966509689661
0.0330096453456
0.0321176481333
0.0922506906823
-0.0141529064884
-0.00160687315372
0.0280092119069
-0.0127076905497
0.0671882362332
0.0185832287868
0.111730126741
0.0573769237867
0.0182819663237
0.0507677528078
0.123867217927
0.0400641716935
0.11773984831
0.0584182248955
-0.00714618085177
-0.0225036735961
-0.018982134464
0.133981489392
-0.0386004257771
-0.03813954579
0.0641933889956
0.0402910852569
0.0177735073424
0.047397304277
0.0439324220411
0.0233551159581
0.00626630108176
0.0469581052793
0.0578757908133
0.0571052449282
-0.0634976335644
0.0885833416202
0.0224370275306
0.0419012991659
0.102589410545
0.101725094414
-0.00199737569548
-0.0487467308913
0.086267777845
-0.0105966423771
0.0787479184283
0.00841912206848
0.0938800350492
0.0410922436585
0.129303797264
-0.000595270359294
0.0140150137918
0.040860149801
0.00769249760774
-0.0418854579383
0.0660055736857
0.0149297366226
0.0225472000508
0.105134541888
0.0727637191992
0.0887134458323
0.113642904987
0.0545471680587
0.0489378975802
-0.00503970085423
0.0593276601477
-0.00435824103741
-0.04692768548
0.0886608953211
0.0141666395487
0.132909833479
0.0981966992592
0.00168874966154
0.0962715667497
-0.0665917383331
0.0456864818997
-0.021734434967
0.091360963652
0.0689104202024
0.0374985034788
0.0235307621203
0.0764428013604
0.11009015029
-0.0089269868438
0.0144520667794
0.023063875211
0.0532836765697
0.112502711618
0.0753867812306
0.0556077578627
0.103345794683
0.1027181131
-0.060165135824
-0.0159261776625
0.0863098745742
-0.00119010347834
0.0432747293675
0.0212836258395
0.119181583091
0.109176647183
0.0454058195717
0.0377184124586
0.13792319447
0.0232308376385
0.113368202859
0.032824266938
0.112143584439
0.0600930085619
-0.0105135511964
0.0637021114431
0.12367732431
-0.0192643573697
0.00288135585214
0.096404798775
-0.0212651476706
0.104590393326
0.087110644479
-0.0577699581055
0.00118988058983
0.00278516961475
-0.0150377150771
0.0543436435029
0.000380662682069
0.0205209315872
0.0716318051741
-0.100603212428
0.0284270419769
0.0953295617403
0.0350193077758
0.0337958424946
0.135964782719
-0.0306437999593
-0.0170362956269
0.0552845953299
0.0198329486663
-0.0592278297696
0.129188650673
-0.00557312401534
0.0273326760253
0.0807230296233
0.0366997140213
0.0184666997811
0.00996036292288
0.0677421848097
0.055401312452
0.0914511606502
0.0771614044694
0.0476779890789
0.0680376750851
0.0428025365402
0.0604955490044
0.0484353258108
0.111161040845
0.088623332879
0.0486159187372
-0.0172658967901
0.075603171786
0.117348654463
0.0074724233899
0.102043724107
0.0331957128637
0.0776700293516
-0.000258580458273
0.100480577181
-0.0375534715958
0.115523718758
0.0184874034083
0.136103478414
0.00184739627886
0.0592666471645
0.0807457541177
0.0639454684018
0.103639594237
0.107764010514
0.0727028121093
0.0351733761784
0.0327683271298
0.0253672128815
0.0570128876779
0.0769388451496
0.0754794512808
0.0374129567954
0.056062892331
0.070072897928
0.0148914733069
0.0753865529307
0.0804006615094
0.0960404210709
0.112728741709
0.0542118131335
0.105277480649
0.0464156925121
-0.0683643932656
0.0643600336276
-0.0417756556069
0.0375600900624
0.0102006778794
-0.0170625598261
0.110254349948
0.0514493815198
0.138844044614
0.0419806888865
0.112248423598
0.124127810553
0.0430833049277
-0.0136930567991
0.0653919128004
-0.0269948528728
0.0703915850319
0.0847634913123
-0.0756891099742
0.026140033703
0.0770812518856
0.067943485039
0.00402050470228
0.14340128154
0.0159416915439
0.0481375562154
0.0657369554987
-0.0465018875268
0.00607140653932
0.0687595428573
-0.0180205040667
0.114800693067
0.120409981526
0.12248059584
0.0414026848698
-0.00392679672205
-0.0533998329945
0.0226989751728
0.132265005584
-0.00954648554103
-0.0118294985121
0.114962699889
0.05751255409
0.00444800483604
0.0105348805854
0.0571189900282
0.0835188929179
0.0577927846025
0.0868451263157
-0.0255944202018
-0.0656646878174
0.035869959397
0.0220063343125
0.0609967275665
-0.00352603796118
0.000985397512385
0.0576878521428
0.0170288047377
0.0948688495731
0.131579966291
0.0130030932932
0.104972952271
0.0430142274124
0.0326043562936
0.0380969006118
0.0199566984638
0.0901336719303
0.130618463833
-0.00613811304175
0.00345245673592
0.101954550241
0.0304595983644
-0.0521568131033
0.0239621137059
-0.10214711522
0.100104191008
0.0136927052699
0.0426550241405
0.117193551711
-0.0178496311764
0.00511322481993
0.0613043897008
0.013179889269
0.085153292968
0.0519593350924
0.0758279224887
0.0182443863527
0.0806481539678
0.0259997322384
0.0363830166774
-0.019590443935
-0.077556083725
-0.00846425907147
0.0848118532122
-0.0131712935807
0.0331730541845
0.094546065457
0.0873376732099
0.0447407073217
-0.00460682675987
0.0208815641233
0.0630047578739
-0.0182247872145
-0.058757419669
0.0173591670926
0.0156742413021
0.00862019850661
0.0207941399951
0.075908161457
0.11352667611
0.0998508661357
0.124825532086
-0.00937285969025
-0.00633624928521
0.0219762330454
0.11051738157
0.00374303409583
0.0777015776442
0.0608176919317
-0.0340910180541
0.0416445676095
0.0975755016199
0.0798947451536
-0.0696933109171
0.0709764027164
0.0609752292441
0.0553241272414
-0.0576224273671
0.0902930536288
-0.0415823892549
0.0402544654403
0.0315779677117
0.126702316233
0.0901302887221
0.0498554730832
-0.00781550095859
0.0997640499869
-0.00688325470309
0.0857927589161
0.0643912272886
0.0673315297646
0.0459989824323
0.0470042760739
0.0872164476255
0.0421751608787
0.0571379598093
0.0943925081223
0.0401619600345
0.0576732949037
0.119525720882
-0.0105247241209
0.0326292436742
-0.112698416382
0.0151515236551
0.0217744755443
0.05295173181
0.0798115319685
0.0533201916698
0.066911670825
-0.0378843638509
0.0569565835515
0.0125162265878
0.0501690661923
-0.0210215095307
-0.0399755153107
0.000240336528336
-0.0164207087103
0.0268723335184
0.0901791509221
0.0243502752338
0.0532793783516
0.0217550315382
0.00627395432464
0.0858779001843
0.0843769582844
0.130297346749
0.0873927610643
0.0376105818175
0.0456727039996
0.0265521080666
0.0995319007803
-0.028457934844
0.0989982914696
0.13203476919
-0.0517911262475
0.095574950709
0.0726567171681
-0.0418273584055
0.0556716067788
0.0119075351482
-0.0566804744743
-0.0950532144205
0.0346510744828
0.0177504333437
0.0790144975328
0.0578312416915
0.106516062118
0.0817961788515
0.0235129815935
0.092386117414
0.135568920677
0.0248249665737
0.0543700931665
-0.00554949686928
-0.0102995644751
-0.0553800137915
0.0743824985986
-0.0577065703063
0.0834301913047
0.114085303166
0.0735057061605
0.00733594003633
0.105175192154
0.0340039798361
-0.0159577328037
-0.052019099889
0.0726408514357
0.0377440497842
0.0180600729876
0.100009374477
0.0299605409161
0.102517132079
0.110760552963
0.106164303593
-0.121412348665
0.104654578449
0.0763799852986
0.0298316359773
0.0473978593112
0.0887878955472
0.0562052636078
0.0554946436931
0.129869223556
0.0261146842975
0.0224612063435
-0.0124153066575
-0.00316022801391
0.134498795708
0.00648853708219
0.0825591319143
-0.036399092054
-0.005505347596
0.109254012573
-0.0738060135852
-0.0951689083672
0.0470685428778
0.000960934342579
-0.0642731053292
0.134985845258
0.122735975425
-0.0818368231001
0.117289987506
0.102386038175
0.0847316088891
0.104811246762
0.0290966711988
-0.0144670396135
0.0958314046555
0.0124593915948
-0.0940214085172
0.0365734465151
0.0780556303502
-0.00111759234707
0.0247429874111
0.100994507457
0.050625206106
0.120387444509
0.0392274728511
0.142097316228
0.119562961082
0.123311714504
0.112964313515
0.00520636376984
0.060232630823
0.097468213643
0.0754006702688
0.0236429910811
0.0273903446018
0.0193726658815
0.0887108360208
0.0601913226353
0.0566919679662
0.118101821225
0.0265420365406
-0.0453788732408
0.00355934976908
0.00630992316548
0.0620402836442
0.0358285133936
0.0991252452678
-0.0502666850478
-0.0605681065056
-0.00255598804914
0.0235476496596
0.0631761639945
-0.0230899275095
0.03339282329
0.0560340590254
0.0534184758257
-0.00959264971395
-0.0286252071707
0.128654556138
0.107004494534
0.0775958127353
0.119326345356
0.035595965391
0.134257237957
0.0634477879329
0.0310358055122
0.00326050313642
0.0632793210665
0.0277026134412
0.0894938592769
-0.0117905735911
0.125964851696
0.0679035477298
-0.00818865969523
0.00416843660757
0.129570926331
0.0636068088316
0.026645521224
0.128256996138
0.0876852826513
-0.00427876377152
0.0901962772925
0.0401835828375
0.108517262743
0.0275421509303
-0.000434134180508
0.0787685870641
0.134098290774
0.0661585252855
0.0602770308632
0.0690290442703
0.0767993198825
-0.00818871698451
0.0576499895512
0.0639473751566
0.0502669180008
0.12394382234
0.0355500575722
-0.121061783718
0.0245746231307
0.0837651945638
0.0631613236119
0.0328322145943
0.056923861369
0.0746125398573
0.0408626796932
0.0990346861495
0.0459491404144
0.0261682717073
0.0826272159276
0.0921763435093
0.0210819913855
0.0300957509799
-0.0147454291768
0.118787771633
0.0444300375203
-0.078524737868
0.038573098587
0.0315820874545
0.040073297638
-0.0259252311164
0.0901297437244
0.0590316146004
0.0608766462144
0.0256981360943
0.0773925585275
0.050071053051
0.072172807233
0.128785374528
0.0779518288474
0.0469852998925
0.0472295658609
0.0451250888557
0.052792656477
0.0486302225137
-0.0121647320149
0.0839446211691
0.0403560675817
0.0849860588565
0.121542703148
0.0954009631368
0.123405380437
0.0121454869212
0.0274184401555
-0.0239227172757
0.103022000972
0.107409266022
0.0135800849568
0.0075860030792
-0.0234955838339
0.0832628448954
-0.0595163011689
0.106219569587
0.0280688953124
0.084276586413
-0.127932875101
0.0756937108035
0.0793436696644
0.0506052755727
-0.00887627108498
0.0487742483419
0.0873053544553
0.0404781923063
0.120265668298
0.114406328506
-0.0562911060678
0.0508247175369
0.0941199443976
-0.0329330121416
0.12428154907
0.0301931728231
-0.0402567534142
0.0482310334648
0.109473557762
0.110732587867
0.11291839737
0.0733954027464
0.00892111314405
0.0454849115818
0.112423562713
0.013294490845
0.135837919416
0.0575774073844
0.0663610793199
0.0137248230712
0.052802030944
0.0865566320847
0.0736605096497
0.126076154345
0.0978801616428
0.0964772669118
0.0686113944549
0.0587281630754
-0.0016892390068
0.115701419978
0.0053076808537
0.0612300394648
-0.0499742000664
0.109198842581
-0.0155637883997
0.00489937099769
0.0878757444507
0.0641140897236
-0.0315784872007
0.0322405196971
0.145719013161
0.0714891035624
-0.0122199150637
0.0707899944447
0.0663907851173
0.07890283296
0.0721152092822
0.0478230189424
0.136146307924
-0.0197500466057
0.0284230600014
0.0722265353178
0.0569173844123
0.0648115633753
0.0569692012892
0.0714684417852
-0.0499747588989
0.0582979326641
0.0286940231823
0.0530459003929
-0.0450293569138
0.0602706433522
0.0660855647119
-0.00599773122948
0.105748177957
-0.00942240523075
0.0748285161338
0.00584825800069
-0.043132773704
0.0401608013184
-0.0271454535569
0.0675031716314
-0.00125621002575
0.0496727221802
0.0429971283433
-0.0825726477774
0.0746508538096
-0.0753184320456
0.0639673726081
0.0597663471459
0.115248764991
0.0575606421707
0.0347358654789
0.0898385055693
-0.0948370895083
0.079687399053
0.0706272536971
0.0732130916302
0.0289108650083
0.0976360059504
0.0934842804555
-0.0363066496827
-0.00790690534333
0.0704038929356
0.0363782077547
-0.0132564673634
0.0983346346207
0.045295013337
0.0327757375366
0.0742511335675
-0.0236235316101
0.0526565055185
0.0391155320905
0.0902394970172
0.00732448665804
0.0165598909508
0.0302091841576
0.114246769778
0.102213964971
0.0174874594085
0.0613384672504
0.0872994634446
0.0790147240982
-0.0310492671778
0.0935725984202
-0.0131257622354
0.126374481114
0.0694753330078
0.0641556088316
0.106909130515
0.0607218779951
-0.0157727567348
0.0265023092329
0.116406308882
0.0964426375907
0.0154344449219
0.0194608938046
0.0997025073693
0.0551181598668
0.0777678092978
-0.0112849915364
0.0732550393048
0.0146766967243
0.128830624062
0.0658156695762
0.0570456693462
0.0711365819016
0.0643574544241
-0.0188621623362
0.0454455850475
0.0447847761578
-0.0786992299745
0.0622476165884
0.102825607463
0.033099953512
0.0998439194407
-0.00466374097429
0.0965429511793
0.0716807831798
0.0892555638241
0.0372930516329
-0.0286157181736
0.00314682166607
0.0768591295521
0.0585639162256
0.0114368623734
-0.00242585587752
0.0626455669646
0.0701162403148
0.00364357688216
0.0886027818603
0.0794636698258
0.0324282747549
0.0592366157913
0.0251019521213
0.0552087014335
0.0119919704145
0.0803628638674
0.0684608349241
-0.0848265315418
0.0520681776179
0.120485252027
0.00130700149433
0.063786161433
0.0802735928251
0.0302690025936
0.0823776359863
0.0807806831646
0.052142495716
0.068706662047
-0.0246361513145
0.0845644040943
0.0381378800019
0.0340000842288
0.115101844505
0.000829706862929
-0.0293330410171
0.102423501536
0.0860578824349
0.0756723538869
-0.0423591657624
0.0864384540639
0.0600157371409
0.114337931555
0.0632918482161
0.0363984774049
0.0534773343112
0.00713361612975
0.102086389763
0.0674232011747
0.109487163245
0.0140708788864
0.078464880971
0.0781475355334
-0.00353985059725
0.0122067455236
-0.00785025765355
0.0052136678879
0.0615166151035
0.0831815458793
-0.0125169872131
0.0254914745506
0.0653889994534
0.0823115417773
-0.0315999673043
0.07196092113
-0.0105825340259
0.0400849039813
0.0730204409301
0.0244502822775
0.0612458484411
0.0643805285602
0.104072766704
0.0922878728069
-0.0641063576496
0.0470935182747
0.0411449049291
0.0622419976836
0.0167590470408
0.0527410258563
0.0307902726161
0.0914321588486
0.125456035419
0.118214231315
-0.00420031929939
0.121468526657
0.113272126914
0.0953798254352
0.015371282869
0.0718471006556
0.113105224709
-0.0039568531599
0.0305403260005
0.0580050348059
0.092697677798
0.11173852083
0.050538831378
0.0826356379619
-0.00879945288483
-0.0826878612301
0.105179332288
0.0557742177391
0.0574159926677
0.0676265559741
0.0611861085856
0.0545441579381
0.037884199835
0.127406432887
0.0193280487649
0.0928743444866
0.101980882327
0.0872826280015
0.00837991606182
0.0811970309576
0.107061737121
0.0238475386186
0.0820427952778
0.117634116819
0.0411164102599
0.000495305112981
0.0146834614587
-0.00777034729942
0.00422558856867
0.0940444053446
0.0209670110905
-0.00964573828646
0.117164825435
0.0558172073475
-0.0485211798854
0.0697005844277
0.00831650035403
-0.041643521075
0.07646764596
0.053283243113
-0.0439097540472
-0.001294016603
-0.0558677165029
0.0458538202064
-0.00824865124194
0.0985423017131
0.0594777414783
0.0920073774148
0.110782836825
-0.0184707556317
-0.00408446309102
0.018585176928
0.0877178526078
0.0871580539824
0.0393027573719
-0.00724792954717
0.0973005590344
0.112665090461
-0.0442091123643
-0.000572395987932
-0.0123559867556
0.0873497070717
-0.0106004550472
0.124378371773
0.0842762300483
0.0617768169682
0.0269184747513
0.0395782103945
0.0256534865029
0.0380754607667
0.0636073464014
0.0923842432375
0.071423016988
0.0275484439706
-0.0258369178184
0.0808907372914
0.117971335245
0.0652431994843
0.0987192596227
0.0561961883055
0.0921649185826
0.0556676051924
0.0260039601585
0.0836194627956
0.0321008082193
0.00553137712538
0.103919518477
0.032603337872
0.023685578764
0.0579629974363
0.0576854469405
0.0298644336194
0.00926348558376
0.0182870974473
0.0399229923229
0.10869636197
0.107419093933
0.0199099456449
0.118081423341
-0.0193638602396
0.00489819101098
0.0666385594892
-4.01419991407e-05
0.0457096346164
0.0509407461622
0.0425290123059
0.0768363909099
0.0649305981045
-0.0202656311844
-0.000148785352097
-0.0139523930425
0.0309417932526
0.109717809709
-4.51436373661e-05
0.0343244808713
0.0426371328395
0.013995291871
0.0428272047195
0.0907355737619
0.0628260402721
0.0698044207542
0.0520990608725
0.0186923296033
-0.0162469743233
0.0394975457172
0.0618913525247
0.102587716361
0.0742064286255
0.119969579819
0.0741555860527
0.0330706132663
-0.0604421928485
0.061561684021
0.0151557198814
0.0298788400942
-0.0146185619075
-0.140294918315
0.0197209313614
0.0503379776204
0.0255754426106
0.0310679201606
0.0323801461249
-0.0292145469186
0.0799783707774
0.0801136852641
0.116047948628
0.0452993760496
-0.0511924922088
0.0093940448294
0.108225396408
0.0300615276596
0.0582801800009
0.0571808187649
0.0330424368736
0.0235792730703
-0.0311385362909
0.0628328969342
0.118071742655
0.0167434748597
0.0354761071681
0.0298696170292
0.115078761886
0.0845305226729
0.107558763123
-0.0525821261264
0.0323395145953
-0.033641893074
0.0680342676317
0.00714330696097
0.0132298328993
0.00135080790652
0.110829402337
0.0230506553488
-0.00900139910871
0.0739251612732
0.0849167104167
-0.00909345342598
-0.0445649889712
0.0103709917775
0.0734707973862
0.00788507727967
0.144153595409
-0.00482742361332
0.0480989743072
0.0506632538968
0.0715423022801
0.0488507815356
0.076575186478
0.036481679996
0.0312104390512
0.0322305585705
0.104990744223
-0.00526975038844
0.111113879822
0.0337201549454
0.0839793726807
0.146591666137
0.136547630643
0.0530727793283
-0.00107262053833
0.108424340017
0.0518537568989
0.0480060845118
0.0219381492015
0.0878706607999
0.078606849619
-0.00522691836751
0.089653990269
0.115190882663
0.078316111194
0.109790996987
0.0746589209114
-0.0436896606125
0.0269642346237
0.108938424932
0.0686429537516
0.0999827716989
0.0907134683034
0.0177703758577
0.0951310987312
0.0196957731833
-0.00468001473387
0.00976515535789
-0.00476743345163
0.0918006272036
0.132038811495
0.0256394642036
0.0989552554111
-0.00124649796596
0.0389189736496
0.0799956488656
0.0360096281823
0.041004546227
-0.0128947306517
0.0786655963499
-0.0790021096155
0.115215105011
0.0232084497898
0.141611160232
0.0467025674177
0.0690210876489
0.0232121077249
0.128532527807
0.0250097567652
0.11873913167
0.0207633937274
0.0855075592981
0.0444195895629
0.092587087343
0.0914247869623
0.086169754125
0.0401497645424
0.0182491235129
0.0607949235675
-0.0382148690403
0.0459695210246
-0.0194048147375
0.0677093826927
0.100991977286
0.00258395946899
-0.00746923048959
0.0881310176226
0.0553853485058
0.0448675846782
0.0350747794396
0.037949973811
0.057704542508
0.00230057720403
-0.0364111194464
0.0775108063216
0.0583981477168
0.0889545667717
0.119263005316
0.0124522835782
0.119013458845
0.124128138109
0.0805439719784
0.0789301422751
0.108906070002
0.106333878311
0.0196968543526
0.048910014069
0.119938632363
0.096913648278
-0.0178648545335
0.0221912947479
0.105802464257
0.0350745161143
0.0847109239321
0.0697509846037
0.0608292773361
0.0981925118132
-0.0469132888569
0.0752494732025
0.0450540634537
0.119774968581
0.0479946718728
0.0179893291631
0.0699889797051
0.0794119184535
0.108122588612
0.0644656141807
0.106968326673
0.0191397847363
0.0102090923543
-0.0593718166623
0.0718434127034
-0.0671807265788
0.08781262634
-0.0179349402081
0.111625690905
0.0371877594312
0.057731552321
0.0328947915531
0.105364261702
-0.0297067026784
0.117595537066
0.0911441647716
0.105833903386
0.00343614743268
0.0896832410433
0.096557366148
0.112665903386
0.127696265868
0.072613215494
0.0719193926798
0.0467332921769
0.103356444691
0.023527715393
0.0457367688037
0.0650809624033
0.0191844459788
-0.00453123208112
0.00120047439276
0.0959260912651
-0.0194101856994
0.104991432837
0.0398477862995
0.0522098755327
0.0103920532154
0.0942556599901
0.0767290371362
0.0984130637291
0.0151467846863
-0.0434328017398
0.0383689172783
0.0449868447171
0.101936956725
-0.00372514866016
0.107794715757
0.0348409760977
-0.000192489964881
0.0724022007595
0.0895881592331
0.0880089601001
0.0217185223708
0.0769624168367
0.129601257616
0.0238292204851
0.0547402544342
0.0992378193035
0.0942042966995
0.0409997289307
0.0486752298832
0.0117578927539
0.0872211826407
0.0915932140607
0.0731548869587
0.0343098419928
0.00997557149523
-0.100272376039
0.0640314277612
0.0242945663557
0.0941381790225
0.112331148424
0.00405371469781
0.0721282190459
-0.03023164413
-0.00243880661037
0.036804932464
0.00330320981858
0.0387868931838
-0.0413106013728
0.0742244645623
0.110939149193
0.0554276200136
0.105988982081
0.036738130506
0.0733581209627
0.0801692303408
0.0339370253214
0.00209785778129
0.0648341273379
0.0195241159239
0.0161100880678
0.0949618363517
0.0999509481583
0.0460493097983
0.0800579126118
0.0709735558988
0.0298545534752
-0.0219800957367
0.0896240334896
0.0901963418734
0.133908015831
-0.0794572960922
0.0161927338571
-0.00941512997977
-0.00957949035014
0.0796578928296
0.0438552806567
0.0128655789039
0.0991591484012
-0.0598589232198
0.0656784357659
0.108595501827
0.0016629142351
0.0450839575617
-0.0353605219733
-0.00234888010377
0.00260838539001
0.0432327889863
0.04694643667
-0.0731005457221
0.10325292564
-0.0157596659133
0.0985800075922
0.0798602985491
-0.0126513181893
0.038874846242
-0.0427831010305
0.107638072626
-0.0624200312165
0.065539294275
-0.0210698391736
0.130030219049
-0.00472909694853
0.0855318442461
0.0615497531343
-2.47710930399e-05
0.0969745749153
0.0409074047703
0.0201939659781
0.00356248939194
-0.00370760209738
-0.00147349340449
0.0841048627749
0.0502541240062
0.104322737199
0.0264116311611
0.0143797977737
0.0566848893933
-0.0228467859141
0.000954804172721
0.0327893499854
0.0384848986151
-0.0039282234762
0.0927709989919
0.0744857444323
0.0692854887393
0.029540234358
0.0576370754116
0.0245281109153
-0.0423463708692
-0.0302958288379
0.0591209537726
0.124146814534
0.0571314348011
0.0883638762157
0.0977522989984
0.11356074659
-0.0104210895377
0.0321717941698
0.0057610226531
0.0817469636182
0.0623222525998
0.037391250613
-0.00686443806537
0.0166759651493
-0.0862802314734
0.126953188991
-0.0189289921882
0.0594201787231
0.0559821110293
0.12177321139
-0.0600091497013
0.065088641218
0.0884788069915
0.0678108259505
-0.035178379698
0.129326941494
0.0636921521805
0.0481310020132
0.0550816945061
-0.0337681128027
0.00620563731466
0.0871851728994
-0.00527466637536
-0.0659435520999
-0.0235020898847
-0.036400638058
-0.0441995943356
0.114635381368
0.00149726941426
-0.0514027209814
-0.0407435952321
0.04161624751
0.10084646536
0.0855347908864
0.0451582003641
0.0232117493035
0.0631225432739
0.0267394470141
0.095086665956
0.104648078621
-0.0227188750116
0.135382498324
0.115204087411
0.0996933718193
0.0408172826329
0.0097317799628
0.052059521555
0.0507911633748
-0.0387743996343
0.0350690814872
0.0626405005814
-0.0541245986083
0.0696822924251
0.0803098297728
0.0968250332201
-0.0503621169296
0.0905716999766
-0.0185609284388
0.128436071597
0.072555611464
0.0239164841988
-0.0266116000406
0.0578537841077
0.0370561592938
0.1158254343
0.0605904136098
0.0139898215275
0.0967705363519
0.120440688184
0.0913978139679
0.106315515946
0.106282252633
0.0547187213302
-0.0167131510079
0.0483124795999
0.0620427852155
0.0354660892058
0.00354133648256
0.0161477981435
0.0729047053475
0.10412234342
0.0325863950967
0.044282025335
-0.04568126379
0.0660716999233
0.027138502865
0.028197144674
0.0184944194304
0.0610118460793
0.14249799279
0.00133103482378
0.0520251415145
0.0978426143831
0.0564839960809
0.0317978877291
0.0695078481857
0.100934254034
0.080789756839
0.00827408766686
0.111704519526
0.0471253113782
0.00933885599824
0.0693303581563
0.0167244022865
0.109238716147
0.113266518082
0.121680264737
-0.0124737880211
0.00967229100205
0.0357213543372
0.047315947306
0.10937512444
0.0512731626526
0.112192857915
0.0135869285962
0.085345215326
0.0127444310257
0.0754817840626
0.062481763486
0.0169045526666
0.0950886914922
0.0808201327301
0.0365792700616
-0.0229448972228
0.137716998951
0.0229938519754
0.0483820537377
0.101659418382
0.0936239058628
0.0567238505416
0.0838139955509
0.0207834479698
0.100649966284
0.061714094242
-0.0114158306684
0.051318380307
0.140315345728
0.0388790619643
-0.116507714706
0.0442752971536
0.0322186856284
-0.0167412997411
-0.0138503676281
0.121062007511
0.0490118903854
0.0620585383668
0.0545271086806
0.0570758245886
-0.0739970889989
0.115799512766
0.059204097238
0.061209689484
-0.0944748853117
0.0668018458719
0.00267576037069
0.102588115466
-0.0795355481152
0.108602718789
0.0815389192272
-0.0342007258737
0.0871713610743
-0.0864340346907
0.0752216786539
0.0857154238684
0.0739866739788
-0.012797799656
0.027017710856
0.0594175611984
0.0677426216388
0.0747147820945
0.0513438948038
0.132570881091
-0.0432034993694
0.0452955606285
0.109127001656
-0.0587282537582
0.0951859208841
0.0830234026346
-0.00382263695749
0.0564796801609
-0.0405963912518
-0.00596234240236
-0.026490177347
0.0861113126996
0.100235013429
0.0646124047127
-0.0397769274855
-0.0939813134537
0.0393458294634
0.116244124679
-0.0101437731272
0.0502254314483
0.134292461264
0.0734583689297
0.105540664944
0.0921324831957
0.0707360835767
0.116320574917
0.0825842533245
0.0766495665894
0.0152300628958
-0.00886113617178
-0.0108987256757
-0.0258999603546
0.0501535578361
-0.0475476663599
0.0498526662485
0.0260884892383
0.105354300954
0.135651276217
0.0714045288426
0.0342211598974
0.0748546520291
-0.0291051199317
-0.0148727474332
0.0163143417531
-0.0491649576214
-0.0555427519734
0.0733253125821
0.121290500437
0.0206209739188
0.0226249082514
0.0288634764634
0.0976955223754
0.0936491684202
0.0826932379377
0.0984541348864
0.0384992678512
0.0432471679712
-0.0120110381803
0.0623716896533
0.0119613406191
0.0632064641284
0.1137675301
0.0898715682118
0.107457282498
0.121171019162
0.0885369483821
0.104895376078
-0.0243821664003
0.0645061007955
-0.00304773497694
0.0930434369083
0.0474914247553
0.0820034563798
0.104553489395
0.115645325209
-0.0234638154077
-0.0308759010983
-0.0639730104119
0.0254189058811
0.0495309399038
0.053637181925
0.0267548456376
0.0471116909098
0.115300061878
0.125267393216
0.0806720652702
0.0307368624831
0.077468177528
0.0349755577589
0.0995266983241
0.0463912809522
0.0241561936578
0.110899400277
0.134560497792
-0.00596369375743
0.041033558698
-0.0154018165997
-0.08948586587
0.0750975836037
0.117850848585
0.136983071934
0.0515417818076
0.0113937299146
0.0899235686228
0.066715617543
0.103805496366
-0.000673091587895
-0.0275296768946
0.083210556453
0.00310953879052
0.0203134420665
0.0354856512948
0.0321566018266
0.104897853764
-0.00566954035154
0.0583510958786
0.0251448786415
-0.0490095496861
0.0362739742882
0.0723031153463
0.0533769821606
0.0169349700314
0.0970738830474
-0.0187756393332
0.038329348546
0.0803988056119
0.0260963198577
0.140367962347
-0.00281583440728
0.0856938040841
0.0548703492519
0.107014761271
-0.0119599325907
0.0959899001212
0.00428135493175
0.0789535372152
-0.0334712170663
-0.056439941371
0.0630871270233
0.0898330133512
0.0426028548601
-0.0163411093054
-0.0296658863346
0.137073602434
0.0404567642378
-0.0329517119748
0.0506950684334
-0.00220795311946
0.0638978633489
0.0721215648522
0.0628826069375
0.131237635809
0.0547138730055
-0.00316006080076
-0.0546295980375
0.0903030766594
0.0240787502116
0.120162821864
0.0910818151182
0.0648275319431
0.0239162451325
0.0996169572207
0.0748790694816
0.0945520555151
0.0107132101476
0.0321539628022
0.0550526538887
0.0323197236748
-0.040937219116
0.143726347607
0.0326710279305
0.0790224486311
0.0146920999741
0.104834528836
-0.085391195564
0.100207881148
0.0127438114849
0.106361464235
-0.00339835220517
0.00506726542749
0.128374528813
-0.049576544421
0.0389113338829
0.0638290426407
0.117243133425
0.0337934097179
0.0485461660865
0.032119504072
0.0214779398702
0.0904489942965
0.054524624227
0.107787342084
0.100682057434
-0.0324972819356
0.0738562444727
0.0113544041341
-0.0340636937748
0.0931864377089
0.0914804585674
0.0949028803332
-0.0587229029398
0.0792540474478
0.050208520798
0.021736698519
0.0940342187854
0.0922872177923
-0.125699920617
0.0605866060362
0.0580711951125
0.0349784989724
-0.0167755215299
0.0960272614215
0.0759913810625
-0.0108253866933
0.117230965755
0.0882425530716
0.00542741250246
0.0649967872274
0.110522459472
0.0398806612875
0.0689607155974
0.0349853054126
-0.0777590674191
-0.0104795235964
-0.0110938186617
0.00317582763958
0.118272814295
0.0642843225759
0.137649225963
0.0766578325679
0.116336810614
-0.015685593096
0.0350632263452
0.0928290332575
0.106858081419
0.0905093281108
0.0736556046976
0.0199311000738
0.0185505132611
-0.061655207105
0.104407716413
0.0609861617545
0.0460750993167
0.0692154667846
0.0229650805441
0.0513665672528
0.118458649456
0.128690547417
0.052119846856
0.0813223620568
0.042138045541
0.117414860296
-0.0361160925512
0.10264179837
0.0572920276233
0.0514303335127
-0.048886786967
0.10701825107
0.0957932586186
0.0392691052655
-0.0958951695561
0.062602357371
0.103161799885
0.0691664859218
0.130554145517
0.00538492320142
0.011548167479
-0.105299169207
-0.0273852476809
-0.0095951986281
0.0979750376972
0.0481579758794
-0.0414810232618
0.00350115983413
0.0756188112355
0.0840509771759
0.110470599271
0.0762412238874
0.130378704426
0.000277442992998
-0.00893971985466
0.127550979223
-0.0109340101229
0.0631666573392
0.101049868378
0.121003630395
0.114235960688
-0.0812287208116
0.074643281141
0.0408265294428
-0.00207391770724
0.0665325188001
0.0886236053259
-0.0606102235511
0.0975783846034
0.0984231723247
0.0314391692489
0.0656656552174
0.118906654204
-0.0186712813486
0.0774113530827
0.0636788702456
0.108080762505
0.100262464143
0.104553802078
0.0137533362329
-0.0175589897054
-0.00893081837803
0.0773967541458
0.0257884365971
-0.091792800427
0.0871869725499
0.0699251065693
-0.00129119243933
0.129938635004
0.0381643448855
0.117125705976
0.0436599247652
-0.0215069409717
0.116768168156
0.0823676019644
0.0871843548078
0.0243234947433
-0.0255637344328
0.0251466083107
0.0847448003969
0.0821300601704
0.00689360882024
0.116324433588
-0.00603529109008
0.0562499671121
-0.0150153347922
0.00258394962207
0.00794827953408
0.0632281120233
0.0539951500962
-0.105914554315
-0.0634368819453
-0.00981050422699
0.0808536057519
0.0537351235499
0.00400371138297
0.0877842046219
0.0863677109227
0.0723215608045
-0.0188714615514
0.116670389057
0.0793812451459
0.0406769431081
0.0516404179143
0.0256456700907
0.0567349816709
-0.0341594396533
0.0592250074116
0.0463293546595
-0.0390057110012
0.109265025953
0.138482621099
0.0646266786952
0.106110578012
0.071213160516
-0.0644857979891
0.0694385771644
0.125264592613
0.0441804070925
-0.00277187483483
0.0598144614338
0.111060526295
0.097106833468
0.0111629708659
0.106683767808
0.0591768661758
-0.048559718984
0.0352391429729
0.0707263766371
0.041810915011
-0.0280339433575
0.12963686086
0.0112233668024
0.00583203831629
-0.0643329254422
0.0482928692262
0.0171581756119
-0.0667178695992
0.0690932271484
0.0180716799682
0.00836254109118
0.087075618875
0.0156280550378
0.0320588155901
-0.0349389731923
0.00821887934885
0.0436260899469
-0.0621820068628
0.0250619339923
0.00466931960903
-0.0157022617787
0.118268241599
0.0486333611622
0.0264631883514
0.0368494196045
-0.0464878395126
-0.0451710111537
0.101148491142
0.0529000753481
0.140934944036
-0.0402753160506
0.0321755333611
0.0413587711484
-0.0714867750011
0.0973341302748
0.0149121845683
0.125098457553
0.0936364321895
-0.00775454796772
0.0482507308849
-0.036161170742
0.080779590967
-0.00217045610769
0.0546894220935
0.0282262617613
-0.0779406986655
0.074390887133
0.0300640301547
0.112630049903
0.0426822334732
0.0978604469518
-0.064069587864
0.121354141038
0.0594882596305
0.00019752301243
-0.0057997773267
-0.0278498091912
-0.00993288287004
0.0863557202282
-0.0146348390275
0.0440026633631
0.0941229941615
-0.0620841647216
-0.023566122918
0.124549249277
0.0640469398068
0.0356861860384
0.0542644655145
0.0510643009573
0.106868071961
0.0303707894024
0.0898641656463
0.0802710051779
0.0652600628945
0.000179311835289
0.0364629864104
0.105021609992
0.0824829223157
0.0667093852255
0.0899306075933
-0.00740972943138
0.00629888301814
-0.0515331633649
0.0958618871317
0.122697078823
0.00556066010393
-0.0839729385677
-0.0555522400258
0.125276761729
0.0901360504491
0.0720955024615
0.0661336430907
-0.0874598748558
0.0205594140891
-0.0132176110273
0.0155057591353
0.0450605649605
-0.00860611701637
-0.0697092060658
0.09132467721
-0.0829955094446
0.112323013112
0.110433278533
-0.0469488041429
0.0179766533876
0.101200398786
0.0714187420398
-0.00812124522753
-0.0277950493321
0.076348228654
0.0444275047196
0.0766707539262
0.121543286901
0.020453094359
-0.0335917116593
-0.0419326233735
0.0332155510421
0.0599764315722
0.0560121769237
-0.0489650905761
-0.0670346983591
0.0920166277093
-0.0543013927133
0.0633215215145
0.0812614533102
0.079816419433
0.0182212919563
-0.01362017029
-0.0347613867021
0.104771276571
0.0974893132633
0.0266457520843
-0.0601657492155
0.0223701654872
-0.011460971358
0.0809240245408
0.00732485324167
0.0696691704719
0.0766035455696
-0.106688998559
0.0960856919043
0.104615144934
0.0216221069433
-0.00357428320823
0.0351777729042
0.067145062804
0.0617669221571
0.0170637124372
0.0818536372688
0.0706740099759
0.0844528445064
0.0565308424017
-0.0178414687963
0.101293821027
0.0293570347046
0.0680713231373
0.0916679189069
0.0672051796897
0.133377455885
0.0253980144708
0.0428832854708
0.0295177302786
0.0100970575902
0.00365479188151
0.0461744604466
0.103761912613
0.100237833213
0.06111427762
-0.0696521752028
0.0544817024796
-0.0468264554758
-0.0406472264739
-0.0320748558061
0.0724908755174
0.129821737033
0.066432733103
-0.171579665059
0.0403855307926
-0.0632132603315
0.132879298768
0.0344751461402
-0.00420957841135
-0.0410917403532
-0.0104503378983
0.00323093449929
0.0496013146556
0.0584525812373
0.0769476102835
0.0531466408361
0.0474621244677
-0.00372071174808
0.101576874422
0.0253073811452
-0.000973334606115
-0.105855458017
0.0242668424547
0.0864050511247
-0.0763446480599
0.125492590041
-0.00349365470855
0.0662286554486
0.0344287908886
0.0289595033849
0.0808564375969
0.0916205976934
0.0956697997654
-0.00757592184649
-0.0965055666526
0.00203062096301
0.0128334233527
0.0293855843
0.0768826550595
-0.0166395095329
0.136708766404
0.145146648492
-0.013008452887
0.0502807812236
0.0985960557081
0.0387928348872
0.0327985944095
0.0721900915894
0.0662574588418
0.0479235588102
0.046864736802
-0.0712734556772
0.113772461891
0.0229415255358
0.0538817210956
0.0355061351525
0.090007441515
-0.0242860487794
0.140504982257
0.0252002144728
0.103398588474
-0.0276955779668
0.0594636466968
0.0414933929123
0.0922511944326
0.0598338240076
-0.0143374591772
0.0670700233917
0.0536914504326
0.118276816516
0.0758444602006
0.09085052872
0.0839332251226
0.0764603417151
-0.0174770214925
0.105824850383
0.0251669871759
-0.0360454078634
0.137812511326
0.0358750770176
0.0102314597567
0.0252967647167
0.0927637670051
0.00142015234006
0.0369760553471
-0.0654785196056
-0.00310753152302
0.0801028851658
-0.0695497888757
0.0421678121265
0.0796513654626
-0.0227287549458
-0.00130090565518
0.0422488062224
0.0698100649631
0.0796828123384
0.0652989265045
0.0845309795233
0.0719258686529
-0.0550020141555
0.0689855080482
0.00530072329245
0.0901419571917
0.120298089472
0.110923355803
-0.0392960743051
0.0391053146924
0.126907088292
0.13406938864
0.105769892373
0.0261185201511
-0.0827663267639
0.060596558259
0.0208886457815
0.044125097032
0.0325661174305
0.0558392667907
0.0909488242707
0.136275614964
0.0848692292977
0.127254219208
0.0828647844633
0.0886730110075
0.0405455186508
-0.0115421265397
-0.0777546571698
0.0299061550853
-0.0311096343914
0.0117778348279
0.0695335141652
0.0983398990965
0.0794530646634
-0.0741436782803
0.0983072642241
0.00257270953621
0.0428312839868
0.0813751059238
0.0636900140437
0.122381611938
-0.0524957104709
0.0608198790782
0.0372487636066
-0.039573397163
-0.071521351611
0.0238970433629
-0.0274969786432
0.0138540515729
0.0513772606838
0.0480934695693
0.0227774969638
0.0617856779558
0.0497401717643
0.0569204639665
0.000289555702712
0.0109385730083
-0.0351856153667
0.0625687774995
0.0474247342137
0.00448813559687
0.0815611143482
0.0672824411552
0.00224590895902
0.0559616048262
-0.000792714764806
-0.0451815405923
0.0841951125341
0.065797815413
0.0698966774506
0.0638699268765
0.0496253617659
0.0854058355366
0.050250732246
0.0393239767651
0.0769413294786
0.0811172575959
0.0371469911134
0.0369480071963
0.0229706640973
0.0547678330713
0.116663765609
0.029479115494
0.0582974704742
0.114529998412
0.0455760393663
-0.0265510609003
0.0646353487234
0.105817846391
0.0123800205354
0.104861177511
0.0768172811273
-0.00264761823034
-0.0294388273454
0.0161785688032
0.0361820502413
-0.043360209489
0.125139096179
0.0104104451054
-0.00481671906137
0.0835342241312
0.00291008173774
0.102322293849
0.0935332694824
0.00197491251836
0.103557993034
0.00481289021185
-0.00563484604358
0.0719853421103
0.0812931469446
0.0132735320536
0.0256729280941
0.079570581363
0.0187163971468
0.0748740091476
-0.0214311872791
0.090475170178
0.0566516449597
0.0467925547884
0.0153142909131
0.11061195407
-0.00383521169661
0.037028531738
0.115710322673
0.107340515193
0.0092179408451
0.015941055387
-0.0817634246476
-0.051470436563
-0.00281366905862
0.124470212001
0.0152074082176
0.0685589711427
0.0856748846279
0.0620559036463
0.031942625302
0.0825736796622
-0.0367490157966
0.119738576374
0.050633865122
0.0285355127499
0.0164132910285
0.0389841333236
0.05039409431
0.109493042445
0.105828979298
0.0881267512985
0.0723475333153
0.0209917580471
-0.0116377349726
0.0362874618745
0.0930645872431
0.040185798237
0.0574816808097
0.09421157993
0.049438502601
-0.0355284378631
-0.00888747050909
0.00828760131759
-0.0183662669173
0.107411904149
0.0150645921306
0.0440313173916
0.0183224805817
0.0385433390165
0.0219674860414
0.0812502682839
0.114257813983
0.0145671641253
0.0214575311632
0.0034503902239
0.0415779096919
0.118365324152
0.0167474174227
0.125762281823
0.106162832135
0.00795007843342
0.115453842079
0.077629608026
-0.0538776357569
-0.110539352432
0.0974298780755
-0.0762077667461
0.00500226749239
0.0902359584511
0.0253558132427
0.0418545882245
0.128443275069
-0.0683267691841
0.0491692801852
0.00883624398447
0.0507354391269
0.0338320137482
0.0558446260185
0.0716156924574
0.0701319580487
0.0632870594977
0.0442324008224
0.0763620207662
0.0423826732788
0.0302972086392
0.0820206989701
0.044564600288
0.11588135169
0.00280250790941
0.002844268171
-0.0412435437296
0.0783232966319
-0.0313444421616
0.0771289949552
0.114049496351
0.0530962940734
0.0700564504625
0.132611064875
0.0202535850593
-0.0173768389756
0.0905477134123
0.0650152634118
0.0435979171152
-0.128392522234
0.00278157390798
0.120515622747
0.0737568741148
0.0415075439067
0.115084409567
0.0915636694108
0.0827363420737
-0.0108185748789
0.0745181318037
0.100928890329
0.0105401307088
-0.0706155105949
0.032741836479
0.0751337225491
-0.0768507225255
0.0613129655919
0.0948497374461
0.0960954277188
-0.0402301532748
0.0639612520324
-0.00831915524778
0.0146666519593
0.0170699306826
-0.0505065969546
0.0992125615015
0.0897220681699
0.0429582693575
0.0785158257053
0.020097234497
0.0898342407792
0.0747821895655
0.0508977889988
0.0486417143991
0.0110461691688
0.0614945369557
0.0939646030263
0.0101350549773
0.00443727000206
0.0275882274241
0.00977319299085
0.11712736031
-0.0720950125552
0.105663316728
-0.00161788245332
0.142597664997
0.0275696990804
0.0445219944158
0.0236505686955
0.078413286838
0.049504695064
0.0144446753101
0.0718920309409
0.0936918501645
0.0625471546656
0.11424028506
0.0791766494404
0.0996177609511
-0.0440993063686
0.061826226578
0.069904063549
0.0981858891651
0.0590154361006
0.0686485210785
-0.0504430437201
0.0232029825539
0.00945102565339
0.0309919869893
0.127519444011
0.0703869378775
0.053727205155
0.143314307583
0.107976047075
0.140272395718
0.0550965771764
0.0243888783581
-0.0092463678702
0.0924211461389
0.0797484436924
0.0975082668392
0.0645952287012
0.0724111319023
-0.0792087160815
0.00553318432966
0.102743431801
0.00933510853383
0.015080068608
-0.00259337118417
0.0852220582898
0.0385685038549
-0.0853648240294
0.106671002502
0.119062810001
0.052405517776
0.0848051313774
0.0464314547366
-0.0131014748705
-0.0138646395764
0.0786345038307
0.0232889030558
0.035987281036
0.0367198897405
0.00934315917045
0.0287096249699
0.0289887060807
0.0194500145987
0.0670316037268
0.0277947426786
0.022560533369
-0.00283494365276
0.0211367993935
0.144431598509
0.0464001027116
0.0655496253505
0.0390546951085
0.0388907691008
0.104470077247
0.0154750539857
0.0836311033734
0.0132737092788
0.0358520011048
0.0874424574497
0.0248413209513
0.0202254137517
0.100813557175
0.0244003461433
-0.0344658913906
-0.105534691359
0.0509891176058
0.0446584891231
-0.0365032571029
0.0472833982908
0.045556637428
-0.0460427760954
-0.0118430043752
0.0664220901394
0.0433665035061
0.0005576295579
0.0725827209389
0.137796719377
-0.00573344866626
0.0892508903025
0.0323431176849
0.0358878233965
0.0519814214785
0.0124591996034
-0.0158091095634
0.0990149593105
0.0227360916932
0.0335448057475
0.0450857945897
0.0995770405955
0.0492160244113
0.0644913302301
0.0803667882227
-0.0735536474152
0.0396687611304
0.0950640192487
0.0766767159693
0.0693442588979
0.0379972313379
0.040763382279
0.0560861129507
0.063465148342
0.0913144392063
0.070230334339
0.0247244070633
0.118955566569
0.105016138955
-0.0173764659855
0.125616691822
0.0627366868474
0.089064104906
-0.095442505406
-0.0427419410138
0.0592258088182
-0.0409373654695
0.139288913453
0.0227269386697
-0.028215893652
0.0328062221193
-0.0110901820992
0.146979930899
0.100031827945
0.055809014398
0.0891393759808
-0.0285396507414
0.145493386435
-0.0695262090703
-0.00167043929227
0.0673060319639
0.108538933877
0.0996594591418
0.0563425558646
0.0654067118253
0.0155052342255
0.10255231853
0.0725412953767
0.0252174474263
0.106404225828
0.0709470709221
-0.0950680234282
-0.0514415293592
0.0319586776081
0.087261389499
-0.00457585487489
0.0220356258416
0.0611760575146
0.0372238934924
0.0785660137016
0.0654754740801
-0.0280539151218
0.0620883849526
-0.00825680794415
0.0557563053893
-0.000877839060531
-0.00553976983418
-0.0288970776596
0.100243151703
0.0610115711096
0.0718588728579
0.00775384784335
0.0651504973774
0.0637576091831
0.0732085619002
0.0964026447985
0.024466978125
0.0663076129598
0.0920484991884
0.0535710530845
-0.0347411271434
0.0983128177834
-0.0484223878786
0.0935026346635
0.104315638539
-0.0602655039569
0.0275908327555
0.0112082398119
0.0829731138269
-0.0675557743229
0.0712284240559
0.0251475800111
0.117813730208
-0.0703220034063
0.0825066744196
0.10581363518
0.0571667788231
0.0487219870678
0.0829862605067
0.0886103079149
0.0604124507029
0.10172345031
0.0434344018321
0.0836992279763
0.00977957697706
0.0892985855108
0.00884352646714
-0.0705788465544
0.0546770701297
0.0547479351068
-0.00614885759091
-0.0536281720115
0.0392345459769
0.0937855400178
-0.0491677697588
0.0227523482045
0.0254192489029
0.0572679578941
0.0603260376025
-0.0303168552079
0.0396497944127
0.0245483267379
-0.0188367091838
-0.0347269376014
-0.0617630471124
0.0129344479096
0.109189612668
0.0933554317016
-0.0134033308986
0.109846007512
0.0924519418955
0.03153268678
-0.00136498049024
0.0449135785933
0.0698879060799
0.0882498178638
-0.0077320343741
0.0947088615717
0.00644376604432
0.11744803309
-0.00673482367663
0.0629981687398
0.0997671392034
-0.0416520297414
0.0546473903274
0.0943923352715
0.0818368032955
-0.00400917825674
0.0370157275923
0.0981428265405
0.0499730826207
0.0801546885329
-0.0239408491765
0.0649155308932
-0.0144321690803
0.0242808848894
-0.0151951019538
0.066664775196
0.0169537250634
0.112022432137
0.0286732176534
0.0845873591973
0.0545708927555
0.0238618577307
0.0380943137309
0.00260343703283
-0.00923298029329
0.00708862481279
0.0622244569285
