0.130531929375
0.0532528724488
0.0146149802406
0.0391415080786
0.121631517989
-0.0224498124672
0.134397494524
0.116293802275
0.00325330486667
0.141883192741
-0.00783619857145
0.0439461016397
0.0321630632738
0.0149298670815
-0.0128426036552
0.0200235865656
0.0380713439854
0.0843659690857
0.0676976101343
0.129678952115
0.0422233552095
0.101003788494
0.0805997268045
0.0575096995715
0.117259419693
0.0602160271335
0.0508758058575
0.0723285994402
0.0386988883627
-0.0100250618657
0.022897224828
0.030287827703
0.0787167314103
0.0290539490326
0.0740773943086
-0.147674794477
0.107030594137
0.0985205986808
0.0398917680403
0.0364218679048
-0.00628180823051
0.127594078277
0.0684752516319
0.146449659818
0.048029012482
0.103149437137
0.00688299392463
0.0490197316825
0.00190083186409
0.0916402845825
0.0963201419043
0.107098680117
0.0534120613616
0.0861263819129
0.0445554650728
-0.0243532904682
0.0768878611547
0.0450118918363
0.00829425607904
0.0320294375459
0.0564774829015
-0.0278463559534
0.125361218661
0.00529821287284
0.0693474008991
-0.117696980104
0.0689397347165
0.0753060124828
0.0826286524569
-0.0279426888099
0.0463033429367
0.000683694270116
-0.0291621512816
0.041676334594
0.0581532608405
0.0169173240828
-0.00377923327943
0.108423484636
0.0455624209163
0.0279379763454
0.00225481157508
0.0606246607125
0.0650588642818
0.0839592924689
0.0268398246917
0.079421303636
0.0943019759946
-0.0513391991297
4.8691017855e-05
-0.0193741216787
0.0246328224216
0.0234655484347
0.0104017493925
0.0946606843716
0.118181417185
0.0337393602374
0.106252589592
0.116840447904
0.0625358915657
0.00790461825542
0.0161644996623
0.0306607036618
-0.00354394886637
0.0587899428773
0.0978596994489
0.0400628572287
0.0708735534174
0.0650565462659
0.116902412462
-0.0184005435525
0.0179110686861
0.0828757370189
0.0278864280329
0.0605632941745
0.12233802087
0.0263464986218
0.0178647982927
0.0726526926713
0.0240769008412
0.0670598723448
0.0254780544631
-0.0384414930572
0.00678171316541
0.0645734353874
0.0123254319983
0.0175872724823
-0.0577578872092
0.0614761995274
0.0403931943865
0.0299050184482
0.0191642395547
0.0575105381413
0.0173182710859
0.0546477237098
0.126931481685
0.0893999483704
0.11286826373
0.0728727971498
-0.0140231544309
-0.0207004872324
0.00437971343811
0.117028277576
-0.0193456824957
0.103281324587
0.0989204301995
0.0256376948615
-0.0160697055005
0.0519605406144
0.0463732331473
0.137598125805
-0.0239980225826
0.0456533551956
0.091342073213
0.0242810010338
0.055859485957
0.0207412129464
0.112794556082
-0.0108542627548
0.086075483311
0.0871385403665
0.0229261440191
0.101831536657
0.0810746727914
0.0359179876161
0.0374837473674
0.0596909980663
0.0637627157579
0.10865848785
0.0897514916322
0.0922853547486
0.00109439344243
0.0631138004489
-0.0935827152496
0.104990855737
0.0390323456749
0.0441876782515
0.098659569415
0.0522125273537
-0.0229509839763
0.0908305907239
0.0311542967055
0.0979552103384
0.0867337368509
-0.112584282188
0.0644326559697
0.0394665344293
0.109767582411
0.0990173946402
0.10469445956
0.126541009136
0.0718779511799
-0.0311664921244
-0.0329181195721
0.0789808634601
0.112100326398
0.0913497148655
0.101586865473
0.0345799214262
0.0524579447261
0.0216613444505
0.0699990755958
-0.055576114319
-0.0178621999293
0.105977844387
-0.069157051931
0.00617147060318
0.0851747999111
0.00666426316118
0.0705565878726
-0.170632695925
0.0149413892681
0.0944335215522
0.0676185979066
0.120179767616
0.0261663887725
0.0688790749915
0.0940439463363
0.127101340006
0.0329155684538
0.0422566923291
0.0620158008909
0.0141058587581
0.046467465485
-0.040621214243
0.0607656923029
-0.00666899971026
0.041086506406
0.0936959903818
0.0511859220353
0.0848326895463
0.117253771597
-0.0489121713942
0.134567780674
0.0242577246327
0.0340394482798
0.0894138242783
-0.104268679885
0.0837589301665
-0.0198054269603
-0.00987908463071
0.104357529457
0.0773265466884
0.0648593795992
-0.0300622750935
0.0730707075054
0.00561484551646
0.0566492714478
0.0575435054602
0.0702460422449
0.0782416395452
0.0471280006131
0.0485057185596
-0.0368741956928
0.0698530424838
0.0732178382659
0.03772434836
-0.0253471860697
0.00884772424759
0.0436429025331
0.104991168351
0.0164348615371
-0.0893759110076
0.104977778261
0.0984710251402
0.0447057803682
0.112049403903
-0.0568765494196
-0.072398483774
0.000428455041833
0.0432266220906
0.0694744010813
-0.0160551232932
0.101481122129
0.0902934032982
0.0350538536699
0.0524261079477
0.0936002043428
0.059845315529
0.0962181505091
-0.0009839474255
0.0729112685008
0.0569146533691
0.0294821015869
-0.023836301894
0.113601656767
0.0296777602496
-0.00418223663433
0.0526419413569
0.0801913428595
0.00908259826238
0.104457656246
-0.0284777665834
0.0101228480499
0.017772921844
0.110366481939
0.110540865818
0.0524989191161
0.0891506159598
0.097906950187
0.10408505068
0.0268699762442
0.0570494621288
0.0789129635817
0.0315691399421
0.0686991449378
0.0452067688607
0.0969474791865
-0.00489202931892
-0.00665840715166
0.0724259583378
0.00092301508052
0.0942007426266
0.000986527218267
0.0253025608943
0.0624451175481
0.0954735660665
-0.0190521367457
0.0576514388366
0.106813953446
0.0215971694529
0.0431842319847
0.104927448994
0.0720510333962
0.0244971806045
-0.0176550576995
0.0529270021408
0.00719264607535
0.0654876861803
-0.043864003186
0.065572803222
-0.00064217982969
0.0154084520567
0.0459824052163
-0.0390727544363
0.060040079187
0.0542096415563
0.0350454605139
0.0367063633939
0.0109738300792
0.00160643050257
-0.018381131832
0.124333819977
0.0389628295605
0.0162474904814
-0.0451278329364
0.0864918648609
0.0317273742938
0.0858550479148
-0.0330271758898
0.103905834169
0.0935829847924
-0.0635504950786
-0.0789573579118
-0.0488125818243
0.120224539759
0.00499662585177
0.0581109036253
-0.0968458064795
0.0736341336038
0.0501989818805
0.0615753253988
0.0751249731733
0.0962776142486
0.0714576549699
0.0539694352356
0.0303106565909
-0.00660067782728
0.0989114434786
0.0455431296295
-0.00149968532027
0.0640201070508
0.0555955649223
0.0186880129613
-0.0627864012338
0.0455304160738
0.0949213233817
0.0555118105926
0.10901657703
0.0384651740728
0.0455787892144
0.110472881686
0.114830124807
0.0393488049805
-0.027814379333
0.124544464179
0.0726600289585
0.00286704447996
0.0230242390161
0.0281287703757
0.0755595323641
0.0912636369227
0.0684269227783
0.0252389070289
0.0778552133999
0.0470732296502
0.0753722531752
0.0993348893188
0.0188795463431
0.0632098219903
0.0465116766672
-0.0100785285574
0.117245704856
-0.0492368816736
0.0887973775326
0.0615862980097
-0.0275952814207
-0.044270320999
0.117321491683
0.0690791528038
0.0808554235478
0.0423712398021
0.0063050912958
0.10102386539
0.069063583147
0.023998974406
0.0529216861023
-0.0360615451336
0.0810012962197
0.00164467808546
0.0466912643615
0.0428199828901
-0.0603436137009
0.0329162555605
0.126149001382
0.0776878859431
0.0275182762643
0.0106085229856
0.1157767246
0.0336008270626
0.0277996697016
0.0592656996023
0.0076163155217
0.011045097326
0.0109832562138
0.069581031995
0.0780486024854
0.0308670062786
-0.0139213500747
0.0493262010135
0.0342231284963
0.0791796289063
0.0278378654853
0.0507764258914
0.145581349026
0.0764387365177
0.00490323592479
0.069534382032
-0.0938947051992
0.0036211497855
0.0553041690503
0.0669271117249
0.110144804617
0.108162418532
0.0959064679895
0.049076449811
0.0938909102718
-0.0550631723966
0.063746215907
0.0629588148589
0.0579459098873
0.0983748858473
0.128255515213
0.0079413205309
0.077108211132
0.0240649521839
0.0657535423085
0.119061449959
0.116493340604
0.0289593429792
-0.0678981634241
-0.0461367093596
-0.0433230840603
0.136071927867
0.130059958117
0.0390845429197
0.0531454573147
-0.0295397422661
-0.0179226831437
-0.00305068678218
-0.000576171052642
0.063210768067
0.113173439254
0.0249718501569
-0.00882633792735
-0.0380192376259
0.0184875423855
0.0702041193884
0.0215884960958
0.00937577384848
0.109695065608
0.07383511587
0.0919281217245
0.0480663220759
0.0471160841739
-0.00684657783726
0.0501208789979
0.067261631868
-0.057450226362
-0.072300259606
0.0794430146234
0.0521571653886
0.0266712138052
0.114993380501
-0.0412072983447
0.0783825758492
0.0777132201377
0.0603342553017
0.00511751361276
0.0412335919077
0.0102867607669
0.0768928763753
-0.107523057897
0.0745973422844
0.0973984266944
-0.138625305918
0.0270173799888
0.043132663072
0.0293508042298
0.0699981208635
0.0539596961353
0.0654909104328
0.0300530531151
0.117428122429
0.0395458166477
0.13641222499
-0.00939181278541
0.00218264730455
0.108425570583
0.00222995369633
0.0470830860474
0.0488421638895
0.0670241627702
-0.0774716958407
0.0862224991938
-0.0323501026678
-0.0145136958336
0.0340490442744
0.042366399491
0.0783822383223
-0.0148067885434
0.0173844023581
0.056190219272
0.0583061093629
0.0398273253909
-0.010478453711
0.106945313267
0.0693208612006
0.0795381707215
0.0502020895222
0.00923302114302
0.134331503835
0.0756729257645
-0.0959006283157
-0.0535261676527
0.035718141254
0.0522074711711
0.0753427771327
0.108742908464
0.0960757755184
0.0865481208236
-0.00459959176421
0.0750521391578
-0.120586415649
0.0705967622339
0.000741041973178
0.00150054630637
0.0645466694991
0.0143756191324
-0.0441400659904
0.0931438242769
0.0156943844543
-0.0258684418013
0.0924520745444
0.09801212824
0.0937569051527
0.0882939989691
0.0200207449055
0.0792835006146
0.0207790234273
0.0880686075079
-0.0260510728472
0.12908314081
-0.0145407251634
0.0380167808164
0.081671821281
-0.00252009303157
-0.0390928229435
0.0441541569258
0.0839552173398
0.0828904833115
0.0124804197626
0.0151172205408
-0.0684320036264
0.0301480805108
-0.0840986610514
0.11384491727
-0.00571400586535
0.00769945854838
0.119560573763
0.106713461556
0.0863342414169
0.0295467665432
0.00011384576085
0.0253346908682
0.0268247517738
0.066001320224
0.10366549777
-0.00120041026403
0.103057448828
0.0817912562895
0.0793271223072
0.108412533011
0.0391243931231
0.116632387921
0.130257802685
0.0531366524315
-0.0127355654337
0.0214880869048
0.0850561412735
0.0982051477117
0.105451747154
0.101742891611
0.127916763513
0.0638719346489
0.0788986933936
0.0520918279379
0.059368366527
0.090197798451
0.119361680041
0.0598502913696
0.114223181372
0.0572320459484
0.0946622114318
0.0956888480798
0.0795768375734
-0.0207562199335
0.0956001506484
-0.0251558032221
0.0419752629368
0.0233445034566
0.0685567814032
0.00710304349688
0.0992590798621
0.13318428478
-0.0368011688393
0.016047260068
-0.0187785833169
0.018486216896
0.0450047469383
-0.0507354446209
0.0459434285107
0.0799178483352
0.00353424101087
0.0168846276975
0.100964634839
0.0654328135288
0.0661495774227
0.122310690207
0.118584293558
0.0236393823268
0.0656687336445
0.0760399301688
-0.0182290981513
0.0661018084141
0.00877533687428
0.10979485713
0.0259757836551
0.00204473747944
-0.0249954777764
0.0604739252308
0.00132577469922
0.0728916509856
0.0830013446104
-0.0263713011889
0.0719760427161
0.0190938590534
0.11120883937
0.0429857420982
-0.141365482788
0.00505021384528
0.0746254918572
0.0687253906211
0.0521994826039
0.0228642709068
0.0357321543511
0.047184063761
0.0375556946797
0.0494662672558
0.0305369772064
0.0380112297209
0.0532321696858
-0.0208312139895
0.0674621556504
-0.00171523810845
0.101474932778
0.0569844726812
-0.00763034462309
0.0349276606099
0.11129288525
0.0868738018847
0.0783411463661
0.0395785400194
0.0118521419314
0.0518987743355
0.0598844375713
0.0629062208103
-0.0176375636306
0.0848527924683
0.0918500973855
0.122404003656
0.113965384787
0.031645434961
-0.0362643548604
0.0932778107669
0.0619024264119
0.0457385858378
0.046749838344
0.11388198056
-0.0502161400947
-0.0266533346081
0.0170189862374
0.0639420371928
0.0064641763959
0.0299895429661
0.0880670376447
-0.00343362078112
0.0520713378515
0.00527139629808
0.0403516401064
-0.0454120530445
0.127019806148
-0.0712953431744
-0.0104121690792
-0.0349232568215
0.0268398495488
0.0817202371463
0.0939960087982
0.113115845689
-0.11834647015
0.026876238594
-0.00416855566856
-0.00194644270859
0.0381848682147
0.0077216009466
0.00670006597307
0.122480254561
0.0494133694019
0.0847051769709
0.116606862449
0.116714683199
0.104027237929
0.0561473693511
0.0027144126266
0.085754751597
0.00699867905896
0.037230159149
0.104814301482
0.0154187212115
0.124176818022
0.0594126598231
6.42502810679e-05
0.0744173746159
0.0285663897907
0.0430692284003
0.0467040958427
-0.052169797407
0.0421936032735
0.0810145033653
0.104386275283
0.00127003946968
0.0188656087565
0.0570247975706
0.0234111351857
-0.0319571598098
0.0428901554624
0.0584564365097
0.0299323837024
0.0805074203591
0.0831639185654
0.0711828624163
0.00992185442044
-0.0255524762471
0.0847606143903
0.089047967365
-0.0231657048529
0.0419885892507
0.0748431995072
0.0404655092259
0.0720784709648
0.0619139425372
0.0201528272826
0.0967213271258
0.0671139860985
0.0228457243915
-0.0357643404213
0.0793991085226
0.100056866619
0.0502797250426
0.0354741578601
0.0502314530244
-0.0227498645926
0.110167033389
-0.0668825717129
0.0120484534818
0.0654127059291
0.068407515327
0.0985789482091
0.0138195483084
0.0510321851561
-0.0342785967598
0.0682512982719
-0.0325933925083
-0.00805440643949
0.0667886757448
0.0601033293757
0.00288425252971
-0.00613923776487
0.0311211977407
0.0451172944307
-0.0725872692796
0.0378263124894
0.0333041930013
-0.00570781406473
0.0272910366926
0.0490592751096
0.110493186778
0.100131025529
-0.0432335366967
-0.0475432224761
0.0205248250482
0.0742030276263
0.0535468600143
0.0524013069368
0.0775964271008
-0.0347623055344
0.00241033204543
0.0840101412289
0.0230484523791
0.0145701551738
-0.00335387670999
0.0717358767137
0.0248891670642
0.0954229610935
-0.0255096427817
0.0055775618725
0.0455149159001
-0.095330683567
0.0194412429834
0.122094145653
0.0426643295655
0.0460282272498
0.117493967496
0.1385843818
0.0607354141949
0.115186356861
-0.0460483981082
0.0605436973293
0.0760460709581
0.113838962363
0.098112266314
0.115500620591
0.0622837649054
0.0875655977336
0.099006706188
0.0735842676585
-0.00313703233032
0.0383718751703
0.00483394833218
0.022863481227
0.00378020523981
-0.065136186217
0.0621543997842
0.100835585805
0.0388339995916
0.0567224538954
0.120706342535
0.0898951995063
0.119199789215
0.0231754629259
0.0457750760308
0.0873448504151
0.0869024031988
0.0062443894781
0.126757818483
0.048576299456
0.0797000719128
0.100490063068
0.0364983789941
0.0465369774468
0.0194944146306
-0.0276993508205
0.112222615131
0.0506453714487
-0.0253438425626
0.0589297353631
0.0845204778238
-0.0611843929406
0.00856815522406
0.0773714621372
0.0429359128965
0.0397280029795
0.0220987287601
0.0961691591373
0.133638281524
-0.00790864111623
0.0268146234654
0.0587488197884
0.0598160942396
0.0545765747425
0.0284987228819
0.0228573534494
0.0583487388795
0.0205180425268
0.0254048177018
-0.113188982292
-0.0727147524003
0.0926305288728
0.0718691249554
0.0127804090444
0.11622710728
-0.0399899911516
0.0524577204282
0.0704722557352
0.0338471734823
0.0913582411539
-0.0153394880263
0.0164194322131
0.0667701292526
0.11750126238
0.0828290276985
0.115295994014
0.0553277644104
0.0690237013999
-0.081669230868
0.0743127274216
0.0643333945789
-0.0237686059185
0.0713463788825
0.0884404168813
-0.00181317145498
0.00732045145203
-0.0349434303845
0.0896488667828
0.0154331945843
0.050801765055
0.0419369222039
0.0977307726648
-0.0765426750933
0.111045564115
0.0670617214494
0.0926520604188
0.0822593754392
0.084774634497
0.0667861224852
0.0651542258905
0.125283885962
0.112915256681
0.126569225549
0.102956549235
0.117255531737
0.0290444611199
-0.0868002323216
-0.0538304205339
0.00775596102472
0.00477512798368
0.000338583268882
0.0988834718616
-0.0523140232634
0.0230769493581
0.0892224529443
0.0672651920379
0.0665334720712
0.00677343331637
-0.011920882302
-0.026145641434
0.0106239495203
0.104384097561
0.041464814017
0.0222178054899
-0.00130406149658
0.0764673516499
0.0869113816944
0.00116785950301
0.0832325945286
0.0567868451846
0.108244076833
0.0511688641237
0.0427212143722
0.0880679705326
0.0845586363366
0.109881689174
0.0943967413783
0.0621130044281
0.0689373831318
0.0440826128376
0.0779356227463
0.0141669920762
0.0873068400345
-0.041528470617
-0.0175298801562
0.0273259640095
0.0425460347649
-0.0429616997776
-0.0366115223847
0.1237847223
0.0248148110428
0.0861981755022
0.0273507809572
-0.123227727324
-0.00370196960462
-0.0726062732269
0.0917903101417
-0.00964994332865
0.00224085369968
0.0309952713565
0.0895973008759
0.0226759659026
0.0448103231436
-0.0164889928424
-0.0328358840104
0.061621035569
-0.0305892369812
0.0149755519717
0.0226130619381
0.0741887447432
0.104917661525
-0.0552704683031
0.0276161040318
0.0956624080599
0.0948428415154
-0.00982028027552
0.118346119056
-0.0365846250597
0.0777617875909
0.0917532993393
0.0374770696706
0.0032575758866
0.146119152298
0.0845582623009
0.0189451357029
0.0598265258378
-0.0153055575702
0.134078768603
0.0755188893489
0.0395228843541
-0.135661383288
0.102374968763
-0.080302199903
-0.0186868692367
0.0618080000867
0.133414281396
0.000332436138014
0.110741683485
0.125091731361
-0.0485967510604
0.116414436642
0.105403530187
0.12783285862
0.041278189437
0.109367421145
-0.00557463982881
0.0357276076303
-0.0539416086823
-0.0292693335201
0.0727743907892
-0.0120423370902
0.083675519166
-0.0120212118729
0.00231761826561
0.102787396247
-0.00953746219608
0.0778580819792
-0.0077643748884
0.00250332511763
-0.147241962286
0.0267907942782
-0.0918326687008
-0.0115316058542
0.0938764178659
0.10413906919
0.0457279637298
0.0857095062955
0.022297783751
0.0249335051607
0.02714743968
0.0798092506314
0.0822107842213
0.0149809900318
0.0812164707668
0.0840797228715
0.0350654658478
-0.0111898394788
0.0606812710514
0.0455252070387
0.102805371803
0.135006228626
0.0301458156503
0.0849824750266
0.124612195142
0.125669737195
0.0597328784839
0.139073623398
-0.00798527039012
0.0950007906611
0.116577438204
0.104899398954
0.00303697530392
0.0859640078589
0.0157040995901
0.00976851832404
0.0620530212496
0.104733597869
-0.00584605386897
0.0597712399846
0.00483075586644
0.0242114049826
0.106266378631
0.00299200257075
0.114388767003
0.0160954617552
0.00273920101993
0.043120004988
0.0259517595694
0.0975267987682
0.0464502560855
-0.00909882468244
0.102287976471
0.0790654346145
0.0969863410172
0.114511865048
-0.0270176166251
0.0223173131541
0.0595965114264
0.0100292312904
0.0846382406383
0.087158399619
0.0385635208883
0.0923900524431
0.00809938279617
0.00214383901451
0.0595220681927
0.0753793450123
-0.0556127838865
0.0536580738362
0.0922310517911
0.121810004247
-0.0315578234177
0.0884476355299
-0.0384132480431
0.00404584575047
0.0599341713062
0.0905223866775
0.0578759387417
0.0392429494346
-0.0228646110865
0.0848288415784
0.0686238986246
-0.0198697788999
0.0630894213416
0.0535732435124
0.0452892469575
0.0201631645535
0.115539022886
0.112172508941
0.0740460944598
0.0326317447025
0.0674278024934
0.0732935050973
0.0873030350701
0.0690556644695
-0.0345118012121
0.0913955501378
0.0911023463005
0.0761008060203
0.00955075760601
0.0249316867782
0.0323804650848
0.0253270606657
0.0460244310382
0.127566799938
-0.113531067957
0.0824285954383
0.0335137363027
0.126263641764
0.0173344445958
0.0251613771833
0.00802167493448
0.0959530370526
0.0780602453691
0.140123546132
0.106523385252
0.00697934515444
0.10809640347
0.122765713932
0.123900716764
0.0584438084901
0.0960518122641
0.0758390070041
0.0116720989797
0.0939625218357
0.00394095894067
0.0968576791683
0.059447254972
0.0642603746269
0.0725877507319
0.0535442045478
0.117625252079
0.0234711520138
0.0885175638539
0.0773504133487
0.0336711080466
0.043066632239
0.0516552739137
0.0740585363138
0.0624474168027
-0.0660239661604
-0.0451622345217
0.071120434264
0.126879346052
0.122513869008
-0.00636929541621
0.0146876190783
0.0832194852486
0.03795278789
0.0620039261647
0.127678063106
0.0812406320166
0.0229474083021
0.0964856448239
0.0780007057449
0.0534079696799
0.000349063304951
-0.0266714371314
-0.00497643910283
0.0104136643562
0.0916503749571
0.042522118477
0.0771261973495
0.0628679801985
0.0325767716932
0.0398399250713
0.0853186680489
-0.0430583400326
0.068464015654
0.141647051497
0.0426643563711
0.0367937017411
0.107694619598
-0.0888689201304
0.0949517499593
0.0592430338039
0.077638260613
-0.0207459599219
0.0517398828688
0.0624792442997
0.141679294702
0.0120279664571
0.0559095865243
0.0957202022894
0.050788696531
0.0639513301744
0.00480737487533
-0.0173638703646
-0.00410482497932
0.000333505204782
0.0682195654374
0.0704616245683
0.0678856933659
0.0548522426874
-0.0372207599994
0.101198231564
0.110140986868
0.0859559004727
-0.00544203193536
0.0214479530886
0.0644149752462
-0.0114160420728
-0.0181308046939
-0.0674797046289
0.111786164645
-0.0967066189062
0.00157539538862
0.0390481389095
0.0196390542367
0.07721598794
0.0234849040266
0.0870611858206
-0.0282411951196
0.0839024974511
0.0794896144896
0.0681006225771
0.126098027814
0.0152178062248
-0.0238202023103
0.0240000790811
0.0934492253026
-0.0121760901761
0.0663023757924
0.0166086088096
0.0324504553314
0.14192670327
-0.0657596478289
-0.0238075497789
0.100470900395
-0.0104475231255
0.0885224733376
0.0333002193687
-0.0216683982175
0.11547893607
0.0391645921015
-0.0695671912692
0.012728795538
0.0145055387164
-0.0073027315121
0.109182668143
0.0729878293338
0.0697117380349
0.016652261049
0.0259225362459
-0.0480634998931
0.00984050063579
0.0971061125689
0.0620349212411
-0.0461853525959
0.0785350992334
0.139925505634
0.0458207500656
0.0607728969914
0.105514530826
0.0213520212502
0.0211421936995
0.0905221409909
0.00671966930545
0.0553688834376
0.0481098260993
-0.0153866604824
0.0312086265245
0.010008394747
0.0122023809725
-0.0297532117391
0.130261315018
0.0632856515339
0.0350432686029
0.034161178552
0.09489688517
-0.0794364348595
-0.00102437341747
0.0496645840549
0.114836716518
0.0646202288104
0.0416468709013
0.118688771774
0.0184180124433
0.0713157590696
-0.064436129894
0.0431039106897
0.102172700923
0.0466912136601
0.0521558362309
0.073732895034
0.0425421584693
-0.00977963831355
0.0670665189027
0.038647789388
0.118072453961
0.0100343787309
0.0886521150801
0.00467028403118
0.0739172569907
0.121390715375
0.141507064879
-0.0110815806703
-0.0297498010133
-0.0252475656661
0.0462091848972
0.113768957421
0.0135148573467
0.0885359558643
0.0458263717209
-0.00360558357514
-0.0600552327998
-0.0130475647086
0.0515533130261
0.0529308214344
-0.0167479235683
-0.123334340801
0.0300861463817
-0.00283030616955
0.129448020661
0.0671987959934
0.0388336367725
0.0486794248737
0.00459576264289
0.141533905455
0.0438283063006
0.0138417484627
0.0310382211478
0.0719265094176
0.0700635318486
0.0244908530822
0.0270239576585
-0.0568595701197
-0.0131107548678
0.0194325979158
0.0907844712895
0.0838958130678
0.0297281417541
0.0613747874167
0.105392475364
-0.000242464258643
0.0311138478519
0.00771236019456
0.115814011509
0.110816945054
0.093441269279
0.0880666375118
0.0773709513096
0.0222916919542
0.0762021359274
0.0393767322756
0.0197281401189
0.0469473091449
0.0087772577605
0.0394379857563
0.0603180692393
0.0010809887192
0.0618134793716
-0.140138519531
0.115700969181
0.039405413332
0.0786705447327
0.108391560793
-0.0193385722716
0.0606678278104
0.0994939713971
0.0437966762753
0.0682051185419
-0.00411897159055
0.0515504128324
0.0368661564493
0.0820621451982
0.0874761129527
0.0926199142847
0.130757405217
-0.0365801460981
0.0820239508694
-0.00247119788502
-0.000229800719616
0.0112454501531
0.0448063295963
0.0717704535773
-0.0228644524902
0.0912945649743
0.00354935058467
0.0938646668565
-0.00109560535528
0.0394873250264
0.128912848323
0.0661229815495
0.0558417588344
0.0773075201089
0.0532431616668
-0.0593468541994
0.0178873130041
0.11630730833
0.0224474362682
0.00876547431507
0.116730734442
0.123845679096
0.10338489432
-0.0295778768359
0.0405462048056
0.104956816364
-0.159322489857
-0.00394575008737
0.0640660420407
0.00925184592493
0.0390364848213
0.0176498200071
-0.00295237388925
-0.0310993657222
0.102236820112
0.00855533712375
0.0810956278012
0.0916971749888
0.104842543815
0.0383302773585
0.0596649866814
0.117833225931
0.0171374424869
0.100807315699
-0.00721506985419
0.05630840587
0.05090345949
0.0487570043394
0.0885474862121
-0.0610938779005
0.084718854075
0.065712634946
-0.0483421109801
0.00939649539105
-0.0446862832574
0.056361201686
0.0545543370565
0.0931275825585
-0.068569982754
-0.0160994485899
0.116810283922
0.138041865001
0.0396902213705
0.014720999316
0.140836450403
0.0212452786953
0.0583059415397
0.060113867214
0.0551592150837
0.0574938825826
0.0495585901165
0.0312075472894
0.0286435102302
0.0285437496634
0.0257114263628
0.0436677065449
-0.0182253794963
-0.0184678885062
0.0945357499354
0.0410807969328
0.00167895744686
0.0433992768983
0.12750492764
0.102395777733
0.107741566963
0.120525385774
0.105495012987
0.0805982189667
0.0693474710019
0.00647233597675
-0.0343926577466
0.00494909006563
0.0319515898129
0.0664263706323
0.0427878965545
0.0943670795556
-0.0965180000391
0.0415434644337
-0.00590844183671
0.072716337687
-0.0745082183057
0.0664622947862
0.00217114593543
0.0703770110751
-0.0224675059212
0.038427506616
0.0952469283205
-0.0318179928327
-0.0375207021174
0.036947992241
-0.113643895469
0.0993139213806
-0.00748783833727
0.0383254793688
0.0571127727523
0.0822814486983
-0.0469401340396
0.103250256938
-0.0801070807133
0.0589770005708
0.00112544170234
0.00830706830206
0.0463284960725
0.139876416363
0.0908541807054
0.0129694893574
0.0965623727435
0.0362902929975
0.0661402290358
0.0230988425097
0.00748095351324
0.113073530063
-0.0454429353204
0.110606497959
0.0393175975891
0.107460544943
-0.0163838820846
0.110700664862
0.00719853462932
-0.000571897538399
-0.00262452883097
0.0477392087653
-0.0187832182462
-0.0197020639492
0.100860310824
-0.0435245366417
0.106693312014
0.0451452796733
0.121384736
0.0861619825334
0.106198552102
0.0571396309491
0.0786566062112
-0.128697894378
0.0563917322851
-0.0211852249778
-0.0709022474856
0.019415639351
-0.051211895602
0.0732056486472
3.86894727455e-05
0.0790135734227
-0.0763330393238
0.0379082249957
-0.0167543751477
-0.0339835860955
0.104619440271
-0.00944796374792
0.0740677227181
0.0400929709636
0.0226844983213
0.0541736096978
-0.0594543229301
0.133729255099
0.0552323249954
0.0280224529206
0.108861056722
0.115717207709
0.0204636592682
0.0640365932033
0.0786563249645
0.0906460282738
0.0103488409743
0.0409174991681
0.0298035787603
0.0536904595766
0.0921220686875
-0.0224645425394
0.0494840650483
0.0121119909381
-0.00910543298007
0.0415921705351
0.0623130051586
0.0653545772335
0.0998735698773
0.111086052426
0.124152487782
-0.00745245353666
0.0304347077523
0.0159364418275
0.0237737340211
0.0323134992807
-0.0531635635683
0.0764748787933
0.0451825193666
0.102015070632
0.0620785755094
0.0793470430893
0.066549722988
-0.0357181228233
0.087529895122
0.00580868962204
0.0529706316131
-0.005784721559
0.0304735618894
0.0960078652495
0.0792295222412
-0.00207065219857
0.050681070425
-0.0116718238217
0.0492981482635
0.073604516712
-0.0153691840875
0.0593582150242
0.0591338670283
0.108140718052
0.0156692392226
0.0451896770225
-0.0906061065762
0.13050100186
0.00606149499409
-0.000416337855234
0.0889389255201
0.0422909182911
0.0236113372222
0.0875136055904
0.0038982309641
0.116277685414
0.0374760780257
0.0757458046238
0.0289166899067
0.0663866044894
0.00818213818392
0.0617967789808
0.0674512109179
-0.0281438136431
0.10490712575
0.08118883058
0.076813258974
0.0603954632542
0.045705490379
-0.00969100807749
0.0636980913947
0.120370520941
-0.0287322771189
-0.00741531555225
-0.0344798130619
0.0501980104054
0.0389098381383
-0.0142729823827
0.0864468346663
0.0471091407875
-0.0265844013319
0.0524626300068
-0.0891040517198
-0.0203155322426
0.0627651848967
0.0722453031437
0.0331764232919
0.100965730936
0.00914915557993
0.0214931095887
0.00433359586704
0.070457707789
0.113742751683
0.0466701267937
0.110649942627
-0.0212005158713
0.0265558807566
0.104803668765
0.0253628307224
-0.0619278867612
0.0501282311976
0.0225406504024
0.0436459406748
-0.0245845377273
0.0370781657934
0.0241757866765
-0.0320005575674
0.106226026655
0.0690664417053
-0.0159491590017
0.0846082073044
0.0862101375569
0.0705296744053
0.0957365655412
0.129955978239
0.00629016752378
0.0584850549583
-0.0062719088753
0.0183036668065
0.054899950808
0.0671496708632
0.0700089460795
0.0382570392577
0.112002152763
0.0395445007035
0.0397373584258
-0.0109041079685
-0.0205973620752
0.0940819392906
0.0330831113489
0.103091083173
0.0205170100013
0.117653669129
0.0832081212942
0.0231646748491
0.0710023432227
0.0241603980144
-0.00314331113003
0.124032445143
0.125903913756
0.0958760516438
0.0511466838884
-0.0343830284053
0.0622444108638
-0.00143913250149
0.142186333864
0.0148071770663
-0.0479753830517
0.055118169463
0.00229752140712
0.0434729637294
0.0584358995034
0.107682327756
0.0732598220518
0.0240440491611
-0.0139426537978
-0.0136233770442
0.0189402744748
-0.0373319013078
-0.0496579147858
0.0760370097918
0.0468389500133
0.012843418266
0.00277651733483
0.0618427202898
0.0289373989324
0.132282045175
0.0576895421148
-0.0512811345239
0.113434306979
0.0498109148393
0.0259473346797
0.0291472333321
-0.0316849580624
0.0809592502871
0.0640603909275
0.0997353175632
-0.0197666481881
-0.0032125420822
-0.0616275396009
0.0661217798727
0.110519395454
-0.0121930442894
0.121630437285
0.124183110899
-0.0132690197395
0.0364892842655
0.0844148557439
0.075285212272
0.0324593419165
0.0967156156987
0.0778278003859
0.0251483552463
-0.0355750500025
-0.00544858162149
0.0370691149712
0.0748036119285
-0.00978533401281
-0.019971882546
0.0137979874435
-0.0156870389876
0.0636865465423
0.0848744182582
0.0787427270813
0.075368983701
0.106894592735
0.110325899737
-0.0355452603187
-0.0350410287177
0.064291208555
0.034701990796
-0.00963728653061
-0.0302140378904
-0.0183668229592
0.100277271702
0.000649859250295
0.00308778833046
0.109975007618
0.0561196662724
0.064596430131
0.0540828016192
-0.060767246878
0.125460257004
0.0617390788926
0.0472790126622
-0.00760263961548
-0.0231293508926
0.068810223799
0.107161977908
0.0489540578734
-0.00984316856378
0.047069055043
0.105069904288
0.0805064483431
0.104607888555
0.120691204323
0.0450781405397
0.00451837190825
0.062019672802
0.0368336051346
0.0956644036748
0.0708738987312
0.0542347789116
0.015437589921
0.02446333156
0.0535398140208
0.0780755573825
0.0927132209276
0.0415790717867
0.0603927038898
0.0296452403084
-0.00191968220347
-0.0145480321375
0.0637963149623
0.105320352998
0.0322262031053
-0.0576068455728
0.139085810538
0.0428478599287
0.126880606019
-0.00334742088815
0.0374565300968
0.00577378967492
-0.0203718416737
0.0310078276222
0.0809561800841
0.040347089891
0.0693299951396
0.120398227364
-0.0577284095376
-0.0792132587038
0.113761814179
-0.0393218357304
-0.00774677365658
0.0238291235983
0.0887476715473
0.0433290317615
0.0565190919593
0.0370896679362
0.120147310964
0.0362767062268
-0.0677293207034
0.00334360805249
0.0224388527299
0.00436535812183
0.00611429996607
0.0271829079784
-0.0472684815593
0.0296500260415
0.0328066436715
0.0798435014258
-0.0625254194783
0.0697119487286
0.0744863060461
-0.0904270388443
0.0344171590757
0.0363035070567
0.0743884180854
0.0589914973256
0.118342847679
0.0901777079761
-0.0668044938235
0.0988410519642
0.0727377876534
0.0273243656627
0.0068401868628
0.03483570265
0.020546227267
0.07303291088
0.0216960282342
-0.00646224376544
0.0990880869098
0.00171985422022
0.126332602123
1.9445654317e-05
0.0392862379971
0.076402827106
0.0758706928222
0.073559511674
0.0431464258869
0.00254179246928
0.0661466980847
0.110998204389
0.0447660152418
0.0336913589509
0.104982150129
-0.0282947874943
0.0455838692241
-0.0479532186627
0.0358317477312
0.0905278966226
0.0300591602977
0.0495530226767
-0.0306426888802
0.0854423859676
0.0292715105793
-0.00952546530687
-0.0292953405563
0.0124356480836
0.0791748852612
0.111884536599
-0.0296482545647
0.0846606611388
-0.00682161010897
-0.0452228938549
0.00715662110497
0.106723062373
-0.000982089015392
-0.128710239445
-0.00868120422478
0.111915911518
0.0664173996845
0.0118761222077
0.0612611989655
0.0756813021367
0.00517041187321
0.00102838877688
0.125127458325
0.0376635897381
-0.0958118226231
0.0488108272359
0.107576074497
-0.0393537947798
0.0248733712157
0.0449942603867
0.0516842754749
0.0860805804235
0.0756398362396
0.0769383678256
0.0972833554612
0.0601401196201
-0.0203389900147
-0.0158957619453
-0.056875223184
0.0205836080568
-0.0668269057608
0.00528022693314
0.0558895816451
0.0669620228248
0.0596674093221
0.00263812024952
0.0815370463026
0.00640977784011
0.0471514839822
0.103777445915
-0.0507092260604
0.0856806209361
0.0112870112692
0.0479802305665
0.0851932156817
0.0132488464616
0.0192392409842
0.0453264481847
0.00943308189106
0.0303477881666
0.0858740170689
0.0387946560163
0.057295523516
0.0414094708845
-0.0535701422521
0.0385086248784
-0.0776769636579
0.135815299878
0.0581421685331
0.0693105415896
-0.0187650757317
-0.0177264337782
0.132451763825
-0.00557441490971
0.0660710375424
-0.036702294423
0.0755016912054
0.0274894923252
0.0673977352223
0.0858822024146
-0.0180991027003
0.00187075664105
0.1327092535
-0.0578287162726
0.0731915038394
0.0451049494046
0.101641539395
0.0580146746874
0.0169625007168
0.0897638802745
0.0283996210691
0.054627305012
0.060295484761
-0.075627817347
-0.00485904328023
-0.0442465130829
0.0876914802732
0.0853835856975
-0.0256975377546
0.0266637862671
0.101836133829
0.14311392743
0.0869375521269
0.115610431127
0.10325658488
-0.0151814506641
-0.021717846169
0.0956394954912
0.0181089234028
0.0592581155131
0.0246969133226
0.119456971988
0.0989259306782
0.0925226146572
0.0720048409525
0.0865177973482
0.0886674586984
-0.000333540605289
0.10190112929
0.110018484953
0.0876877013102
0.0658573912505
-0.0438338138309
-0.0111494410508
0.101991299854
-0.00426921815522
0.0735288161426
0.0528906026442
0.0746115525979
-0.00558804770324
0.0290688256527
0.0145804355492
0.0961238569279
-0.0242096543581
0.064390027638
0.0527474472449
0.00738755189351
-0.00455561751804
0.0705226680003
0.0108091653512
0.116825145999
-0.0453598157854
-0.0394137837817
0.0391386114513
0.040901867488
0.0999433014902
0.0186295687036
-0.130518874292
0.0470479664558
0.126492521434
-0.00274030934121
-0.00444039012764
0.0700183026369
0.058927021799
-0.0592607057544
-0.0347708308341
0.141785788326
0.0931047504676
0.0619194021183
-0.0103390587542
-0.0204635833064
0.0976933464037
0.00438376951746
0.0920354112853
0.0678928225436
0.0688806322491
0.0588374580604
0.0671142636715
-0.102862771951
-0.0497328005463
0.0724217183405
0.00724043211205
0.0638906457304
0.0511782421144
0.0558833883377
-0.0600034073128
0.0348087883984
0.0884540766677
0.090766505343
-0.0707301662019
0.0499223303791
0.0967089537201
0.00837910759534
-0.000212132068099
0.0695801872452
0.0413525317292
0.00979843592379
-0.0151546936294
0.0129151603274
0.0345543146848
0.0573673751536
0.0432187724445
-0.0371421609462
0.0305763788556
0.0844453365126
0.0298866557464
0.0128348835757
-5.65920325331e-05
0.0549677312313
0.0677235486721
0.0303626866637
0.0570808508754
0.0360787412531
0.0671063969826
0.0915155610861
0.00313637990176
-0.0247339393049
0.0153305849883
0.0039987803551
0.0808684982634
0.01553830721
0.0835536709966
0.0964558046597
-0.00764599967552
0.0351509741927
0.0688110448418
0.057044060481
-0.013362740823
0.0524569093941
0.0756199954096
0.091347201947
-0.0337918054289
-0.0144347622702
0.0796815090591
0.0491227455961
0.0557573900001
0.00248571982332
0.0070437382895
-0.0294743303766
0.115684110478
0.0310325607798
-0.0257138804851
0.111419148708
0.0500739013536
0.0611209763868
0.0228850073168
0.00045794656149
0.10534117824
0.0571651343629
0.0511881891649
0.0635083681904
0.12654702997
-0.021350237461
0.0795190016935
-0.0456786779744
0.0539695419325
0.0915495602193
0.068014244843
-0.0235632148212
0.0409557679982
0.0918543588548
-0.00574941987325
0.078115376862
0.087999606386
0.0654011815574
0.0817359012012
-0.0354042604013
0.0603956745634
0.00377502118813
0.126304766561
-0.00129777972353
0.0618077033278
0.099399061799
-0.0155362536369
-0.00565684790513
-0.0729758013861
-0.0612930505183
0.0843025335263
0.107660989547
0.100862736554
0.0617454629675
0.0591974956519
0.111168528204
0.111894964953
0.082326067051
0.0436981171934
0.0165729888184
-0.0340448500657
0.101239036019
0.00613808993597
-0.0591294709309
0.0690979236484
0.0140083541843
0.0684767418446
0.0635285758941
0.0979231381831
0.0965446767751
-0.0175086784538
0.0913983694697
0.0107368656036
-0.06457218938
0.100455166862
0.123210027096
0.127404034595
-0.0712997317203
0.0880473583724
0.0789655564606
0.0338466163406
0.0308815451137
0.0705480063617
0.0463270711384
0.0594876815078
0.105513903985
0.0780704162183
-0.0122519829381
0.0319711492834
0.130980430184
0.0997997584382
0.0355621302254
0.0383222667293
0.0747198483137
0.0529401356876
0.0976527142987
0.0401121196165
0.0449272301979
0.101129712166
0.0916115361368
0.101568841243
0.0109312247834
0.0292398017643
0.0179800384919
-0.00400538647133
0.10987096247
0.0914301914478
0.10637817547
0.0314224356507
-0.0066397789326
0.046978955724
0.0535968683118
-0.00359239014981
-0.0711615453245
-0.0170780102373
0.0383413004241
0.0119749145083
0.0225243727715
0.110798614632
0.0922742332894
0.00208825695084
0.0043430294781
-0.0369455747816
0.0263895478177
0.0435685233505
0.0662885155373
0.0241344662915
0.0478366975456
0.0879865995474
-0.0436951807837
0.0870496684492
0.0456006424486
0.00285817186118
0.0338510393417
-0.0148657435916
0.11656887866
0.0644824108579
0.111708102555
-0.0432849685591
0.0561700497081
0.00605078774893
0.100850110122
0.0370767343684
-0.0194325210634
0.0464813609215
0.0867962635514
0.115064456323
0.0122015697401
0.0686566131962
0.0992776420877
-0.0255409635524
0.0611177456205
-0.0534595633332
0.0458332723048
0.0923523524442
0.0998684112413
-0.0435720821859
0.105919333838
0.114660087619
0.0364634371363
0.0912576859804
-0.013757235626
0.0595931900397
-0.0922796521793
0.0132877842999
-0.0370133499645
0.0805442833882
-0.111797665141
0.0830290475879
0.0943940761784
0.0936836155621
0.0212259767036
0.102395527929
0.00719013190262
0.0544634147361
-0.00549229412839
0.028108156711
0.0438619123089
0.0200410018298
0.0413313169943
0.0229520677814
0.0972768217623
0.0423096692979
0.0618711856996
0.122379024487
-0.095769003455
0.115856064904
0.1067437545
0.071429593584
0.012445422005
0.0817133815661
0.0602489924739
0.0361088360562
0.0182994220688
-0.107823822249
0.0482550188579
-0.00721396623912
0.100970818306
0.0314250060947
0.0224837390913
0.0979090202777
0.0305636208318
-0.00973216501791
0.095501384759
0.121879465639
0.0933032938404
-0.021185555268
0.0426083580434
-0.0325902002388
0.0200141617167
0.0578217188104
0.0978450734539
-0.0407460554955
0.0354995474414
0.117978513235
0.0563631995237
-0.0254685548774
0.0951822339928
0.0171185281226
-0.039512203899
0.0654273250598
0.0517081740238
0.0624332089866
0.115156348419
0.0424547903369
0.0104323953917
0.0892163684241
0.0407127659992
0.0987996144254
-0.000441143034545
0.113196693538
0.0518090555882
0.0967558523099
0.0580528857461
0.0718849223518
0.125835417827
0.0840228679336
0.0296519296319
0.114446737841
0.0866610687647
0.0962731157013
0.0889240240138
0.113486845514
0.0301720581897
0.0601601607013
-0.0515632355889
-0.0345153516148
-0.113916776261
0.0514980056972
0.134661540225
0.114906911068
-0.0590185505774
0.0699624489915
-0.0597415753358
0.0625555193582
0.0670009177881
0.0330535126359
0.00137973017405
0.112932093204
0.0878432893556
0.00642585244377
0.0299232950437
0.101528434305
0.0873255361684
0.0901933581108
0.0844730932388
-0.00397242922312
0.018718799631
0.092553334107
0.0306204197053
0.0463595727327
0.0280334936742
0.0663255704108
0.117122161503
0.0667405483094
0.0965014736386
0.0341758700741
-0.0133260646163
0.103674395576
0.0587964402061
0.0564959118982
0.0881804988173
0.0813516971423
0.0330031611962
-0.0266264735687
0.0887497743032
0.0394399302388
-0.00775901337594
0.0895181134713
-0.0159401920115
0.0655603455973
0.0878826166868
0.0519305748932
-0.11645754624
0.0677148512689
0.08075103993
0.0449107628526
-0.00810858525321
0.134766730678
-0.00575570929638
0.0374278267952
0.0564754489167
0.0507232129618
-0.125558874818
0.0779754481824
-0.00349611066273
-0.0355031839707
0.0882010093104
-0.0235899540687
-0.0218030658309
0.0698476829315
0.12959453102
0.0118735665489
0.117177837929
0.107649252547
0.0808145619725
0.0570741595516
-0.0553244608432
-0.0517206538197
0.0352968763165
0.0109783562346
-0.00953045365333
0.0750855547021
0.0760552580936
0.0226345731828
0.0269928960985
0.085872610676
0.0797043165632
0.012263612925
0.120356356395
0.107798026195
0.0599969738133
0.022834054181
0.0930169063447
0.0318905881279
0.0493623016928
0.0539447711332
0.0237458189097
0.0460667693422
0.10300912659
0.113658940974
-0.0186469457878
0.0681537440045
0.0869940625416
0.084466420856
-0.0202432861758
0.0159650770287
0.0459370178182
-0.032786817698
0.0866051749172
-0.0408027517033
0.134116457676
0.0404463588449
0.0701855484135
0.0988066293786
0.115481345402
-0.0101028953186
0.122839010714
0.0849616920034
-0.135105546367
0.0128517045969
0.0362060582139
0.00548500066164
-0.00231303825379
0.0632216168733
0.0146873029382
0.0248223772432
0.088854003356
0.0767862792033
0.0435839206323
0.0140276827943
-0.00620453644381
-0.0112973098601
0.0960317620022
-0.0132871426226
-0.0315460252786
-0.0235985314573
0.0641755859502
-0.0201846672602
0.0699872594419
0.0136357560908
0.0153691668744
-0.00323359831474
0.106522345237
-0.0324951667786
0.1060493786
0.07242167001
0.0567277001424
0.0493609932241
0.0645863403013
-0.0418430203765
0.0812449415969
0.090196095566
0.0976913240308
0.000182033054633
-0.00581678723204
0.000503057430586
-0.00108448525213
0.104310725685
0.00627469918136
0.0317419424293
-0.0117929939876
0.110361298384
0.0686330771117
0.031077310333
0.00268640866727
0.097183098847
0.104804308396
0.125520171745
0.140578770594
0.0553924861003
0.0330262030334
-0.0200947537848
0.0411366116484
0.0579905521678
0.087744918986
0.061165453195
0.0442649723258
0.12489301739
0.0248839051797
0.0445510591751
-0.0263893549706
0.0688704337861
-0.012974253277
0.0523569504441
0.0186359862791
-0.00737842760327
0.0367893528587
0.107152051677
0.00432461343394
0.0774474965194
0.0390438805752
0.102380042226
-0.00349587718797
-0.0928814065214
0.0309234627205
0.065928191359
0.0441140856684
-0.0520007386108
0.0657346044242
-0.0169280570475
0.0926171970087
0.0956275313393
0.0750641381746
0.0510901402015
0.0947810442886
0.0889957385208
0.0833531922992
0.112769797287
0.0874083597859
0.0517547338999
0.0484428166391
0.0457516884907
-0.0322960412508
0.0251527695666
0.07661930732
0.0283856235523
0.0716844999923
0.0121110597427
0.0621611090471
0.10672084777
0.0630847668179
0.123642727075
-0.0277599708463
0.0482336138739
0.0433911987764
0.0296647091368
0.033913521979
-0.0378144504267
0.0235104634691
-0.0634516182455
0.100982631908
0.100906289994
0.0861535748251
0.0812401180842
0.122866378114
0.0890957221368
0.0693905585215
-0.00477983479699
0.0513127423923
0.0534463228685
0.0251077286889
0.0543679404815
0.0399507334425
0.0718682683661
0.0637620810476
0.0721212714051
0.0864853785026
0.0975839605373
-0.0132302102899
0.0483055118596
0.0202805571201
0.0930127847461
0.0636010897498
0.0492096378376
0.0288646399833
0.0347449456367
0.043286415561
-0.0272054653803
0.0504266340349
-0.0356407512748
0.017900790707
0.0389037807626
0.0980713549411
-0.000375675210405
0.0745713151713
0.0846275181911
0.0626150826956
0.0275294144395
0.0887269663291
0.0247263999005
0.0973563806107
0.0524292853983
0.106968733528
0.117157311603
-0.0421463306243
0.124618666896
0.0999392027041
0.132353416
0.00753108411797
0.021344437236
0.0376036952092
-0.0160769974433
0.0606543240782
0.0603581424862
0.021707735135
0.118961918661
0.132156202445
0.0557279710987
0.0748844686361
-0.00290082707793
0.0652743569878
0.066507398236
0.0235813993156
-0.00914769500289
0.00175946310802
0.121231348746
0.124513308275
0.0899051011292
0.123515896278
-0.0778735724687
0.00674055077814
0.0390209347019
0.115443161946
-0.0214182219014
0.0441788620358
0.0214607260352
0.054861348452
0.0525189037379
0.0690598104318
0.0593836388572
0.105980875623
0.0346520331861
0.0270445919271
0.0465504217806
0.0708948683429
0.109831985184
0.0228827694449
0.0513340624495
0.0574655453967
0.119622843425
-0.0535943960183
0.116934293598
0.113101382441
-0.018428485356
0.0164860797697
0.00562250080105
0.0493558862394
0.0144677622689
0.0038330463433
0.0875357743084
0.0972678106623
0.00636973300802
0.0588620781675
0.101777457724
-0.0239682736796
0.0584744670874
0.0298353994006
0.0587889671493
0.0905674846906
-0.0674641660777
0.108451873515
0.115852378898
0.0928161580102
0.111522106376
0.0846121151893
0.0583384887335
0.0774812504858
-0.153117919031
0.0889557668218
0.0804746442204
0.0659398265647
-0.00186892641274
-0.00949816056532
-0.0353081784093
0.149465939968
-0.0256212639578
0.0185745025734
0.0314891701871
-0.0664542557627
-0.00824786775246
0.10068445632
0.0463227817971
0.0649056268751
0.0885460378888
-0.0313412439496
0.0748429382685
-0.0121958359883
0.114532162773
0.0476171650961
-0.00405406718474
0.0914704166146
0.107216550953
0.0713347406229
0.0217759165906
-0.0161410063564
-0.0192859872614
0.000723132141916
0.130474416249
0.126227101919
0.127673033728
0.0390876953166
0.0573142743677
0.00686648490627
-0.0257634741075
0.112214805432
0.0482066340675
-0.0938850978004
0.0902392880223
0.0353690127528
0.0733856125292
0.100218352185
-0.0198187527111
-0.0248287163665
0.0442038284497
0.0524737114179
0.126045404636
0.0192170659291
-0.0148584579302
0.0243296445211
-0.0331810746873
0.0297648008052
0.0712419129843
0.0454706430548
0.0829863668339
-0.0167892845821
0.0520565159651
0.0486358415325
0.106060209292
0.0897473814962
0.0561888224931
-0.00930248879497
0.0762804835748
0.0571057727967
0.0331544181899
0.0465204289663
-0.00765844767621
0.0672634368185
0.0390076288224
-0.0159545092933
0.00368884114503
0.0473521656905
0.0123308255407
0.006968816586
0.0959830697337
-0.0204885140253
0.0283214885221
0.100666597798
0.0696543783844
0.133240971764
0.0926391285885
-0.0152180915066
0.0912071393198
-0.0234879648802
0.0793776170172
0.0388593740805
0.117303081272
0.0367497893027
-0.0410499426455
0.103377758268
0.0358157210067
0.0274065991874
0.0903991328091
-0.129347686502
0.121354088204
0.0867972958713
-0.00690000359003
0.0234033447028
0.0307911280053
0.0322731125
0.105611078798
0.0652273000718
0.0161129388889
0.0333914461247
0.0962077523563
0.110545255194
0.0185926834853
0.0475912606305
0.135238793182
0.104586820397
0.0500003286462
0.0075851029847
0.0666827214839
-0.0191414457997
0.0327882551312
-0.0499847354928
0.133265544569
0.0809924743681
0.123000772013
0.0856038594687
-0.0536501885661
0.0165067480331
0.0840807347371
-0.042596628
0.0576199911757
0.01336200296
0.0813397748734
0.0269167725883
0.0251260009469
0.116020259064
0.0371497108685
0.0159050600664
0.0849286568657
0.0732706746737
0.0739436295859
0.061589701783
-0.0233637371716
0.071753375847
0.0469977224151
0.0957537355247
0.0105680420338
0.0898734686437
0.0931586396647
0.0878230449563
0.0151653475924
0.0700004946278
-0.0662750531369
0.0936394293801
-0.0241228683241
0.0729184140245
-0.102570413514
0.0532694774914
0.0838465272387
0.0912352755986
0.0083343625492
-0.0114682143645
0.0716501538727
-0.0500153014827
-0.0163085780385
0.0642321634915
-0.00498666233233
0.0385361864958
0.0273996153588
0.0666875671804
0.0222182567555
0.128370528144
0.0309715090725
0.089014040629
-0.0278961678196
-0.00204187874519
0.00651778530404
0.0714505431562
0.0978754642415
0.0457519060148
0.0728431961403
0.127469409192
0.0875944718471
0.131029121411
0.042413957524
-0.0169354377652
0.012513971131
0.0582819333658
0.0262323810488
0.0606611362932
0.0773433589448
0.0525069246014
0.068249268107
0.00931671616959
0.118519105506
0.0484503452144
0.0488543466934
-0.115901279688
0.0345460557683
0.0522612314531
0.0842607454609
0.0595875120542
0.0567474332482
0.0003732046371
0.0398532589814
0.0218970108536
0.0348599051597
-0.0221760042683
0.0116386448884
0.105011510654
0.146150905052
0.0927170637416
0.104008714958
0.0760088871554
-0.0717946210845
0.00362458479348
0.0480155660098
0.036548628686
0.0952781512493
0.0156423286128
-0.00283615110799
0.0213189832528
0.121071404061
0.0521468388496
0.00523433313715
-0.0159843868526
0.00293765997527
0.0969776482615
0.0710077830596
0.0631144154706
0.0841203035112
0.00739030936298
-0.037499452069
0.0898315751367
-0.0724072864387
0.0835185863164
0.0489090432644
-0.0851953684209
0.0422857655369
0.0506101767666
0.0772314847273
0.0423192760587
0.0215679197127
-0.0112042322382
0.0115783081667
0.0602668418682
0.0021634982406
0.0900362645348
-0.00440939879716
0.0964883306704
0.00258392912403
0.0103372743229
0.0979407543635
0.0290799982397
0.02350965263
0.0424854884535
-0.0737322402455
0.0542391870928
0.0398590838441
0.0914978786168
0.0014381750795
0.0322864990681
0.0346236447311
0.00504312071494
0.00815466365516
0.0722564370266
0.10288456651
0.00793049300487
0.092660015441
0.0309829457205
0.0487742570537
-0.00370916682939
0.0413258589102
0.100572172441
0.0974898976817
-0.0292221018014
-0.0637358238431
0.0889483429712
0.0982393435456
0.081158838959
0.0893030282556
0.0294956831333
0.0522204925937
0.075376221549
0.0507867271435
0.00615795286181
0.0161942746197
0.0973003260364
0.0200651419808
0.103340862818
0.112296593653
0.105090210117
0.0031934883011
-0.0688194929734
-0.0123244750105
0.0959340103244
-0.0282331624199
0.131795669371
0.00524551487726
0.13576431971
0.0855587655396
-0.0102644081172
0.0232239450379
-0.0908314352147
0.0297927383508
0.0773128069735
0.00787917629972
0.0722442863571
0.0395665617458
0.0142216239627
-0.00618596680046
-0.010615652634
0.0201618707773
0.0643272738946
0.0468256434018
0.0766806947815
0.0561438365263
0.0138869814998
0.101417801382
0.0336354179482
0.0602252242222
0.0678073345069
0.0686131661735
0.0475627707613
0.0538995069376
-0.0307777239788
0.0729479058528
0.0895443919906
0.051441422087
0.0605991148002
0.018010607815
0.0410473349772
0.106350915513
0.0781258333052
0.0738257244892
0.0255604826142
0.124083474621
0.0418917212982
-0.0088599807146
0.0936882488234
0.0545734499303
0.0593737378494
0.0537563817951
-0.0226653520007
0.0803425610453
0.0409559668158
0.0854967450553
0.120064204698
0.0750030316485
0.0284342306135
0.00348360224105
0.108912586835
0.0881746965253
0.058473416263
0.0159535271028
0.0173619609979
0.129587953335
0.0893625152256
0.138357126469
0.0619253795804
0.0443610593987
-0.0073755536624
0.0611717913953
0.0152493186549
-0.0110630676977
0.0117391619426
0.101314092402
0.0596077984601
0.0640725422808
0.0748718359656
0.0296765168708
0.0635919396705
0.0649308851482
0.113219854717
0.0211251831972
0.109261741474
-0.0241986951364
0.033269209694
0.0911604817087
0.0229206177818
0.0640054849991
0.0393520531329
0.0431198054017
0.000551086851342
0.0779746005867
0.118727524595
0.0558582109362
-0.00490679177165
0.0256764130939
0.0790873175857
-0.0233079597965
0.0747442324115
0.0463543985909
0.0568250686833
0.128385025028
0.0754144322028
0.0967990814978
0.0719139496224
0.0482609134811
0.0143449110308
0.0668731945361
0.0861947935222
0.0580852430006
0.077556683769
0.0896335060155
-0.00570215610804
0.0311870903229
0.0728774578751
0.0385773656935
0.118172825724
0.0624230311868
0.0456853589488
-0.04284278033
0.0769692407609
0.0376544029753
-0.0851125046332
0.0870536410964
0.0764642276086
0.0343242590222
0.0466059516404
0.144348815176
-0.0551156351873
0.0262107770835
0.0894518407439
0.031926061059
-0.00629527264497
0.0382597761411
0.0793309236174
-0.035979718048
0.0788261098774
0.0457453157637
0.127974768615
0.0541808866843
-0.0171508650214
0.0318760160598
0.0620846354872
0.0524470983879
0.126782847426
0.0281643618868
0.0760152010737
0.0343463737
0.0673042309018
0.0627766412389
0.0491670540757
0.0744320180707
-0.0249407637182
-0.0045423432259
0.0845178543087
0.113284760224
0.081433338648
0.0564366568625
-0.0120676558576
-0.114718913165
0.0625106766611
0.0377350601385
0.0320759345124
-0.046023549547
0.0302275133078
0.0678311054562
-0.0057198058272
0.0406086982144
-0.0243476915031
0.116184884925
0.0446102315753
0.139654068101
-0.0285892716556
0.000521504181601
0.0531537129975
0.094040589621
0.0570591276995
0.0316705181351
0.104807196778
0.113820882749
0.0876023171883
0.0622729172563
0.126363839292
0.0161866798687
0.00370392933113
0.00167226500511
0.106511265228
0.0835423910288
0.121546985738
0.0478048423515
0.0469469709509
0.0381276587265
0.0536890133692
-0.0431663800408
0.110467811806
0.0925266414659
0.0654296837032
0.065234334476
0.0920945028288
-0.00556235645551
-0.0722403499637
0.0970782919972
0.0214836363184
0.0334514607668
-0.00517405715452
0.0259824226402
0.00689390725513
-0.0355058830323
0.00466173805034
0.0514339124588
0.101163298846
0.092641231103
0.0672293146069
0.0646676483403
0.0291369051473
-0.0034302668529
0.0576976185827
0.0452504336471
-0.00953454784814
0.0513912577237
0.0680898914281
0.0981405049759
0.00367049249964
0.0528292132211
0.0213255387115
0.0510635747697
0.0325278644168
0.00624756478574
0.0412829790867
0.14471111111
0.0497380808231
0.120556011446
0.0923656931152
0.0688047406941
-0.0245987633021
-0.00908254001958
0.0399622932368
0.0627562479089
0.0163917370558
0.0385285331269
0.00351923769542
0.0787939292989
0.117554231389
0.0117971353398
0.0255746481165
-0.00973864636373
-0.0572017917941
0.0223198752241
-0.0208209234195
0.100255176726
0.125736072068
0.06185859918
0.098032943356
0.0135233815384
-0.0126604879006
-0.0297403438387
0.0258283032195
0.0242482585325
0.0208019033535
-0.0166142779877
0.0940849877988
-0.00600640752595
0.0467326150702
0.0257183124014
0.0642156207213
0.0962540504745
0.109484139161
0.0219137469019
0.035671299906
0.0486664307195
0.104096296575
-0.0292118689298
-0.0346641706656
0.0790362935863
0.132558067778
0.0489683557651
0.0294246681309
0.0134576229402
0.0786159168162
0.0644005728523
-0.0925086449792
0.117027154961
0.104778801195
-0.0343577741425
0.00541226657253
0.10830623265
0.131587476718
0.0793793487051
0.0273009405375
0.0181367210607
0.0444548927518
0.0539004162001
-0.000700680232164
0.0959505299823
0.0699162884286
0.0146144372926
0.0571128276778
0.0429251819098
0.0224702239927
0.0491981259626
0.0348084540138
0.0114245001198
0.0587517948307
0.0848782634197
0.0681216161372
0.117203397755
-0.0293123626277
0.119423453765
0.0697971958736
0.0698148091255
0.0917996964478
0.0592869963302
-0.0778577910697
0.0908026455704
0.0378436987182
0.00365875577041
0.0305148762527
0.089039178542
0.0892058831139
0.0472389517975
-0.0410092870018
0.0265897630915
0.0567196132651
0.0940567254073
0.11042494211
-0.0199632086267
0.0972901954804
0.0163670961095
0.0654449735293
0.116224108064
0.0890435522032
0.0361255906085
-0.0400053791096
0.0706577138826
0.0313361185986
0.0167638200994
0.0515138614213
0.111976633066
0.113907727511
0.0612222387365
0.107642362465
0.139408156281
-0.102948668502
-0.113338111371
0.0457993769866
0.129880151565
0.0458124005922
0.0442033223975
0.0685707016976
-0.0458712896768
0.0167529558387
-0.021943675686
0.0425645686978
0.0296082161677
0.0283226659764
-0.0925278652907
-0.012815236236
0.0612480161702
-0.0109362758451
0.0819005408065
-0.0343606304457
0.0989214104821
0.106637399743
0.105355618026
0.0883231360651
0.0593857207707
0.0139979222187
0.0678635750536
-0.0300125769888
0.0275387742024
0.108719869764
-0.0526721830135
0.0121139370007
0.0415953946294
0.0702496389014
-0.0117184672829
0.0930772856127
-0.0106754798467
0.0632575866908
0.0568600403742
0.0811109016841
0.0836526787411
0.0476714676422
-0.00602258736843
0.0379400291619
0.0966204527364
-0.012641381765
-0.0655275097481
0.0876115246458
0.101730174785
0.0868504995183
0.0854199935677
0.0490666334013
0.0385894505878
0.0366494998623
0.120548331328
0.0485962384048
-0.00206438728178
-0.039784818758
0.0665255638448
0.0415716864223
0.0385911954934
0.0236240612769
0.0572137970139
0.0563983090789
0.0519019782079
0.0857727003963
0.00258002251195
-0.0629865759766
0.100181539215
0.00395208182713
0.0216629139072
0.0841460188867
-0.0309373945873
0.0660796851428
0.0530176352348
0.00912847623043
0.0700620111535
0.0163378239323
0.0745575192398
-0.0336273773779
-0.013749618623
0.099890664998
0.0392282325032
0.0531174515707
0.126989761018
0.0641609999652
-0.00251486361197
-0.00751589962653
0.00367698396908
0.0733956407672
0.00179037088183
-0.0212120275858
0.0762859392352
0.0791381519283
0.0603534122226
-0.0721061076349
0.110138010182
0.004133976762
0.0969583889532
-0.0457208449711
0.130132363679
0.0982420569938
0.0303791948229
0.0910459313712
0.0943859988848
0.0491005488784
0.000459408023597
0.0845048262307
-0.0204571135328
-0.00946172064872
0.00813854158654
0.0036242842059
0.0347088625379
0.00836798036862
0.0948780196445
0.120257868787
0.0783245552012
0.0531830882335
0.0650335161185
-0.100892919473
0.0846724340895
-0.0571592268375
0.0633769911241
0.0320761192772
0.00327752777822
-0.00388969083141
0.0108824850457
0.104646666173
0.0361458266967
0.0224306162968
0.0678920014393
-0.00239248765666
0.0310749901449
0.117209181878
0.0627094369354
0.0288015895828
0.042773621291
0.0093321047981
0.0690435312901
0.0996776634784
0.0473891011767
-0.0797180183592
0.0760780422098
0.0775037356712
0.104129377831
-0.0503868486608
0.114430843961
0.0679277537011
0.0575390857656
0.0449882450352
0.0260066587124
0.104557158973
0.0386081624597
0.112710140907
0.026923254627
0.0375062166844
0.0579965640332
-0.00571777446593
0.0277479621031
-0.0044019670697
0.0107340303244
0.0212499711499
-0.0196362581428
-0.0162494700369
0.0617520700911
0.00891816633326
0.0727352887601
0.0259636960414
-0.0124863899631
-0.0278484908374
0.12476485155
0.0696787346678
0.0525786608647
0.0489775596085
-0.00403761591103
0.076715478541
0.00205826176687
-0.103988740373
-0.0163012196241
-0.0333639059531
0.0764614098773
0.0541679762142
-0.038017344851
-0.015226183835
-0.0312063962667
0.0542938401378
-0.0170046522944
0.0180415299992
-0.0143695104052
-0.0261467097842
0.044214994119
0.0192211278592
0.0899722521539
0.0925420298015
0.0376719299032
0.0865603385719
0.085157944529
0.0917092895769
0.0699197280105
0.0940857406179
0.0355485501939
-0.0140234563819
0.0597860061537
0.102174968384
0.0307751129366
-0.0811859403517
0.00817107350843
-0.00635831775733
-0.00811090610229
0.0758191357188
0.0438162698519
0.092259382414
0.0230946482438
0.00660249319906
0.0990310456006
0.108369859175
0.0343517794517
0.0635045273468
0.063033359604
0.0897984022072
-0.0296889969719
-0.118827490391
0.0367454920748
-0.0192971095703
0.0177866017385
0.0826926220003
0.0434786069225
0.0816427947436
0.0524670374854
0.120007765595
0.0977224126724
0.00764106430015
-0.0304711183903
0.0434114180864
-0.0700218801897
-0.0139634006141
0.0900587032996
-0.00181259920771
0.0406795538318
-0.0119701312456
0.0627187700246
0.126781061946
-0.00699329447429
-0.0442232185457
0.0920569176271
0.114071696892
0.0636481642141
0.056710077506
-0.0495916831275
0.00987684591443
0.0970914369751
0.0179349548045
0.0571841357106
0.000879713361331
0.0719691837679
0.0804886239022
-0.0426906903867
0.0566146608917
0.0663424204792
0.0381573155293
0.0166603716193
0.0710126315024
0.0652772836834
0.0501867863226
0.0405737679942
0.126201643427
0.00480420470021
0.0147479131654
0.085706973082
0.0391025202162
0.00598792417918
-0.0632364809006
0.0108748502901
0.0919869290716
0.0197265625927
0.0131823698214
0.0485310819218
0.0116576499236
0.0122621019827
-0.0166054140007
0.0431331651186
0.0578042269991
0.0464927461793
0.0915270419978
0.0747537287593
0.00151951546
-0.084596655671
0.0340339514428
0.0722167206401
0.0351224464349
0.0616000862125
0.0198964900678
-0.021893579884
0.0857158830971
0.0686283789817
-0.0225038499851
0.0803017016684
0.0895987519138
0.0969278482977
-0.0328273492664
0.0786571131232
0.0572780506131
0.0825695853957
0.0686930616005
0.0797792888463
0.0698182547124
-0.0107287691834
0.0265595378532
0.0384973902769
0.0578201212292
0.0411997748945
0.00134088700157
0.0499722853533
0.0537409824903
0.0881559196545
0.0402291430823
0.106500540192
0.0862800335582
-0.00198396879909
0.0385902639052
0.047261316568
0.0427290883828
0.113604799174
-0.00776042400522
0.0293463781637
0.0645823600441
-0.00641564497656
0.037957786417
0.0154982546218
0.0511102766469
0.0325263684252
0.0215913047132
-0.00485207780505
0.047840005276
0.0404773704168
0.0379299044012
0.0480370946622
0.0303061128091
-0.00658235066585
0.0349069886984
0.0800184327128
0.0962565190409
0.0144637691788
0.0894230641465
0.0337931150538
0.023527758813
0.0594920675828
0.0144969191065
0.00447581904551
0.140962214304
0.0301577020345
0.0812979405507
0.0771114748058
0.0823223281905
0.0678561281113
0.0146223699856
0.0325195770638
0.0850781056148
0.0797707917932
0.0432851316165
-0.0838903914174
-0.00989853901039
0.0387830842037
0.0144641249438
0.0693946108338
0.0464703429721
0.0565352369117
0.0510809096295
0.000852951345136
0.127532816567
0.13093741963
0.0629014393891
0.073595756868
-0.0520701950303
0.102241470277
0.126032956449
0.104321216231
0.072064926663
0.00714985350714
-0.0074829589541
0.102182327057
0.0737273019278
0.0688541372489
0.0192566439301
0.0563498604328
0.100977311236
-0.0933450805412
0.0733419509396
0.0866350098956
0.0602847014002
0.138157393173
0.049931654558
0.00114728642965
0.0437582425836
0.0460619228933
-0.0130065909241
0.0438601883995
0.0636012139777
0.0470948601844
0.00262450560868
0.000875522033708
0.00798036576988
0.120542629579
0.0676688865215
0.0945303670569
-0.0556720474545
-0.00673675321374
0.0119869941108
-0.00656153773213
0.0222123165003
0.0318898234599
0.0472995266614
0.0508124321854
0.00454082604186
0.0246706169367
0.0562448735604
0.113235398243
0.0936904205257
0.136076410738
0.113098711511
0.0535227150079
-0.0103251047319
-0.0340277838903
0.100349012546
-0.0230039397677
-0.00224511786949
0.00886060026402
0.0528969957826
0.118286463026
0.0483866433523
0.0292426100812
0.0242465475128
-0.0109354323168
0.114974699326
0.119387071247
0.0795314951105
0.0350194164795
-0.0132682313835
0.00283544772186
0.0524523732801
0.0326513012153
-0.00929412555106
0.0830809448957
0.110740101437
0.0815603019528
0.0568081708944
-0.0239858867369
0.0901233395906
0.0575898706197
-0.135322513489
0.101964432952
-0.009316136172
0.0650690030296
0.00334979948636
0.0552071382992
0.0322653623207
0.0450769701036
0.10735005382
0.0398796372096
0.094851947359
-0.00864845763612
0.0203952692995
-0.0303708905171
-0.0568161869718
0.0320075063293
0.116548588101
0.101774357755
0.101470024854
0.0706601211427
0.0898964334175
0.0982292734617
0.0606648803089
0.041473168532
-0.0243764169809
0.119587756925
0.0861641411069
-0.0143720608844
-0.00533215669588
0.0175100176446
0.0515013787121
0.0753278854865
0.111215630463
0.0430193036656
-0.0341599523079
0.0473995792547
0.108156093232
0.0106067580694
0.0732844001714
0.0982986582043
0.00503756187004
0.0293411118856
0.0585860164611
0.0539929752237
0.134929134039
-0.0109144438106
-0.00157868614196
0.00731730670771
0.0403095595382
0.0645589793213
0.00732155801104
0.00379618481913
0.0808232448339
0.0629648166257
0.00741236841646
0.097896613283
0.0679660049223
0.0239938167934
-0.0100578997956
0.0220954478595
0.0751338437453
0.00576118549006
0.0687361909502
0.0489837526519
0.00699501641486
0.0954189531565
-0.00952039765143
0.0171684448656
0.0317566155461
0.0642883011295
0.00291367730977
0.0432387792843
0.0730704759251
0.117893719492
0.0490769733691
0.0125654194372
0.0249275292681
0.103988793974
0.133669535488
-0.0318790098234
0.0971309633225
0.105397177349
0.0597778600827
0.00699429719959
0.121141466052
0.0909508005281
0.0914905347587
-0.0793713675828
-0.0580130305135
0.0269100203238
0.00751663710358
-0.0100742819648
-0.0533388498895
0.109671363674
0.0705067653917
-0.0359215959425
0.0503491589969
0.00939425498319
0.105416914327
0.0588332457995
0.106356726407
0.10449991446
0.0490150311474
0.0454654676923
0.0488239765749
0.104808497763
0.0673998675871
-0.071159657809
0.110762169966
-0.0660105119612
0.078415949419
0.0579193381026
0.0175830755836
0.0550729357274
0.112722466209
0.0339390414457
-0.0226247805592
0.0292681875544
0.0269678010808
0.0764014876884
-0.0142917882735
0.0273357414178
0.0966551107951
0.0214750157976
-0.0476112455284
0.0501892737009
0.0870470896212
0.083156337547
0.0820213360093
0.0741510437507
0.133727452928
0.0541862400583
-0.0266577386382
0.0404635735674
0.0232642382986
0.0824006047344
0.00293687735554
0.118092710222
0.0374613310301
0.0422040230395
0.026389033018
-0.0766072743858
0.0552830847375
0.0782668864015
0.0358187589658
-0.00524650210092
0.0197277110082
-0.0314099082002
0.100483078802
0.0478736622061
0.061599267465
0.133864931101
0.104886759064
0.0751598977283
0.0247443191241
0.092933682437
0.0420461225877
0.129079303825
0.0159213491534
0.101842395131
0.0717709790274
0.111870948835
0.113747877955
0.0449167871043
0.108205818038
0.04651167624
0.067557326607
0.0952053541936
0.0557737453966
0.0160811962866
-0.0511375221207
0.117812855692
0.0913823189305
-0.0998340467455
-0.0189817003087
-0.00289180762427
0.0486316121597
-0.0429952949227
0.0688187197218
0.0643357127177
0.057010038147
-0.0641065468881
0.0751278044415
0.0955877175598
0.0749202113546
-0.0578992351195
0.0960566844265
0.0430537809622
0.062417397208
0.0589679720638
0.0666111608963
0.0352916766302
-0.0265687023776
0.0155365067054
0.122770485484
0.0724061902403
0.0961010090859
0.131236991613
0.0290256630952
-0.0182870015432
0.115023491162
0.0927639710899
-0.0212336750459
0.0715856852281
0.118062124495
-0.000184663168548
0.0715461374245
0.0290567979222
0.0294326617344
0.115965811161
0.0905751781445
0.0960607513401
0.096080846928
-0.00996900849551
0.0146553524697
0.119002161283
0.0802106596228
0.0375852747037
0.0208650011564
-0.0502138359664
0.0185431309385
0.0495001222358
0.059436693908
0.0185068951208
-0.0191909658537
0.0459738210375
0.0259292002852
0.0738852437419
-0.00711686214344
-0.0149756518395
-0.0268849489454
0.132895094761
-0.0074302707175
0.0315532621827
0.0431028281255
0.0110663627207
0.0342332914686
0.0463829726972
0.0610008010379
0.0255225583744
0.0296971278601
0.0178091640719
0.0926961705102
0.0477876554528
0.0835308212639
-0.105157874409
0.027470661697
0.0764367906988
0.0526881843683
0.139096845799
0.0924718756137
0.123266762928
0.119108794961
0.0652682705344
0.055799519609
-0.0112003424018
0.117924654572
-0.0575970417607
0.105216628182
0.101226254201
0.0421961435867
-0.0191276326416
0.0270834089577
0.0633098252159
0.0839597865337
0.109228127558
0.13545230633
0.133984822674
0.091064141923
0.0185921260387
0.112380199181
0.0370295037247
-0.0131760788759
0.0194948873883
0.0983168864463
0.0324300584388
0.104938688484
0.126680439106
0.0652173847324
-0.0234688509396
0.0779946299627
0.00983710655166
-0.0316040735835
0.00392299708519
-0.00171180480852
0.0771254737594
0.0421249624849
0.0668320579952
0.0828881038604
0.0026772253859
0.0290071047174
0.0486469609787
0.0161854312589
0.0541214860385
-0.00465960365168
0.0400506532288
0.094229741476
0.0255055476154
0.0592292203597
0.00014176289248
0.0902473466439
0.0889482580515
0.0162413151795
-0.0297926012345
-0.117693489715
-0.0617777763824
0.0433348700119
0.0288634222469
0.113023576181
0.0247325174256
0.0779809026955
-0.019447158917
0.0435637372645
-0.0295804986865
0.0272109986412
-0.00639042750992
0.0689071247496
0.0193502566785
0.12940624148
-0.0125570138258
0.00612246475015
0.0883628325365
-0.0492532985323
-0.0428036277461
-0.0202753196904
-0.000120980718833
0.011500485321
0.0826630357831
0.0877268491329
-0.00716687160897
0.10547544251
0.0062073626501
0.00240620760509
0.0425840456529
0.120336468201
0.0258193916648
0.0556694414928
0.0442035195916
0.0688116121349
0.135516356793
-0.0446260645843
0.0872306363479
0.0420194234574
0.0719543911028
0.0245274269988
0.0816941106299
0.0899211841162
0.105337162355
0.0258623143397
-0.00787973318367
0.00654575128783
0.0618599651917
-0.161288217285
0.0187717123024
0.088118618835
-0.0804252887699
0.115316842311
-0.00248231228457
0.0475773991985
0.0266130032267
0.0257723990839
0.0702287399179
0.107403379267
0.0659589204998
0.0570711548791
0.0683377872476
0.00860538360428
0.0690976274741
-0.0576914751715
0.0566192152689
0.0986185165902
0.0429297447511
0.0869677703535
0.0979441492281
0.00482055531161
0.105400483074
0.0546566651264
-0.00287384232045
-0.00962011009693
0.0510052081502
0.0588563452364
0.107061197922
0.0657237602627
0.0726558006251
0.0612342611286
0.0846003067504
-0.0452387471939
0.0455598799588
0.118661040115
0.0013125438734
0.0548699703914
0.121435812986
0.0707438730926
0.0226203643439
0.0132622130149
0.09213231319
0.112644204238
0.137114411852
0.110293634272
0.0147317890055
0.0841076977802
0.0368276437693
-0.0168481335218
-0.00207447522248
0.089694332904
0.0727934275767
0.110121759591
0.109320795985
-0.0197145351177
0.0426727217936
-0.0176818854873
0.0822902155004
0.0581498968524
0.00990123560309
0.0783503668869
0.0172540733587
-0.0155177231503
-0.0105585189499
0.104440336957
0.0261868982576
0.015515679988
0.0670837839722
0.0890102699357
0.0369643702657
0.0920545005554
0.0553924142985
0.0307896271684
0.0442938292253
0.123452129394
-0.0442757811565
0.0162436387929
-0.0847898928037
0.0722833775944
0.0455721109445
0.0728727575661
-0.082783567139
0.0786522158381
0.0511394682008
0.0738749702941
0.0656321516349
0.145837166767
-0.00125805404605
0.00179971973942
-0.0257938449842
0.124320662411
0.132958324135
0.0549342064571
-0.0122936788785
0.114888310041
0.0281603142061
0.0478889522774
0.0652761072956
0.0228202621731
0.0888880176235
0.0478847670175
0.0930718717768
0.060900236436
0.0755546296501
0.0401234273482
-0.00446820349814
0.0565340109965
0.0700046038657
0.0121185899105
0.0171450438703
0.0235157407273
0.0602542639279
0.0760385957625
0.0437278357068
0.108877178928
0.00846202387085
0.0817571147154
0.108621238628
0.131033324049
-0.000303129364151
0.00920981391971
0.0288926984541
-0.00606023007883
0.0616297371127
0.0473467750087
0.130867284329
0.0940777101831
0.078674914514
0.120693379481
0.102931809509
-0.00475474974591
0.0833908603934
0.0583531476226
-0.0335711117447
0.0583701954584
0.057301783033
0.0616635057217
-0.0636475925331
-0.0308834271422
0.0907400033885
0.0206313460698
0.058727426658
0.0251676420445
0.0504988800786
0.0677987436483
0.0988249298809
-0.00618778161053
-0.0758738270116
-0.0742990768394
-0.0162204150365
0.0668213575226
-0.085431802582
0.0897327314211
0.0663956768165
0.00464358174703
0.121618293127
0.0926140366737
0.110627633047
0.101947128225
0.060638752814
0.0632474990185
-0.00196296892759
0.0452919011284
0.0698186188362
-0.00655490145529
0.113746577171
0.0906274270472
0.00440373644887
0.0559212467759
0.0680894708935
0.0977645558431
0.0212831504936
0.0136051518118
0.0650808328062
-0.0180668951471
0.0904668017284
0.124817428234
0.021957876852
0.0834631406668
0.094541854724
-0.0014810655296
0.0425580968356
-0.03040837709
0.105715713994
0.0145970644246
0.0364224699018
0.0195686555242
0.0421937446384
-0.0242980058295
-0.0947702899382
0.028417634448
-0.00753088401497
0.135303291354
-0.0287068594277
0.0555600734355
0.0954014416384
0.0738643655623
0.0755107028818
0.0763701671659
-0.0744081789277
0.0437053402433
0.0606128464977
0.0466398830464
0.0553743283813
0.0931095126894
0.0647547273291
0.0764738254953
0.0490307878779
0.0777713575964
0.0628156684229
0.075875238949
0.047217955641
0.0129667312429
-0.0439499927655
-0.000492517408348
-0.00555275843643
0.00161219283468
0.021342719534
0.07913182089
0.12672642611
0.0408131810059
0.0872009160239
0.0676673138992
0.0402345060527
0.0426923478149
0.0937638334788
-0.0463756098185
0.0450041180845
0.0332236687636
0.0138063110459
-0.0605903616429
0.127040690979
0.00386076426504
0.0271348795329
0.116456205981
0.111513405331
0.0735820767148
0.0622107646404
0.124694644857
0.0191751483974
0.0436361826764
0.0411778112054
0.00663376958051
0.0615414437445
0.0856982500538
0.0250403711247
0.12384777564
0.0108580791788
-0.0253802856714
0.0877520930799
0.0900518596112
0.138792053604
0.0953312445453
0.0864071313435
0.139595178374
0.0708106484442
0.132154907323
-0.0373170103314
0.012340523822
0.0488288234503
0.114326895102
-0.0658180811604
0.0381988018471
0.0211335402771
0.085835649181
0.0370761497992
-0.0503200291908
0.073193967489
0.0831842118907
0.0505868394486
-0.000245170820601
0.0932263938621
-0.00839664253371
0.00315537887243
0.0690676907464
0.0236125876676
0.0139347352249
0.063676199879
0.0654854731831
0.0232482864361
0.0470526426814
0.0285370176005
-0.0198612239289
0.0209351499477
0.00512118109939
-0.0287708383558
0.103067683535
0.0986360146491
0.00473546443198
0.106311728758
0.0209201117494
0.076985896023
0.0661275296145
0.063792953417
0.00522757223105
-0.00365469807729
-0.0923223296614
0.026873124122
0.0640583127883
0.0688729197542
-0.117955981654
0.0504080044223
-0.0272537541881
0.141586074437
0.0620360462103
0.0419454418488
0.082814671968
-0.0111939287882
0.120074201225
0.103032414814
0.0915347312213
-0.00306102140991
0.139033571691
0.0993649646356
0.0605383736436
0.107902399204
0.112033682697
0.130205902023
0.0102876339
0.0294191730697
0.0939158779558
0.0183936056466
0.0406182765449
0.0597690461275
0.015776367986
0.037451550782
0.0401796210131
-0.107715525368
0.054820680075
0.0374911745441
0.102632792432
0.0166251210631
-0.0588836074862
0.0467678763912
0.076219696752
0.0158273489661
-0.0565334199044
0.0848669609483
0.0998208169371
0.068675391209
0.0996457603035
0.135565771478
0.0517411050649
0.106424117735
0.0360449959183
0.0307136192948
0.0606357307422
0.0531955452575
-0.0485483349632
0.0276055469374
-0.0321172728527
0.0698146026575
-0.00675566373599
0.0216187831502
0.0636317877011
0.0622043995787
0.0193547090167
-0.028953540504
0.0706268957668
0.0715056404928
-0.0225763817626
0.04416476531
0.0330086261421
0.0798188961795
0.000441515858755
0.0375091015207
0.0709082314313
0.0578011978992
0.0807904575267
0.124947517598
0.00513209037044
0.0713207663626
0.118947947318
-0.0256563377025
0.112361301223
0.0934987410097
0.0461860474754
0.113849935002
0.0531713157165
-0.0320998601162
0.055642168811
0.0656521949429
-0.00612671716824
0.0287894320224
-0.0536764661909
0.016807329008
-0.0823184210823
0.0467113468314
0.0542579290455
0.0213815102282
0.0428848307147
0.128883248974
0.133323296216
0.0200607009537
0.0693782925038
0.0610264328917
0.0505110383407
0.0671654038145
0.0369914821572
-0.0110351746533
0.0101446119123
-0.0232028987862
0.0194104055223
0.0744099554154
-0.0603029411724
0.128450762877
-0.103057718111
0.0233271438183
0.0471909011582
0.134428959139
0.0891028764451
0.0867020856018
0.0824991499491
0.0972885615264
0.0903011380004
0.0430069519629
-0.0171738628362
0.0139820345979
-0.0488151830735
0.11487366074
0.0500103413276
0.0288052777005
-0.0311468427086
0.0716361013592
0.109454640777
0.0255932898714
0.0249462965467
-0.0484793434339
0.0476946916212
-0.0131418653286
0.124847940396
0.0446624784341
0.0669610222138
0.0119564074135
0.0635508231128
-0.0303624763091
0.0131993257097
0.0408100159683
0.0889440171621
0.0617325325913
0.088983837725
-0.00409122938624
0.0535806060318
0.014906748024
0.0142365531324
-0.00930836492844
-0.025699109916
-0.0250134263237
-0.0205652825036
0.0909425966032
0.0255727363571
0.120154635332
0.0845836096736
0.113931257465
0.102840730716
0.0385323868087
0.118242259915
0.0156166682517
0.0626806430287
0.110105954697
0.0487350450371
0.103373182623
0.0463031596969
0.107582214899
0.0857508151679
0.0860296413079
0.0145644212466
0.011118071092
0.109169189058
0.109856191983
-0.00941508310842
0.074119529421
0.0920804808293
0.0487168778534
0.115854593239
-0.0224475938457
0.0336805676587
0.0950099853135
0.0509403001915
0.0383749855323
0.0205944382205
0.0420423941674
0.019457203086
0.0406272712717
0.132502943548
0.0726399845018
-0.0235259330149
0.0875564149839
0.0759798880837
0.117411044694
0.104119097997
-0.0385446765727
0.0619400247463
0.130176527695
0.0773066831593
0.0888797578054
0.0476818917859
0.0883698155026
0.0419600454752
0.0439223406439
0.0915790967642
0.0636402270619
0.128664789802
0.00809018880452
-0.0103912588281
0.0627463494749
0.0877722707956
0.075361703076
0.0689596338645
0.09256418842
0.00896882371632
0.0913432440714
0.104679692144
-0.0196132237741
0.0079245334773
0.0388286703798
0.00606693261977
0.0132174450956
0.0423205912649
0.0384504364987
0.0770715302472
-0.0158835062956
0.0336760743846
0.0164291320169
-0.0312164803944
0.128783795068
0.0373181051134
0.0601158985011
0.0794525887545
0.0904524738915
0.0885089238181
-0.0173877853778
0.0712774503221
0.0401056923192
0.0882614796814
0.00130355239452
0.0809240656177
0.0305713561081
0.111188397169
0.0540937998146
0.0592895505495
0.11409453004
0.114423039482
0.0654941523258
0.0915349844231
-0.0186825675133
0.0633779392233
0.0630467051301
0.0675116712398
0.137421544369
-0.00975205069467
0.0490144111342
0.0117327918346
0.131109365129
0.0624215706624
-0.00943742679401
-0.0263781439867
0.117405230751
0.021476694251
0.114928774027
0.0377382277817
0.0748183758698
0.0494546577843
-0.0617095357305
0.0256832497302
0.041901962123
0.0814992689546
0.0130378919201
0.148058415055
0.00320650339234
0.0908872431089
-0.0531181643021
0.0596598817571
0.0812132881263
0.0904846218172
0.115379397666
0.0634076927908
0.00632636848465
0.102136084014
0.0602306149206
0.0718807609613
0.111610390474
0.0551140352405
0.0506370881382
0.121014902492
0.0703883105242
0.0555630250061
-0.0291722272075
0.0639434167703
0.039462250233
-0.000688752084915
0.0611638241681
0.0552999775843
-0.0502646881589
0.0903636307122
0.0735963178656
0.00613398074187
-0.0335482542129
0.0749230631639
0.0637541156877
0.060106755365
0.103334922352
0.0538686048099
0.0131371918722
-0.0184483741958
-0.0207647006896
0.0873564979905
0.0781018619929
-0.0169872603192
0.085878459041
0.126871196442
0.0449774882406
0.0618738157536
0.117108793803
-0.0137188958376
-0.0144339804648
0.0944434227362
0.106047105677
0.0268373631696
0.141771709808
0.110880082255
0.10549981985
0.0201932002599
-0.0300814454905
-0.00242973767488
0.0470872527254
0.0365779018812
0.0485589701034
0.111287058442
0.107914819043
0.0739523680944
0.0792719169112
0.082820355532
0.0223355087454
-0.0572330422832
-0.00278058744618
-0.0137220751147
0.0614737206487
0.016950285838
0.0648755920804
0.0501627679241
-0.0560210844802
0.0533862488461
0.115367963613
0.0560905545201
0.00980223269433
0.103755471502
0.126727820097
0.0530178820455
0.0998735959406
0.0581612538452
0.0991283314166
0.0767407390466
0.0901111240389
0.0851276484353
0.119076797559
0.118614752167
0.0950505750118
-0.0489709384667
0.0497306965477
-0.0217630724853
0.0126758229836
0.0514405105129
-0.062669563774
0.119982636147
0.142242347301
0.0433379179872
0.123944511487
0.0749593349769
0.101625513178
0.0341286010493
-0.028482954479
0.0329130216081
0.0330043771281
0.0828105057772
0.0902187651629
0.10717559857
0.120008216283
0.0203681619555
-0.0698382101655
0.00228424104195
0.136476966886
-0.00336972260547
0.0931286275977
0.0785771073396
0.0949590709666
0.104004807622
0.0203961963432
0.0544971840488
0.0315891583603
0.0102148421314
0.0299823773884
0.0736802954038
-0.0530456158338
0.0848583841316
0.0634381309249
0.067925106101
0.115959983523
0.050955237094
0.0233789890728
-0.0617872078674
0.0867127819446
-0.0546069427014
-0.0634295637534
0.0520378882582
-0.0691459382626
0.0317715334507
-0.0815252375171
0.0599104476353
0.0274092767121
0.0360274578657
0.0522116366102
-0.0192871702091
0.0795529281033
0.0474160642199
0.0585173682312
0.0573894892987
0.10610675338
0.0185692577952
0.0282377925473
-0.0130631168902
0.0941343333204
-0.00754842797406
-0.0262015775154
0.0696409047897
0.0818575071657
0.0311607811899
0.0451658292163
0.0640320696306
0.0447939355181
0.00262924037743
0.0262904659912
0.138968262068
0.145155935176
0.0419710985632
0.0719604545794
0.126112987364
0.0545766227419
0.128294380352
-0.0275260083413
0.0654233849041
0.00411784472813
-0.0505679013059
0.0453775156282
0.0959010999353
0.0936633772549
0.101475615189
0.0444854270648
0.1209519889
0.0710733312784
0.0764996155851
0.0423912563474
0.086402089913
-0.00895580545423
-0.00532011538165
0.0041206303359
0.0441104374105
0.0498022636313
0.0504405274524
0.107471820846
-0.0352162372649
0.0137460650304
0.12380724025
-0.077633126766
-0.0666764453537
0.111206888684
-0.00067922079349
0.104425319584
0.0441513849716
0.047585595886
-0.00863590847767
0.112164014291
0.10272987238
0.131491573548
0.0613524004594
0.120891939458
0.0169417475792
0.0389786902633
-0.0099752635462
0.11302851478
-0.0517581155611
0.022485992331
0.108700493477
0.100687920915
0.0297848847151
0.0616973445768
0.101784382819
0.0604165833817
0.0970020595697
0.108493389425
0.0456000937364
0.0904224089683
0.0781132641548
0.0825237985382
0.071211780681
0.121038361549
-0.00568138356859
-0.00156172394583
