0.0907374308577
0.134861959089
0.111409909099
-0.0234879410262
0.0919626122592
0.100304363172
-0.0225009796081
0.115346817909
0.0651582693071
0.00925561823827
0.106026965404
0.0358377519669
0.131960072019
0.0289723102947
0.00377894791247
-0.00604013565878
0.0996757638793
0.0290014809348
-0.0829093714803
0.034001881421
0.0194925058233
-0.0173440004441
-0.000865836677724
0.0170784745945
0.0459622335354
-0.0393993816617
0.0914655564466
0.0686944312471
0.0807978776384
0.0939833475838
0.104503256846
0.0387899446812
0.105328524486
0.0664843406157
0.0302657877669
0.0749487385404
0.00840485883379
0.0377752006126
0.127816772689
-0.0101141659505
0.0661041336636
-0.00155089540536
0.0563807701812
-0.00497258062677
0.0553736295105
-0.083455501973
0.0227019337464
-0.0253612345196
-0.0214134107033
0.0553341541139
0.0103377998749
0.00726950354831
0.0727066207739
0.115328314142
-0.0115391893695
0.101394819823
0.0919903756227
0.0585744927944
0.0701083749432
0.0839437567518
0.0890701585469
0.0296638262114
0.0418768004782
0.0894769285049
0.0715559058146
0.0620252881729
0.0019477619114
0.0684011544101
0.0405055034763
0.078831002626
0.0800435633017
0.0765201866938
0.00431180770285
0.0173126500641
0.124007727407
0.0599151658774
0.12750885648
0.0391099615229
0.0395078276768
0.0753638803577
0.0597568068919
0.0498244847463
0.00312316481334
0.0667356955396
0.111561241245
-0.00971365791918
0.0439248633447
0.0303192110305
0.0305344377921
0.0799040518534
0.100695166345
-0.0160661651307
0.103937922199
0.0923516784678
0.0717089909418
0.0353744036457
-0.0117996076039
0.024080856691
0.0254618332613
0.0348427456181
0.0412982226738
0.0348510366323
0.0788193104927
0.100640626441
-0.0390722116249
-0.00637422138738
0.00506441879197
0.0407219660876
0.122673897086
0.0660870608884
0.08808229729
-0.0627504531113
0.021326946309
0.130300268769
0.0355254879093
0.048085659222
0.0193803136898
0.0690331262203
0.0190904719998
0.0527885781845
0.0959742820732
0.0461924768304
0.107240522541
0.0281814521041
0.0929435549125
0.0689099343535
0.0274561726539
0.0319593006611
0.0132370622781
0.135688636509
0.0827451902115
0.101515968537
0.0576854836535
0.0208407306256
0.0661253308813
0.00762426518177
0.0192210890874
-0.00584889358956
0.0940856930182
0.0511597136232
0.079379511375
0.0254151680072
0.114365496341
0.0678746680902
0.0611666597302
0.0419477603149
0.0934033500871
0.0127980063079
0.0703027058918
0.0309447191236
0.100250665817
0.0743044959339
0.0825174624129
0.0452296691968
0.0715797658314
-0.023343274585
0.0420184197595
0.0735259247346
0.0693068240854
0.0296924674916
0.0314077140789
0.00818345914954
-0.0259424823517
0.119305469369
-0.00174664679399
0.0563065825817
0.136864267753
-0.00371370996573
-0.0223751028153
0.0468390018238
0.119966113686
-0.0214968292101
0.0811073074928
0.0466781015518
0.0217044258223
0.016227021929
0.0591951468251
0.0154817955128
0.0476213935117
0.00308956508375
0.0945250214922
-0.0341207096301
0.0772005016141
0.0750256118907
0.042600534129
0.0125677091181
-0.0506526239087
0.043285970204
-0.0256671854652
0.0859102747685
0.1274699781
0.099623891277
0.0546660160918
-0.0127395313204
0.0362849682941
0.0672528695917
0.0494760127119
0.0680075251486
0.0722982490108
0.0196928497178
0.067216224743
0.094311515554
0.0470766510484
0.0709351532264
0.119564125372
0.0476889428881
-0.00198240325561
0.0117654578944
-0.0651734546066
0.0381034403931
0.00523578012809
-0.0097421474558
0.105779352988
0.117205665458
-0.00293610531354
0.0442658340271
-0.00788520287163
0.0714344227708
0.109717456975
0.0745167206095
-0.000705459926413
0.10816874652
0.0489996266869
0.0519852364698
0.038352724804
0.0836229502779
0.109332757928
0.0372916942078
0.109209401625
0.0141186771798
-0.010549935511
0.0624867913393
0.118262703311
0.0319361014123
0.00677614762962
-0.0289703958811
0.0947592820988
-0.0131628318677
0.099580837596
0.0910941474226
-0.00692733420416
-0.041173770538
0.0514533238322
0.0108650549082
0.0457347323245
0.137111800596
0.113114881736
0.0129481948679
0.0424321395928
-0.105316396146
-0.0495279798328
-0.00972868308247
0.0426419284239
-0.000234391591086
0.103131991088
0.00297553244898
0.110714777708
0.0153036292264
-0.0750250511196
-0.0268066035035
-0.0235528899504
0.124268107312
0.0490812398038
0.0340505285188
0.091085606247
-0.0521736827484
0.119190730476
0.0156908884367
0.123437882352
0.101309010688
0.0945467940465
0.0311208629182
-0.0294225998712
-0.00400128727158
0.0783386518679
0.0445440094737
-0.0722346173513
0.0718066860688
-0.00540534847225
0.139282813412
0.0559533192481
0.0305685152788
-0.0290552178974
0.0173938993027
0.0482671533302
0.0287425910327
0.0707605227679
-0.0354894711756
0.0640950247755
0.0498414117438
0.0314811348838
0.0619041622478
0.0762740333954
0.0169313572496
0.0128440111255
-0.106104257283
0.0493972581156
0.0629276214334
0.0500955337634
0.0295058021992
0.0841411439091
-0.0694198012265
-0.00503660106637
0.0695626119341
0.0467928482655
-0.000265563329267
0.0685526771288
-0.0641026941389
0.030383994501
0.0994520909811
0.114901921333
0.00587374058347
0.0710041400137
0.0292281860158
0.089452329226
0.0307145945486
0.0500492681595
0.0353761409887
-0.106794592933
-0.00848686186066
0.0916186031269
0.0231488227045
0.0363144900459
-0.00817077882165
-0.0225645339387
0.0828276902091
0.0992261528527
0.0643927786501
0.136467522314
0.0175728745989
0.0478118016129
0.0286565312057
0.0613791056536
0.0678845299343
-0.0480609589547
0.0292036327426
0.033695395451
0.0437722473579
0.0968174326872
0.100602953109
0.035448608286
0.0528583470624
0.0286817467472
0.102028885784
0.0545890915146
0.00883647934261
0.0506062863086
0.0729252210666
0.0366390334604
0.00900653431915
0.107357900833
0.126823302364
0.0890439956289
0.0527703724604
0.0384009530175
0.0762918277749
-0.00744193051078
0.116385341055
-0.0285181800319
0.0873841523041
-0.0283825870035
-0.0651311325653
0.0365219874265
0.0926794202483
0.134409404905
0.129383878716
0.0523189242255
-0.00706049884047
0.0109102222712
0.0883112895617
0.0955922368569
0.0370233078151
0.108099182626
0.117642639672
0.00149709589517
-0.0508316490398
0.0301121863115
0.0391156277009
0.0667705445905
0.0871325969654
0.0735011482177
0.0271058679414
-0.00284858036712
0.0163837942739
0.0755256183394
-0.0234757136172
0.12238605804
0.0842622269654
0.00301863987172
-0.0406158772947
-0.0155901926098
-0.0315838876055
0.0312709565516
0.00756638321429
0.0745604319243
-0.0795160044525
-0.0092554503666
0.0968790214374
-0.000499133367362
0.0340572313343
0.0320192676108
0.0715312626049
0.0989890738395
0.00437364617317
0.0316756672326
0.0915319911526
0.069180568324
0.0200465379764
0.00530793329251
0.0361547537597
0.0773256473687
0.0810140675096
0.0405618640665
0.0726973646806
0.127068715797
0.0219266165417
0.0353513042935
0.138789899695
0.0982026092753
0.0285887311306
0.00832879683403
0.138084014501
0.0883033663824
0.0585944744189
0.00923806768226
0.0196230532912
0.0800333950277
-0.0331949179193
0.0773355778677
0.137206975226
0.0741690820451
0.0527994777748
0.0825597933042
0.0831211392963
0.013927790989
0.0438482879801
0.092199464543
0.0998180610578
-0.0251776426425
-0.0150783662356
0.0696405537091
0.111116896924
-0.0144229272594
-0.0409373948394
-0.0594321128401
0.105345091192
0.0773959637417
0.107524038168
0.0578223907417
0.0747945796575
0.0434451107205
0.0647358330204
0.0222950797965
0.0277229632861
0.0629361517847
-0.0234261781934
0.106214170045
0.0242446476111
0.103748654016
-0.0463589108748
0.0713402448749
-0.0202520212904
0.110857178085
0.0530855954824
-0.0724412778755
0.130693783146
0.037689121796
-0.0504067014358
0.0338139023376
0.133046914734
0.139975537057
0.0509881939927
0.0132665898884
-0.00736735849352
-7.76602044228e-05
-0.0171309279884
0.000635337311218
-0.0468087512819
0.045447023096
0.0348278377628
0.00399160508827
0.118374012107
0.124641232128
0.0421082313223
0.0677174789483
0.0931220162318
0.0116083206762
0.0747245514108
0.10567642672
0.0151915220635
-0.106055132275
0.0395497958188
0.109734206105
0.123114683571
0.0772461610041
0.0292979222414
-0.00601098494238
0.112857902133
0.0668236266925
-0.00970674514962
0.0146841615657
0.0680828527927
0.0476313653592
0.0260660659915
0.13098294783
0.0894044305012
0.0306396898953
0.0121753966639
-0.0602007138946
0.056146147682
-0.0280375326508
0.0661330589584
0.0896289512584
0.0303517833547
0.113888885593
0.0531122744071
0.0931330408049
0.00705562785628
0.0531381657182
-0.0349623813662
0.0729550604959
0.0942836781055
-0.0205752753767
0.114545732826
0.0535573490825
0.0541948034401
0.0729678811539
0.0921533674431
0.0926551465327
0.0487317437819
0.112485081826
0.039290128936
0.0723135632076
0.0811223674633
-0.0557457852117
0.133863640763
0.114760943158
0.116514349073
0.0615726373835
0.00778554018436
0.101950842059
0.0324635818008
0.0162839056747
0.00267457901348
0.0738397916389
0.055692979115
-0.0421474134443
-0.0363086164485
0.00059184281931
0.0756635467606
0.0291238741854
0.0713381575656
0.0558692685853
0.0331876542247
-0.000920479213234
0.0561428200459
0.0571205539741
0.00964442627469
0.117464735715
0.0992090835123
0.0389931043227
0.0140680940047
0.0935726902666
0.0972163667916
0.0536143460177
0.0226578747438
0.0907741410279
0.0756433116235
0.0587712440361
0.0599065478577
-0.0317843125751
0.119410029559
0.0745164930091
0.0208658316703
0.117902193237
0.0888300213222
-0.0549483083933
0.0451618414066
0.0341072215536
0.127808672874
0.0241152030242
0.00442987920919
0.00617814697632
0.055281659623
0.0499728156563
0.0814382820737
0.142987543477
0.0691507530183
0.0490897439606
0.100708602639
0.0896109070221
0.0261641821798
0.116539593636
0.096993249936
0.0919246403168
0.00907830222342
0.0587170560832
-0.0305897327141
0.0225060342978
0.0803247049342
-0.00137760673025
-0.0144141072264
0.0183071171444
0.0723456957536
0.0825374928419
-0.000568138611847
0.0682007415602
0.0888168823169
0.0731448980559
-0.0881457740185
0.0714275866627
0.125153319705
0.0429795421068
-0.0640561871116
0.0675492153518
0.0496194746578
0.0698180140619
0.0735129111776
0.01390031414
0.0483243926323
-0.0138791055736
0.0472383799708
0.0151419132768
0.0266683436887
0.113684751121
0.0561532697296
0.00336870634349
0.04455444514
-0.0886490050268
0.0228084397603
0.105064378783
-0.00748159966674
0.0556623111552
0.0616246393213
0.115263819012
0.0272499748891
0.0663792492725
-0.109697696784
0.101066941164
0.0736887164188
0.110326228869
0.00101608439676
-0.0109800195976
0.0121791560617
0.0593583574627
0.033183968937
-0.000441612051418
0.115833253871
0.0268564475068
0.0546695785345
0.0565241528105
-0.00858972911312
0.026167892169
0.0331337257913
0.0833406374855
-0.128658264726
0.0678550286182
0.0698654340593
0.00515712410548
-0.0322196273194
0.0373620363319
0.117944125348
0.0715822732581
0.114602826403
0.0696141877455
-0.0469455462168
0.0515828756854
0.0112274212487
0.0171704133046
0.0610880234587
0.129848911309
0.00589136215695
-0.119859594337
0.119140083913
0.014784037144
0.0770082513406
0.0897880606672
0.0479803901518
0.110820626688
0.055477573544
0.0963061790269
0.0344796364093
0.0626456153537
0.060952874601
0.0221549735411
0.0516001157135
-0.00162484186253
-0.0370203010434
0.0351529288629
0.0275319181978
0.0214151261005
0.105130483102
0.0897031700943
0.105803923962
0.0184372397895
0.0349443127243
0.0767612224977
0.10587467245
-0.0314307505486
0.0383893048288
0.0145514021146
-0.0890695642338
-0.0546506833822
-0.0324170591805
-0.000768132808236
0.00518916916547
0.023156177391
-0.0170939687395
0.0651645617083
-0.0111399525988
-0.0289650032978
0.0514827976516
0.0990873625401
-0.017267244066
0.0416804939815
0.0485061074413
0.064695471778
-0.0204219804079
0.0584160637331
-0.00792616064499
0.0354017524197
0.0843061604467
0.114122791548
-0.0417004788804
-0.00558263967131
-0.0855016712422
-0.0330162377836
0.0067643742434
0.026765958621
0.0405799434259
0.0369883837294
0.123569277373
0.0929233413152
0.122332247311
0.0393397455598
0.0335118511881
-0.0427220283533
0.0475284183311
0.135016854185
0.0730866155704
0.0893341715283
0.111485313814
-0.00160357954217
0.110374337601
0.00414520834618
0.0279078001655
0.127763698848
0.0864309154563
0.0153332242021
0.0353335578398
-0.0736015135636
0.0568997048048
0.0485252328179
0.00612539405379
0.00551801752785
0.0900323573538
-0.0431958309896
0.0660885083737
-0.043658384797
-0.142157548011
0.0576177359898
0.0182126847084
-0.0193649830934
-0.00549232452559
-0.0128683255844
-0.00720455284474
-0.0088462558917
0.124962515423
-0.00809190941351
0.078710956381
0.0430586557069
0.073663007086
0.0218262343005
0.0876654278922
0.0989625288819
0.0730421850602
-0.0338695651779
0.0557898846223
0.0539556826837
0.0893015382791
0.122125480902
-0.0110569750902
0.0639117763862
0.0285058956776
0.0350791921761
-0.00323196660629
-0.0231631152955
-0.0539396200474
0.0537456139204
0.0689815154273
0.0553190934873
0.0448812982639
0.0475808955912
0.0970223489472
0.108658530421
0.0725968699308
-0.0262334960319
-0.0354887680879
0.0133135093509
0.025461427182
0.0151894566968
0.061963865772
0.10292814773
0.130384958861
-0.0270656339132
0.0587711887312
-0.00537735436073
0.0922206497929
0.0396048811085
0.110287338355
0.015688797482
0.127072775772
0.0968154735495
0.0758325918865
0.102192745802
0.059556731921
0.00164785375905
-0.00390062601742
0.0647801728497
0.0337758274739
0.0115924167101
-0.0319868621643
0.0473130222022
0.0953455773721
-0.0958666750258
0.077014679373
0.0615716971587
0.0490582424752
0.0735299663089
0.126647521352
0.0884132292884
0.0920981043435
0.107359505294
0.0165878283117
0.0488295229756
0.102762004155
0.0154964859328
-0.161648800538
0.0397991125293
0.0638990779441
0.0698635887095
0.0680884929417
0.0521117960333
0.0427150746881
0.0555344911858
0.0260882709236
0.0848076438835
0.0370641097329
0.0176772812649
0.0994454041223
-0.03080454787
0.0904296753455
0.0518779577837
0.0310241263989
0.00623758719001
0.110028546334
-0.0258572785537
0.0682352584746
0.0965326193326
-0.0209293427527
-0.000691733678201
0.067388837411
0.0290767501334
0.0315575232727
-0.0339824224923
0.121291446697
0.0129121658725
0.0826239853819
0.0774225055394
-0.0492789236045
0.11666428219
-0.0941619039793
0.0314842841118
0.0806864050153
0.0468913964091
-0.0388822642019
0.0432113780017
-0.00650919695318
0.103716977258
0.0485246216291
-0.0786358772532
-0.00158565246677
0.140887674506
-0.125285369852
0.0825592454448
-0.00186903564621
0.0757512476923
-0.00522380961119
0.0344465607836
0.068036291714
0.132537329579
-0.035273554842
0.0293528339243
0.0720829577935
0.021070838146
0.00659995415963
0.0586118428366
0.0808077357244
0.037689378237
-0.013953911929
-0.00271645024882
0.122086045194
-0.0397089969301
-0.00411904536848
0.0278388929919
0.0153565766879
0.126375034243
0.12361159503
0.047363529395
0.0246806178518
0.026526395055
0.0456690648566
0.0427301875066
0.0120644851621
0.0882230606109
-0.0189888364449
-0.0462985274636
-0.134767827516
0.0304500457117
0.0959689260316
-0.0345150978787
0.0795752924063
0.0120979624419
0.04433755877
0.0167629754732
-0.0313689977279
-0.0555121200969
0.0589594938067
-0.0213501179031
0.0543784129747
0.0928652104051
0.0388277856264
0.0870112970326
0.0681541793285
0.0422089082919
0.00557808324625
0.0387689654669
0.0693275988881
-0.0947937741336
0.0931512154595
0.074132970565
0.0777742866892
-0.0313002588526
0.0557745802212
0.0746020804346
0.0529011643527
0.0819179702108
0.0200528095922
-0.0238507624999
0.102426244308
0.0552148672553
0.00163356651203
0.0810376356589
0.0694998878705
0.00591912436268
0.0583112908934
0.0818406776144
-0.0144232200854
-0.0127359238922
0.0281955257024
-0.0189897899367
0.100795968956
-0.0321979244722
0.0160908840014
0.0796003158692
0.00401233232391
0.049448085948
0.0549504961302
0.0690839879413
-0.015044283579
-0.0609002877072
-0.0179831705724
0.0992295468508
0.0457196932384
0.02190497257
0.0848407096113
0.0702057965376
0.0503429890898
0.0807472352413
0.022126536734
0.0269319867077
0.145192992434
0.0480150300336
0.0557111733694
0.00713376074701
0.0488840316809
0.117436275006
0.0634607980123
0.119503356112
0.0382874716031
0.0519909200614
-0.0279018209163
0.136054011123
0.0356208870319
0.0436184140067
0.0144601855078
0.0170689683518
-0.0430327047578
0.105773329558
0.0460383534545
0.0743979371371
0.0666169835089
0.00780904977027
0.0274680599062
0.0635103875745
0.0667983876728
0.00846122187514
0.00556199429074
0.105602186975
0.0941162281346
0.114856118362
0.0282157696792
0.0582299211623
0.0994890437056
0.12312788697
0.0524354939666
0.0696252539356
0.140684747748
0.00737199744459
0.0921837785493
-0.0631851947859
0.100641200005
0.056574567331
-0.0101910447287
0.0150895273579
0.00393240103945
-0.0182729404419
-0.0592112550331
0.0592546033562
0.0121258909724
0.0215387795076
-0.0212856814851
-0.000282992611552
0.0413917119404
-0.048702094101
0.0752477191969
-0.0460493658829
0.00440117423225
-0.014607822235
0.068854499476
0.0304677838625
0.00653809151894
-0.113009962693
0.076415021373
0.0830147278458
0.0980355885935
0.00382382208511
0.0823382423386
0.0284335176534
0.00240642086735
0.0384791505447
0.0825779690943
-0.047424139725
0.0383451072506
0.0600853858492
0.0112135888287
-0.0675201575731
0.0491493992234
0.0833080457448
0.0237359853766
0.0281697950045
-0.0125584883507
0.0695723042959
0.0763619341524
-0.0290386466836
0.0780456665655
0.0934405453323
-0.0789140970134
0.0814970246412
0.00931414303651
0.115324658185
0.0384002991754
0.0552172544829
0.120383634254
0.0831608580676
-0.0187601309309
0.0841620366135
0.0958483415734
-0.0656855421365
0.100815638144
0.10323282479
-0.0517335194952
0.0946968211715
-0.00682898023261
0.0163792933883
-0.0315561582744
0.0801426355416
0.126684329261
0.0767135948346
-0.0681765588269
0.0529926208907
0.0475205070239
0.0197497351187
0.0879741361535
0.058085561907
0.031457396239
0.0569456403389
0.0940947960687
-0.00242002232412
0.0285792217682
-0.00595612855759
-0.00466333982439
0.104566076362
-0.0415638339116
0.0860590738633
0.0648101769852
0.125411210691
-0.00620677109442
0.0892458576187
-0.0149455520271
0.0431593056487
-0.0416795289033
0.0670435950308
0.0452695633054
0.0509049966506
0.0603731489311
0.0305663605347
0.0668672133663
0.0598612300539
0.0514757806542
0.0373896853597
0.0913096673735
0.111057805086
0.0291091156178
0.0706874015265
0.0736630146129
0.0104679960732
0.0414631048105
0.0934101774841
0.123044264797
0.0531908343476
0.0559143729865
0.0378439768214
0.00412465995964
-0.0249210105351
0.0917380962027
0.0958198455909
0.0324538211555
-0.0175114153207
0.029057512223
0.0556526937536
0.064768782875
0.113869365344
-0.0595614336539
-0.0380376426486
0.0669653237142
0.0618587283999
0.0995348544308
0.0292889402809
0.134403237643
0.0965283657133
0.0799862086631
0.0972398685792
0.0264189839273
0.0611524179872
-0.0183445563854
-0.0673265174565
0.0154488879286
0.0749817808047
0.0625061854935
0.0403373692435
0.0736077999485
0.0202064203765
0.00606627114219
0.117387761687
0.0720587674025
-0.0069304220843
-0.0255410722798
-0.0066485448118
0.0683769510721
0.111773766581
-0.0733825609523
0.0638006676337
0.0335685560572
0.0489463519525
0.0730673726866
0.0191920979512
-0.0307549145872
0.123901207899
0.0746191187228
0.0584664036351
0.00529893019535
-0.018871518388
0.0261957595951
0.0805155658509
-0.0405080647232
0.139712999891
0.0305101973925
0.0173984178744
0.0320815888918
-0.0202120620828
0.0182812095262
-0.0542871371126
-0.067396683015
-0.0302499417207
0.0783200502692
0.0300863294944
-0.0198092329134
0.10738076369
-0.0308714679779
0.0663347691702
0.0915083692418
-0.0258117858172
-0.0344261480866
0.00547048732621
0.0107661747682
0.0236534969206
0.0420808855286
0.101904898316
0.00936359452034
-0.00135927925791
0.127086129538
0.0625951228041
0.0595979432715
0.0637630022555
0.10961297083
0.00250702838486
0.108675599742
0.116226446525
0.105782573164
0.0363019068006
0.0223130752582
-0.0439885970961
0.045100574283
0.0371687107227
0.0462634236876
-0.0173108242785
0.0594013334967
0.0435231709782
0.0865766226256
0.055954353981
0.010347924104
0.102359356849
0.0525889376555
0.0715167145116
0.0382916014409
0.0552367478375
0.0407527137012
-0.0304583009047
0.0808935132539
0.114107200877
0.0452426623756
0.0820582645046
0.0958079036448
0.00537774580731
0.042190479818
0.0246614999948
0.0942627124851
0.0602535686386
0.0815921105192
0.0607364797902
0.0615559202959
0.130802266558
0.0606133703779
0.110022427988
0.00857421423222
0.0813847254101
-0.00293009103166
0.0255769225731
0.116733009658
0.0163580329723
0.091230260436
0.117245868139
0.00731409558581
0.0519649506875
-0.00599946184666
-0.0010320322544
0.00100846176998
-0.0237578349216
0.0541418325807
0.0204084910916
0.0717307105963
0.065177880245
-0.0118402038871
0.0349443399561
0.0674601817993
0.0156768048657
0.0316996728483
0.114932498551
-0.0765532668477
0.116087346806
0.106576791669
0.0297625893709
-0.0268703316206
0.137622978947
0.0336279245041
-0.0479343151179
0.0448832814019
0.132700568864
0.0350766994538
0.0832130523489
0.00435770603293
0.0522433774542
0.096448489231
0.0220364793671
0.0664519953267
0.137310865955
0.0441407656903
0.123223532108
0.0756014815798
0.0545792542686
0.0818461411928
0.0888851558956
0.011771593238
0.0379597552259
-0.0849713357478
0.0985739782026
0.133672439853
-0.0400565223013
0.0550582785033
0.128125522367
0.040359855729
0.0228573069522
-0.0635374413636
0.0803886024617
0.0310909761164
-0.0504146713613
0.0602692727973
0.0128091310974
-0.044645602208
0.0197941399108
0.0445288300512
0.0244109298371
0.100152705708
0.0692019802587
0.0726012061892
0.0588898457522
0.0604859232557
0.0262065685001
-0.00573341282416
0.0483552751244
-0.0187162704202
0.130592799454
0.0390253377449
0.026548510722
0.0186178391759
0.0192527120025
0.0527419861086
0.0386091444443
0.08432825304
0.0592177975984
0.0799058673828
0.00469301736646
0.132234000398
0.0265893984343
0.105643404189
0.11563688432
-0.0169795058698
0.0107407112198
-0.0257226931376
0.00987135794898
0.0239265720781
0.0724336909727
0.0831061277331
0.0661093524874
0.0616879220275
0.0384527320353
0.0893671504701
0.0204316009168
0.0610992544343
0.00507312735468
-0.000102132423241
0.0143471883669
0.0827999131833
0.0341423381362
0.0598652684544
-0.00568516244411
0.106881318125
0.0272217182681
-0.0417264302236
-0.0145583007196
0.0955607190978
0.0961209313943
0.0764493294997
0.0621452697534
-0.00288967822716
0.0685987553735
-0.0486548956111
0.0716808224623
0.0912364247839
0.064688125723
0.0800105878299
0.045305264501
0.115992035028
0.00685446013083
0.106534063278
0.0461302560804
0.037771300689
0.0326525657453
0.123112220263
0.0216602952957
-0.118991751652
0.0638292455369
-0.120441506833
0.128972090674
-0.0164550338044
0.0194582308034
-0.0104434769886
0.116640497319
0.0551311209171
0.0348015152294
0.0897034812539
0.0574579403328
0.112996164215
-0.0494812391953
0.0570187379714
0.0778921384956
0.026270572148
0.04165702018
0.0367682754078
0.105759360551
0.0598012928831
0.00502596595265
0.024034204948
-0.100841037942
0.0211652140273
-0.0102023926733
0.0401745883785
-0.0137756960801
0.117455135248
-0.00727430717484
0.0487558665333
-0.0351972997001
0.0588044343135
0.0840176422171
-0.0472909754849
0.0656432805573
0.0905602848395
0.0103312057168
0.0482409328772
0.085128557796
0.138782334024
0.0355299186993
-0.0189160880235
0.0441145827263
-0.00829384985008
0.0276861920709
0.113276123041
0.014949492445
0.0403068454322
0.0308790693359
0.0604807069472
0.0360318241678
-0.00316325586403
0.0766320165655
0.0111345427361
0.0857767634346
0.126367349414
0.0571853843751
0.0247294207791
0.0335292733168
0.123754227196
0.0417227622852
0.0616545361483
0.10243234884
0.0292991269688
0.0330312079267
0.0568693907353
0.055810358887
0.0939182562984
0.0351417366032
-0.0397225838449
0.073938177626
0.0133394064271
-0.00357558218881
0.0134441458775
-0.0808184491874
-0.0884320546023
0.113972493283
-0.0555561826123
-0.000503622639272
0.00440586268898
0.0733702321531
0.112951763862
0.0737454962734
0.00265770312906
0.040377567186
-0.0111070613315
0.0773271755071
0.0634411675357
0.0507108723627
0.0600576731605
0.0367101242061
0.00805789814328
0.0331643177233
0.0764581232147
0.116020367894
-0.110852023994
-0.0201273093196
0.0887911743003
0.0676396012877
0.101935579344
-0.0107404467199
0.0974530448469
0.0976561897226
0.0924172821066
0.131541404049
0.00652391376394
0.127711531425
0.0563722221856
0.0186198924624
0.017769769285
0.0924839221055
0.0327984561481
-0.0163309093837
0.107473384022
0.0492167956494
0.0558116873404
-0.100937629715
0.0956020295566
-0.0263695804357
0.0345670080378
0.0114148821395
0.00359375863406
0.0300938475437
0.058492379445
0.0681460737878
0.0429045310329
0.128371342018
0.0835181327717
0.0356243719235
0.00782112268873
0.138676174215
0.0345119093074
0.0338181823984
0.050933449834
-0.00759662087399
0.011994133006
0.146871751539
-0.0148190270889
0.117193162247
0.0469237427389
-0.0453381744845
0.0311902393084
0.0701484319324
0.0240627556455
0.0974270496435
0.0278494559262
0.0675541934306
0.0750244918543
0.103126810676
0.0975474735195
-0.148244768165
0.073666625103
0.111119200113
0.0755579571766
-0.00319669513913
0.0922244590818
0.00121461479447
0.0464137707584
0.0883063538463
0.115032478444
0.0699699219303
0.0570840404759
0.0862914901844
0.0148235184442
0.123069913791
0.10759104726
0.0979349600658
0.127146493405
0.0693047544631
0.0890649495816
0.0309947432213
0.102252649678
0.107942789403
0.0659627556338
0.10129518437
-0.0351890652031
0.0758209224639
0.0623289413977
0.0459434644224
0.0475386462202
0.113189671125
0.0485720321632
0.0772019676336
-0.0616422884185
-0.0353771087197
0.0180416506622
0.00157977941268
0.0494498655014
0.0497380249851
0.126736013894
0.039798096025
0.100792573865
0.0330412672869
0.0461426224905
0.0502381433803
0.0616632611137
0.0265209838645
0.0482138987009
0.0166009424496
-0.0693265523504
0.0919178876994
0.093408183822
-0.0616682081592
0.0755990828141
0.0382709700684
0.057566308365
-0.0619231328557
-0.000673347249896
0.0331015540748
0.0725237735592
0.113511525202
-0.00316364869963
0.0903556633783
0.0414054804219
0.130693624382
0.029992416149
0.0326478227848
0.0970845690777
0.0685526196293
0.0231357847663
0.0829485216523
-0.000351605960881
0.0587844269439
0.0875391531855
-0.0735409038465
0.0464730231697
0.0817405466812
0.0602111927116
0.013431620227
0.122527459453
-0.0167573365875
0.0081668540812
-0.021258353796
0.0975515129474
0.000340007324727
0.0544022840858
-0.0140706178243
-0.0375392623124
0.0512167691338
0.00401287663794
0.106094936979
0.0605035254769
0.115728177035
0.120410813734
0.0218205593561
-0.013831928856
0.0709555737182
0.074023007476
0.103037847762
0.0535497497074
0.0620568387753
0.101658385401
0.089359747193
-0.104795247874
-0.000520600688349
0.0675436533937
0.0558436834233
0.0644473596857
0.0807667450216
0.0512056729821
0.0473189167737
0.0619730713466
0.113243267143
0.070104895319
0.0579758813478
0.06485022365
0.0974402397143
0.0344850590163
0.10149469286
0.09426795094
0.110916202257
-0.0278852675882
0.118888617395
0.0350251140813
0.0163252669284
0.0854532705353
0.0773077916469
-0.0130536336944
0.0977590138657
0.0425917563583
0.102150829366
0.0250630605869
-0.0137937804741
0.0772300306541
0.0514145059367
0.123783717424
0.0623689897477
0.0618948329702
0.128627206205
0.0195595649286
-0.0340024638616
0.0647436263431
0.0210629635096
0.0112365976374
0.0228595380928
0.0252617386387
0.0540957069067
-0.0238448043954
0.0261329361807
0.00689449457656
0.021311945281
0.0460803840141
0.0190408849547
0.0229015376331
0.0563133549974
0.0597328362942
0.0252544812065
-0.0278802569003
0.125454188184
-0.0200885192175
0.000562955845974
0.0789707552882
0.0224467100482
0.11797535454
0.103395728479
-0.00508026352173
-0.0519407327514
0.0882506503779
0.0106781302734
0.0407107212854
0.119752053852
-0.0550166591544
0.0871579340387
0.0240167757975
0.103322207785
0.110788382684
-0.0101776067164
0.0174405887588
0.013395095618
-0.0300896648085
0.0884100203737
0.0977618113964
0.00779537146225
0.0877724437434
-0.0512672433606
0.116816976477
0.100122278424
0.0379766214357
0.097171728193
0.0517928024898
0.137089127021
0.0631725656485
0.0538736902848
0.0447081926545
-0.0363184517168
0.0928745592943
-0.0120144307489
0.0599425351959
0.097038379971
0.0416573723043
-0.029150096072
0.0843782988176
0.00928566360678
0.0720553711558
0.118594850726
0.0800822949425
0.0254656233667
0.072133697475
0.0516623572088
0.0592208678999
0.00676349387883
0.0787321967611
0.0156436607364
0.117600102269
-0.055475093316
0.0134520382079
0.0251310320236
0.0886331109298
0.0995850103309
0.00687427032682
-0.0711402442228
0.0397633130648
-0.0446093382621
0.0654349857067
0.0902444361783
-0.0188493478638
0.0522891518656
-0.0415026040049
-0.0170535619446
0.0581627307484
-0.0242623854669
0.0340495811436
0.0847340761942
0.0339943350288
0.0368143068561
-0.102834202548
0.113641892633
0.0248476200066
0.0768808500401
0.0320884185279
-0.0365102731884
0.001767535205
0.019151960479
-0.0301721127121
0.083357322622
0.113699659471
0.119222316614
-0.00854997814148
0.128038922667
0.0825667700866
-0.0425492724984
0.0207029268843
0.0807349348792
0.0755838080361
0.0949180466053
0.016632573018
-0.0459399511945
0.0746388672004
0.104620624623
0.071024981413
0.101482202542
0.0723603309241
0.00652012878664
0.0451002810322
0.0429905820843
0.0109873123442
0.0829554165564
-0.0502855828568
0.0525120239444
0.0198951585036
0.0670885354402
0.057232204184
0.003489382442
-0.11162505823
-0.0173111070985
0.0943492226537
0.00270402517578
-0.110246626201
0.0344091937918
0.0163049819888
0.0558568425701
0.114495088612
0.114768381996
-0.031306606218
0.00869296049884
0.0310309293621
0.0614790942342
0.134124007046
0.055474342367
0.000279248120309
-0.0277628608598
-0.0547418134139
0.0661804557728
-0.000874062645174
0.0155889844905
0.0523774268937
0.0831862394952
0.0460278378037
0.0907878082893
0.0799007278164
-0.0242651531185
0.0396959653401
0.0658828526082
0.135298022518
-0.0621150248982
-0.0141447253475
0.101434711163
-0.0101219655852
0.0575578390925
0.044250385629
0.0592680463944
0.108597082369
0.102367377086
0.0608252113981
0.102401698914
0.0980602857128
0.0925689980367
0.0610306754222
0.0862128159509
0.087534385277
0.0901831748759
-0.0974376245678
0.105889154771
0.0344843505585
0.0559251211087
0.0981292622778
0.0619096241691
0.0313651530787
0.0478853775875
0.0794914476154
0.0848554195057
0.0632850472169
0.00610082088581
0.0446584433356
0.0452862380135
-0.0419634309
0.0236757799559
0.0704524505486
0.0615013814064
0.116868102244
0.120714563604
-0.0647191806261
0.0559144738855
0.0170810295832
0.0239942377927
0.0966122026957
0.0355525234787
0.0704419128566
0.0299635770935
0.0125616077555
0.0514037910019
0.0211362575145
0.0474631891917
0.0778544308426
-0.0684199323905
0.0142478432433
0.0580126123363
0.0824433220711
0.143195711256
0.0497189097499
0.0245534762598
0.118403337524
0.0218692243089
0.0271367063273
0.0812791268014
0.0777925504066
0.0484066243114
0.00825955100171
-0.000660563011079
0.0965961776784
0.0840072357806
0.109784681367
0.038155961082
0.105596440132
0.000955340700515
0.101333778312
0.00812917506918
0.0888077585301
0.127472662164
0.0787913106411
0.101776082716
0.12956817436
0.0479555598372
0.0661689367856
0.0072207179224
0.0363849161582
0.0677788824594
0.0883694602541
0.0952513716056
0.057830480043
0.0582762922899
-0.0486730323248
0.0905187135105
0.0414271374781
-0.01751766405
0.0800369808689
0.0702125238636
0.0799570816469
0.030974840815
0.105126171273
0.00359006883539
0.0839380326108
0.100217406933
0.0943307529915
0.0943376832774
0.0192937571857
0.107838038599
0.124493386516
0.016986247587
0.042297380396
0.0770442347261
0.0409148577802
0.0932780712796
0.05577892904
0.125022605608
0.0821073160431
-0.026132414774
0.000140872921357
0.133120230794
0.0763060605104
0.104847721479
0.103403528324
0.0533541425172
0.0609217885683
0.0751135912114
0.0771046127792
0.0943783167775
0.0836997634413
0.0982256550453
0.0911659716927
-0.0091257681028
0.120309373939
0.0584331658398
0.0474911231364
-0.0751353673685
0.0902295600227
0.013604034328
0.0344927388766
0.0439360341
0.0223265057613
0.0619405233962
0.0252953066737
0.0487827114506
0.0589022856195
0.0496054712562
0.0442138340316
0.0521094870348
0.0524342401115
0.13766804055
0.0634069889065
0.0599925063401
0.0946530050904
-0.0366348207261
-0.0431911906091
0.103796864261
0.0647392016819
0.0739123407051
-0.0667045443168
0.0412523073672
-0.00861438685825
-0.0641608288341
0.00420964066177
0.0397643111297
0.106998267137
0.0276039087615
-0.0105083670053
0.0586001245997
0.134007865442
-0.0593185447295
0.0981198463044
0.0659097300507
-0.00075544899676
0.0781889580323
0.0337107562947
0.106189949327
0.0071209073845
0.00739908294354
0.0559468817817
0.0283120765088
0.0529199872136
0.0581451328117
0.122723876594
0.0515970899497
0.116405053343
0.0100204469092
0.132946083585
0.0761409745074
0.0104245257912
0.0478017475962
-0.0360069589432
-0.00505780533053
0.0121290225047
0.0957586329238
-0.0458945224594
-0.0143506151828
-0.0409037158778
0.0855391506727
0.0965255661548
0.0174158069609
0.120215256021
0.134301098733
0.0841059990517
0.031319347308
0.0236612104174
0.041235612956
0.0210470578251
0.125043058172
0.0756867655893
0.0240377073313
0.0491449469195
0.0418443249427
0.063205952477
-0.0578652946291
0.125855776643
0.0860999070684
0.103555276204
0.0145102725343
0.113972508022
0.0371145512491
0.0830711250683
0.0570613940117
-0.0285888665252
0.0528243586433
-0.0412357455123
0.0343546053143
0.0224771723329
-0.112938265894
0.138230319227
0.0727777808656
0.0570658599169
0.0882079873226
0.0362285567667
0.0864689309495
0.0326244247131
0.0613402343852
0.0109829131931
0.0672289739637
0.0138846272061
-0.0153304334327
0.0983841952418
-0.0156115594146
0.0115502623259
-0.0319030369533
0.07653803021
0.0795344726135
0.022489605272
0.0315198464471
0.122901975896
0.054634407691
0.110516766714
0.139733965109
0.0838618764163
0.00311587142638
0.113994270163
0.0838405958556
0.122177413566
0.115568204837
-0.00133602889754
0.0521424237983
0.0939821414303
0.0149269874693
0.0227765094615
0.0229161028902
0.109251627827
0.11005669149
0.0056789851658
0.00740527627626
0.0649155768587
0.0764549839174
0.00838190884865
0.0671072500699
-0.037137893423
0.000299456465297
-0.0088444917134
0.00700717015165
0.0717473717005
0.0432903785684
0.00999304525839
0.125003044453
0.00713148759239
0.100243098924
-0.0484334248095
0.0765317963149
0.0269102241856
0.0461948410978
0.0487807071659
-0.0030026686656
0.0153974693344
-0.00795194684288
0.0352998820244
0.0996010555048
0.104068528243
0.0911756505912
0.0428296466072
0.0299429378706
0.0415563955709
-0.0400281560367
0.0668459709743
-0.0765374093956
0.117133272967
-0.0359905645489
0.105683082661
0.135391394382
0.0267194614247
0.0988686186614
0.0101952757296
0.0725185206607
0.0139749976401
-0.00761248744952
0.0680216686351
0.0529755846291
0.112626888607
0.0418491801517
0.105071607619
0.118536165811
0.0385084776165
0.0385611342414
0.0382402019763
0.0753406078907
0.121039985915
0.0617401180555
0.0403347379217
0.018462516964
0.105225175316
0.0890466397825
-0.00607439348468
0.0265024445599
0.0952701790857
0.0194170252076
0.0854079726362
0.0870139270157
0.102481259101
0.0822813125286
0.12948779036
-0.157682412353
0.102952484743
0.0205004528421
0.00349555560054
0.101511732465
0.0488159186286
-0.00724094819856
-0.0206598962539
0.0294095651843
0.0668636234899
0.128347148639
-0.0120643763655
0.0900677752508
-0.00992350743473
0.0117778514937
0.0762533408831
0.0618546237882
0.0579452044043
0.0302027403136
0.0465531365429
0.0994709028617
0.0438138238609
0.115500424777
-0.00327388395013
0.0549322733837
-0.0312428434769
-0.0673224910317
-0.0352250796996
0.0170510271066
0.0301098462538
0.110081860128
0.0161069207087
0.055829000575
0.114092693285
0.103557921518
0.0498694970157
0.110685918279
0.110166489763
-0.110377772291
0.109668081612
0.0137820423554
0.0656749478031
0.0778052414285
0.0948398250634
0.0235101520644
-0.0622502069939
0.107108680845
0.0875521334541
0.0783523570176
0.00397496218268
0.0908843977115
0.0179125942118
0.0842103406857
0.0419853281605
0.0919841256568
0.0340779298229
0.0577989690594
0.0662628294463
-0.0372977664628
0.0428841716292
0.0141069295847
0.0512574334006
0.0855750852423
0.0543300947208
0.0527571761762
-0.0229129648862
0.0278374519759
0.122566673379
0.088457259243
0.110860085894
0.00637972527661
0.0298264736986
0.0413558239646
0.0483253199948
-0.0132972928805
-0.030786709107
0.0814464728142
-0.0125151823441
0.0808904095965
0.0461490412925
0.00754631767647
-0.0232100757533
0.124192488841
0.0126358636068
0.0667027317568
0.00908419980832
0.0789440148344
0.106348285842
0.126564261196
-0.00795083837546
-4.08844364559e-05
0.065421393773
0.12228363757
0.0304515962253
0.0189301286813
-0.0583175543764
0.0659836168877
-0.0268259698253
-0.0424891389355
0.089830256644
0.011091297257
-0.0129665330718
0.0560620325419
0.0137309632271
0.107112563264
0.01977565826
-0.0195176120807
-0.0235005292809
0.105819979863
0.126067109967
0.0508968178556
0.059515748293
0.0200118330575
0.0734156440764
0.00595162947171
0.0631261905551
0.0228853462486
0.0829551433247
0.103874471008
0.0536601260082
0.084306383454
0.0432136967361
0.039690194267
0.07240465554
0.131053121369
0.0216089700693
0.014717570281
0.0845430993558
0.0841969671581
0.00665387093175
0.0497951941062
0.112696986956
-0.0592208298598
0.037459043912
0.120452839155
0.07240649558
0.0535096702953
0.0941023480938
0.0878737758219
0.113004487342
0.0389950299163
0.0212521730052
0.105564424378
0.109851925496
0.0983731924423
0.0458976679328
-0.0104354241373
0.0263921349224
-0.0772160299421
0.0802734039572
0.0654173288856
0.024675064836
0.0331089710361
0.0286807787933
0.124016742058
-0.0255082185111
0.067523019196
0.0349826198923
-0.0263205728295
-0.0291926271528
0.0298519893122
0.122718333083
0.0856970648192
0.0476938919443
0.0112003482142
0.0474643098927
-0.0462063518291
0.0919922675738
-0.0374399431235
0.0704428326353
0.0735990765016
0.0275249153077
0.101968196452
0.111642018312
0.0368888810319
0.0200516981183
-0.0140610394856
0.132184170774
0.0261290951241
0.124138825389
0.0789270390848
0.0888720668168
0.0364926375427
0.0305432521092
0.0769103042215
0.087688837741
0.0860278652894
0.133971960543
0.0453557139461
-0.0311848632294
0.0893231239655
0.119043527324
0.129156446534
-0.0387843375665
0.0817398756019
0.0690178265714
0.0577840142901
0.102399228681
0.0152539176905
0.113695911288
0.0301658704027
0.0875913713809
0.0570561329693
-0.00944737815189
0.0335481309485
0.018971727366
0.0228932049843
0.0237112718983
0.0590470701786
0.0238687459248
0.0470916305188
0.0777653471227
-0.0397221237681
0.0699964108866
0.0851434884577
0.042190501526
-0.0591622362506
0.055315385913
0.0211109386063
0.00931866144778
0.000456937368549
0.0842089620574
-0.0164257590303
0.0806679239111
0.0402244447275
0.102278054108
-0.0101647970776
0.0121658619429
0.0600331142802
-0.00450401169702
0.138140796135
0.0529861105444
0.0345359922251
-0.00430699762253
0.0731725300902
0.0850587477053
0.0721044008469
-0.0186300156059
0.0988599216264
0.0308965093686
0.0996743170646
0.0722781128438
-0.0561251514519
0.0122302717218
-0.00604820764364
0.0782686291054
0.0633843425599
0.103403033799
0.037146924119
-0.00434551985526
0.0972879022696
0.0770212016789
0.0332242106195
0.0136219331297
-0.00378551746319
-0.0289395487451
0.00466321558985
-0.00218170328781
0.0325304757274
0.0099096853064
0.102414913306
0.015579314565
0.0521319676815
0.0327998609558
0.0757824102567
0.0733363338955
0.132140020145
0.121825845282
0.0507517531741
0.0247112138226
0.0425728842769
0.0510138439973
0.0882546286381
0.0523689065001
0.0575955097875
0.0789617105911
0.0520286531161
0.0815903570366
0.0280635250611
0.137990239153
0.120861447173
0.0229106885584
0.10811084736
0.0593255788149
0.0985404753202
0.0902520563672
0.0101063379752
0.0322109415716
0.0379397545662
-0.00116390552422
0.112750538279
0.0929991973539
0.0254695151441
0.0307215754647
0.0295973253836
0.0028587480027
0.0646469200396
0.0305202370472
0.0130030295489
-0.0469746620547
-0.109519035519
0.135754587183
0.0120031465511
0.0664276706234
0.04441550404
0.0835068537568
0.0330021258914
0.00912351995998
0.135775265521
-0.0486351668332
0.0999312911449
0.123159449128
0.1139353206
0.100687191995
0.114541653967
0.00784049459309
-0.0141374426806
0.0136291608388
-0.130099007546
-0.0582904695822
-0.00672565747549
0.0295934783877
0.0437723108202
0.0930104058067
0.077008686186
0.0768373340294
-0.0057121869572
0.0957866537492
0.0940211080294
-0.0688183187494
0.0949599844761
0.0265496758945
0.0270189896124
0.0585198869622
0.00601662546214
0.0123096085334
-0.0325757201593
0.102882303393
-0.0227952897439
0.0140866656254
0.0849898633429
0.047127811733
0.0115472761298
0.0441511424939
-0.016116328971
0.0646441341756
0.088313355693
-0.0366280206166
0.0521238097535
0.103390424086
-0.00107242694673
0.0808528503959
0.103559712704
0.0702033008879
0.0308178461479
0.0271277115047
0.0151362213149
0.0232565251433
0.0437120879288
0.0212371739584
0.0238026022645
0.0302009429807
-0.0324391986561
0.118444529292
0.101273306482
0.109175480394
0.0939169005863
0.0954283917858
-0.022799259376
0.0699247910516
0.0835878685023
0.1360978591
0.0871723326301
-0.00342329524884
0.114159442422
-0.0264742381131
0.111234504881
-0.0331638149033
0.0476759370124
0.105557495322
0.0732890847752
-0.0212076312003
0.0370630800081
0.0129300337042
0.0400081523589
0.0823633632997
0.0226206904844
-0.00946515396927
0.079141245948
0.115767087583
0.010872717285
0.0255349437932
0.112661873786
0.0714877388663
0.0769917302246
0.14032562038
0.033886682339
-0.0859764071966
-0.0498700717147
-0.00562731257652
0.114849267549
-0.048357627055
0.121434860806
0.00878241737701
-0.0307639716506
0.107372510659
0.0382512263623
-0.0509164868142
0.0650553401196
0.0438987622178
-0.0179827070661
-0.0179217193451
0.0706212265977
0.005389355455
0.115417369991
0.0516858209429
-0.0901288627173
0.0549494806646
0.10702033237
0.0763093785203
0.0813524079309
0.0868760543725
0.044038669793
0.00131445452001
0.0152765426178
-0.0265959660364
0.0858834533004
0.109343826616
0.0354333182371
0.0463058358047
0.00234225161652
0.0633811528008
0.0253484507118
0.0294729808773
0.0575184287743
0.0048497962141
0.10606322367
-0.061330694022
-0.0159945402835
0.0772215643842
0.0326679840835
-0.015694703298
0.0124484920071
0.131332344293
0.094150386884
0.00444569913189
-0.0229827402094
0.104108917972
0.104880770011
0.0964176449082
0.0164871286928
0.100533419637
0.0373610361747
0.0734543037067
0.137137023677
0.114368477738
0.0603926828016
-0.0151099621524
0.0474348067185
0.0524403225976
0.080079160902
0.0450964683467
-0.0363277786113
0.103438250764
-0.0200764747214
0.0444049007036
-0.0093779348232
0.0821717400961
0.00346884310415
0.11350470396
0.0712583097899
0.010833678966
0.12299675962
0.0778839675862
-0.0156094796953
0.0723785788559
-0.0318362597679
-0.116662512245
0.0611211679811
-0.0309894424736
0.0887262289489
0.00296841102245
0.0164479173751
0.107730564562
0.120001585695
0.0524850430143
-0.000687279149763
0.0656325331326
0.117789501946
0.130501931893
0.0811900361859
0.09892745888
0.00723640698563
-0.0037252602273
0.0358064125602
0.0343731228831
-0.0395915577663
0.0365462357571
0.0704356252891
0.00490360796159
0.0888833950642
0.0304091758867
0.0322739539426
0.0777098281292
0.0886381440847
-0.0145836161501
-0.00428854063124
0.0388097213579
-0.0107799978734
0.00332578091276
-0.0234037215528
0.0674145325817
0.0863569457872
0.128976257347
0.00728970324492
0.0984464886623
-0.0162185183392
0.0906558235786
0.10987738952
-0.00516912207531
0.0276911288977
-0.0828422177343
-0.00437546589797
0.0585774950913
0.0198890150073
-0.0569991078658
0.0526540123771
0.118476844419
0.00735754409131
-0.00197925468985
0.136661121326
-0.0038993902307
0.00567804213684
0.116159217096
0.0292393170545
0.0974440984711
0.0268913273935
0.0199254854676
0.0897937743743
-0.0320362434209
0.0251850624328
0.12743666657
-0.0297502753194
0.00530089729036
0.00792358340415
0.0949642497485
0.0955891678515
0.0155425392785
0.106924307359
0.0458039709224
-0.0473242385845
0.0708354004204
0.00970882862475
-0.00915954312232
0.00562116421029
-0.0136829170899
0.0460306461177
0.0652541499779
-0.0295232840574
0.0271031438087
0.0862946190663
0.0387007323896
-0.0522515472828
0.0977596521286
0.0445653910011
0.0461903106359
0.0807690637841
0.0912889505567
0.124933227722
-0.0102670772777
0.0491875252957
-0.0314022296341
0.0847176724673
0.0457120124498
0.0771051934624
0.0748684045012
0.136878705949
-0.0215302362718
0.0613437556602
0.0743965448074
0.0597785217337
0.0589919944235
0.0269308395645
0.113240843476
0.0913320767977
0.100896787748
0.0113653225975
0.0343164614629
0.108735971473
-0.10838585115
-0.0315437596257
0.0252373417402
0.0116036628509
0.114600908926
0.00676207904048
0.0937468333609
0.0532991449128
0.0971100961346
0.146671953372
0.0721937078725
0.0106185635875
0.147127422867
0.0259734636174
0.0868488585768
0.0673505440461
0.0785112988489
0.0420708427112
0.109251375782
0.00690565025701
0.109444471552
0.0252409590272
0.0297969886504
0.0779499562493
0.0385733319296
-0.00392618859011
0.041823157136
-0.0693439901682
-0.015377774241
0.102254891683
0.0500505950414
0.0521120927942
0.0609946877468
0.0705793584752
-0.128036481254
-0.0309880953356
0.0471365118687
0.0664540154309
0.0582237446134
0.0719114722032
0.0161524085252
-0.0804185414725
0.102066421259
0.0798744306812
-0.00218452432901
0.0607015132122
0.00634046522981
-0.0686438325087
0.0840170399088
0.0214968532035
-0.0341293034844
-0.0807304417052
0.0149887291928
-0.00108262551708
0.0666045455934
0.132672466152
0.138621697318
0.0605145144505
-0.0808740629848
0.00974805460592
0.056017055746
0.048377847955
0.100405052833
0.0456611593244
0.0316756101881
0.113163057622
-0.0119777877509
0.107198641872
0.0919073896525
0.0804873917806
0.105494562199
0.0364239767471
0.0280064278213
-0.0254102101874
0.0773408691241
0.0716297534809
-0.0111146445723
0.0163176745704
0.0465491374213
0.00187375780071
0.0382877317763
0.0958484675335
0.00331772578978
0.0264434803241
-0.0195622611615
0.083558294098
-0.00838549821923
0.087995501385
-0.107865548563
0.052241475327
0.0757307191339
0.070672163308
-0.0534003712134
0.0248268792735
0.11159349462
0.134507442055
-0.0502634629888
0.0497228913721
0.0995809119784
0.0753513494296
-0.125349234936
0.00482201197695
0.127064658496
-0.0216311311313
0.0751399009735
0.137308600508
-0.032949698136
-0.0806176120123
0.0501551203384
0.055854769206
-0.0161336479074
0.0800027765849
0.0351741410084
0.0355986088466
0.00252488126896
0.110829471562
-0.00571512439913
-0.0423279007971
-0.026524039481
0.096488949526
-0.0178326420443
0.0366462643272
0.130567823852
-0.0134697696222
-0.0789211087712
0.00730936831844
0.0291218810638
0.113676105671
0.0886058649443
0.0812777025344
0.0411636288728
0.000554220133084
0.0958928910304
0.0179007072554
0.0226155101791
-0.00273823783788
0.0873347850947
0.0846220381116
0.0626888805516
0.0096757475643
0.0215393531758
-0.0284430928691
-0.00170319388864
0.0577663171098
0.0405037369326
-0.00640340413462
-0.0242559873084
0.0644404585549
0.0015224602212
-0.051626378981
0.032710280736
-0.100434325938
0.0609788646158
0.0691001826364
0.0799275778023
-0.00655632173598
0.10558029022
-0.0391101230563
-0.00830083205223
-0.0259196356332
0.0699012006502
0.0965655988999
0.0442495068394
0.0721929087764
0.0761904554783
0.0940498857143
0.0205792115953
0.100461729836
0.0149057729975
0.0570720638
0.0512868206516
-0.0177676089649
-0.0367576604437
-0.0257887323859
0.0541836550375
0.108606732507
0.0679221135917
0.0553140046185
0.121979500925
0.0384505330909
0.133561694069
0.0363758220109
0.0806232824699
0.00937093377884
-0.10852112271
0.0579218900441
0.0123282790356
-0.039240532097
0.0059233200838
-0.00552069353983
0.0323570806654
-0.0502922836392
0.0432556412161
0.0100380807196
0.0321276608884
0.057604672431
0.0315040214063
0.124749145132
0.0173934314763
-0.0207676752465
0.0379462354275
0.0458628494598
0.0759783903943
0.0756556986262
0.0293540606648
0.0972304118755
0.0730327899447
0.00442165269005
-0.0154915435931
0.0394136827705
-0.0685754961851
0.0904360723993
0.0328391089643
0.00212338538969
0.109691623296
0.100755284272
-0.0786517633154
0.0892251469273
-0.0553873767225
0.0762927058529
0.0441918943259
0.0716038653284
0.00661594492872
0.072105649228
0.066215649234
0.0574949295639
0.0609546219744
0.0882408106617
0.0526698142015
0.00238910453741
-0.177964684409
-0.023243287415
-0.00860736642952
0.139528631516
0.142633444104
-0.0509512850132
-0.010333857047
0.101888200361
0.0848701055955
0.0912128492476
0.0236735693389
0.0365892122297
0.0465898234216
0.0300343160026
0.0476557269124
-0.072986809418
-0.010569349751
0.0811578745379
0.104825194586
-0.00401313928194
0.055747023767
0.0317583055126
0.0630921541084
0.0621952060769
-0.00694121454407
0.0685814225607
-0.00909489867842
-0.00250265481191
0.00266344777365
0.0788850374668
0.1141146967
0.0805237962872
0.124024772898
0.122193912137
0.0612237751691
0.00878145923683
0.0725221586887
0.0604447452881
0.00472324179862
0.135522696661
-0.00913663038764
0.144979107204
0.0765856746172
0.0528635590326
0.0443914385745
0.0262229990701
0.0371803370928
0.0731976865928
0.0939293797312
0.0666830187944
-0.0648810728684
0.0947608943635
-0.0133483693029
0.00341123532281
0.0738794837551
0.0702017126411
0.0478914061204
0.034240373832
0.094499882164
0.0543241334473
0.0184512239141
0.00591352484284
0.0356211019855
0.0902995434451
0.0551864917152
0.105263926963
0.0873984521695
0.106244405509
0.0282195076627
0.0836951797819
-0.0290836270547
0.067952415275
0.118873155079
0.017115110485
0.071142498056
0.0330427272362
0.102059657639
-0.00717408122356
0.064111525132
0.00195654078761
0.0556784357139
0.0905341853026
0.0926081600981
0.0785327257484
0.0243224650636
0.08152450405
-0.00938607627296
0.0344985665188
0.074884722757
0.0747930334554
-0.045691372574
0.0743872753052
-0.00314956565057
-0.00238800006015
0.0240683840131
0.0608598127106
0.00550230326399
-0.0299601481482
0.0591023287062
-0.013431829652
0.046974997664
0.0551570339157
-0.00375296198715
0.00741168877631
-0.00235167360674
0.0239095744395
-0.0119910177206
0.0462112918521
0.0393073625688
-0.0355744936179
0.00509905277892
0.106091418394
0.0204720947728
0.0798574359733
0.037817790363
0.0852569363027
0.00710980922534
0.0755467758793
0.144944904807
0.129651441979
0.0349781985671
-0.054782195585
0.0981770038977
0.0859258992614
0.0470676316241
-0.00955392700917
0.028119971669
-0.0191613121926
-0.0681501933609
-0.0414884653239
0.0341059178803
0.0735883321916
0.0535912655762
0.0958056383334
0.0135157244687
-0.0199926476529
0.103044613907
0.108723444313
0.0949701330084
0.0455240507456
0.0581959679551
0.0621284606082
-0.00920591128643
0.0198114001219
0.126878770506
-0.0955387140915
0.0459551280965
-0.0558236371456
0.0464043120093
-0.0116454650792
0.00414695794312
0.132173926406
0.048589886733
0.00722005216244
-0.0170203643841
-0.0185370510375
0.0894883364455
0.136461087124
0.0513065186503
0.0322412612713
0.0667848645095
0.0374898633719
0.069992855613
0.0404114890871
-0.125238580965
0.00976263792925
0.0352398211404
0.0265761148921
0.128036353798
0.0148465035062
0.0441077668735
-0.0441377383994
-0.0578668289802
0.0199166843844
0.0150381645968
0.0925460039509
0.0454911605006
0.0253336385749
0.0738308439969
-0.0731434806247
0.00614667723513
0.114101301209
0.110139940026
0.0890914876153
0.0493033866618
0.0883660410525
0.111521280171
0.0991160493805
0.0330143574321
0.0455818327182
0.084563087358
0.0600638105956
0.0763867457295
-0.0185107609842
0.0808075320363
0.0102379527676
0.00325754297231
0.120551954641
0.127646490612
0.0621689951727
0.0736937768089
-0.0901037865576
0.00423537839757
0.0489933236543
0.0631926038151
0.0574122130478
0.00960095501714
0.0955493714332
-0.0026174104633
0.0349682455884
0.109545485009
0.038627375785
0.0513394036977
0.006606449918
0.122478644499
0.107005484809
0.0949402606704
0.0140126569982
-0.0913343694014
0.0198468979243
0.0047875289613
0.0291717660397
0.0907354101939
0.115389050036
-0.00166824333538
0.0788976425097
-0.0155049178922
0.107777763284
0.0642586410569
0.0650309140889
0.121751104468
0.0864119137078
0.109941276498
0.0432296748069
0.0880176470185
0.128777211337
-0.00455079114075
0.0171258639711
-0.0423301847717
0.0386648225767
0.0957686620856
0.00206274018041
-0.0438859900786
0.0678771822009
0.0425413054657
-0.0218483289883
-0.0749959281293
0.0559091604661
0.021208167681
0.105848586835
-0.0168279763509
-0.0244057830938
0.135645628749
0.0573130782268
0.0239086699579
-0.0541517659508
0.0596810302362
0.0910653551368
-0.00715895348699
0.0704954308571
-0.0544790542266
0.0174205809425
0.0758034258856
0.0528699168667
0.0160665734214
0.0091834250523
0.02082525843
0.091504309143
0.0376972155339
0.0753424315794
0.0319192044697
0.0822185392941
0.0819960949258
0.121126457045
0.100618691617
0.0863041089431
0.0784790156109
0.039463624986
0.00127605157863
-0.0151916013064
0.00185747775769
0.0247304894819
0.00942971019544
0.0569038078602
0.0245181625536
0.0629153128867
0.0296295615413
-0.0207121658333
0.0702232260363
0.0821767078454
0.109066010102
0.0416208302437
-0.0515203973644
0.0351134480593
-0.0135699718203
0.10487196643
0.0428275190431
-0.0062279130008
0.0871403617189
0.0925510124918
0.0583798366163
0.0644588598959
0.0705254603449
0.0518495873116
-0.000823862504753
-0.00386872136488
0.0912355643642
0.0504449127533
0.0468592169434
0.101298142863
0.0834278623323
0.101822897019
0.063803654274
0.0692898555913
0.0563444262293
0.0775838898373
0.0663450787537
0.1017780885
0.0950927367746
0.0147522222096
0.0998076155032
0.0628162849272
0.0457784284721
-0.00904007070505
0.104143576294
0.0577081849393
-0.00446866946834
0.00042610508852
0.0368312698382
0.0122499144309
0.113032274001
0.0659660377324
0.0858384131215
-0.0211710838675
0.110448153247
0.0781077463451
0.0281436240893
0.129978568106
0.0584480674724
0.110259858893
0.125205271326
-0.0111293630908
0.0805523765248
0.117716565936
0.0301123471138
-0.035793790577
0.0521343353111
0.0775703943149
-0.00412743691516
0.0915418182943
0.00873927351673
0.070979039047
-0.0247493509632
0.101537261901
0.0665444956749
-0.0297322288355
-0.0376200905424
-0.120321657277
-0.0650033334488
0.09038253553
-0.0534211613627
0.0805158780806
0.00286008781381
0.0458850658863
0.0821977799954
0.0152702279526
0.0055210789062
0.0496440708643
0.0102559267208
0.0465029989889
0.0133006889722
-0.0130868577666
0.0614664789783
0.00581727151226
0.00845837876641
0.102960759284
-0.0707102294485
-0.070152399922
0.0174267944946
0.0633236182822
-0.0112598418833
-0.0032374832752
0.0489960651109
0.124870812577
0.0885643631578
0.0454011515501
-0.0105351328821
0.0900773361502
0.0369396699858
0.018841330578
0.0556347326299
0.047882618336
0.0128666403063
0.0694425737517
0.010519147939
0.0507728196097
0.0216874846577
-0.0368292503365
-0.00870758264658
0.069945119618
0.00679812761888
-0.0202429445163
0.0641750451823
0.00435279802522
0.115586734852
0.0916114866547
0.0970633685079
0.123893450691
0.0708173936686
0.0274710065323
0.127254436962
0.0483821651836
0.0143853175864
0.0245187993764
0.0326872855992
-0.00289450499281
0.132705173116
0.080150587703
0.0331060322277
0.0332605737346
-0.0809813799556
0.104330719093
0.011465881466
-0.00813404687543
0.0152744159097
0.0291672304853
0.112130693066
0.0383593177605
-0.00342385283333
0.119675193154
-0.0245953744794
0.0901943439825
-0.0125970112073
0.0247238635577
0.00987776699467
0.0802075970206
0.0943208041349
0.0571931548261
0.0413317023205
0.054520227944
0.0891920731189
0.127977410926
0.0310170438556
0.0242509255403
0.106969824249
0.0867861715474
0.0510159577561
0.122808739704
0.0215368658792
0.0726922007124
0.088969008534
0.0285712842257
-0.00476558669611
0.0798238238265
-0.00973408468343
0.0522073183761
-0.0110772097511
0.0959049865803
-0.0118417327284
0.0482370121133
0.0654440748008
0.0625764169748
0.0733649433435
0.0667890450596
0.098253597412
0.10862644026
0.0902444642379
0.0652914248659
0.109723536429
0.0107503311437
-0.0112944479397
0.0440990149336
-0.0229473765916
0.0284404710718
0.0492547283183
0.0273593531677
0.0830137678356
0.0387802820153
0.0730826337481
-0.00468251559806
0.113173287109
0.0221995423719
-0.0578885240869
0.0490754829077
0.0826595272946
-0.0124352967864
0.111436912589
0.0484844901183
0.110607151931
0.0744564493533
0.0382244165917
0.0256392096409
0.00661967862852
-0.0253590084898
0.0503442862665
0.100644194306
-0.0197713367306
0.0499189927469
0.00708790700364
0.0838153249879
0.0681551829919
0.0150942604061
-0.0628665801125
0.0924974729591
-0.00560196028409
0.0216253123574
0.018861130746
0.110656111782
-0.00595927387914
-0.0372798179639
0.127643222411
0.0396475301458
0.125707899962
0.105477434811
0.0931646473035
-0.0475381591154
0.0953225223238
0.084939971646
0.00454271063149
0.0371579205297
0.0509927372766
0.113649402586
0.0539347235108
0.0485289462064
0.000850996803998
-0.00329008528202
0.0785941639563
0.0175623666846
0.129858198894
0.135021240948
0.00815145664293
-0.00230199356694
0.0379056134856
0.0718662044962
0.0931427167821
0.0181282965873
0.0159029947163
-0.0133687938131
0.110911655298
0.0370941836393
-0.0255575832458
0.0586650309026
0.095638243155
-0.0502720491453
0.0459234099121
0.0259052886349
-0.0404326915011
0.0542166419691
0.0355366025505
0.0817223773739
-0.0288124734504
0.0920888562298
0.116750603728
0.0850536434924
-0.0352722888913
0.0395951239051
0.0187033847692
-0.0200061525148
-0.0122131927133
-0.0010010225493
0.064755420545
0.0084163512752
0.0581198324871
0.0750633021787
-0.0781884983455
0.0833790878382
0.0978234671663
0.0323897960442
0.0403319807201
-0.0121659383542
0.0135465971211
0.0726774055256
0.0918706197677
0.0267270788561
0.0589135220982
0.0132463397195
0.0589352552926
0.0278788837239
0.101850744527
-0.155432813362
0.0934556760456
0.0261024373213
0.0965533852611
0.0378377531189
0.113284768217
-0.0226024878504
0.0896635760701
0.0656162274771
0.116888862701
0.0711915734093
0.0963005201742
0.00491052777936
0.0859815053794
0.0983812921931
0.00356420212027
0.0419798440659
-0.0015455805823
-0.0825180083943
0.11011004027
0.0193923641781
0.0481528332598
-0.0148439353616
-0.0373842766341
0.033814780956
0.0183733385435
-0.0526410581336
-0.0297486877273
0.0332750241128
-0.0244849032707
0.0561213730339
0.0620680454735
0.0901249245547
0.0647439293686
-0.0683309428295
0.0318326824999
0.0452333082436
-0.047428963043
0.0952615887009
0.101453446515
0.0313214398318
-0.0062861021328
0.0894169908769
0.0807807752154
-0.019434973839
0.100170792738
0.0828175407992
-8.28696911865e-05
0.0625645552926
0.0466282266295
0.00066838370179
0.00223714661418
0.0390701400307
0.0676954755173
0.0370216904621
0.0578310038522
0.0645042994836
0.101271856534
-0.0268739500554
0.106277583742
0.0440331774575
0.117897601243
0.0994906114441
0.11693805475
0.0344419921593
-0.00132512999164
0.0705390802509
0.0471132909879
0.0383620388643
0.00708172510478
0.0638396759071
-0.00540292525519
0.0429250621707
0.0251976373249
0.0125162027592
0.0728572391184
0.00952721225327
0.00757446618107
0.127380022559
-0.047203608403
0.0524297174345
0.0599838372492
0.0312112351701
-0.01709725422
0.0855697618567
0.07437442001
0.0583970572231
0.0840821906054
0.0590788448768
-0.064710665777
-0.016992650929
0.0474648042779
0.0626550715467
-0.0362700880545
0.106303173862
-0.0705304013977
0.00294274888298
0.00240319032439
-0.0776210490241
0.0633911006907
0.0168284472966
0.0579427770139
0.0835023800848
0.0994254160012
0.0697181889595
0.0525932898469
0.0899182194953
0.0762345246826
-0.154484899871
0.0851305000304
0.0985233725431
0.0913626772009
0.12236548317
0.0710112654769
-0.0191932716605
0.0209132771517
-0.0258669844345
0.0236422755208
0.0494917831597
-0.00348793278421
0.0323889651967
0.065460057691
0.00561871870265
-0.0185851064618
0.0611040350921
-0.0458371463717
0.102525393226
-0.113728631837
0.0864894065088
0.0562404524798
0.0132498988546
0.120510990208
0.0818414456704
0.0872108329356
0.11816831181
-0.0440109821957
0.00301881556678
0.039251808167
0.045660110031
0.0732926890416
0.135527128772
0.0387376501837
0.108620671238
0.0522890124318
0.0335172177458
-0.0247858150268
0.0759995496425
-0.00686957416412
0.0754907088123
0.100388648662
0.0825841284306
0.0647618237415
0.0999793821706
0.0238687386011
-0.0096263452539
0.121566470799
0.0540085533588
0.0303034530666
0.0143842137932
0.135677750171
0.0653115122616
0.120535967736
-0.0234667757512
0.0852874794804
-0.0153685675136
-0.1104866136
0.0859263853313
0.097691142677
-0.0440014702797
0.0452850569964
0.0418084483126
0.0509152625198
-0.0434552267439
0.0221492906097
0.0258128151337
0.00604692152229
0.0380760992545
-0.00188510996356
-0.00635126560562
0.0627192376944
0.0371841730493
0.0356259297378
0.0553171805075
-0.0434978567324
0.0351082202441
0.0988388661197
0.109653378663
0.043170026887
-0.00233900998962
-0.00966584230174
-0.0243623852611
-0.0177457561415
0.0820078510954
0.02407429383
0.046121781407
0.118127370423
0.0461265422432
0.0208895372289
0.0921469694389
-0.0207962169944
-0.0481970556734
0.0656217551239
0.0305920665847
0.0532436207851
0.109840177754
0.0667525809148
0.0626723599142
0.0929204570715
0.0011165717279
0.0825980880039
0.00618541378738
0.113670452445
0.00531059612894
0.0614408736211
0.00607303479019
0.00178894277865
0.0487176265578
0.123938702553
-0.0261112840377
0.0921914022363
0.12557046205
0.0734681856263
-0.0244460547047
0.119621699158
0.117561943863
0.0467933922163
0.0547153709992
-0.0695131592899
0.0816926403817
-0.0326118056183
0.106693808745
0.096206383734
0.0273771570094
0.051887280728
0.0786597500077
0.0289172918149
0.0605481030861
0.0575177165419
0.0881643702763
0.0689131091327
0.0507120138695
0.00420125624098
0.062052194785
-0.0425242160859
0.032311191687
3.92833362755e-05
0.0940031937706
0.0793060958467
0.0473891099449
0.121073578475
0.0548331732668
0.102654326986
0.0994395470994
-0.0112125669147
0.0908054176492
0.0294872452678
0.0812554169694
0.0429511033141
0.0386722946645
0.0784781484301
0.0121866142247
0.0605058826015
-0.00514666690514
0.0370907652559
0.0867463328529
0.0439943646298
0.10143290595
0.123958142882
0.100726081105
0.0234272679832
0.102676148487
0.0700552542766
-0.00452812097518
0.0875779410389
0.0737028883859
0.0082121122072
0.120427909737
0.0723430182752
0.00154058210376
0.0676994737761
0.0867853184266
0.098858459702
-0.0166365009903
0.0646199987297
0.0423556790977
0.00958648065501
-0.00905708588466
0.0818830087692
0.00047590711721
0.0188619732926
-0.0323272401355
-0.0353623982422
-0.00599851500537
0.00374133151254
0.0638583878912
-0.0300276822463
-0.0963229680809
0.115456080428
0.131078350406
-0.0379166427452
0.104697658225
0.11417258063
0.0430957700742
0.0836809568137
-0.0227302692045
0.131856502201
0.0239224480398
0.0313860484049
0.138827323469
0.0427697530696
-0.0545389667356
0.0939194125018
0.0292858784522
0.0307361638759
0.0647513329805
0.0683906043696
0.0929530895182
0.0380009524355
0.00580889648443
0.0497513120337
0.137944204671
0.0862270979315
0.082241051839
-0.0396669221229
-0.00903628008375
0.0731446412484
-0.00402268025807
0.0764565440332
0.0745313262038
-0.0402238980248
0.0205044303354
0.00847970198459
0.0726564798546
0.100195823555
0.112256814853
0.0903726814193
0.0840463152242
0.110826991088
0.0840357082356
0.114920104462
0.0543445794825
0.0101090398452
0.0695625643817
0.00226670818259
0.0698942173683
-0.0248124380348
0.0920887851244
0.0299638978422
0.0809923442019
0.0810699978986
-0.0714925518657
0.0322396478463
-0.0439585028239
0.106823571368
-0.000489984616546
-0.0126409136836
0.0282080124653
0.0836575175993
-0.077264421587
0.00606834415935
-0.112171140309
0.0849207229017
0.0482330285064
0.0466769833867
0.042906204431
0.0107923330401
0.0991590557434
-0.00491766493658
0.0950899770247
0.0661938057631
0.0753435169759
0.0586365405665
0.0907002812966
0.10489548805
-0.0316379662021
0.0648727656937
0.0668624075708
0.00189322378693
0.121005986586
-0.0217641724764
0.00217615676934
0.0647175295416
0.0592484927831
0.102443955648
-0.011117310472
0.106810676663
0.0361248369612
0.0907065339461
0.000264964397847
0.0170201423855
0.0485561013973
0.121054311598
0.0440374629389
-0.0372757125081
0.0709358133948
0.104014933896
-0.0670143619425
0.0990243082193
0.015980516623
0.0307261325988
0.0529920833706
0.0747650983375
0.127234550616
-0.0353457129942
-0.00971074160902
-0.0621559728254
0.0267515076075
0.0724329979201
0.0194279199072
-0.000562224987113
-0.0588918255139
0.043711847026
0.0795549670203
0.108409502296
0.129348771508
0.1143697341
0.00466579530301
0.0301444066558
0.0701667532295
0.0284367574744
0.0834665526621
0.0445540225048
-0.00181390291165
0.033967151529
0.0503065977918
0.00145167126976
0.112978437994
0.108923191671
-0.0122728906014
0.0702120677384
0.092841369625
-0.0389051916033
0.0968661016152
0.0495407084438
-0.0627525260763
0.0670935269699
0.0437256085691
0.00346042074229
0.0316990530311
0.0887603694805
0.0782082278389
-0.0186496255589
0.0478440145855
0.0822808237025
0.0621683831472
0.0715033872285
0.0350422289059
0.0851808512327
0.0190200963304
0.0822402258414
0.0898574280669
0.0651162353678
0.0870321709091
0.0262310948775
0.039435642204
0.115967494094
0.0107649249295
0.0150511611845
-0.0260914895408
0.0294302941131
-0.0535484534673
0.0450163474016
-0.0312150482558
0.0455090250616
0.0372363975001
0.0171295540798
0.0536006835869
0.129402850571
-0.151132252715
0.0406770564714
0.0707328032204
0.0831107595973
0.103351302887
0.0494419225898
0.0231630792319
-0.0144701658256
0.0856295037198
0.0163472551401
0.114080017232
0.0821465624599
0.0751876587769
-0.0560703682747
-0.0158723275781
0.121889305596
0.105619893409
-0.0319765790245
-0.070519266329
0.030775947231
0.0476771537774
0.0599526120098
0.105412428504
-0.0291042836558
0.0573233892409
-0.0856282938364
0.0192041326044
0.0524739769786
-0.0451328176508
0.013823466714
0.0620647572116
-0.00489038539381
0.0179706548804
0.0676000124828
0.0973190610794
0.0569332054607
0.0125745759364
0.0553959772452
0.0763753359327
-0.0980980196269
0.0937107339528
0.0828704013916
0.0322518429632
0.0146295807901
-0.0246715998552
0.0784543375003
0.0932089251944
0.0693420007902
-0.0115338076669
0.113041729084
-0.0333645004898
0.0563272057982
0.0877761762196
0.123609159972
0.133900584251
0.0653935108389
0.00321590245484
0.0771184261125
0.0104901018509
-0.0543915847206
0.0606726166375
0.101499554041
0.0450548119865
0.0999786659064
0.0143376355081
0.0559349894006
-0.00940721227632
0.0165567527226
0.101660030633
0.0575938575965
-0.00518581576789
0.0918513680103
0.1110172517
0.0316303561238
0.0491831511192
0.0527960656909
-0.0193860685047
0.105480319317
0.0864808518684
0.0666401438475
0.102696254266
0.142319593912
0.106892732501
0.104896081373
0.0437463548879
0.0758068728285
0.0504736499202
-0.0609184743219
0.00894680294618
0.0343514757147
0.0815121146345
0.0297831257037
0.0666256084202
0.0480654436402
0.0402696187624
0.0101260596774
0.0834078931422
0.0613026368951
0.103218450385
0.0700716754232
0.0462256296413
0.0778911116114
0.0774586799234
0.0603335349968
-0.0260014494912
0.0282917844789
0.144356240387
0.12059760878
-0.0341278365936
0.0467379463279
0.0464321471563
0.126158635321
0.0138257754176
-0.0981176649989
0.047175328913
0.0621825729648
0.123668914489
0.0995952364488
0.082919660036
0.0913767336423
0.0984571430334
-0.00930456313899
0.0739842733241
0.120147199583
0.067551566405
0.0794490176174
0.122550939992
-0.0802288631008
0.134982180324
0.101508560947
0.110560949191
0.0893212819151
0.0743828723023
0.0255238506324
0.0505400077896
-0.0335160426107
0.0852368430298
-0.0196304045985
0.0408412126342
0.107160079677
0.0228666542307
0.0617150949747
-0.0593447342785
0.0872146321132
0.0497226470711
-0.0936057862428
-0.0912236980337
0.0329874364278
0.126992171216
0.0507491116124
0.0970712004462
-0.070824381982
0.0164291460385
0.0756989990814
0.0257239605878
-0.0158621372142
0.0116978841875
0.0047311441033
0.107997927778
-0.0395374004174
0.0340719106902
0.0800032617087
-0.0171007491668
0.122561521436
0.112410893064
0.0795759524815
0.0539022514393
-0.04160850956
0.0650173501787
0.0660165901588
0.00499074526678
0.0967115302158
0.0682808476998
0.0827350657372
0.103466302607
0.049804424788
0.0391643951543
0.0172433756329
0.0112719112538
-0.0247792857989
0.0774282368541
-0.0141200931329
0.0432544659603
0.0983021860868
0.0809906464727
0.0260112563721
0.0636533510273
0.0462696496056
-0.00823498282172
0.10799649365
-0.0326148816085
0.00664048255413
0.0447034100952
0.104989336577
-0.0596225003949
0.0999735335116
0.0968281757923
0.00418557611915
0.0703058161609
0.071482052211
0.0752332057113
-0.0176455347593
0.0623500306673
0.0881475774223
0.132400445785
0.0999351668064
-0.0102757422932
0.116871604196
0.0995094195147
0.0111293001599
0.018618765745
0.0667958060964
0.0229949236212
-0.0184170394607
0.113977674207
0.0652437289286
0.0822940178972
-0.016519080397
0.0665721449742
-0.0229230665328
0.100051660868
0.0418520691604
0.0238063249456
-0.0606077181601
0.0517464870036
0.113270755299
0.0662290017224
0.03934071041
0.104219301836
-0.0233567456191
0.0561642789008
0.11044108507
0.0817511122204
0.0202677447246
-0.000725734604625
0.110954905001
0.0253185732234
0.088412268468
0.0179883366174
0.0546529231912
-0.00439867704753
0.115560896266
0.0137344153744
-0.00597310813205
0.0531125828003
0.109393269713
-0.0297869255356
0.014868495233
-0.023607579537
0.0627564444044
0.0152412981723
0.00424051323049
0.105194998964
0.0923060077428
0.0909542180734
0.089517124266
0.0930592480921
0.0393173925465
0.0405976954201
0.0585273984626
0.100143215118
0.0686514751117
0.0799623881656
0.0650813886644
0.0421431465497
0.0516195500894
-0.0107507593628
-0.00750879847632
0.0534099410701
0.104116761281
0.0125036265953
-0.00280854284765
-0.0155418093049
-0.0216602810669
0.0779716863212
0.0714466026329
0.0343525474312
0.00346720388033
0.0252727611416
0.109160627227
0.0822960108179
0.0773400972819
0.0996715578993
0.1007440426
0.0689950635978
0.00554610981612
0.0601853012727
0.121577466365
0.0352827218976
0.0352747610594
0.0314066735849
-0.0300205592911
-0.0365696977314
0.102959460805
0.109943264968
0.0949174591982
0.0529497838195
0.0318103008529
0.00117393717969
0.115481576448
0.0449652952964
0.0342093757959
0.106193796802
0.0896037146529
0.0188827874063
-0.0584154982982
0.0618053708002
0.0469092726134
0.0973068375436
0.0505427099724
-0.0309316829883
0.0886323190256
0.086370930704
0.0772403564241
0.088580285137
0.0776555463874
0.017378658135
-0.114969667858
0.08533381283
0.110387728633
0.110693969262
0.0704527546101
0.0256105898873
0.071766766488
0.100891997616
0.0688985559061
0.0257743706495
-0.0164614197214
-0.0156391132909
0.0819957128226
0.0729579704485
0.0527232773537
0.0494994422962
0.0607557952628
0.0597070888985
0.00656166162099
0.0464242104526
-0.00656342431963
-0.0647486053318
0.0643606318392
0.016204558363
0.00773209509188
-0.0112713286655
-0.022537425833
0.0774834586571
0.109659419669
-0.00349779337808
0.0662745189676
0.0995631448024
0.125539623665
-0.0024385312827
0.0364773616164
0.0140248165433
0.0502067598616
0.0239967181328
0.0607252505415
0.0871013114341
0.1318105603
-0.0246745437863
0.0945184315532
0.0104768652655
0.0121285353131
0.107943723402
-0.0594279532228
0.00398841769715
0.0477798653828
0.0524620148042
-0.0339297900512
0.0338931366643
0.00166610944955
0.062654373159
0.0159725837832
0.094885960107
0.0797956787479
-0.0140022722669
0.044029294012
0.0540681948386
0.0407687514383
0.0681075147134
-0.0786159258803
-0.0376590305023
0.0377914375336
0.111938426504
0.0460752169236
0.0996904105045
0.0389606720602
0.118075688953
0.0937409248708
-0.0574362534085
0.0287746290731
0.136217292707
0.0610238142261
0.0113624160372
0.0497181489014
0.00533290806139
-0.020419678601
0.0799917965299
0.0213956891978
0.0891285753306
0.0679160720095
0.0216210827664
0.0394781546344
-0.0214237128826
0.0357236302983
0.0368404969312
0.0230729065855
0.0695468464246
0.0764832171249
0.10982097215
0.063976125899
-0.0399706160411
0.0644027443848
0.0526764153224
0.0729923229897
0.089575474976
0.0754169736411
0.00720977433971
0.0554367370468
0.0184557321777
0.0863823772799
-0.00518231608715
0.0577355042954
-0.0193540785179
0.145561468458
0.0170763282854
0.00229079067086
0.0478705599728
0.017045106491
-0.0185835096164
0.0761613431795
0.134197146693
0.0740952188601
0.0309854097431
0.0962993232566
0.121186585917
0.133339273735
0.0887835259802
0.000673309775085
0.0110326212239
-0.030368390357
0.107820265804
0.0620381062375
0.0488711264041
0.0973258705245
-0.00882204540717
0.101460139714
0.0247620186868
0.0182745545055
0.0683335148953
-0.0148788285924
0.0958219297069
0.0625320917575
0.0515623655998
0.0620533369079
0.0431821910593
0.0876387314489
0.0479248953165
0.00812487729142
0.0663126497191
-0.0613310154997
0.0855124022449
-0.0564443564828
0.0379611842927
0.0336228188609
0.0792390691523
-0.00644701342109
0.0695752839876
0.0809633350631
0.0947067971861
-0.00294275055315
-0.0804987206405
0.0894760914193
0.118613869309
0.051476844855
0.0646016775331
-0.113742403322
0.0263266293042
-0.0258747196302
0.040284668049
0.107876769087
0.0775613321766
0.0671473919169
0.0451515459987
0.0958330331363
0.109714765567
0.0469578041173
0.0581440498935
0.0729318712606
0.0656451623685
0.0284369648491
-0.000118965882272
0.0775551047146
0.129516678058
0.0735155367441
-0.0127141098414
0.00997430566103
0.0223907947933
0.0631464013435
0.104113551621
-0.0108612643281
0.117952542998
0.0376957181724
0.0276891079296
0.0120111515136
-0.000663221006906
0.100882950994
0.0479696557051
0.121943782932
0.132705611385
-0.037465245857
-0.0351567103238
-0.0160732160663
0.0925641854398
0.106754164138
-0.0743454234055
0.0641195956297
0.0355248389276
0.0851022211093
-0.0165547969584
0.0698702228012
0.0806615930185
0.0158059036222
0.00328832158983
0.0595778440694
0.040254977206
0.0804495413315
0.00268802809883
0.0632584813202
0.0857375290714
0.0936905522175
0.00841356284494
0.106169591164
0.0173686562512
0.0645868484874
-0.0319854538704
-0.016729340968
-0.00819487887086
0.077215739954
0.0108787119892
0.0351278643798
0.0528831046885
0.060572992603
0.0559314968392
0.0384389505213
0.124824464469
0.0773395648482
0.00367660126019
-0.0229110053285
0.0956854486398
0.0726050768666
0.0360726071952
0.0847553224878
-0.013976756078
-0.0293847424333
0.0348162427711
-0.0698232951234
0.0248447940161
0.0399366279894
0.0738132713143
-0.000289308683948
0.0584057247567
0.0730087450162
0.0990268726015
-0.0473976464665
0.10122340853
0.0138640209589
0.102901420371
0.0366672429014
-0.00616853941911
-0.0519168570811
0.0682070165856
-0.0259784837595
0.0363956197901
0.0297551263192
0.0154952246107
0.137922591499
0.0589108328257
0.0505327986501
0.0702578274799
0.0982206744147
0.0841086615055
0.0680195643541
0.0911254724151
0.0538146534586
0.0302723051929
0.121620681958
0.0507901235984
0.122148697359
0.0297344526094
0.0612483356761
0.00612952386195
0.101152137076
0.0409130290304
-0.00366118598084
0.0977747121898
0.074637104304
-0.0148616317855
0.0147116402624
0.113578982227
0.0581339252589
0.00889187490669
0.0251748797059
0.0728154456573
0.0735052453359
0.045174949284
0.0290232376453
0.0658946700829
-0.0458666886478
0.114275501666
-0.0515381116528
-0.0859821531522
0.0492166869807
-0.0370145637541
0.0769957000227
-0.0255573643821
0.0581194109342
-0.0563344708323
0.11780799961
0.0772505910016
0.0738662609743
0.0330965601936
0.0402451654183
0.0391129972838
-0.0823246634906
0.0550185251966
-0.0723230268743
0.0327411771987
0.0437154381273
0.0593093991572
0.0311888735287
-0.0436085569566
0.0776972885831
0.0776378339178
0.0404669674932
0.119959290408
0.0565835902475
0.0237375454435
0.0772122273715
0.0461909509497
0.0358065984148
0.0236911824511
-0.0511022267942
0.0387980000875
0.025991438536
0.029156509246
0.0933104142674
0.0773190411606
0.0496021071517
0.0690263134761
0.098104710102
0.00943046693373
0.128526222856
0.0557530429323
0.0693776846332
0.0803824894203
0.0502804557654
0.0306543653039
0.0226444345191
0.0150192982694
0.0794793483249
-0.0161447410482
0.0855934492022
0.051768770295
0.079392577691
0.0193507402259
0.0587154758816
-0.00122625766761
0.0223466598232
-0.0243383061004
0.0683871132538
0.0935844299483
0.0592450993216
0.0620445276767
0.0557106539676
0.00214314724874
-0.100875914849
0.0693716419119
0.11806410368
0.087960907761
0.00562861771482
0.0802324503936
0.0447314515519
0.0842459945115
0.0857060567498
0.0161241424456
0.0212050839678
0.065733969438
0.0663529941834
0.00371697808199
0.0189294885168
-0.0286591741334
0.0470105465616
0.0977028004945
0.115067351417
0.116599767992
0.0563379668227
-0.0094399334189
0.0786648629657
-0.099719612527
0.0202942080194
-0.00434022927628
0.0920656755432
0.0661075812567
0.132163866372
0.0906722426421
0.0768278786609
0.0856075912787
0.0410052146268
0.0436041564087
0.00313444854849
0.0736069152589
0.0413539866701
0.103459147037
0.0407730993894
0.0255843312276
0.0576192675358
0.0722730035867
-0.0289852617264
0.0784148123581
0.0840824469032
0.0950821833664
0.05237617035
0.040601577641
0.080065704641
0.127717565503
0.037736369175
0.049014931304
0.078415236432
0.021662203564
0.0283404736591
-0.0104783672926
0.0549243032254
0.0242479356141
0.0933254660621
-0.0188410152808
0.0391205883293
0.0820795878721
0.0257942971044
0.0964114581148
0.0350848702441
0.0711111676442
0.0933293203137
-0.0421827585854
0.0528745369066
-0.0488369722497
0.119301331549
0.0874495304246
0.109161712405
0.0348520855987
-0.00235330965403
0.0897955842345
0.0573862570612
0.0766864577094
0.115922540612
0.063216579312
0.0906314900669
0.0455773076071
0.0159723366558
-0.00787508564144
0.0208363838035
0.0295433918875
0.0989239100782
-0.0712105866062
0.0422607652357
0.0882380637101
0.111921615872
0.113677429918
0.0520827192695
0.0415271256612
-0.0175470079962
0.0802249728172
0.0682027849619
0.113518144565
0.0405567519067
0.0384925318024
0.0182880172572
0.0205295772584
0.032509640642
0.0340151803578
0.0645369071722
0.145746581088
0.0956684360136
0.0641694207445
0.0362491896056
0.018580355429
-0.035900719744
0.0433349778323
-0.0337585391759
-0.011233480552
0.0853845756591
0.101462437059
0.106006497157
-0.0371800216834
-0.0170170130539
0.140514425543
0.132726643088
0.0668913688847
0.100118918998
0.0614267714849
-0.126167764629
0.0878461544121
0.100745693998
0.0307076027505
-0.00100853858685
0.0203982912988
0.124746301928
0.0763324017805
-0.0307987060056
0.0534497055961
0.0297148862908
-0.0443106707283
0.0559324861658
0.0886890024035
0.0885313236255
0.0373568963205
0.00341049965289
0.0336363499742
-0.00737941794058
0.00344946493869
0.0313108873634
0.127822319297
0.0203507331477
0.103126236309
0.033418829157
-0.0108512421898
0.0953975408376
-0.00779606919557
-0.0119780099889
-0.0455197804329
0.0309818744099
-0.00997505313674
0.00076035763309
0.0294964736581
0.00458455725854
0.0843501530273
0.0987818818266
0.0429120731773
-0.0346442204581
0.100135546036
-0.0579074207478
0.0955369640978
0.0808110847968
0.0392446134645
-0.0060876529413
0.0592289263737
0.111044685184
0.0390615713304
-0.0160366656754
-0.00443565292956
-0.00912899183613
0.06461478429
0.107944774475
0.0764780956106
0.128351408789
0.0812590970308
0.0708517958186
-0.0244831617763
0.00628442663638
0.0657276929457
0.0550303327271
0.0497019221432
0.0632368760781
0.0845365355074
0.0933870975354
0.0297499386514
0.0847946152794
-0.0800894969351
0.0159971056201
-0.0618613893797
0.0997838974205
0.126250814556
0.023873022733
0.0431405410479
0.0279115731399
0.0323178796853
0.0240457510558
0.0260747836731
-0.0764890856759
0.105545886074
0.0876936121366
0.129255455787
0.0596340491645
0.0666021843658
-0.0730866314019
0.0144649338123
0.0340515096565
0.0404950836108
0.0825073188712
0.0497443177741
0.0641362543028
0.055081302938
0.0745985425795
-0.027970443129
-0.0527285752743
0.0177588309752
-0.00187152207659
-0.0257752426652
0.0594847023786
0.12240533037
0.117464969061
0.0636512775884
0.0406761934781
0.0513110917337
0.0741163548611
0.0740225363927
0.00464684774766
0.00527249114321
0.019247550628
0.0853762284346
0.0800327633728
0.0666709868129
0.0642841509135
0.0674306250284
0.0754615389246
0.0374540805338
0.0552818638347
0.0333412943197
0.0926411295771
0.0312470492788
-0.0388809991397
0.0337470683289
0.00593010678681
0.105327117679
0.0923836400587
0.090834887841
-0.0307929359323
0.101718224739
0.0263005394404
0.0860436663994
0.0684117710871
0.0569376220399
0.0315374274233
0.101270801555
-0.00750435196418
-0.0346705866394
0.125704451234
0.00792498860732
0.00314323004444
0.105067007099
0.0242308566501
0.0865028164367
0.0595849892205
0.0451725033543
0.0388125147368
0.0871051849682
0.0459858622983
0.00397230778165
0.0882693101492
0.0637589135353
0.0558743717943
-0.0538799273074
0.0260277614565
-0.00420093784348
0.0536868657866
0.0790584687959
0.0210418678987
0.11729108099
0.106974236945
