0.041892560354
0.111374152002
0.12313947548
0.0849760699125
0.0281713700581
0.0462549990545
0.114166991242
0.0680446604782
0.0675857586122
0.138920188234
0.0420308227442
0.0342354340475
0.0377673580862
0.0448472923644
-0.00939027725526
0.0592252617735
-0.00928863203859
0.124188064156
-0.0678997552966
-0.00777479642754
0.0527408881622
0.0397538428302
0.0849758251183
0.0392541709865
0.0739389498718
0.0272220424642
0.0727489870211
-0.0369492832056
0.0430023411429
0.0637490546041
0.0695565523191
-0.0228690333548
0.0184646815368
0.0261167516957
0.0763477374733
0.056013800728
0.0711552623994
0.0152490547014
0.00470581539572
0.0737077877539
0.0879335433261
0.0898229698119
0.0535157893919
0.123525975392
0.0224358399003
0.110872522551
-0.0149559161333
0.0316848295482
0.0427963788662
-0.0186331796318
0.0200873462348
0.0870864583891
0.0859677326555
0.0180329097924
0.0135800115861
0.0331182021978
0.100991834915
-0.0253098340385
0.124136050984
0.0161387708045
-0.0030082614192
0.0187824032225
-0.00849292194289
-0.0115427979805
0.0326618646017
0.0909366138673
0.0467713869512
0.106425839749
0.137517895479
0.088836809744
0.0732255254097
0.117877408884
0.0617453766715
-0.00894311592289
0.116658049096
0.116631770249
0.0341252872132
0.019017510752
-0.040621936123
0.0124219628182
0.0228767740515
0.0999957502569
0.0487062555835
0.0396567860845
0.0514300533594
0.03407968509
0.0113522244451
0.0496290847678
0.0595278689556
0.101202007147
0.051334628185
0.0647491836267
0.0890051577663
-0.0249235415911
-0.0328336459167
0.0471488832655
0.0797416762046
0.0653119841181
0.115608326167
-0.0156238163867
-0.0165116357246
0.0131456306737
-0.023278877796
0.106172832455
-0.0372136760827
0.0176938225901
0.0260593108794
0.0610761871196
0.046576828647
0.0598331630779
0.120496330512
0.0581013392917
0.108262623976
0.0248338401909
0.0490148792597
0.0214754307545
0.0666696937008
0.101520303115
0.0775813919446
0.104256957193
0.0243123399591
0.0106138878966
0.0950890885293
0.0171933149641
0.040143172098
-0.103481809046
-0.0614997189575
0.0822408756643
0.0505370500949
0.0499565737284
-0.0503001664415
0.0778475533589
0.0469469627195
0.0982355500137
-0.0271302740602
0.110908255739
0.0266899327069
0.0798729002063
0.0606242758924
0.0172417610965
-0.0439452203926
-0.0284483537418
0.107312569837
0.0629080739847
-0.0230963838834
-0.0685677021191
0.00125511023322
0.0159732772209
-0.0180232616465
0.0278154738651
0.0537781136702
-0.0517714116246
0.103815059215
0.0120283606956
0.108405008838
-0.00780574269906
0.0922517897185
0.00159063795203
-0.024786336114
0.0737107625637
0.108590734365
0.0541505659582
0.0777559348122
0.0897312810014
0.0572917676314
0.0782890367695
0.116378985385
-0.025836805518
0.0555936604627
0.112954775412
0.118737542923
0.0947559186331
0.000119723212185
-0.0142442267179
0.0480573654667
0.0987991771122
-0.0829415308356
-0.0358478709161
-0.0971987992638
0.0881132277215
0.0283262649134
0.00132953586827
0.0838475188561
0.10123494115
0.0679850627441
0.117780951718
-0.00834100624655
-0.00991728993052
0.0896429191086
-0.0749014573361
0.0162881627556
-0.0208600863512
0.13260296726
0.0965846476842
-0.0646001806019
0.0175916210925
0.0173710816783
0.0865835587042
0.00106843152843
0.0178968901903
0.119982718485
0.0296828704117
0.0529525742701
0.0131898865068
0.0957230774399
0.0656206703762
0.100276446346
0.0997602154408
0.106022528494
-0.0166419871697
0.0351291296235
0.0214841295323
-0.0545931523032
-0.00222573354197
0.00121032582836
0.0503362756417
0.0896741815442
-0.0214320711942
0.0774388338322
0.0263597268415
-0.00980716174513
0.0463065543789
-0.00154279396127
0.0424438750175
0.0578073237328
0.0729369851977
0.0499692390041
0.0118151139484
0.0107309251918
-0.0634390865036
0.0965094948746
0.0523825306552
0.0889123319155
-0.0756628914788
0.115472721067
0.128248178527
0.00353094048515
0.00755368761963
0.0155026070843
0.011660504644
0.139061933331
0.0462880635562
0.0909615960801
0.0228845524123
0.126471500462
0.0333939474013
0.0989992693516
0.0634262213072
0.056597864175
-0.0528423458566
0.030949909516
0.0492743025204
0.113147644658
0.123327290327
0.0241840489685
0.0366919466706
0.130302233719
0.0695665799394
0.0617408185551
0.0123902313414
0.105403474739
0.133917937634
-0.0414402304899
0.0328849059836
0.0988540342316
0.100577447265
0.115795197099
0.135068625343
0.0978452518052
0.077858203179
-0.0137992952565
-0.0484334786978
0.0463592254926
-0.0126035031616
-0.0412555211747
0.0977242538744
0.0014699086762
-0.00448566333432
0.0903050160166
-0.0253227131264
0.0797249705649
0.0978135114311
0.142903718934
0.0663240556584
0.0739985347878
-0.0587766679122
0.0554244587222
0.0682138740429
0.0355254936166
0.0783368925024
0.108241371608
-0.0478499470185
0.0480974053915
0.0297029314529
0.0561794811986
0.0844681742275
0.0130311594882
0.0617039087869
0.116030682942
0.103368410072
0.0269036634921
0.116319782626
0.0798750533595
0.0358659879822
0.129402239788
0.00366346295582
-0.0115951247009
0.1370297518
0.0929998669953
-0.0156766059986
-0.050712449713
-0.0259499350495
0.0280576856692
-0.0208815042291
0.0674690320562
-0.00217469218684
0.0780272696432
0.0549940288718
0.12730777124
-0.104859775755
0.106762176976
0.101663574171
-0.00031011841339
0.0399644542346
0.0531191488031
0.112320482823
0.0799938574793
0.0957889185508
0.045984607589
0.05809536908
0.0597251106329
0.00193347323803
0.0131227302077
0.095037530431
0.0763272723887
0.0414183057292
-0.00389514001593
0.101646883956
0.062451335864
0.0470775052771
-0.057250490617
-0.00397789518365
0.0858857396348
0.0960504924044
0.0574182375978
0.0675672443771
0.0626745314121
0.0241519907003
-0.00529987771026
-0.0767988372315
0.0901614476788
0.125578003895
-0.0296170859565
-0.000738842115615
-0.0276985615958
0.144483018672
0.0260880651881
0.0406725028183
0.066279484046
-0.0178090386259
0.00316513565466
0.0913506583533
0.0929672790251
0.0658704910679
0.0351315018697
0.0960872976525
0.0563265862111
0.0323677349764
0.0723880570264
0.0343162463962
0.0429699001038
0.0856179929806
-0.04599078342
0.00847262948899
0.138424671819
0.0164013155721
-0.0275535935877
0.115102993339
-0.0528121653113
0.0871579862767
0.118851785605
0.0417781858651
0.0586785636276
-0.031379749675
-0.118328326743
0.0818452303808
-0.0115476615966
0.0638077618557
0.140287331848
-0.027287170553
-0.0507866982467
0.0832022927867
0.0416203194804
0.0307588095544
0.11635092683
0.0377874268557
0.0967637908946
0.0010861189705
0.0700437584799
0.0720476569154
0.0322523411429
-0.0064164345268
-0.0372225898436
-0.00396694167567
-0.0348758795785
0.0323069389178
0.115431797584
0.102671929779
0.0609778945136
0.0173417922775
0.093793249448
0.12097800257
0.0418875201748
0.0319469783455
0.0423265562882
0.118143828051
0.112903914775
0.0892340729253
0.00276941412645
0.0295637459953
0.0382158340159
0.0211491251019
0.105630257481
0.104921626149
-0.0264522971133
0.0190835340272
-0.0591378948565
-0.00559326136223
0.0239280072708
0.0650063981852
-0.0488469466173
0.0638344334688
-0.0403400077502
0.111668180406
0.0198858685577
0.00451258274081
0.0191269895878
0.0569967122257
0.0227156354528
0.0649096905983
-0.0239500131413
0.0567501589238
-0.0760778087734
0.0653759167646
0.0700136901624
0.0575618256729
0.0855866591791
0.0874453749583
0.118734940281
0.0836067722932
0.0866478793345
0.0476441326436
-0.0197358893527
-0.0848668419597
-0.0106604847156
-0.00403136887475
0.0930253105369
0.0228381934962
0.0589737240252
0.00935578194981
0.00245735756631
0.118735579536
0.0832516737261
-0.0828989082928
0.0753471547888
0.0124781066119
-0.0214124956151
-0.00541378657251
0.0698866299153
0.110487196155
0.00056356962314
0.00484153557186
0.0566994437822
0.10024973397
0.112721473742
0.0706480851779
0.0797039212749
-0.00791061857241
0.0231336148223
-0.0102228218728
0.121575048003
-0.0680249571729
0.0363760658376
0.0771626692101
0.116682699076
0.0501972857697
0.10657863412
-0.0248770751479
0.0471396479576
0.110888667907
-0.0769192078243
0.0659793904202
-0.0841829562879
0.0690220705685
0.127723462687
0.12014246656
-0.0144438928404
0.0957473179111
0.0291087407702
0.0138118538612
0.0493406886135
0.0616634018043
0.0869166579926
0.133784003829
0.0751970457406
0.110705684644
0.00784265120477
0.108165661721
0.0429292849137
0.0599142251813
-0.0300042913572
0.0892595480857
0.0636978286492
-0.0437797685486
0.0290703389638
0.0407772189901
0.00310271719314
-0.0615023366328
0.0259161727719
0.0541894582009
0.115773193636
0.0610824255078
-0.010370520622
0.0547192882177
0.0345464915662
0.101316951311
0.065390421374
0.0838374271984
0.088189762927
0.0032711123147
-0.00572224570425
0.00841398708496
0.088100759656
0.0608550271737
-0.00971627926179
-0.0052494119313
0.040952645397
0.0581282137129
0.0477397083094
0.136112190677
0.0879283314515
-0.0621962185149
0.0767763803491
-0.0202181224497
0.0492750046598
0.0821376489079
-0.0589426509242
0.0166442010286
0.0866091535511
0.0271103887902
-0.0667995148649
0.00518779921291
0.0609545177807
0.0402895636703
-0.000925848915545
0.0386400251994
0.0875537973146
-0.0401016705534
-0.0262948235797
0.0508739998716
-0.0148261218112
-0.0234458744954
0.0790141277191
0.0576801041587
0.0378109566905
0.0739521870292
0.11705095143
0.0267288957207
0.102609337718
0.0654666720321
0.0219594460904
0.0215175830927
0.0816274385812
0.0481070798913
-0.0191399019144
0.0862015033209
0.104351296836
0.0598616733385
0.0724857388995
0.099625222505
0.0943168781588
0.0245951442037
0.0341821360457
-0.00280575279492
0.0696392198871
-0.0203315907677
0.0157870228228
0.0477218468803
0.0672480142542
-0.00655840360932
0.0255333858391
0.101778914958
0.0548641177203
0.0889817942799
-0.106251493371
-0.00759752177272
-0.00730514846319
-0.0451639894637
0.0702978305036
0.0030256454343
0.142149967913
0.0678217103779
0.0964219690597
0.108007356082
-0.00144422866853
0.0355404705615
0.0838134409418
0.0470625581929
0.123646724309
0.0769290390211
-0.0181199899011
-0.0436173433892
0.0193323538889
0.116493848483
0.119467129049
0.116988955051
0.0811776120622
0.0989590910244
0.0508161970738
0.0548983199484
0.118663890823
0.0839204636771
0.0353657269649
0.065360041758
0.129731312771
0.0091393059846
0.0855553107099
0.0669685182122
0.100902025417
0.100037678595
0.00317374048169
0.0226420729984
0.0433616482394
0.0265247956148
0.0370415451907
-0.00222049496156
0.117967185743
0.0103851085756
0.0309251845464
0.0186711941088
0.0850532337261
0.113978147224
0.0695026839141
0.0310820012453
0.0622058810794
0.0447544848144
0.0849162922828
0.0839492334436
0.138572521886
0.0160825584447
0.101873589552
-0.0407128529623
-0.120009735255
0.0363336809783
-0.0192339461864
0.0442055521674
0.020756928457
0.0890113989627
0.0650793431641
0.0511338147092
0.0848779592439
0.120880515993
0.095794358157
-0.0176802963452
0.0631263284392
0.124374683225
-0.178558854798
0.107905804478
0.0657843816694
0.0204558645607
0.0997848451981
-0.0962146805784
0.0768475856565
0.0545145401785
0.118896974074
0.0527445790364
0.0503073208109
0.0439855694919
0.10001858304
0.0965657371912
-0.0600603757687
0.0232819150661
0.0695893881969
-0.0190683092028
0.00823018193463
0.114325260232
0.00639672530628
0.0206440447315
0.105021131418
0.0686310501015
0.0112245494581
0.0644839071374
0.0636516476465
0.0466706328739
0.128069163229
-0.0462656287332
-0.0841501848425
0.0939777815524
0.0559075536161
0.10337111306
0.0885890128893
-0.0222309946054
0.132436598708
0.0102714823955
0.0899874452205
-0.0331670988962
-0.0123587008863
0.123300889746
-0.0418914125631
0.0448007154092
-0.0225283439555
0.0427650576467
0.0713561438739
-0.0406139195527
-0.0200327920537
0.00936623458074
0.0728369395923
0.0945326822286
0.0110422625615
0.0673506079903
0.0962967401064
-0.127450249799
-0.0267370432702
-0.00576242586373
-0.0235239927584
0.0511843668392
0.0844975260723
0.0108321272061
0.0865734264555
0.0966526444918
0.103556544966
0.0502871892415
0.114392123761
0.131874464205
0.025379625159
-0.0329284140701
0.0390573096813
0.0664848617996
-0.15071398656
0.108254327804
0.011473986124
0.088496118688
0.0756612852644
0.088327188654
0.0594905867615
0.0566618050912
0.0995646940212
0.0782007777024
0.0950679125763
0.104598613683
0.0458741737003
0.0671356347606
-0.0425997135283
0.0366434131659
0.0499278952543
-0.0411936968753
0.0225833278087
0.0108118291465
0.0714278503246
-0.0306987830241
0.0634121102101
0.0367426991032
0.058784415777
0.0559987374764
0.111470918449
-0.0529522009987
0.0807155241576
0.0487940605394
0.079737929803
0.0433077593157
0.0879024501817
0.105355841829
0.0904966998799
0.0918572978541
0.120141733539
0.10470499582
0.0422765004486
0.0607611966539
0.0579399855243
0.0678678830526
0.0572438943156
-0.00576512036506
0.0526558406417
0.08856259008
-0.035535069307
0.0195122037926
0.116374184729
0.0123667960338
0.0624182984783
0.112405533308
0.0477108228487
0.0296271441599
-0.00222387655842
-0.0260055672915
-0.00716417548136
-0.00683145671746
0.0389581979342
0.105792166129
0.066234415651
0.0327833727759
0.0352907816895
-0.0388301922308
-0.010293873382
0.0460177612395
0.050193416756
-0.0409214246747
0.0838793102942
-0.0315030889437
0.0700402520816
0.0377150708549
0.0357281796505
-0.027886788616
-0.0117638692899
0.0947277345333
0.0134598265633
0.0439657759323
-0.114823402176
0.0391786831987
0.107445383654
0.108483393243
0.0283687834647
0.0564410716022
0.122841164136
0.0430258809186
-0.0138753166173
0.0812366243642
0.110806305779
0.0966605641901
0.0194329873521
0.0422501833532
0.109385001973
-0.00568302886195
0.0528467032359
0.0246847337438
0.0815241795583
-0.00646334863928
0.0692821725493
0.124472934001
0.0452933186624
-0.0241010203104
2.95271463715e-05
0.110971953099
0.0805868193497
0.0647255519451
0.143508973963
0.0159554214409
0.0668987286618
-0.0015830921783
-0.0191441436937
0.0612201455234
0.0957427183716
0.077597550926
0.10596850171
0.119637681474
-0.0305954769557
0.050786863623
0.0377335192929
-0.0218188400648
0.0924137158364
0.0498548202644
0.017789547039
0.0439032612818
0.0974109842191
0.0092445246304
-0.115521378366
0.0608371804641
0.0503408601673
0.0814957912546
-0.0328026027358
0.0556727127403
0.0361154133034
0.0942432722323
0.123165764605
0.0526378601809
-0.0616445690354
0.0413548625935
-0.022255997577
0.140135246148
0.0470650440141
-0.0402454875285
0.10392505981
0.0221649972703
0.0450343569892
0.0192020226739
0.0813876637238
0.118071004317
-0.0242765609849
0.0633415831711
0.0575795134329
0.0632384681405
0.0497910993889
-0.0124451121987
-0.0645794282834
0.0408954942839
0.0234615821765
0.0371918742377
0.0366959821326
0.0274457597986
0.112676038194
0.0871837782451
0.0958283259816
0.133271227617
0.0585958844141
0.117547700861
0.0911585253461
0.0848100451375
-0.0151603652396
0.129117304881
0.00596118673484
0.0450273194071
0.0806064520777
0.0686146475942
0.0076326563224
0.0423556482413
0.119522959802
-0.00609495964205
-0.0388194475647
-0.0648676043232
0.106499967765
0.0787542591057
0.0822926638188
0.00981916701311
0.0379833603748
0.0501428460387
0.0350519156881
-0.00319979784794
0.043777857304
0.0354442212777
0.0335564873461
0.00100429895039
0.0438914822509
-0.00821948090499
-0.0187001056967
0.0629809562822
0.0465598492899
0.0257568159527
0.0613966513475
-0.0222067908642
0.0853468085027
0.0208576893088
0.00584973127092
0.0896726299781
0.10202727733
0.0295285303727
0.0699345273237
0.0877488441449
0.0609503370638
0.0595434205026
0.101911513593
0.0557209280632
0.0792574997624
0.122386900263
0.00637553730683
0.0770525280076
0.0021098497879
-0.03914354842
0.0327614646138
-0.068543297486
0.0821208817383
-0.0473680607232
0.0767369350198
0.031268928338
0.0814938987416
0.0244090521795
-0.0354803428021
-0.0550055780337
-0.0688410901272
0.0420620544428
0.0739276383906
0.0168535656662
0.090009663328
0.046257024862
0.0877181168085
0.039636686826
-0.0460342128038
-0.0327338616809
0.0296393483809
-0.026366889237
0.0926505062743
0.0349592961909
0.0663377637778
0.039512347786
0.0601884020898
0.107461098881
-0.00581113496399
-0.0342575683044
0.0356231379509
0.0182631866673
-0.0221717963621
0.0634431530121
0.117531830687
0.0636284345123
0.0460607210121
0.0861215560987
0.0685644263418
0.0282991884374
0.129508198086
0.0745490904649
0.0343850916396
0.0460304551847
0.0928750880438
-0.0291322988278
0.119715915838
-0.00667111345345
0.0888199807945
0.0751175894692
-0.0411830227129
0.0642820463537
0.0353536064231
-0.0347773210798
-0.0129053672322
0.0217927578895
0.140041123171
0.128880074041
-0.119414992776
0.00890018274582
0.115611094344
-0.057762547055
0.0773167461325
0.0100676466638
0.0729075492648
-0.013029770816
0.0787156039925
0.056775562524
0.0532097608311
0.0688474246202
0.0338540245333
0.0436514068094
0.113500215364
0.0512312465908
0.0336616481778
0.0127011632463
0.0143498114214
0.00807366930423
-0.0772021770971
0.0786282032804
0.0333162576142
0.0185931003844
0.0507988876856
0.082095971508
-0.0108840113681
0.0603808810217
0.0123659244371
0.107304591519
0.0466912023262
-0.0515248691946
0.115354666127
0.0941318031718
0.0242874083612
0.0754894600537
0.0790168529183
0.00896036585621
0.114767219842
-0.0520335694567
0.0637327469433
-0.0202331110507
-0.00915168042622
0.103806702779
0.029161359429
0.047363160922
0.0377947599936
0.0351165401312
0.089617794023
-0.0153745612705
0.0537373919451
0.0271594610498
-0.0517250260914
-0.0143428908627
0.0384975369621
0.00614880432461
0.0837162972667
0.00195141171699
0.0383458806482
0.106680602242
0.113204064701
0.0153315377863
0.0331501898459
0.0597957409382
0.040660764879
0.00738249151826
0.0909083797449
0.0431337614822
0.0351793800469
0.0540332180704
0.0119573334947
-0.0885672692877
0.0438028768179
-0.0188800459015
-0.00593906659435
0.0842335109552
0.109061677266
0.102356379686
0.0696634804937
0.0777443388587
0.0814062313926
-0.0284973557329
0.0987921320193
0.0188031702167
-0.0264898253284
-0.00766952772143
-0.121123463047
0.0240570137557
0.0943077605421
0.0244852274345
0.0350917104333
0.00185876343396
0.124931665476
0.0568346838789
0.0680653756977
0.108277599969
0.0331433985275
-0.0736635978041
0.0486506480372
0.0459566669746
0.105524864559
0.0122379521336
0.0295159899733
0.0714135720454
-0.0490402875738
0.0249409293842
0.0175938098858
0.107314491435
0.0072380860924
0.0872206882968
0.118940127604
0.0610168803311
0.0193468299889
0.0530493306103
0.00781615664185
0.0920871659042
0.0516677624723
0.0739366628107
0.0368853215707
0.0553982466253
0.0149497068506
0.0270563462757
0.00947033874443
0.0254708056853
-0.00612520254029
0.0704780931327
0.0977819014857
-0.00898194435214
-0.00934493213856
0.108769072546
0.103153590872
0.00822484986128
0.0851080417703
0.039963136905
0.0384769676015
-0.00170455591595
0.0547861899027
0.0101039491142
0.0434881250904
0.0850384392589
0.101020687595
0.108137609194
0.0781881328352
0.0677811803406
0.0435072561474
-0.0167130973506
0.00227971360989
0.0866284815986
0.0361247720675
0.0415973177891
0.0767976714994
-0.0460091819623
0.0457960769739
0.00286622130883
0.0197779524183
-0.0431500897395
0.0840882629573
0.119730255585
-0.00871022964581
0.00373347685467
0.0435877773963
0.0596245047998
0.0868656517673
0.0980887845267
0.10557422496
0.0931786864776
0.0870401191395
0.11660921002
0.131617750962
0.0783145638902
0.0656629761193
0.0957156081659
0.0680784978745
0.140371302302
0.122870482887
0.105788433598
0.0972398616042
0.095877372876
0.105842639121
0.0722477926355
0.0503651367763
-0.0288119442924
0.0197838482287
0.13513244121
0.00429311699594
0.0262208364394
0.129145617582
-0.0166435626035
0.122922879426
0.0943270052947
-0.0110450209529
0.071066039017
0.0921711581603
0.0146528810638
0.123614347516
0.0941141513628
0.0878517997187
0.0765548519636
0.0270143483537
-0.0234157647085
0.0123694873622
0.011854571337
0.0954773736652
0.12273433147
-0.0245611836563
0.066069203752
0.10162463736
-0.0615309449328
0.00473056307075
-0.0233039247266
0.0015001116786
0.0399774347317
0.00747899941088
0.0868194560459
-0.011995053946
0.0708047843049
0.0502826376102
0.105933465398
0.0828060034961
0.0496069014916
0.00786618137964
-0.00481398559986
-0.0687273261139
0.0758744310627
0.00665185467348
0.0443313722194
0.0377639303284
0.103916821199
0.0756040826796
0.0813474688685
0.0602423977257
0.0615112169269
0.122146645042
0.0900422270934
0.0763265493237
-0.0132199570882
-0.112438151808
-0.0104202735771
-0.0123616997468
0.0904957586042
0.0142861745522
0.0319224192514
0.0237738636437
0.00777498796653
-0.0826990066109
-0.0319492773694
0.0419683130566
0.0660680155542
0.107109034537
0.117426582967
-0.0346030952745
0.0485987502181
0.0075050380801
0.112205760711
0.090888815634
0.0717008136001
0.0917877434002
0.048797368842
0.0365127207914
0.055238916471
0.0639480263255
0.118134819544
-0.0151411138587
0.129378697943
0.102249698899
0.0567982015809
0.000652536518097
0.051237403399
-0.0850182104888
0.0171915685659
-0.0362009592128
-0.0284173663511
0.0794902801023
0.111101444638
-0.0283147987274
0.0336405385782
0.0706921172061
0.026568340849
0.110030670562
0.128192399746
0.0535335562121
0.0294050184806
-0.133759565035
0.0331830590475
0.106826467201
0.0568968655521
0.0357596275582
0.0123698350586
0.0127763379338
0.0410191447554
0.0980587474859
0.0723394104353
-0.00601942750667
0.00324643233876
0.0391772386735
0.0346489883998
0.0158406895818
0.0440774337463
0.0359066564212
-0.0113202209065
-0.00521153229267
0.0302514876892
0.0221036998785
0.0727084042624
0.0531935439136
0.0568512577144
0.1132469254
0.114939875222
-0.0427024825814
0.0156458801931
0.0532393038328
0.059301076303
-0.0161054724621
0.0733406157446
0.0387010600528
0.0523781167554
0.00840256983958
0.107810265431
0.0552653320677
0.0929465291622
0.0610071342999
0.0586154517558
0.0581266658647
0.0413060717179
0.117616787129
-0.028863853638
0.000810928948725
-0.0174366260228
-0.0528610250468
-0.00411838509671
0.0864451083619
-0.0242069093845
0.0945751992147
0.0591957684449
0.096205346322
-0.0245826647362
0.0779045112909
0.072087170944
-0.0744075629361
-0.0192124907468
0.082462455849
0.023612125146
0.106993515547
0.0802848868581
0.0445160647447
0.0528562875341
-0.0011778574637
-0.0105862923211
0.0442341146688
0.0381139729184
0.0430216383764
0.0821213493683
0.0675905852126
0.0431228253472
0.123274614562
0.0487787851801
0.102819249942
0.0761916222477
0.0906795395783
-0.199977437965
0.037008790738
0.0689248751789
0.0795002309999
0.101768516798
0.133920249034
0.0469284170755
0.110284875907
0.0117314269498
0.00780558194155
0.0945014749072
0.0729838231359
0.0629674602477
0.0924660375248
-0.00465144863076
0.0471287953399
0.0380712821295
0.0611385801639
0.0646624738903
0.0316510442784
0.0411251646397
0.0590349139235
0.0111324181112
0.089819007326
0.107328152022
0.0753935380382
0.0710307570643
0.0952762146156
0.09766594084
0.102367798319
-0.0139982971729
0.0961023863164
0.0793414404805
-0.0997932728633
0.0731494861576
0.0714750593224
0.0617368178796
-0.0313860727937
0.0300609086281
0.0333723251823
0.0334053346047
0.0327937710748
0.0210733452356
0.0501984308059
0.100420613642
0.098282328419
0.0616626339313
0.108306434455
0.0227236522989
0.103364741148
0.0398493909004
0.129746744168
0.0845308262546
0.061925134605
0.124940301516
0.059336532142
0.0856373013017
0.0868889264855
0.0409780143981
0.0918460930396
0.12082143295
-0.00263964699822
0.116079446784
0.104155413197
-0.124975084713
0.0124311715491
0.00273182138426
0.0559931388532
-0.0118072024864
0.0202425723415
-0.0212004159477
0.115695317628
0.0543799849644
-0.117708913532
-0.00832351790262
0.0324455382785
0.0406803343998
0.122131853666
0.0467442688453
-0.0366412007375
0.121526908321
0.108426514356
0.0960858783452
-0.0702313600685
0.0879156525261
0.0463356785072
-0.0005221806238
0.067114626965
0.0237908272904
0.009880020651
0.119908321139
0.103411932663
-0.0004527815895
-0.051746001474
-0.00860325296977
0.0958327561405
0.107690109752
-0.0574647576299
0.119557027381
0.060295215548
0.0256556296133
-0.00344359847353
0.118975290277
0.0822579329289
-0.031996657479
0.0392286518869
0.0861773777972
-0.0279379951361
0.0199962325845
0.112107678721
0.118069157461
0.0066838815881
0.0478911785028
0.0136380794041
0.0206754664834
0.064902196728
0.0660250534117
0.0830103688349
0.114800239207
0.012074042584
0.0507155600086
0.0895189727767
0.0276561891851
-0.203217631606
0.123450109068
0.0495617057421
0.0786549306278
0.100277992812
0.0957039784371
-0.000231385204381
0.00574877872817
0.110130163872
-0.0483124095945
0.041072393626
-0.01922227008
0.0694594180904
0.0908382259646
0.056493427663
-0.000353207259709
0.114472614143
-0.0336262454911
0.0450404440476
0.0469282445602
0.0656647474802
0.0971384420702
0.0853225733939
-0.0204830258497
0.00357234905992
-0.0553197499924
-0.149033241991
0.086385152865
0.0144163418805
-0.011498940067
0.138859809917
0.0662501888868
0.0551078499532
0.0923545584953
0.0710402435967
0.0458531371967
0.102823282996
0.0154377626562
0.0359173001307
0.038634484133
0.0571969224254
-0.0986145809225
0.0421847283154
-0.00101834214969
0.0402338269874
-0.0444120318492
-0.0546419695281
0.0385694492894
-0.0802275348754
0.0485662851245
0.111875184398
0.0890837632421
-0.0366350717871
0.0258361557056
-0.0340461937044
0.132509299097
-0.0481081546064
0.0476742186558
-0.0452327913152
0.00618835744697
0.0127867096791
0.110254961832
-0.0623806484134
0.0336650708082
0.0660042156634
0.0451566450311
0.106153935331
0.000984832901269
-0.0238942906683
0.040889869868
-0.00444799725832
0.0531451497815
0.0316460480931
0.0209883375229
0.0498236553185
0.00203760831505
0.0453157249347
0.0374945273932
-0.0431651193266
0.10843614142
0.0182041638693
-0.0669017553835
-0.00739258295019
0.0153464902717
0.0495580809444
0.0134292760192
-0.0765240122046
0.0388577451683
0.118429940546
0.0610826909872
-0.0247262971066
0.0161325546125
0.11177356095
0.0306456708331
0.0311857628488
0.0766591718789
0.10490291743
0.0198349170864
0.109769399989
0.00974148518228
-0.0074923469071
0.0577968908758
0.0998691527152
0.110112026881
-0.026480624549
0.0951305351789
0.0801959193321
0.0800182482333
0.102902098773
-0.0260635835449
0.0507438631568
0.0732017322868
0.065759423955
0.070627955457
0.124206672358
0.0932372803025
0.0127222230391
0.0572797640443
0.0767007393838
0.0664340083476
0.105090913098
0.0517093056133
0.102144043675
0.120690395536
0.0831256602624
0.0292063785432
0.0872436874765
0.119594957169
0.0648735464081
0.062158183338
-0.0198723286083
0.0273834015995
0.123677473545
0.0544067017853
0.0773078398204
0.0168183927046
0.0657746609935
0.115082830924
0.106993207767
0.0752249405534
0.0316849445505
0.00687256596183
-0.0560186459809
0.131463268507
0.126022231452
0.106522940893
0.0829661582538
-0.0792808284149
0.0277888226344
0.0720716055722
-0.00779842611492
0.088781632214
0.133984931455
-0.0136051826488
0.128810414114
0.0733486168421
0.0585277973731
0.0406978935291
0.109446948287
0.0524591292135
-0.0171866977338
0.099812034736
-0.0174072057443
0.0644864103458
0.0854415624195
-0.0149959025647
-0.0403683320355
-0.092644933058
-0.138078677406
0.112778682487
0.0554399221405
0.0309695516074
0.0496737679027
0.0966217412899
0.063437122516
0.11959508911
0.0958338913043
0.0823893244845
0.0643550616426
0.0338601590942
0.0299910565513
0.0957610685167
0.0285364264331
-0.0945712388208
-0.0061751630685
0.00147866403404
0.000415256189926
0.0312831270094
0.0884498260978
0.0533794666365
-0.0353945684113
0.129254957165
0.0651127368863
0.115620439817
0.0560200388703
0.0141944028436
0.00853152847199
0.102552696346
0.078200761241
-0.0158561731549
0.0875990315471
-0.000219390350652
0.0466192158873
0.0521864078261
0.0703805220351
0.0599771683844
0.079994701698
0.0880109843502
-0.0153610309721
0.104453688168
0.0746940606022
0.0234433612073
0.0181438844939
0.0265154880551
0.035592126173
-0.00683918014243
0.0576078766006
0.061242572577
0.0289706787818
-0.0193196811401
0.0141074187175
0.00465847297817
-0.0266965072131
-0.0164147365658
0.105342790149
0.0761191206134
0.141485292156
0.089192334475
0.0798051875267
0.0119950778379
0.0352194369162
-0.0357376802151
-0.0102386274169
0.0451363404076
0.0504210851972
-0.0149633811933
0.136705408689
-0.0196065446088
-0.00349149497101
0.0861687197681
-0.0245723594704
-0.0320455086605
0.105931725454
0.101766491184
0.0136894512929
-0.0318955034625
0.04394949805
0.0369800307659
0.0494631323739
0.0525700613265
0.0101871219426
-0.0118207215677
0.0889217937246
-0.024602504319
0.0158216781949
0.0655333366133
0.115055169743
0.0121662444544
0.0116583168583
0.0668241866817
0.027469405801
0.0308062167789
0.00983968428407
0.011455949494
0.111553906342
0.0587510693519
-0.0323345215404
0.0640571996559
-0.0780853567869
-0.0148071521228
-0.0566287096572
0.0744092590543
0.107771901353
0.0292082204043
0.0250106975336
0.0455684697886
0.0765523843791
0.00604707368045
0.0722856256264
-0.0406079718667
0.00538735282495
-0.00803725081295
0.130601531554
0.044450478996
0.0790632613787
0.0668870211679
0.0120207762831
0.0198426886582
0.0933445782019
0.130115757891
-0.0171044494473
-0.0217650256867
0.0333879550023
0.0405907246657
0.000208938647773
0.01940139811
0.0282462694993
0.021726192307
0.0300104713587
-0.136138585816
0.0651934511612
0.0997579560783
0.0247150407297
-0.000456033261328
0.00102875706244
-0.00988461142418
0.0958955280205
0.0969046343196
0.00676201931537
0.087785719662
0.040682943992
0.0568280043763
0.0404664280886
-0.0205469218737
-0.00629853161715
0.0679986015496
0.0153881603876
0.0143824669416
-0.109783770143
0.00436191822069
0.0288403088081
0.0129620690013
0.00701948347119
0.0714682320241
-0.0329498691065
0.0407472563651
0.0690491105583
0.0637914784323
0.0329180371082
-0.0859630445063
0.0315578544422
-0.0611053481117
-0.0461178552501
0.085689576877
-0.0259620029959
-0.00449333988268
0.116291872837
0.0537292589835
-0.0509949616125
0.0943332613604
-0.0043309838024
-0.0271161095589
0.106352193353
-0.0378404263869
0.0331550532607
0.0348592488136
0.0956333782323
0.0857666491877
0.0805153115249
0.115177389599
0.00190124343828
-0.027630671627
0.048607529283
0.0542191926968
0.0955695107152
0.103887062068
0.109565578175
0.00112184144284
0.0897686703488
0.101036155034
0.030878976423
0.0900178582869
0.134275787516
0.0787793917559
-0.0138421441744
0.10454516472
0.0910369671949
-0.0442604872259
0.0972316730588
0.0867927908641
0.0967530525335
0.0723903935913
0.011187767952
0.0455462815184
0.0333955663945
0.067987304071
0.0797996886571
0.0472182043397
0.00857394112126
0.073561459586
0.0555691544969
0.0989758744316
0.0848646339407
-0.00331452924658
0.11492393952
-0.0556671702347
0.0670388660312
0.043031185012
0.109427612915
0.0181806053168
0.103583053679
0.0892235147396
0.0742436213742
0.0640723968549
0.0583055570302
-0.0155945817953
0.086065826748
0.0497207052755
0.0274396822193
-0.066263747704
0.0824650787009
0.0691118374616
0.122593221485
0.0562491305055
0.0761571699437
0.0631749592624
-0.00709485664656
0.0538793145851
0.0552548975303
0.116707689346
0.0848723030966
0.0589300518004
0.108477163065
0.0527935005061
-0.0184826341751
0.0189862866882
0.0182706897693
0.00624160914357
0.0979150390191
0.0709252127086
0.0381881561097
0.134748695084
0.0832659180416
0.096857139025
0.00222719548786
0.0610888559357
0.0532141379069
0.0407332890013
0.099621540136
-0.013924746619
0.0129887747213
0.120891729711
0.0437252146053
2.85495029315e-05
0.0693246481207
0.0996290573247
0.00808974779058
0.000947775863562
0.0763709346185
-0.047418476435
0.0581100690767
0.0432880315592
0.0900466821091
0.0733302633309
0.0836186288409
0.0796289925459
0.0925680159499
0.103546457082
0.050219446946
0.12547407986
0.00376334769698
0.120744093055
0.0292092996096
-0.0439527226879
0.0460315275882
-0.0341611496208
0.0760610827497
0.0329637193104
0.00984621236936
0.100653508954
0.074731403685
0.0548558886305
0.0538109052369
-0.0289453143381
-0.0473647793116
-0.0726123066581
0.0565760780175
0.106399394516
0.0841096663375
0.113057926402
0.0898980935704
0.0115765257726
0.0628637021834
0.0325626935772
0.131026001763
0.0581605185664
-0.0161116076199
0.0653672087682
0.0166414068017
-0.0235975993097
-0.048303478491
0.121818583481
-0.0330334177028
0.107549560684
0.0630926742726
-0.0148785775253
0.138896296045
0.0118005729633
0.0479956071165
0.0917989642896
-0.0640633068599
0.124670242194
-0.005357333573
0.0758316442102
-0.0823103054039
0.0558504049385
0.0573596914107
0.00344627999383
0.0705109905305
0.0414199560759
0.00861138375474
0.0559202570766
0.0365219957614
0.00125062245966
0.0633522909318
0.0887868818267
0.0235936530722
0.0922417816127
0.0192226969307
0.0767229755091
0.0740390920951
0.0904050177526
0.0194790171772
0.091457520885
0.130529699127
0.0925697464798
0.0598225258189
0.0675679246994
-0.00414800520566
0.0679890208209
-0.0253037019367
0.0470603287907
0.0617956475052
0.0733946147191
0.0880890106239
0.0601671062783
0.0612740258945
-0.0241013273441
0.0305701397252
0.100958532647
0.0804298801197
0.0187249494129
-0.00335736530204
0.00526447078116
0.0583956488987
0.0542966400333
0.0802649846432
0.122826131626
-0.00517982052779
-0.00912208420375
0.0805635584532
0.0966181098339
0.0892723194094
0.0508450975829
0.0767692486399
0.0659005301608
0.0651176834025
0.0208369831613
0.00126041247698
0.109240768389
-0.0984345644072
-0.0262148026632
0.0876605790072
0.0917240096326
-0.00638722480462
0.0316961208423
0.0601982274748
0.0350779886357
-0.0414605980988
0.10653226012
0.072771284707
0.140857648874
0.0956288481666
-0.0495759145743
-0.078393843972
0.0466416848531
0.00976856298953
0.0231991154903
0.00831899180868
0.0442917259888
0.0688969981417
0.0404587381514
0.0492043285184
0.0628050815708
0.00656539866804
0.0331506960979
0.0844031858704
0.0645999259183
0.105960583906
0.024551672939
0.017188144193
0.0697823592201
0.0200430357267
0.0721450068232
0.0488006794053
0.0849669107364
0.10260798713
-0.0289052266124
0.0995111921954
-0.126444654257
0.00999943095017
0.106405233927
0.0519188383845
0.0893270782423
0.0760547409883
-0.0298248661324
-0.0193090121631
0.0226794467654
-0.00117493529778
0.0390533575326
0.0050005826297
0.0271043152377
-0.0286102047554
0.0794912163744
0.0610244743655
0.12486376627
0.00131640044483
0.0859988262638
-0.00445788244981
0.0504861087205
0.0639647730119
0.0291832632743
0.0321764316475
-0.00207837963311
0.000601461227705
-0.0650646603005
0.0738614401083
0.0565350286136
-0.0110722567501
0.117790756264
0.0890165878544
0.029876603643
0.0262406740092
-0.0633541393996
0.0278174632794
-0.00400424864406
0.0608587168348
0.101210185053
-0.0241875983262
-0.111320326748
0.0319605523107
0.0446917832193
0.0715445197907
0.0115119780684
0.101838313864
0.114097273985
0.0491494323221
0.0860910139463
0.00138367331857
0.0811329369282
0.100654389678
0.0449391274803
0.0215780442139
0.0819252180281
0.0589266164001
0.0493697761019
0.0845123935175
0.0771783331679
-0.0105232417236
0.0610505720293
0.00120444936042
-0.0356314310174
0.0921907627287
0.0650964618931
-0.0341335232639
0.0122411846465
0.104472740285
0.0207203077138
-6.27156054014e-05
-0.0225880620931
-0.0118314627551
0.0236106153685
-0.056270132116
0.0369642398246
-0.0637955153601
0.103936726214
0.0837996077975
-0.101690663699
0.100809494888
-0.00971425347539
-0.0186702426293
0.0717805579308
-0.0687656060424
0.0282583653456
0.0457912691003
0.0221112492128
0.102854077737
-0.0665683892382
-0.021851914768
0.0470865335646
-0.0314959373938
-0.00198860749817
-0.0578805160169
0.050841218075
0.132052709583
0.0954463350322
0.0194126369297
0.0851274586218
0.0945776859259
0.113389933663
0.0598229986147
0.0202836927076
0.0687094439384
-0.00894067260956
-0.00227870049168
0.114686948214
0.0631346587315
0.0246324727451
0.00788209845975
0.0824881007987
0.0742821069006
0.0855244318753
0.05710371375
0.0490205212672
0.125480956218
0.0154565958312
0.0267637872793
0.0574382927535
0.106708874076
-0.0288499102286
0.0839741077985
0.120540400356
0.030121081988
0.0790011655191
0.0158243059338
0.0108605974794
0.0555660319156
0.0991449028051
0.114775970234
-0.00864473360807
-0.00334060914062
0.0835199173218
0.0227583111916
0.0264217916515
-0.00711431227511
0.0505934792592
0.0111313660861
0.0252022327674
0.0412443557562
-0.0113335586159
-0.0368799131252
-0.00486139950192
0.0753354079499
0.00348094229303
0.110975820615
-0.00287623080328
0.0581688258253
0.0932527579628
0.0439711466573
-0.0107945329433
0.0252670051256
0.0151480257476
-0.0564065929664
0.0154169043141
0.0147176998649
0.0983079933019
-0.0333190410016
0.0628194981591
0.00475577204515
0.00941045386954
0.0236125211489
-0.0695992514285
0.0775371565864
0.14164336002
0.0327179048616
0.110754132255
-0.0174830381056
0.00979144337949
0.00637042042682
-0.0958801130862
-0.040659424886
-0.0131575902603
0.0668055222336
0.101106421683
0.05525867198
-0.053141048268
-0.042972639612
0.0952560353389
0.0646689699256
0.0744094705146
0.105820188639
-0.0542384748902
0.0583971131189
0.0441878087373
0.120903542284
-0.0168177591814
-0.0181104958343
0.115223832841
0.0281624805641
-0.00750119670607
0.037784588376
0.0950468071674
0.0897601117185
0.112986237466
0.0762671043339
0.0864525295149
0.10376632221
0.0630534104376
0.0976330002205
0.0976685411864
0.051079026734
0.0451339940386
0.0849894906776
0.0473640885309
0.00924795772504
-0.0147599496371
0.00561388838538
-0.00396874304372
0.00222660578513
-0.00551829246416
0.112346389859
0.0294718330774
0.0837256558814
0.00417255367381
0.0169671736161
-0.00141563195706
-0.0117617322327
-0.0152737237574
0.101781779223
0.0396738730206
0.0292973204111
0.0392337083122
0.126045948323
0.0834190403011
0.0664114230892
0.0172078317698
0.133090850099
0.067323726055
0.000880889154962
0.00700238697537
0.0416167420102
-0.0974403851127
0.0447462473889
0.12605545382
0.0617283012125
0.0797936159532
-0.0171844099691
0.137187361124
-0.0247376228129
0.000570959818075
0.0760486810219
0.0668886501373
0.0817927150414
0.102081220683
0.0771595321987
0.0554711205873
0.102520998458
0.00452870818134
0.0491505843206
0.0676780489473
0.0796996665221
0.0151224014721
0.0623491452375
0.0468165032147
-0.0614949699465
0.0846307175512
-0.00586464313851
0.00370105876178
0.0451574108951
0.136286363897
0.00418659504782
0.0545643895731
0.0376972169861
0.0346748489323
0.0738791520752
-0.0127970347455
0.0506942854676
-0.0151646871918
-0.0538684065979
-0.0618275793811
0.00576841912264
0.0563286356402
0.0315139591145
-0.0109067216955
0.0725029635599
0.0275561195668
0.0619274287268
0.121276049956
0.0752282280541
0.0401109567373
0.0591947614099
0.0313720639878
0.105338054102
0.0728235868246
0.0707826310701
0.0262652681777
0.0449208258844
0.00681414097449
0.0634417340524
0.0353181880394
0.0928470987781
0.0495885890089
-0.00742261069142
0.0853162578742
0.0807351112918
0.0272416123078
0.12622958558
0.0671252897151
0.0748386603316
0.138368884698
0.014280778878
0.0527783266647
0.0849762078304
0.0464059865409
0.0977305739498
0.0888193777095
0.0248536080847
0.141736752611
0.101612024609
0.0821154610969
0.0027046598735
0.0504889321548
0.0842494707652
0.065788708388
0.00910187265425
0.112420095811
0.0755016851928
0.00210565138278
0.141416998786
0.0901629105816
0.127786093478
-0.0164131803567
0.0120461820403
0.0330233530055
0.0915710829129
-0.0176746697673
0.0376149227731
-0.104424345838
0.0196653646646
0.0494177265466
0.0373959321244
0.0278397658314
0.0503412094588
0.079796247488
0.0853752697046
0.0523022474679
0.128481259309
-0.0153132576758
0.0492280183557
0.00980038778383
-0.00259673111349
0.0609191649101
0.000170378711603
0.0802164176641
0.0309190058785
0.0564252238019
-0.00568742932932
0.00592970332751
0.0198453906542
0.0627448758767
-0.0111358954606
0.120255893319
0.0853678897002
0.0323340728339
0.0194402784417
-0.00188731187084
0.0874609320082
-0.00555727055582
0.00680286125359
0.0985174646624
0.0886565515658
0.0990972738839
0.107520946614
0.112789620224
-0.000689722292779
0.0146876312272
-0.0137655038472
0.0635380992528
0.12456051988
0.0401476874588
0.0719883269452
0.0153760202311
0.108544558572
0.0183197134404
0.00766276673568
0.0370650699009
0.0514357142014
0.11327517849
0.0632600983241
0.097493515372
0.0791689441672
0.0454896296556
0.0340728342367
0.0987787386679
0.108606019762
-0.0118934737131
0.0575302966485
0.0378214321129
0.027424048679
-0.0363069219045
0.0896586079051
0.0696585389927
0.032271945917
0.0849589956836
0.00331987464977
0.0280222173746
-0.017548778122
0.0952933763902
0.109981503092
-0.0764804401457
0.0968924803567
0.049547463239
0.00100846917254
-0.0279186242865
0.0795071205195
-0.0458696368778
-0.0149708467923
0.0269064141761
-0.00348134823706
0.0619039043174
-0.0354459246654
0.100125846189
0.0530995796402
-0.0132085779711
0.0570654103223
0.108874818469
0.117266742362
0.0575264712741
0.0812481524443
-0.0461269723371
0.099626811098
0.100818249776
0.112804533815
0.0422426175084
-0.0738540056003
0.0129204842442
0.115419591276
-0.0473301802307
0.133000486662
0.0896288812203
0.0821820103392
0.0805415821069
-0.00187708386444
0.0313931428177
0.0732772687015
-0.00375149496778
0.114927296747
-0.059501697818
0.122378782695
0.0653433895298
0.0245904022745
0.111971254376
0.104613627016
-0.000607010186993
0.0531571740422
0.0672463048039
0.0898965118886
0.0846997803029
0.103850945955
0.115307444569
0.0887893354028
0.0130714940078
0.0244040395797
0.0956549628548
0.113097940536
0.139558467851
0.052903028128
0.00549252631101
0.101205811386
0.0665450354269
0.0459189104901
-0.112618118434
0.0350970779444
-0.00069516040487
0.0943539511921
0.11004855245
0.0258046733307
0.115262284283
0.0802192699211
0.0602747561183
0.0417380888004
-0.0505775863496
0.10603259869
0.0453740039624
0.0518085416378
-0.0732585475802
0.0996491331054
0.134392249636
-0.0446354568516
0.0611605121536
1.81609364924e-05
0.114463343275
-0.0509852180049
0.0111803353099
0.100712254438
-0.0129361296706
0.000641579063267
0.121215784051
-0.0650639844389
0.0299890373519
0.051247799306
-0.0349405470815
0.0144243101077
0.0529508499319
0.0749429340122
0.044637493255
0.0891939196143
0.110002739812
0.0929711036367
0.0865071721532
0.103372482144
0.00165538585629
-0.0124760420897
0.042132484274
0.045885083252
0.0500304122358
-0.0599755498004
0.131256730178
0.014416058377
-0.00687288576103
0.0603702420536
0.0618834931745
-0.0183508077157
-0.0520147065883
-0.0763375181142
0.0634670772654
-0.00308064235338
-0.0465687348796
0.0830245459278
-0.0967796363648
0.0322303011714
0.0720735271203
0.00592097939419
-0.00067553905492
0.0637390031577
0.0459683852827
0.110561201938
0.0451065923565
0.0589109096959
0.000907802529933
0.0925968262627
-0.0113331332864
0.018832922156
0.0145536337297
0.0262623588726
0.0222611422376
0.0619024959437
0.0996198592905
0.0849588418407
0.10604851964
0.0376763935381
-0.129849556509
-0.0788987056727
0.0765266589956
0.0378507648136
0.068142336032
0.00342364994199
0.0143488764912
9.58645535771e-05
0.0428349885304
0.0182846204888
0.0578498293485
0.109854478481
0.0393442275661
0.103838839394
0.109380206318
-0.0108358960202
0.115991590313
0.114692498272
-0.00706450934641
0.0729131044208
0.115491595296
0.018805146322
0.137409074026
0.0198140223105
-0.0207352296582
0.0688229939623
0.0743204771922
0.0455365798272
0.00881099977326
0.123956624084
0.0826391327246
0.0914561770221
0.109965944715
-0.01502207111
0.0596026635414
0.0492421862554
0.0380882374222
-0.00302935175656
0.106887096474
0.0831042466727
-0.0118992688328
-0.0345636940891
0.108376371777
0.0760809820952
0.0909795356139
0.0051161512144
0.050220105514
0.0591884467778
0.0565254140931
0.0452429141605
0.116683660887
0.0398227453166
-0.0957784335527
-0.0238944840731
0.0653570021442
-0.105028354672
0.0182604448516
0.0565689491517
0.0714988633752
-0.0759933920331
0.070606054325
0.0131462206072
-0.0572840053561
0.117744210845
-0.0346143496782
0.0547202211458
0.063464344896
0.0576010915379
0.086080960253
-0.0455203530097
-0.00872109709486
0.0512934367521
0.0251486689599
0.131473620785
0.0154790172863
-0.0111116540509
0.114469280995
0.126367947276
-0.00334005686642
0.0419620203264
4.40130018999e-05
0.126231237018
-0.0209670264576
0.0411811476504
0.0499435356327
0.086545502047
0.104631062099
0.107739434029
-0.0307589791153
0.0524971712399
0.0189877253836
0.0255950366555
0.0345975100594
0.104852355859
0.105331008879
0.0341984684067
0.0119155410645
0.128135817618
0.0642647272998
0.0642716456328
0.0437094998274
0.0716520872772
0.106144919433
0.0383103637842
0.0868717533529
0.0343038258278
0.0502305087369
0.0570019402577
0.0318474430063
0.0245101431985
0.0190227995009
0.0338596426643
-0.0753199058649
0.0708082052009
0.102605413733
0.0324287463715
0.123575773942
0.0481691827366
0.0583327607111
0.045733406786
0.0716084163623
0.0622996879356
0.00419995709133
-0.00655988431261
0.107662519389
-0.0536871395961
0.0407702301951
0.0888775740642
0.0621975934146
0.0895624525735
0.111004002528
0.072090189777
0.052282631396
-0.067134058766
-0.0366421895944
0.0700488026517
0.0461241583047
0.103437002252
0.111776899022
0.0691002944291
0.109139361684
0.0571545146215
0.0974623420672
0.0337879539836
0.0350874809324
0.0681154213416
0.0191277799606
0.11061440049
0.043238035659
0.0510730204181
0.123352504274
-0.0591876265196
0.00568319212253
-0.0514372845887
-0.0676451989093
0.124931942523
0.126020730295
0.0452094294708
0.0493201247629
0.0221006837429
-0.0124942072052
-0.0155101750416
0.100464310315
0.0262380965123
0.0067629686559
0.037553526791
0.059553402182
0.0530360739549
-0.0118011988073
0.0319076550455
-0.0525114687365
0.118413057597
0.028600049891
0.0476432946165
0.054035082845
0.0626561039596
-0.0219932674605
0.00485587573998
-0.0110988789882
0.087858617739
-0.00359428965591
0.105924589677
0.0509249436884
0.11111809493
0.0107712481259
0.0889026147023
0.0513836508491
0.0219964190639
0.00343476828925
0.126979446321
0.109169977546
-0.100618031643
0.0707303191874
0.036435655008
0.0312355530968
0.103376826082
0.0543141025709
0.109397246811
-0.0121337888321
-0.0325368534246
0.061477938792
0.0230447356015
0.0577301377174
-0.0120731760551
0.0926475074646
0.107394376662
-0.0186286096171
0.0474460052413
0.00764436704316
0.0435202487517
-0.0156396153148
0.0340285870842
0.0670800909369
0.0466257497935
0.0153619584773
0.113080178906
0.0301208033446
0.0015718754144
0.0763904068459
0.113058361753
0.045823271566
0.110024398873
0.110192905449
-0.0254196405811
0.00127431976486
0.0324530586231
-0.0171725255127
-0.039879243644
0.039345917614
0.0461223436697
0.0547477157509
-0.0634603662522
0.0518750650795
-0.085745223906
0.0628570166709
-0.0185967897528
0.00748764693122
0.0801013456366
-0.0234709543724
0.107994500649
0.0642089956806
-0.0141838285312
0.019363679043
0.0524104576907
0.119717917485
0.0582131118076
-0.00265538754315
-0.0298438213953
0.0382919142729
0.0699992360132
0.0552472525571
0.00452563932151
-0.000310250684356
0.0948063223155
0.0785975785307
0.007978891952
-0.0279084145782
0.0613971616953
-0.0286126703089
0.0765135021839
0.0860339907698
-0.0669445389526
0.0848645045014
0.11806345921
0.0371537192302
0.0397393919092
0.0977570449138
0.0950510445142
-0.00631934552626
-0.0328336070257
0.0873140074841
0.0808816066175
0.10759965955
0.110024616426
-7.60715179355e-05
0.0166542140882
0.00936656677267
0.0971835616978
0.0487773750174
-0.017147630499
0.0352780458413
0.124858763848
0.00109861886885
0.0868540043952
0.0631950788173
0.0179747200206
0.0431402235306
0.00439785054847
0.0370917405617
-0.00916137027228
0.02215134042
0.0562055268138
-0.0330679814842
0.0783428785443
0.0519243897968
-0.0175244401564
0.0147907315503
0.0325520405719
0.0388199161222
0.0101871017154
0.0480635475741
0.106147906968
0.0174857904091
0.0428778348219
0.0778828820237
-0.0211661402796
0.0794041427792
0.0591521152347
-0.0126654721417
0.0236980917138
-0.074073679687
-0.0370980953331
-0.0771573782779
0.0968398859295
0.0302999484553
0.0687785353783
0.00515966815578
0.0775581874283
0.0669012391346
0.0489632752548
0.118945116028
0.0963666475851
0.132516590823
0.0570177799344
0.05859004434
0.111106717139
0.0460664570375
0.0508639268684
0.0691721903652
0.00502741093293
0.114198373296
0.0430006312883
-0.107454657445
0.100570758925
0.0449259911762
0.118398219284
-0.0198470450253
0.0339374855529
-0.0341185003189
0.00355510599324
0.119194242718
0.097560151027
0.0390724863591
0.0511616467496
0.079173300304
0.0314746512229
-0.00265847139383
0.0481158196811
0.0148666577968
0.0371811938374
-0.184390054733
-0.00839933507834
0.0170184936743
-0.0663406825681
0.0485356949463
-0.0150736186606
0.0885477234223
0.117461218612
0.115438959046
-0.000426917389671
-0.0228159609233
0.019391070333
-0.0472341552167
0.0472049415392
-0.0725364743693
0.10640813444
0.0593902666184
0.0161855834023
-0.00686444298573
0.0682210856963
0.0884535348362
0.096687185762
0.021470193193
0.0479468478085
0.0510801405738
0.118131361234
0.0604293721085
0.091300217929
0.145817893165
0.0417444015704
0.0402825411573
0.049668185485
0.00674875358839
0.0861602067563
0.0657071754934
0.00394147570091
-0.000800064068076
0.0688600694729
0.0293818027275
0.0521460805059
0.131600267756
-0.0405289538428
0.0163708327649
0.031661816604
0.0326127758601
0.0113779270189
0.00699218517457
0.0572293130254
0.101916365577
-0.0290679860825
-0.00751187926064
0.0135392816666
0.11796714789
0.0402879333205
0.0441570239513
0.0821813257763
0.0657858648492
0.0886031277947
0.0400048778218
0.111477509096
0.103767591664
0.0315225788963
0.0834748036872
0.0639787772519
0.141367589245
-0.0287527539116
0.0850620499649
0.0754242120994
-0.0116241904235
0.0591713212618
0.0917117615714
-0.0461304130628
0.0538884099251
0.0729907186392
0.0850443645543
0.0452593800352
0.112902048391
0.0703849006676
0.109253117978
-0.0378778835234
0.101309760851
0.0216892405314
0.114241395372
-0.0271651445022
0.088903956652
0.0502209303607
0.0703315661782
0.0777269225648
0.0163840193142
0.0297235406724
-0.0246491783742
0.0907266775501
0.00824530629545
0.0883117950212
0.0873092190896
-0.0173862288251
0.0428449780655
0.0478368366996
0.0558825948862
0.127008767471
0.0987820120741
0.0512002947679
0.0332024057153
0.0992004027463
0.0896093042694
0.105610565035
-0.0573271856665
-0.06366522589
-0.0451651626897
0.131723961024
0.0439107494712
0.118647966197
0.118158594324
0.113986008163
0.0143638655605
0.0216367693005
0.00942417621329
0.0376736358836
-0.00684943800295
0.0201369667078
0.139157233593
0.0261694799292
0.0591932498895
0.147741920236
0.0932333843902
0.0928267835577
0.033953457645
0.024763778154
0.0218331727783
0.0793115409516
-0.0243289593385
0.124093719495
-0.0432849936542
0.0409996690536
0.0685137007016
0.120109477227
0.112470756594
0.0278472917025
0.101933750334
0.0510712329103
0.0128212907888
0.00995351813401
0.0439593592654
0.0114632756173
0.0738426981042
0.0126727980571
0.109047565612
0.0963128961363
0.0333805151423
0.102781046052
0.0472175881925
0.0530616322085
0.0116906990737
0.0751536772863
0.0105705930828
0.0919271036212
0.0275635043385
0.0341916121152
0.0751606909529
-0.0813444366759
0.0921039962555
0.0732901178813
0.104354345213
0.115141416552
0.126261477546
0.0264649506953
0.0455371357264
0.0919175601236
0.0342109307889
0.0126610713088
0.0954226648242
0.0118943532132
-0.0553198015787
0.0669024082016
0.02699887935
0.0731970805713
0.072591113215
0.0529037383884
0.00107181502366
0.0942662629747
0.058762892322
0.00164761764243
0.105643682584
0.0427162274602
0.0331554788647
0.101190433721
0.107875274248
0.045497809076
0.0293413788823
0.144308299877
0.103041652854
0.101515786905
0.0555531404015
0.0414441915431
0.0349234655414
-0.0171578637536
0.106705054252
0.0458838867674
0.0957402685568
0.0952522408202
0.117542532296
0.0721138105772
-0.0625396466351
0.023753352989
0.0423532955044
-0.0169532771558
0.0644592903998
-0.0608482665403
0.115457188249
0.080837745244
0.063551910521
0.100408382329
-0.00129619491723
0.00535182350015
0.11757749802
-0.0613505143428
0.10945931839
0.0120418681191
0.0820471926209
-0.129827527051
0.130058217213
0.023684814003
0.0372532477278
0.106229267177
0.0839611434549
0.0797170043982
0.085994254682
0.13380771131
0.00919297676367
0.0697296114691
0.129189788283
-0.120994104483
0.0228235819122
0.0447568043562
-0.0142851526136
0.0669358633253
-0.00598440430934
0.0693246980804
0.0692674520809
0.0483832451131
0.0674746265407
-0.0254288199155
0.028412936991
0.0232258114771
-0.0329680981256
-0.0617657938513
-0.00662951576602
0.0359998214181
-0.060541294081
-0.0560770282334
0.0646507454911
0.00298052493464
-0.0156082575136
0.0136842040823
0.0949562896222
0.0222885702748
0.088682950222
0.0279420266164
0.0437411910571
0.0174014601997
0.0172307917382
0.0560126087188
0.0184457611138
0.031324712911
0.0872328217465
0.130383289905
0.0975333170921
0.0966471835109
0.0602587204286
0.0294393810133
0.0142852003931
0.0343886024967
0.0723304107633
0.0291834983535
0.0303063314017
0.0675402927966
-0.0396283643227
0.0123931568036
0.0443252079532
0.0530239809922
0.124612125756
0.0273834030612
-0.0646926737884
0.0700380170963
0.0941675946233
-0.0030474090485
0.0694493519762
0.0376996700662
0.0784188093638
0.0862001336016
0.0147920071379
-0.00426737361726
0.066325175509
0.047226661753
0.0277878110185
0.0271616076767
-0.0590384324273
0.0285456294277
0.0308937569491
0.0561877836615
0.0250589301533
0.0187051725568
0.0219016332998
0.104012142501
0.0796725106255
0.0846062288897
0.118857082201
-0.0194325406864
0.0604857804014
0.0923897326726
0.0493437522127
0.0895121868982
0.120967460842
0.0633028466001
0.0800204555155
0.0426140702655
0.0310377389424
0.0926825699239
0.123978991143
0.0600317252712
-0.026241571426
0.0304086556727
0.0477918225764
-0.0175373537737
0.060990388136
0.0502155940572
-0.0100158066535
0.0302512811038
0.0828407155613
-0.0382639429016
0.0949354352838
0.0494692132114
0.0661909562062
0.00899745724515
0.0929507135152
-0.0213419217496
-0.0526869082578
0.0255006388976
0.114625596858
0.106515491806
0.0488733256143
0.0195445665801
0.053715737705
-0.0620006804879
0.139207863827
-0.241581181415
0.110563985121
0.0661435714074
0.111562399801
0.0778302604537
0.0181257380747
0.0152099069383
0.0936670311966
0.0613793572931
0.0437737852132
0.0528290879869
-0.00691535679039
0.0237476679153
-0.0201492753249
0.108752655064
0.0802515017591
0.0890629453389
0.0716797077849
0.10611512205
0.0742056492329
0.0566301233211
0.00812546553169
0.0436513746514
-0.00519032240678
0.0564183421755
0.0716945386945
0.0721754791123
0.0597371399934
-0.00630801896851
0.104102889274
0.0722043552598
0.022014050313
0.0434347201547
-0.0217219504942
-0.0219556500022
0.0243711940217
0.0424351259168
-0.0223241483488
-0.0145967551786
0.10346472934
-0.0102374415206
-0.00146321020918
0.0357280610397
0.0830984818924
0.00116857838801
-0.0328219522056
0.0360066705978
0.0579452547507
0.0633661854676
-0.00538425103902
-0.0259620988294
0.0156368034702
0.0497476538361
0.00205292328909
0.125680658881
0.0134208795016
0.0356034781293
0.121228358788
0.0484679896092
0.0305569181167
0.0398755325602
-0.026748024967
0.0922636899558
-0.0302626469658
0.0756963112263
0.00456267248876
0.0456810230354
0.0207183788957
0.0512266510969
0.0499862487063
0.0520915099023
0.0580420206296
0.107656568602
0.0699581421874
-0.025839932352
0.0741386021674
0.0442256813835
-0.0125050816175
0.0968436228921
0.123333848806
0.0107327232491
0.0912581573166
-0.0499531108929
0.0670511175602
-0.0444284786625
0.0685917020135
0.073049261012
-0.181453161439
0.102691348096
0.0179009442737
0.098184462578
0.116365749897
0.0946150296893
0.0841745627339
-0.00257858058727
0.130406677886
0.0589747808503
0.0628687294088
0.0493198497338
0.0146012497099
-0.0291160610512
-0.0109328051375
-0.0310136536359
-0.00410383671892
0.0981525565977
0.125788417736
0.078778571387
0.034428697549
0.0946610153567
0.076496896991
-0.00614396242232
0.0577940344199
0.102633544423
0.00834958718299
0.0693290674149
0.113972194168
0.107904823023
-0.0788667883182
0.130462862305
0.0810725381213
0.128173934849
0.088579857297
-0.0204221364707
0.106146216908
0.097526005946
0.050649695033
0.0571122057941
0.0223816081876
0.100706239628
0.105229330404
0.0733378555842
0.0148306688303
-0.0553296155585
0.0156419908166
0.0158116568588
0.135718686448
0.129494177733
-0.0553579832823
0.103459074708
0.0555526999905
0.0571228495436
0.0429713099754
0.0306444939207
-0.00662818280444
0.105814647
0.0713170590973
0.0850702956161
0.103892522038
-0.0225898680676
0.0501547393363
-0.0577668464755
0.0681940882682
0.0650884161071
0.0205679181475
0.0199279949175
0.0682689828643
0.103414297876
0.0709901411672
0.0142932470282
0.0616494135456
-0.000603397609861
0.0256002778598
0.046618032785
0.0493412319967
0.0281290299866
0.0699402663521
0.0896424063288
0.0901011306825
-0.00995324575734
0.0716334586104
-0.0304880422766
0.0186644767057
0.0349318398505
0.0659943859182
0.118526621585
0.0261809328843
-0.00378672510184
0.0682646999689
0.0041464886549
0.0979837452145
0.085032925844
0.109713985184
0.0863326025693
0.0765282687058
0.0877725744347
-0.057802372912
0.047192994529
0.105600260467
0.0967614689597
0.123419324229
-0.0981415681145
0.00133306357952
-0.0441387251406
0.133511179513
0.0785948311438
-0.00454685381844
0.0423291338594
0.038376656365
-0.00214149430934
0.0427794021078
0.0497158343538
0.0578124401171
0.0631633091296
0.00851775169823
0.084653502776
0.112438536165
0.115252789086
0.0855337970855
-0.0563263507254
-0.0237604559533
0.0683132074652
0.0926646755362
-0.0341320007085
0.0966280377708
0.0651174165699
0.0272648110362
0.0868962404971
0.144331453291
0.0534590602789
0.0962186426778
0.114248249237
0.0144386954533
-0.0276526819584
0.0804091238344
0.0977319636629
-0.0514074613876
0.0299581425621
0.054502546473
0.00236025589018
0.130732782455
-0.0303621543396
0.130998754358
0.0770412725197
0.0418648300244
-0.0313669355455
0.0693698580618
0.119240344332
0.0392520404323
0.106723266345
0.106359333484
0.0743490907205
-0.0644698533539
0.0104961767084
-0.0236048215743
0.0928664960647
0.108422943253
0.0258335452886
0.0470414101782
-0.0529322768565
0.0453886743556
-0.0477215285138
0.106763076381
-0.0239642416725
-0.0531552410392
0.0228775611016
0.0386511123216
-0.0748762078798
0.0341498240778
0.124423431378
0.119558080317
0.0223316583251
-0.0852339226777
0.0467119193463
0.0395113449554
0.072272068936
-0.0260548077216
0.122436511312
-0.0149483732265
0.0610062896608
0.098026388657
-0.119484133077
0.083810824251
0.0649962170359
0.125643339919
0.0848824234445
0.11033792774
0.0338274054241
0.0575146234569
-0.00730305185053
0.112023234158
-0.0120318145816
0.00635912200207
0.132656908513
-0.012605775116
0.114908134991
0.0716160869749
0.0457742762337
0.00436821780035
-0.0745006156122
-0.0633282573673
0.0712774534115
-0.0367285657617
0.0864695484137
0.0222335599894
0.0361101750643
0.0558377114132
0.0789531896981
0.058812328417
0.0188771944164
0.0622855849701
0.0610871180121
0.125965216782
0.0527514164417
0.0675493321232
0.0932092953634
0.0714365051583
-0.0331107980803
0.0379219254311
0.0935656495112
-0.0239744879702
0.00343316200909
0.0510941001735
0.0194870362246
0.100801046299
0.142465912737
0.00215683300365
0.0129220340431
0.064818139915
0.0746297346022
0.0170444117346
0.114154264838
0.112411481377
9.43884382139e-05
0.0499850959627
0.0311043484241
-0.0461466001542
-0.00508769980092
-0.0101127968212
0.0696277043088
0.0230408817213
0.0624976140088
0.0816600947962
0.103348010293
0.0923743624959
0.0332686810321
-0.00586533505089
0.045074468667
-0.0225178657135
0.0364738575102
-0.0180070829894
-0.0374872459909
0.0323036077078
0.0159719983316
0.0595791537124
0.0165915777964
0.0572042625717
-0.000906116247359
0.0990699937726
0.113448948686
-0.0311374857714
0.0915289787014
0.0461279992273
-0.00261172197386
0.108833987757
0.0393703958642
0.0189361780904
0.00694832406637
0.147617749936
0.05360018517
0.115864017165
0.0856513039892
-0.00983983141749
-0.0318646802304
0.0185306651314
0.0472108870169
0.110949742579
0.0469160490391
0.0355428903738
0.0599220734
0.0766435087344
-0.0163741651642
0.0391054864342
0.079137417511
0.115384631833
0.0106179388332
-0.038949042242
0.00730153314726
0.0760879855992
0.10420890195
0.00917626472802
0.00285493687648
0.000594028321663
0.104110742082
0.0196260736426
0.0160659902801
0.106801048909
0.0704042785101
0.0777718852617
0.0848002850826
0.0686238054824
-0.0946762767465
0.0790027157899
0.135320042287
0.0027070963903
0.131534186201
0.0960969427735
-0.000691137803948
-0.0207588793677
0.0817703131887
-0.0679624740759
0.0849164110179
0.10496486193
-0.0155602875571
0.0977285600513
-0.0317976783043
0.0715081320106
0.0499193261711
-0.00620837038582
0.034589038413
0.0561481143056
0.0849646407515
0.0607319382374
0.0470863180201
0.0496102607705
0.0686117639661
0.0735685664674
0.103969963085
-0.056110242157
0.0633357148327
0.0856584463583
0.0593834182462
0.0806967008834
0.0286512978264
0.109329080625
0.0261216750144
0.0946263791967
0.0986869143
0.0747981061908
0.0105494080226
0.119174497043
-0.0178472252364
0.0136240185426
0.0620063012299
0.0256728544649
0.0853618479815
0.0681554671362
0.0515154230431
0.109592350793
0.0318121798038
0.0659255516486
0.0337023239195
0.102655497064
0.0753677430308
0.0578595243173
0.087208787689
0.0681218962651
0.103124261064
0.0842471626023
0.0382395383594
0.0418547303367
0.0201292690045
0.0288926699239
0.0776468594708
0.0441729294836
0.0597397220315
0.0165415273006
0.102658213329
0.00941296905517
0.0574910979102
0.0101191086928
0.0506960739968
-0.113208186228
0.0512635998684
0.0926056877725
0.0711681099331
0.0299549348071
0.0962442923859
0.0570179458702
0.0827644696886
0.123369818584
0.124731587078
0.0654125539273
0.0719038287614
0.0577372458717
0.137883906191
0.0885216075362
0.0770303194213
0.0108254981342
0.0686927703123
0.079380563667
0.0537816412521
0.00672676113386
0.0882930563627
-0.0946931432807
0.0277584399844
-0.0784322546792
0.0686492771988
0.0251901205843
0.0241197779074
0.0618894090282
0.042912869044
0.0158308045805
0.016107858203
0.0600180201986
0.124969047879
-0.0276975268287
0.043007711861
0.088058496748
0.0132137251239
0.0819598441494
0.0492220354271
0.0940003804606
0.0383581835993
0.0586258411533
0.00836276996747
0.0597464245003
0.0434428593971
0.104192801277
0.00336632166298
-0.0238121546177
-0.00899514455542
0.0551204397145
0.0672992018507
0.122793365353
0.0816812017482
0.112696834893
0.0223424593508
-0.005623482687
0.0710719475833
0.092497433297
0.00274951337281
0.0124347620349
0.0556730355914
0.017897808209
0.115183976029
0.0520579194594
-0.0313903394761
0.10365673329
0.125447489847
-0.00496005256228
0.00673850238118
0.0202207862584
0.105565971679
0.140076807124
0.118572587519
0.0230293233144
0.134142768803
0.0661749980995
-0.0503938457904
0.0468759395757
0.0865735590121
0.0501059528716
0.067339959631
0.0175027904387
0.0473892783111
0.0450823474057
0.0459592912115
0.0862851980081
0.0465345861173
0.0131408988549
-0.0675429838719
0.12326003777
0.0502762453713
0.0159457479183
0.097510212976
0.0275434357573
0.0716761278952
0.00597104604828
0.0590091919163
0.0630050333244
0.0306067354362
0.0584219324729
0.0976992544675
-0.0181243277049
0.0845411341906
0.0158586095938
0.053915238268
0.0946894907276
0.0450072662152
-0.000567551701386
0.0700320766562
0.0253806989444
0.019308842979
0.106829859406
0.0187463714156
-0.0501204209484
0.0450267579401
-0.125675226495
0.0709585451791
-0.0174546285943
0.00602127563456
-0.000997850533757
0.0994741458241
0.0138506775212
0.0777865349856
-0.0142432460791
0.0810410987528
0.0322857214793
0.0461762585307
0.0658310244672
-0.0324182143205
0.110055000359
-0.0499827487165
0.0489694104766
0.0484540799983
0.089916557789
0.0290246600105
0.113310298104
0.109817352595
0.0256834849698
0.109083558782
0.0884625786238
0.052285591888
0.00933203515031
-0.01650114537
0.0102609125304
-0.024425941131
0.0982758822819
0.125767945493
-0.0156656034461
0.106578774696
-0.0235828097504
-0.0635372230614
-0.045598712924
0.0608739550349
0.0649708149714
0.0858924406776
0.0651909471257
0.11854369616
-0.00458419173917
0.0359864944998
0.0426135121168
-0.0133598813238
-0.0392125339856
0.0614047647272
0.104671745082
0.00590013784175
0.0354029082223
-0.0402599790992
-0.0048652459378
-0.000166558510599
0.0575231918216
0.0720605421171
0.0516386192322
-0.0223752769045
0.0222702370458
-0.0244939578915
0.0126051242553
0.0336062426334
-0.014484572496
0.0291857602689
0.0211445021495
0.123237413639
0.0565600842309
0.0687123478774
0.0524452218753
0.0489748833356
-0.0464797674579
-0.020203896511
0.113604573338
0.0674158163881
0.0540289350368
0.0150701439863
0.0251345971217
0.0610263577906
0.0998890590645
0.0189421502401
0.0219371282252
-0.01514499075
0.0357605503907
0.0900190201978
0.124790967437
0.0881501932095
0.119963889153
0.00494921856023
0.0369120209942
0.0850349868164
0.00459411524089
0.0605157995874
-0.0172793381914
0.0310537491316
0.0584651240569
0.032122033882
0.0739484794613
0.00222339588237
0.00974007660439
-0.0338700327949
0.0401797983708
-0.0678660098073
0.0911625635875
0.00644848035091
0.0206731530611
0.0771934764124
0.0813030403841
0.138046344532
0.0292765788147
0.0311641603159
0.114054246143
-0.0103085645195
0.0924990932203
0.0310769905545
0.00454000718765
-0.0216183702719
-0.0537374807279
0.0133029168923
0.0778271521149
0.0270482248111
0.0716932611879
0.117869992869
0.0979623526289
0.111647610589
0.0344355252299
0.0640202185051
0.0617013345457
0.00915921472586
0.0500271382446
-0.00393185575917
0.0151451690868
0.0508696010998
-0.0169104725706
0.0408361912405
0.00245543737668
0.0734868561465
0.025386841628
-0.00906589769257
0.0868678520296
-0.0457375511435
-0.00681507572676
-0.0749365019788
-0.063233519786
0.135807370001
0.0424146571837
-0.0211510354722
0.0311006368528
0.0408966800143
0.128231589051
0.0527989205628
0.0994109811129
0.0547398847788
0.00875120062769
0.0146889972787
0.0177672377603
0.0962600375176
-0.0591504972818
0.0534355229527
0.0521100574746
0.0821981335065
0.072393535801
0.0147690884074
0.0235424269257
0.00600368314191
0.120322223436
-0.113768888578
0.0496040410729
0.103147707675
0.0664068140384
0.0180280960956
0.0171546997747
0.00433017886624
-0.0979477657744
0.0227228536
0.0321937510939
0.125787027839
0.0765999629597
-0.0561624693145
0.0604633969852
0.0419712092576
0.0999942883707
0.0504122620238
0.0964567736251
-0.00371314610422
0.120066152597
0.0925801814496
0.0430491713137
0.0892384986115
0.016298078035
0.0545676895299
0.0906104563237
-0.0231178861155
0.0333255133588
0.117829909108
0.046561396003
0.0559549489853
0.0645195418697
-0.0173021594874
-0.0137300558563
0.0479461088417
-0.000497781472716
0.134264501039
0.124810465811
0.0897151938423
-0.0137357205665
0.0517334894855
0.0754922549356
0.107575679324
-0.0247304651575
0.0592270434367
-0.0159132182751
0.0683772195071
0.0452087059781
0.0484971186097
0.123294535488
0.0114577763427
0.0807387474309
0.0509864288911
0.0552776382284
0.0817789235674
0.0390568603014
0.098623133906
0.106546296721
0.0950069033606
0.125182647217
-0.0678273458706
0.0989664497221
0.122729069753
0.0713338076847
0.00877813406467
0.014465770852
0.0116220872683
0.0612682609606
0.0756558509861
0.0854023824949
0.089524596397
0.067982651127
0.0664481000168
0.0269445375047
0.0516645221767
0.116961451514
0.0151394275554
0.0607038264827
-0.0143432997636
0.05258581745
0.0329386722479
0.0439464628257
-0.0316941636083
-0.0208981885168
0.0880947738025
0.106326354507
0.00477024343792
0.103497972946
0.0791395657085
-0.00755292649897
0.0619221032447
0.0492323497321
0.116669361472
0.0656341485457
-0.0172694561429
0.0459863595593
0.0159178575147
0.0829865135829
0.0413885648268
0.0844185106484
0.0447836986715
-0.010476880775
0.13840946786
0.0149331047524
-0.0361190077217
-0.00747232360552
0.0230388887602
0.024770263678
-0.0040078045615
-0.0926429622494
-0.061659698406
0.050251904296
0.0929325624906
0.0364166792523
0.0640529641469
0.0787310345286
-0.00468079616326
0.0635170367857
-0.0030406366903
0.00917957745085
0.0575134712756
0.0529813254016
-0.020779125766
-0.0265098830808
-0.0121531864804
0.0408906011048
0.0748765461753
0.0984884653681
0.0694350492162
0.0778021944972
0.024611735865
0.0574864280091
0.106368900502
-0.0772975699868
0.0911040585936
0.0757379112598
-0.00128743654417
0.0484250139922
0.0278703196942
0.0585597181656
0.0057774925277
0.0998695743928
0.0541428618031
0.00066749764833
0.0503764247727
0.0160058773462
-0.0835365572745
-0.0670471356349
0.0673378834402
-0.0172565140446
0.0484178696385
0.0609617767555
0.0517865347041
0.0756990160994
0.0330170873144
0.100403085678
-0.0336683633466
0.0291697093774
-0.0628852392622
0.0647461334523
0.0525106524225
-0.0505746691895
-0.00691794966592
0.105772977931
0.0361276658694
0.0741672069679
0.0935399631178
0.0701963376063
0.0678917946003
0.122991127759
0.0974327240416
0.0376340248773
0.10345398527
-0.00199287752866
0.0595967546521
0.124325230857
0.0444554123002
0.0785833059917
0.0668878124206
-0.0526732841546
0.0349638485451
0.0752285679548
-0.0203435447976
0.0896916108378
0.113219191703
0.0975122629904
0.0103388150732
-0.0289838110723
0.0346961366134
0.0335781179074
0.0771569460427
-0.0725151787622
0.135770162438
-0.0287280756363
0.0301836771664
0.0796330414009
0.111400262738
0.0258171838358
0.0998175610624
0.0635669574406
0.0805643343973
-0.0292826773737
0.0176946687788
0.129236892952
0.077367095228
0.0509158068159
0.128635918134
0.0706232626022
0.130225991071
-0.0268218908522
-0.0200559543772
0.0285753915287
0.0278347402287
0.131880222752
0.0751304842416
0.128727286511
0.0546878195106
0.120168841089
0.124101214843
0.00027485426662
-0.0116683091282
0.135554121833
0.0248340886162
0.0241998503509
0.0747916350909
-0.0846544251184
0.0160263622565
-0.0555098852031
-5.69349941681e-06
0.108434827814
0.0787103757208
0.0298084431635
0.132018882934
0.064696809958
0.0600898727564
0.0898874443262
0.0577450290167
0.0570302602974
0.0822656432172
0.0469727101251
0.0872042138318
0.0640970770353
-0.00837706876925
0.0682905169054
0.0916155544162
0.043564860965
0.00624113231255
0.0239260626072
0.0978964457956
0.0488756101935
-0.0615001247701
-0.00618264584616
0.101629574663
0.123583502052
0.0609301889601
0.0285257086724
0.0534108371949
0.0773039652264
0.0843189754001
0.0516767792482
0.0843250269667
0.0210209576999
-0.0141928763753
0.0468477556318
0.0974700778384
0.0958090599986
-0.030881209776
0.0923653642287
0.0770919613697
0.0964899739685
0.0575919132317
0.019618097902
0.0207663438799
-0.036455780379
-0.0333080230427
0.0485090268109
0.0364382261711
-0.0332335981525
-0.0354004812149
0.092449319382
0.0365940889546
0.031241650292
0.135021574898
-0.0450445192109
0.0394853731302
0.0551916635155
0.0716118863773
0.0899621670566
0.0798378437095
0.114851099208
0.036510644206
0.0132145502908
0.047945334411
0.084969617525
0.0897634906375
0.103936123549
0.0204853766057
0.100597864652
-0.0223909537554
0.106343864887
-0.116552393254
0.0791077524435
-0.0266165177362
0.133609201009
0.0608528848858
0.0532945207078
0.0803958311881
0.0385925887985
0.0197411630155
0.0694992370717
-0.0217176690162
0.0937708486092
0.0983640483614
-0.00353323574462
0.0731395420702
0.094786277726
0.0205341570008
0.0270363747926
-0.0467991890502
-0.00277741498745
0.111483819023
0.0180160660518
0.123806471667
0.0122858491442
0.0326024701087
0.0691236249792
0.0238900555445
-0.067892458245
0.0318608949661
0.0763425429863
-0.111253218595
0.0670899441164
0.0757582618464
0.0434032204223
0.0803595611324
0.0128403433595
0.040812357732
-0.103313055331
0.0295108512271
0.0995536556933
-0.0396942410725
0.083225123333
0.0536150428851
0.0515883244966
0.0238901641473
-0.0547831501404
0.0565582817328
-0.120886232609
0.0810702737618
-0.119785691278
-0.106538645884
0.0501453162449
0.0860160161427
-0.0233164887046
0.025920940183
0.0604064835208
0.055296823099
0.0571229088248
0.0750055377692
0.103749141471
0.0404392407952
-0.100337465141
-0.00738452181414
0.0876685157279
-0.0211831507149
0.0449358968271
0.0473477735633
0.144878688271
0.114275457411
0.0415690743215
0.11121118721
0.048072765012
0.0658640405974
0.000509112589698
0.0510098534823
-0.00101022043254
0.121200039789
-0.0383765344356
0.00653324070443
0.111494148382
-0.0637700342494
0.0660281737023
-0.0233172135233
0.089967625743
0.112678394887
0.0744651653844
-0.038004080141
-0.0820836888964
0.0587897098587
0.00307440027156
-0.00661636857738
0.0258737085638
0.0846000963309
0.096370339459
0.0780363555981
0.034052205365
0.131126895937
0.0766846054708
0.0371295806652
0.0349415891368
0.0190757243243
-0.0193379731402
0.0129155368824
0.112395085352
0.0594422289355
0.0305689611853
-0.0322920821282
-0.0116518046989
0.112963920212
-0.0761477579144
0.00578405479854
0.00426539100323
0.0624316558991
0.0977542668958
0.111005681428
-0.0725031118221
0.04327414012
0.0736122075902
0.0886616750489
0.0707596151245
0.0365113058681
0.0694385646579
0.0369262359518
0.0931618743578
0.0316938521359
0.0289842091492
0.0279402722827
0.0405585419892
-0.0485286211449
-0.0593444864143
-0.0540480149059
0.0446585048291
0.0680149924077
0.081975154474
0.0309791121045
0.0432755953703
0.0372028438231
0.017424211198
0.0557689831199
-0.0561907079727
0.0356572646761
0.0292052988858
-0.0320925087639
0.00240754080198
0.0057020600417
0.112806417812
0.105499677069
0.114275664031
0.0867965114834
0.0668115970886
0.0250551543522
0.133372577922
0.0726516767504
0.060999676901
-0.0161178472598
-0.0310132693327
0.0466825337794
0.118273448258
0.0348109595124
0.0780928109928
-0.0145115100856
0.0183915176852
0.0469024805458
0.0574460132385
0.116224968593
0.0622999768518
0.114956951611
0.0239549883667
0.0914479322463
0.083989369227
0.0715722733909
0.00637902473748
-0.00997582998375
0.112385084528
-0.0803624583642
0.0149960312326
0.032390008871
0.0755259851581
0.0613752464492
0.01918778952
0.100839857759
0.00193418305465
0.0223215776147
0.0737277394091
0.0787633260439
-0.00111308212876
0.0202684281185
0.0576782850611
0.0926785183197
0.00757573704415
0.0923680728325
-0.00451661993519
0.0762235753576
0.101452306368
-0.0148740261724
0.0095689975265
0.0399838849566
0.0481303845356
-0.0231008667717
0.0274173858906
0.0933022000627
0.0222988218074
0.0112650979699
0.101606125025
0.0758502372144
0.101523862694
0.0759176549979
0.0336267318924
0.0652055661871
0.0779149836566
0.112164745505
0.0635274846944
0.103000633869
0.0378122630025
0.0954429758799
0.0268547829628
-0.00177401390609
0.0573105578515
0.116757980481
0.0718191992088
0.0414586965548
0.0567913244672
0.0684516240927
0.0989469271463
-0.0475802430161
0.0205992832945
0.0428782287227
0.0619798831714
0.00388833592339
0.0189148467542
0.0804171173414
0.0377669480509
0.0368173382478
0.0100119923992
0.0185741622436
0.0305467810333
0.0420062910334
-0.0812316261602
0.0524749950762
-0.0545720946778
0.038454903358
0.1074128686
0.0696545551549
0.138420782568
-0.0126162858746
0.112788433704
0.0940752506872
0.0927925970569
-0.00237837459315
-0.0143289641717
0.0162113343414
-0.00779392468985
0.109259130729
-0.00257194524576
-0.00350863479315
0.0331368023308
0.00830476366195
-0.086631572353
0.0985325364443
0.0269037401902
0.1259597815
0.00989736656999
0.0945745745756
0.0204311361677
0.121284615542
0.0814847795311
0.0716086249375
0.0747411498827
0.117635184564
-0.0231710149522
0.116059003279
0.115512027302
0.0537861915755
0.0237313450617
0.00750604220764
-0.0598610309365
0.0207968455872
0.0944636893396
0.030842163771
-0.00395026694628
0.0854321418298
-0.0218748559705
0.0466043143924
0.023665179442
0.0590990708684
0.030905361052
0.12504685317
0.0151404607987
0.0181149382308
0.133399294536
0.0453600391074
-0.0784425721439
0.00907282938207
-0.00592805181046
0.00778748736853
0.0571923441365
0.0459707636244
-0.048098379848
0.0804057139523
0.055041103908
0.00796060985373
0.124137499075
0.0331624873399
0.13643974108
0.0296919018591
0.00817194823604
0.0368922375783
0.0642583686116
0.0562782955486
0.0705610165619
-0.0136295147632
-0.0204895072318
0.0043918883701
0.0464209380676
0.0107886907168
-0.085026864492
0.0249002486298
0.0359147715244
0.0887087515694
0.0193846730849
0.0794560388236
0.0954467644027
0.0728854245655
0.103210484724
0.0487610918872
-0.0109692041384
0.0850636697392
-0.00305302691154
0.0867983651233
0.0211941850232
0.0896119375894
0.0511026922805
0.0640290522286
-0.0656670769496
0.0067509842762
-0.0556137176687
0.0258493643245
0.0491011466204
0.0578844852539
0.0522810256378
0.0709956299332
-0.0131887675179
0.0674771860319
0.0181153810484
0.0958120524189
0.0574747336947
0.0417557280358
0.0119808782513
-0.0907792367528
0.0935864419991
0.0186681942033
0.06207906552
0.0459573763619
0.00344275173431
0.0538396562775
0.111544327601
-0.0236066557163
0.0223146830342
0.0485041117959
0.122672494989
0.0548952071774
0.127754618507
0.0686879764573
0.0569229734155
0.0769031417013
-0.0533271398882
0.148807813226
-0.0253788128325
-0.0815467383709
0.0691303839716
0.038372882166
0.055185570861
-0.0721421555423
0.0675510714559
-0.00441011973712
0.121768530115
-0.118445562016
0.0678143916142
0.0172750806996
0.0377790153066
0.00169198211163
0.0997237226083
-0.0314986713305
0.0491843505281
0.115516343019
0.0418120127747
-0.0360310783149
-0.124563662511
0.101131044539
-0.00578499691168
0.00512281145695
0.0948394960672
0.0683838377258
-0.0265416183594
0.0956501683737
0.0724348658321
0.104646869786
0.0612216530692
0.0407328651187
0.00991719996798
0.0160474061125
0.0785246230798
0.0588937342159
0.105920830059
0.0295069806315
0.033930875508
0.135056817515
-0.0580607981152
0.00289369052907
-0.00420776372371
0.0827883235907
0.0198341496991
0.0730785231568
0.0684937265638
0.0131910615414
0.0419404115098
-0.00133541512914
0.0616953762296
0.11829252875
0.0135320858479
0.00587899250948
0.0992519802105
0.0472540434876
0.0317847593462
0.0769949930487
0.113185731225
0.0359785117049
0.0442250475385
-0.02601439837
-0.00410275635321
0.136856171196
-0.00611313468718
-0.064613633433
-0.00623124409797
-0.00538837237679
0.0482511439981
0.125140657981
-0.00773849111573
0.0616025537788
0.0573862017804
0.0789971263873
-0.0781201317735
-0.0101079330389
0.107293136862
0.0192805980124
0.0482920962038
0.0314752504391
0.0636427950608
0.101363736532
0.0893056799842
0.0889722283794
-0.041606119844
-0.0336297741913
0.124208746502
0.0906997433552
-0.0145828478708
0.0576623776794
0.0855203107299
-0.00203508032172
-0.0547029053782
0.0218181414996
0.127640623996
0.0753635924265
-0.0541503211859
0.0427095041811
0.0613644788675
0.136321051058
0.0992635063641
0.0226138002929
0.0726503249023
0.125380016025
-0.0373969242552
0.0285102493183
-0.026716315077
0.0797294413992
0.00834929313552
0.0205293763111
0.0422473485627
0.0477125187903
0.012185868002
0.0932651023018
0.114555338655
0.100668106017
0.122278378728
0.052809703101
0.0733350552228
0.145207345809
-0.01632238874
-0.0462351118432
0.0150931825259
0.131063463312
0.094671953463
0.0282149880203
-0.00232374526555
0.0783596686768
0.0188883111603
0.0495573776059
0.0821577354734
0.0261173995179
0.0622111359373
0.00467304140066
0.0975397053834
0.117249622053
0.108045127604
0.091437526285
0.0321879521502
0.0136918672399
0.0981588613271
0.0909800305844
0.0756243957879
0.0568840419781
0.134994240868
0.0653878284836
0.100347590883
0.00906111079053
0.037370742786
-0.036063913829
0.00759798575601
0.0691112002315
0.000435687911345
0.0930440897168
0.0109339191186
-0.00631557817566
-0.00190612436208
0.0200356748052
0.0253104419609
0.0607095683197
0.027597036217
0.126583645887
-0.0232286735814
0.00388474215648
-0.0561323910722
0.118030979841
-0.0296810445567
0.0292960684937
0.119820022763
0.0706272519915
-0.0482486756418
0.105496149885
-0.0087901183823
0.0594732630872
0.0280176343623
0.129115422342
0.00712061082391
0.0640640505115
-0.0134618873635
-0.0324032231699
0.0312839023064
-0.0546173112944
0.0270714801243
0.0651481626067
0.0475857077565
0.0990401834853
0.117332776195
0.025530013029
-0.000913781713686
0.0257375094738
0.0483727816728
0.0638162260035
0.0828847014673
0.0234393892548
0.0729560940095
0.107716597855
0.12159335484
0.0948880638278
0.0716180014088
0.0155339688756
0.0491225841888
0.0330632467737
0.0657392506883
-0.0239016423275
0.0211140671133
0.0313869217143
0.0258598875902
-0.0528560765579
0.0701577823126
0.0904183134401
0.0472356329395
0.0610257731637
0.0891147773639
0.0569077904803
0.119070918565
0.110819169297
0.05778589476
0.0806161337207
0.121313393516
0.0365497882133
-0.0395307037792
0.134961937862
0.095630648338
0.121250812808
0.10660708314
0.000680539408268
-0.0190481483137
0.0337459644566
0.0148693286157
0.0454447207918
0.119685553848
0.106149377971
0.109916368067
0.108158384734
0.00576805095297
0.0826701301037
0.047883443102
0.0815550497441
0.0793661684721
0.108616178507
0.0379341721791
0.0777389194363
0.0549629431244
0.0187524521256
0.0452254712228
0.0095349825545
0.119868108712
0.0355400558819
-0.00283603777991
0.0828332928964
0.097123535623
0.125141501425
0.0774808748327
-0.015065694032
0.0586742917628
0.110966950415
0.0886812750098
0.0250161517043
0.00874416056466
0.000263135279188
-0.0891395483313
0.0586203056154
0.113583279967
0.115843875653
0.10456730374
-0.0432876674506
-0.0952037297799
0.022121095751
0.0505275708572
