-0.0278222378755
0.0141411992196
-0.073819219129
0.0930592638284
0.105676965813
0.0811020377234
-0.166519481835
0.0197801754759
0.0443869746809
0.0871428567573
0.0853405027277
-0.0298901885373
0.0240218175069
-0.0122267472128
0.0465076568
-0.0456968785865
0.0818066515877
0.0482654991073
0.0409252163755
0.0626637051433
-0.028062310645
0.0823425955306
-0.0113101808648
0.0783365853699
0.0493803312468
0.0999761139585
-0.0213316915267
0.0344335068083
0.0805162803528
0.0555064123773
0.102702608326
0.0591432368593
0.0814019664418
0.122454339251
-0.0838636139079
-0.022856542088
0.0964796387327
0.0369328361109
0.0826931395288
0.061469228327
0.108286182374
0.0549083585823
-0.0073836592456
-0.0391580578204
0.108997153337
0.111308990452
0.133442841375
0.0367349131188
0.0564059377603
0.0142253037344
0.0150838182347
0.0215894706556
-0.0388017456827
0.0487594541552
0.0815135989656
-0.0470839467261
0.060945803894
0.105311254171
0.0113063397065
0.122157061566
0.0518556671099
-0.0144148804993
0.047776432236
-0.0697468762222
0.00130974433901
0.103294062548
0.0162789120233
0.123748220526
0.0621147516615
0.0400518763955
0.125615320973
0.0322129742904
0.0766494565698
0.0951100420588
-0.05458005294
0.027057763219
0.0844103356618
0.0269968941739
0.0329978013954
0.120520573254
-0.0363455904931
0.0191646364909
0.10877560852
0.0562734314128
0.0789549478432
0.0422668471045
-0.0470680513683
0.070718382937
0.0877559933081
0.0742082534769
0.048881532776
-0.035987018452
0.116933258404
0.0943457922931
-0.114759933094
-0.0190056488733
-0.00815854501635
0.0654981830814
0.0849003691367
0.0391763911756
0.0936461823375
0.0822269779459
0.0142402026006
0.0926289128027
0.0926601985356
0.0317998281236
0.0928509478485
0.135492138067
0.109461834763
0.0900811916066
0.0480497098119
0.145754754147
0.110226279039
0.0193062816123
0.106206489204
0.0479667296066
0.00638099992788
0.0661176179297
0.126270884833
0.110171542405
-0.0639645276179
0.0516755419108
0.102144610497
-0.00815677580677
0.0240331490533
0.0499412015171
0.0740661933579
-0.0455483190767
0.0235914108772
0.043416968887
0.109257739201
0.111246355972
-0.0254764036717
0.092105560144
0.106592225926
-0.0147038624806
0.0267456782738
-0.0458619098555
0.0434378525933
0.100051480853
-0.00426325983742
0.108258500617
0.106310265432
0.049502319317
0.0470364767814
0.0313010637995
0.031410575003
0.087014123385
0.0933164571735
0.145072851058
0.099544306029
0.0392318412531
0.065750277253
0.0950204813822
0.0256611304994
0.103877339793
0.0636748044822
0.0712576530724
0.0123083167748
0.038939845809
0.113020010366
-0.0169242245678
0.0527540265265
0.0575245500495
-0.00963786586482
0.125976375437
-0.00417211998864
0.0703537204677
0.0202933134234
-0.00277023565903
0.0354161396514
0.116675406865
0.00104348323884
0.0796883472291
-0.0822490596244
0.101220388603
0.0431125909106
0.0584972933761
0.111219176291
0.0605534088393
0.0814907169905
0.0613713164541
0.0479256892038
0.00443045813638
0.0397542750178
0.14823450344
0.0749841410817
0.0334694737607
-0.0274167565046
0.131039128264
-0.00251057382631
0.0158250496564
0.0661409796542
0.0564224939792
0.0962917184807
0.0113236868185
0.0949967940105
0.139060273503
-0.0745271565061
-0.0626216109391
0.0191858712209
0.0716898337252
0.0652185542984
0.104567137754
-0.0109123901036
0.0319373914669
0.0671645161138
0.082267862915
0.122343999599
-0.0234031161938
0.0616453906453
0.00354431408781
0.033472605177
0.0898790505143
0.0730670766073
0.107767970104
0.0409468301191
0.0278695984916
0.0463769064379
-0.000420670095919
0.0232819136943
0.0502517251391
0.0596035487056
-0.0527355604623
0.0909781243091
0.0568250360517
0.110006732558
0.101686367992
0.0509265397912
0.0259317731268
0.101388989699
0.104746955108
0.147427386449
0.0372743411077
-0.0278912875791
-0.0340427384389
0.0820036153514
-0.0025507671407
0.017492432285
-0.0414077191221
-0.00727991694984
0.06157006856
0.04479868394
0.0474617439184
0.127402001744
-0.0578597437665
0.0987896491024
0.114065882759
0.0339792558107
0.0248850721197
0.122116036093
0.0148959561061
0.0097846944877
0.0394141280564
0.139474426884
0.102210342959
0.0324467415326
0.0747503725834
0.116350212982
0.00708518693704
-0.00860951946955
0.0407883983874
0.0619386671544
0.0161889976002
0.0127796754756
0.0142846145858
0.0120069944375
0.0456537110012
0.10881013176
0.0276523892747
0.109410984683
0.0469978841487
-0.0481376399179
0.0351120462604
0.016343056679
0.105072562721
0.0169952391634
0.0994614570512
0.0919134632906
0.0608458356757
0.020633934597
0.0282617596118
0.0483984980804
0.0354379782656
0.080082457451
-0.0245957278713
-0.0289380935578
0.0629012211859
0.0474621798374
0.115485018515
0.122370195592
0.137583785234
-0.00429318000555
-0.0260390989345
0.0946118611978
-0.0534393657015
-0.0114744245583
0.0199879167579
0.0976355204924
0.0322705054505
0.112756335591
0.017191016893
-0.0155583625614
-0.0117038548201
-0.0410477832469
0.0702344935014
0.067876534824
0.0416429731642
0.00834959476996
0.0179036808748
0.103433784116
0.0773587791931
0.00412314790218
0.0563277709281
-0.000659516086349
0.050861688981
0.115494507043
0.0661887907116
0.0312714389773
0.12699218096
0.0350238735934
-0.00739997393402
0.0799108172597
0.0548502520319
0.0571360958112
0.133728334109
-0.0226581724051
0.0684963351633
0.0345795187006
-0.02487525998
0.0367764059187
0.0540073090349
0.059104183429
-0.0164505084611
0.0842212411801
-0.0086567966935
0.0294826182114
0.0707289202212
0.0329884483849
0.0593478011544
0.0630111958163
0.0739032953043
0.112077299957
0.0219879460924
0.0211278997712
-0.0679786131986
0.110487434351
-0.107652870351
0.0504395892006
0.0430860240791
0.0239005704574
-0.147916479179
0.0373795332878
-0.0148923147762
0.0858832914033
-0.0924981492235
0.0716350586983
0.0558301648854
0.0457813881065
0.0694259122815
0.00212191375407
0.00196502742324
0.00523427932233
0.0121402807616
0.0296588966124
0.0361407154801
0.0305963236765
0.0189948252978
-0.0644911592961
0.0459225703144
0.046014208492
0.0346105611282
-0.0358422478864
0.0968799701143
0.0274408061763
0.0129869469131
-0.0265200425771
0.0983323784264
0.082716469964
0.0658251482605
-0.0210636316116
0.0227532688588
0.0934134475805
-0.0809603250154
0.00966959685254
-0.0164146530384
0.0172257852455
0.0991401183617
0.0749753854109
0.134634142277
-0.0247450357324
-0.0150282704511
0.0241691278807
-0.0331514477103
0.0618777654882
0.118191033624
0.027203627201
-0.0178264168611
0.0364779734372
0.0468645843105
0.0514455848945
0.0737013764645
0.112355980739
0.107996113539
0.0342969129386
0.0928904189026
0.00321673767789
0.0265684234703
0.0874278447633
-0.0420849113689
0.116313478478
0.105736231741
-0.0155046286717
0.0131091882867
0.119525012465
0.020003764212
0.044852492049
0.0657896279744
0.0630024481426
0.0592803400933
0.115596295566
-0.0667105423595
0.0518067505346
0.105415490827
0.102504345942
0.0286313986851
0.0217147144786
0.0894200703765
-0.064016123374
0.115295956583
0.0257221647471
0.112478518977
0.00821356362198
-0.0092266277354
0.0992907051364
0.05555049084
0.124889389454
-0.0411451939493
-0.0385616137528
0.122279913653
0.0610045891623
0.061621917365
0.0495835010712
0.010282638995
0.0278043290207
0.0371980198571
0.0815691251219
0.080062124099
-0.0535756767663
0.00469921445522
0.00199246786397
0.0834717412284
0.0699509435756
0.0732889259717
0.083995970511
-0.0111370048558
0.0768698008341
-0.00312088443421
0.0615984339703
-0.0242144251566
0.00748037398706
0.0407196814333
-0.024610310514
0.0639357249336
0.0359987670711
0.0229532041073
0.0561658485771
0.00911519164828
0.0744764922304
0.110450023043
0.00155165322704
0.0983126094736
0.0434604905627
0.0961824315402
0.0493803084181
-0.0183141385809
0.0587850670293
0.0171961908759
0.0178683090559
0.0538187404523
0.0629601266505
0.0974750195047
0.0580491204448
0.127763439038
0.107009997996
-0.00789125248103
0.123556329488
0.0334495242891
0.108794523146
0.0205831813024
-0.0325171788341
0.0564084879262
0.0399470578877
0.0666377332791
0.0258027711499
0.0185025864537
0.0203919295979
0.0611902810114
0.0306190476236
0.0817338550097
-0.0131806744716
0.125089214414
-0.0135937962514
-0.0274037791794
0.0503823313105
0.00116710554491
0.0816401062948
0.11192117471
-0.0670254360091
-0.0421560814592
-0.018022246189
0.0903182940557
0.040092862394
0.0632422199571
0.0607170540176
0.0826002043294
0.131599469968
-0.0287518975305
-0.0462364437948
0.0789329837149
0.116514968841
0.0424745170054
0.0928246827921
-0.0267253775756
-0.0689992474969
0.108097142487
0.12853622774
0.0698129087428
-0.00507220505146
0.00593698471873
0.00105918650052
0.0180482270467
0.0624169848584
0.0449729661739
0.101014312529
0.112314417027
0.0900619411408
0.00305345127948
0.0877903534105
0.0374447823692
0.0836126954361
0.113143544487
0.0685181194477
0.088119782743
0.0671997755019
-0.0225255320273
0.0319269799514
0.063549628937
0.0823388928992
0.0287038343479
0.0377056630336
0.0317237653276
0.0271778697658
0.0641463703022
-0.00281954728406
-0.0129857025449
-0.00991684843045
0.0101436528289
-0.000532131741481
0.0218386251188
-0.0248306105985
-0.0437010407763
0.0667230416692
0.0512267741412
-0.101316651264
0.0524199080336
0.0653040584947
0.0470519011712
0.0583019044816
0.0362706783945
0.0296553828585
0.00898190437844
-0.00728163534629
-0.0167950334698
-0.00542722987037
0.0712205448919
-0.0790752251521
0.00859370724651
0.0526439056153
-0.0054551081703
0.0291373770805
-0.0373347809972
0.0232552589961
0.093535832886
0.105625486675
0.0286100641053
-0.0659087318115
0.0372118469607
0.0148914018356
0.00358719702503
-0.0569903521531
0.0678769668275
0.0118912125098
0.117179656305
0.126192714856
0.0706628408411
0.0468321075472
-0.0258266947154
-0.00479016782047
0.0458379310943
0.0694218269994
0.0100174226176
0.0610989013406
-0.0460138248575
0.115483484889
-0.0391244501815
0.096827253447
-0.0509096196334
0.106926856277
-0.0482710067737
0.103522543524
0.0806598823786
0.0423543673039
-0.0263447871182
0.0576712672778
0.0780376709393
0.00414918205731
-0.0164518927367
0.0481954532049
-0.0446196885632
0.0345145324166
0.0562563456517
-0.022963434953
0.067561408618
0.0956029887298
0.0253569602378
0.0828855382082
0.127507136907
-0.00511159694487
0.0674114459089
-0.0395778954536
0.0671231838322
-0.0961444275425
0.0490451548182
0.0765833399894
0.00704869938843
0.0713097069598
0.089351332219
0.082707104154
0.0444344411264
-0.0354902978183
-0.0591734380827
0.0123373325757
-0.0358864372622
0.143985249523
-0.0551600583377
0.0827837037535
0.100114570095
-0.0891275679949
0.0954158230336
-0.0117651927444
0.0556131127808
0.025402222564
0.0463984023226
0.0560577114404
0.107438109066
0.0359707931768
0.0645527577173
0.127104122022
0.119075982657
0.0853671446637
0.0203433861462
-0.0338303876232
0.00839779063449
0.103866005643
0.0909686129509
0.0137708978281
0.0273309978283
0.0264934135934
0.118028265338
0.121183863733
0.0667809848467
0.05660770655
0.0588767397441
0.0141755138342
0.0402703609224
0.0491045557311
0.0447850471374
-0.09563556115
-0.0129988760573
0.0372332152285
0.0966974539518
-0.0096871727848
0.029999602497
0.108770380601
0.0948442551196
0.0948740656811
0.0191628365838
0.0284181562613
0.0549789860521
0.00468212133159
0.107639136422
0.117073628859
-0.0572372471248
0.0787198420603
0.0434523003224
0.00661361101951
-0.00954414433041
0.135443592666
0.105088682591
0.0209854555657
0.0669602380143
0.0797746796963
0.0812005609951
0.0805909702484
0.0909735835196
0.0656255001301
0.080228432096
0.0608867252488
0.0238927464266
0.0146537711156
0.0484884554151
0.0406544522753
-0.00766370214339
0.0634443552539
0.0931248240315
0.0989084172423
0.0285284570916
-0.0117937072702
0.0754401377123
0.101244068355
0.0262170204322
-0.0180616730147
0.0422163246747
0.0706359345639
0.103370447572
-0.010368760723
0.021939523371
0.0621866570972
0.0939860902341
-0.0304914622141
0.0414432708308
0.0165661444795
-0.0583445790744
-0.000695731694558
0.0529603230427
-0.112764582405
-0.00607965442597
0.105420236654
0.035342759544
0.0847947984155
0.0924954932726
-0.00358087603674
-0.0171079933152
-0.0630357516624
0.0110964331035
0.118105914835
0.101688925
0.105005138157
0.0271657220322
-0.0085876080544
0.0199344099708
0.0335747727123
0.0518948424711
0.119986639082
0.0621905204786
-0.0348989045016
-0.00205299181332
0.0377697573424
0.0388911588119
0.0764323420285
0.0611203247153
0.121390855362
0.00460730940377
0.0971388663891
0.107607306956
0.112682315712
0.120064878287
0.0130420325087
0.0285833599815
0.0258029763118
0.0624193441176
0.0101101249121
0.094713702092
0.0664947053701
-0.0139051421284
0.0163629129025
0.0552004996215
0.136700829008
0.0901365454832
0.0531256499807
0.0157493478845
-0.0158070899442
0.0905000416416
0.107469873625
0.108763169056
0.0322040034025
0.0446403141366
-0.0112228172729
0.0321558262888
0.0903469347718
0.0958624416682
0.104339771996
-0.0928293056557
0.0570986403086
0.0077020828953
0.0592708590154
0.0361661288287
-0.030888210157
0.00446071897432
0.0767128608837
0.0679069595411
0.0329662146006
0.0437208145422
0.134408881106
0.0188143294344
0.0574359796302
0.0755843913955
0.144641298221
0.0407503537982
0.0839389616683
0.0204862539378
0.0395932852285
0.0267908181011
-0.00612226874691
0.0315181840873
-0.0690867637011
0.0233276425885
0.0766639019699
0.066516064853
0.0649600109792
0.00375064573406
0.0730800975353
0.106708144416
-0.0320695145066
0.0987700087278
0.0334980256457
0.0703709922452
0.0850393939518
0.0662836038314
0.0401832426776
0.0504266752234
0.0644105931764
0.00288214602453
0.0575216072606
-0.00659072260728
0.0187076112853
0.0211249340709
0.0995745950659
0.0841370958451
0.0641030006444
0.0426933635166
0.0410931021214
0.0531421236265
0.0867636801314
0.00666396332733
0.0222102257607
0.0784532280901
-0.0142922235841
0.0139723451654
0.10841954105
0.096895282728
0.125769448284
-0.00746719322084
-0.00666496946837
0.0874155806927
0.0673323561355
0.00615386979972
0.0835449904297
0.0556090731362
0.055065822922
0.0494735154475
0.0961958293397
0.0743503875541
0.100385776819
0.128666984709
0.0825167491756
0.106505555319
0.0793825839426
0.0664948605948
0.117307645724
0.0329165307897
0.0700135951211
0.0125339681808
-0.0242135333503
0.0182579389072
-0.013772594147
0.0684632150511
0.0171372754442
0.0446793420435
0.0585439733414
0.114263427666
0.0538301090863
0.0228187206151
0.135846698307
0.0889521651341
0.0540298264215
0.0738501467677
0.0238964343285
0.0707965568447
0.0634875140177
-0.00384182510793
0.0793803723026
0.0689975455901
0.0340219149799
0.0443440159982
0.143753740956
0.0755383146517
0.0578696516423
0.029467999701
0.09725824958
0.0596752494574
0.0455985441637
-0.00890358280501
0.0538617664175
0.0344699431343
0.0108387666639
0.110034077374
0.0713361033246
0.0817308744942
-0.0544371050043
0.110828466481
0.0668218929827
0.0519893270791
0.0794558459634
0.0952326774005
0.011114713717
0.0537871897417
-0.0501789411073
-0.00180182202691
0.135590527304
0.00757451578108
0.0353946520171
0.108064828824
-0.0352796858635
0.132953016512
0.0811102017858
-0.0262795136808
0.0285003904299
-0.0197456241438
0.0381541140686
0.0300714608536
0.0682350504013
0.0647282626588
0.0821213009187
0.0643566419058
0.0633865409596
0.0619213498097
0.0561122244415
0.0241094495533
0.0482299183171
0.0103872669468
0.120766016485
-0.0121925919181
0.016888028434
0.00857348498896
0.0269645414242
0.0863199826701
0.0874264858822
-0.0438308610459
-0.0416641881146
0.00550694416979
0.122032866968
-0.00899282450201
-0.00528575871427
-0.0423970809071
0.000172055243165
-0.0434784556254
0.0172672496213
0.0148579934485
0.0380230139411
0.135689677965
-0.0553383336899
0.0507934888797
-0.000796242995511
0.105610772977
-0.0180931974674
0.0694862960482
0.0743588210924
0.000830857271722
0.0920551572026
0.0485277138436
0.0178532326375
0.0792699748729
-0.0272997994396
0.0875287184801
0.0457106076694
0.0653662423518
-0.0129690844717
0.00423926565195
0.123032966412
0.110810495381
0.124843906594
-0.00607473015319
0.00988912404796
-0.00908532445316
0.00847458750911
-0.0199995210594
0.0694027689476
0.090293073113
0.0460602257997
0.0256355652091
0.0956437612965
0.0647876736132
0.0815351434276
0.0932017678942
-0.00322000938164
0.0464447736429
0.0682014665415
0.0969074859235
0.114256493145
0.0618071263575
0.0469228870911
0.0845919827749
0.071426052069
0.106911895964
0.0550015081542
0.0360596444823
-0.0188395131823
-0.0813991213508
0.0806574899512
0.106473309732
0.0833636921436
-0.01789826194
0.0800131922406
0.0998915625153
0.0659631184918
0.100422528037
-0.00730425319871
0.0535697014455
-0.00834734786793
0.028722174651
0.00191868710166
0.0497797744474
-0.0551137033858
0.017951314204
0.0129668121888
-0.00478915659339
0.10875185976
0.0576090278225
0.0428061631154
0.119225927029
0.0147416672317
0.111819241581
0.117814031133
0.0677440235001
0.03977518352
0.121722615319
0.0741466413279
0.0764832114738
0.0954492264779
0.0785505288618
0.024573761051
0.130759658825
0.121393008095
0.0933584993045
0.0457813137007
0.032737394748
0.0684087806583
0.0356987301371
0.108216110025
0.116927501235
0.0483679606016
0.028235378556
0.132054879973
0.0202207500733
-0.0354786361996
0.0136506180008
0.131903223523
-0.0109262785004
0.0894869891974
0.0849217373544
0.101449806252
0.109471086761
0.0831624068349
0.0554736875647
0.0668493335375
0.0207609877105
0.0842070394102
0.0314600373662
0.0288797819294
0.119558492058
0.0111032506714
0.118997905909
0.0315544156864
0.0716203253376
0.0721875196777
0.116442289799
0.0734540359968
-0.0295648714702
0.0394923987981
0.0642454050276
0.00696903536602
0.0413102820373
0.0444322179196
0.0779232242905
0.044696399006
0.0613784516913
0.0903166998134
0.0888740297407
0.0378405163943
0.0448288957564
0.0771273219629
-0.0703958127136
0.099765439912
-0.0085753462821
0.0588249718688
0.0321122102602
0.00939155181073
-0.00558144957134
-0.00902605629926
-0.000888813288897
0.0297563704255
0.0274783131224
0.0903099527168
0.00344841361877
-0.00253817251729
0.0309337546372
0.0122693991961
0.131303508116
0.109562583478
0.0861866411544
0.089649461098
0.0686704461247
-0.059747535302
0.125164625491
0.00613947477708
0.0316389382308
0.0229573197909
-0.00733630057219
-0.00567861230246
0.023339980623
-0.00452426278264
0.0459782627542
0.0596015526919
0.143696361106
0.0346836678547
0.00443125946191
0.114586505029
0.0297851867154
0.104350783354
0.132713509471
-0.0427532055045
0.0895016279392
0.126103918338
-0.020588534096
-0.0390424337808
0.0797406180089
0.083087705833
0.00463292022398
-0.0258058963879
0.094939848971
0.0738907717397
0.0518354854422
0.104399883038
0.0286694377762
-0.00315761721189
0.127870321454
0.0875935015907
-0.0269837400661
0.0109660042029
0.0845631238181
0.0253415102421
0.0735991496571
0.127566945459
-0.0211701461829
0.0435751134064
0.109571381036
-0.0177499003464
0.0370040244777
-0.0534585894462
-0.0192003827586
0.0267544490954
0.0513042156709
0.0307657537072
0.0285900322476
0.00850554329991
0.0842132231778
0.0613482390385
0.00617923848869
0.0290734851031
0.0424190148765
0.0113052105754
0.0530582138209
0.060683098932
-0.102003797236
0.0528500072697
0.0218943995909
0.0927825914101
0.11531027102
0.0553176775673
-0.0147071877625
0.0806046584021
0.132027008199
-0.00139439505768
0.0642989721917
0.0916118355198
-0.0304864733347
-0.0404222690841
0.0765785014305
0.065739729954
-0.0281883597966
0.0769101271372
0.0345520102674
-0.0018595963039
-0.0180874511682
0.0885604415012
0.0595425779271
0.0156917445904
0.0860765867054
0.0423243423734
0.125945234479
-0.0743973161874
0.0139790136962
0.0973740167697
-0.0303056834835
0.0626796591843
-0.0480626307752
-0.0419973784537
0.0221971587539
-0.000642974662645
0.0836332440364
0.109702722689
0.128756774072
0.0629250518365
0.112954827655
0.0344749486987
-0.0125648519706
0.0465056419416
0.103068394658
0.106052976895
-0.0130394772879
0.0302824950064
0.0687197034192
0.0873075650878
-0.010733812638
0.0760834619153
0.0710513317205
0.00142530838423
-0.0072503076955
0.0600716474677
0.00288976497198
0.0505119452736
0.0531310478589
0.0366040383485
0.0802342543234
0.12837745724
0.0459143994878
-0.0233218920125
0.124382570611
0.0948192409691
0.122240878666
0.0710983508603
0.0548365579216
-0.0100511530463
-0.0941226334735
-0.0123658210807
-0.043974831235
0.0930041763647
0.109350070293
0.014475762747
0.0940436679202
0.0534194030894
-0.000654904431014
0.0260288521222
-0.0557100458854
0.0682804029526
0.110640490309
0.00425392917384
-0.0494788835585
0.04931648418
0.0696500022672
0.000327660652844
-0.0110779441948
0.0756930149807
-0.0776922701776
0.0190197559276
0.0553657030782
-0.00851415042137
0.0532060389617
-0.0106501123497
-0.0327412602419
0.0813839281916
0.0683549081056
0.0692504667213
0.0674992923997
0.0479300217084
0.0305433955444
0.0560110512696
0.081455252545
0.0494131478513
0.106556592674
0.0316458716564
0.0996097493895
0.0843355809258
0.0962627798227
-0.0684386134046
-0.00413531535008
-0.0955533371213
-0.0176280951078
0.123574541978
0.100799505391
-0.0200379748271
0.0114792856396
0.0185219505627
0.0609312507273
0.0921294290779
0.000656319655308
-0.0308393919302
0.099298289754
0.0991819183823
-0.068782335587
0.0386117469142
0.0174506290237
0.136879880422
-0.000252269936873
0.0964742527622
0.0437866311032
0.0506022944909
0.110471475023
0.0600926852871
0.0518810209675
0.0485323034611
-0.00139036741728
0.0558618399894
-0.0654947861233
0.0500134568337
0.0473312068538
-0.0958540117192
0.119260074879
0.0953001562932
0.0582988578746
0.0959117432288
-0.0157623893153
0.0865636603775
0.0738480360628
-0.0447308286189
0.0804265927004
0.0581453646546
0.109213653949
0.0301092547546
0.104780546742
-0.0151056282842
-0.0276826668811
0.125043571776
-0.00134228645791
0.0688797388023
0.0270956268133
0.092963262398
0.0489787454815
0.136242672726
0.053013762269
-0.0200086962164
0.081681844354
0.0902911438713
0.0906308253864
0.0946273296675
0.117810497829
0.011384358215
0.0898475457835
0.0139884787807
0.131103497726
-0.030861816542
0.0898432712605
-0.0126990134568
0.127084332011
0.0260498431863
0.0036404879922
0.0621931537018
0.0509557204666
-0.0340958479053
0.0684779513401
0.107390338367
-0.0854067074598
-0.00027150216424
0.0760793874902
0.0486263874308
0.0548367744783
0.0787517183418
0.0707977728121
0.102819454728
-0.00498854296513
0.0887257152836
0.112206382628
0.1188030363
0.131471928253
0.10377719252
0.0639567184609
0.119324791312
-0.0268161220865
0.142666889181
0.0780969403761
0.0861297564701
-0.011890403427
0.0398517882997
0.0401326092855
0.0997220042561
0.0284792591951
0.0911827850295
0.10446835448
0.0840925643365
0.0199767609903
-0.024160800943
-0.0127610133484
0.0202171094513
0.0835641531544
0.0821174055507
0.0849554464159
0.0700585258587
0.101244556233
0.113033084814
0.0539061336912
0.0382477774336
0.0297722558567
0.0668047469668
-0.0310322806591
0.0724462219395
0.062625825919
0.0428495764546
0.0459166386833
0.0262521724753
0.0291233116475
0.0157286698488
0.0782557083201
0.0974572119635
0.0932580522977
0.0971233520436
0.0294223197724
0.0470433981257
0.0901511828269
0.0117651335069
-0.0298140050395
0.0335726779058
0.0537914283489
0.04718458437
0.0597939543519
0.0662818479298
0.100510048156
0.0539747554528
0.026878978736
0.0576779660297
0.114937938799
0.0350682238226
0.0387993336347
0.00332165713666
0.0601958303159
0.0529773811647
0.0183397983869
0.0726669743944
0.0303005271762
0.0769464237613
0.032928411038
0.0739461627821
0.0370294354252
-0.0300879373297
0.0914007866485
0.12114385865
0.0467183430254
0.0845441766703
-0.083327374182
0.114478264384
0.0922977847914
0.131294783468
0.0636882582216
0.0628435781829
0.103917201194
0.0846797793334
0.0398875473526
0.0149820217284
-0.0118139318163
0.0297160653263
0.104235551288
0.0297848080301
0.108879439105
0.0584027781252
0.089424012063
0.0189886028297
0.0953614310687
0.0444290547659
-0.00385781157799
0.0111521356671
0.0404228956469
-0.0244248143317
0.0179562347131
0.108997997606
-0.0873959195501
-0.0129889167098
0.123340578493
0.0519005676893
0.121462128913
-0.0194791250185
0.0243102714647
0.058629867763
0.0278481776843
-0.032666132647
0.0901591285735
0.0790712111503
0.043974780977
0.0480211624724
0.00432312955409
0.090627855017
0.0350947193297
-0.000805018027204
0.0138231630747
0.123676319884
0.0923396906528
0.0898597971929
0.0435292636232
-0.0136079270089
0.0868289391994
0.085809549418
0.0135654636064
0.0614183480376
0.00590078760744
0.0772755665174
0.100741124237
0.0521505323792
0.0858250104262
0.0162940767625
0.112477104624
0.028416031199
0.109353502378
0.107212602203
0.0512807368903
0.0649542954751
0.00418145396198
0.00816931836482
-0.0369855967178
0.060166009303
0.0604468049702
0.102824487357
0.121608636518
0.0891034501393
0.0729882243838
0.0856722840021
0.0768406704712
0.0289328022541
-0.00621760484565
-0.00879401875467
0.070260058375
-0.0390558096038
0.034095213279
0.037654381127
0.12155438271
0.0783144497369
0.113189949254
0.0673991098706
0.00990289758367
0.0408882614755
-0.0259095251465
0.0286687448593
-0.032284913402
0.110760120929
0.072054628924
0.0345944084499
0.103974744817
0.0231009755267
0.0280386241681
0.0660323087313
0.114147070012
-0.0271429168512
0.0937802987777
0.00739236970883
0.0453349885528
0.0797225724502
0.0795655241165
0.00775307758831
0.123381809126
0.103203986356
0.119410962359
-0.0752465102843
0.0607840144133
0.0792361276752
0.0939793186056
0.0176426854653
0.0326294299313
-0.019107467765
-0.00547013452106
0.107517829436
0.0605322761207
0.0616231112452
0.0274510797562
0.0880293869719
0.0123316963871
0.0835918113738
-0.0814339638665
0.027852931412
0.038210616392
0.131290573137
0.0896106459061
0.0753906383628
-0.0215347738969
0.0922459251604
0.127637946005
0.100162655185
0.0945454963144
-0.0392419998921
0.0949203623195
0.117716969987
0.0728748023466
0.0470162789786
0.0833157198903
0.0496755402736
0.0670590659452
0.0116223999202
0.0838473045029
0.062033473413
0.0607654968363
0.133554982081
0.034617389927
0.0233817481877
-0.0244162554046
0.0513780980748
0.023689268012
0.104293113032
0.0635514901693
0.116254470228
0.00658408897315
0.00437943148791
-0.00255991207317
0.0539480006619
0.109343098884
-0.014926357561
-0.0099491300082
0.102075298631
0.0258837009108
-0.0638343370141
0.0788742021112
0.0569998265283
0.0388518651123
0.0460466470795
0.0180896563698
0.00925275682433
0.103217184722
-0.0147047125228
0.0618941831299
0.0594568124619
0.115486440185
0.0574002342745
0.100619866231
0.0487164890443
0.0201727647736
0.0984036679029
0.0461128193946
0.0113127798424
0.0111255993426
0.0872474660299
0.127438310421
0.0333390597982
0.0136969319146
0.0282182357367
0.0356676011901
0.00909141289353
0.0197439086604
0.0683380579081
0.0182163065671
0.0819365090592
0.00371319709834
-0.0332546905252
0.0104025048707
0.031757841562
0.0434553104298
0.0446619583178
-0.0413658387066
0.0966140942612
0.069097928146
-0.0214721928733
0.0795616611063
0.0675303687652
0.0803419475985
0.0386232876989
-0.00225595349205
0.0494328946309
0.00157162724955
0.0228590393895
0.0594264722419
0.0656012188747
0.114461920984
0.0996031939888
0.112168209874
-0.0682671028823
0.0996675439717
0.0340737035353
0.0462386404749
0.119493386564
0.10423722744
0.0557465777009
0.040966088393
0.125361045798
0.0730962267951
0.0679814811282
0.0553646310786
-0.0143137920138
0.0713012228265
0.00442338536145
0.0200954093819
0.103319705489
0.0855739592559
-0.0105552698502
0.125332669112
0.108947153397
-0.0135350855257
0.127533621327
0.108957566728
0.0665510176249
0.0353748386955
0.0311476842238
0.0135100725162
0.0291101038493
0.0934064002075
-0.0590379317141
0.0680417791402
0.0263449556522
0.0692481229324
0.11191569402
-0.0188700173631
0.0105129109307
-0.0274531795787
0.0765001946276
0.136161790593
0.0965204273796
0.014959792087
0.122120080559
0.144195153064
0.0967877117685
0.0854974492632
0.0772220245605
0.02599223988
-0.00261902690185
-0.0844798664663
0.00872336932719
-0.0814653740504
0.0103213407945
0.0630956092266
0.0265809573525
0.126592143708
0.0633399211064
0.142511556114
0.0131106223537
0.0463836773647
0.00770942319614
0.0287586666349
0.00632186574632
0.0891949335533
0.0248190671129
0.0728221773174
-0.0120063451369
0.0299493494475
0.058976656961
0.0916881871696
0.00479288729573
-3.17424495506e-05
-0.0427344032879
0.0667462004426
0.0523645864623
0.0657331724249
0.0710766010277
0.0569068150817
0.0623351085037
0.084618974545
0.0959843752169
0.0629826336398
0.0543033917868
0.0227282298685
0.019022842244
-0.155292396418
0.0723376783552
0.128759719255
0.0413142555861
0.113518460912
-0.0391675101483
0.0775514763393
0.037400829845
0.00377482910453
0.0834344598159
0.0789531779525
0.0528966168839
0.0365368378577
0.0778994735698
0.024945711262
0.0520910761401
0.0907083079532
0.0350135677996
0.128455939756
0.140404190306
-0.019743047654
-0.0173342961034
-0.0666671977147
0.125375428864
0.0977162679555
0.0635095876923
0.00411013203803
0.0138803015425
0.0641039977258
0.0757038374636
0.0485897582738
0.0688001692624
0.0211283640509
0.0122393888107
0.140509845334
0.0343277184112
0.0116625162871
-0.061005470583
0.0703236943664
-0.0120311031981
-0.0579593375849
0.13709224879
0.0482689948502
0.0915485577822
0.0801233195491
0.0064758029335
0.0841236294674
0.0131565651705
0.0805192400705
0.0160551036013
0.000576253543161
0.00329962731161
0.0531248634802
0.108708115825
0.0481740864482
0.100022903585
0.0977312469795
0.0433655237239
0.0526287643196
0.0932803898889
0.0824100529631
0.0456905134945
0.0952517281942
0.0381008369465
0.0428628489709
0.0241191060803
0.0499748529804
-0.00531548033405
0.0335029370237
0.0664865063731
0.0883638092547
0.0789536410927
1.83087336758e-05
-0.0198052113815
0.0766310530209
0.0432915398392
0.0765729855861
0.063879677681
-0.00371543825459
0.0539211841249
0.0387665412253
0.0834445586705
0.0903909231196
0.0322344455291
0.042362460055
0.0870571932053
0.0644836541108
0.0446788839608
0.0295617818662
0.0697103148517
-0.0221988950638
0.0874462993651
-0.0114574348059
-0.0105377566984
0.138327851047
0.101201994231
-0.0549481104427
0.0109603743211
-0.0658872010061
0.0733746608879
0.00372360429787
-0.0391858471844
-0.00156819941683
0.0537522962297
-0.0417371162977
0.0118145359895
-0.00992927377754
0.046001477995
0.0390826724442
0.0953077598771
0.0500594169599
0.0456597911199
-0.0173237603116
0.113588305847
0.0176469109031
-0.0803736706972
0.0169115313174
0.0363761186896
-0.0274840707421
0.146600784912
0.0225396013166
0.102314276956
0.0834070776212
-0.015552486469
0.0359803937768
0.0424531860645
0.00823059323697
0.0515786808224
0.11832036831
0.0415602658988
-0.00118005219489
0.0199745400258
0.0178591658006
0.102059192581
0.0346486498049
0.106018568675
0.0788917510359
0.106455076256
0.0295777111052
0.0855821813344
-0.011290296927
0.00648206792352
0.0353469572157
0.0261384675487
0.0274231093252
0.0230697086456
-0.054123048079
0.0223360495299
0.0831588303772
-0.0558372229362
0.121103671184
0.0176192571662
0.0802412093811
0.0169026758576
0.094922100022
0.079499901055
0.0803587341047
0.0172043882826
0.103549877006
0.0850911527545
0.108773756244
0.120262023475
0.0967731740125
0.0436445727944
0.0437774881127
-0.0517369423836
0.0510156551061
0.0335232535803
-0.0278829971657
0.058768850469
0.0768622533223
0.132745559646
0.0819010950158
0.0154826545744
0.0545991409233
-0.0711466502751
0.0444830066421
0.0178090216471
0.0492222427576
0.094403240072
0.0323446560545
0.104146583757
0.0855409871801
0.0185870312351
0.114622594291
0.123342227774
0.0325471862803
0.118509359302
0.0944027619742
0.0586795696905
0.0642553694298
0.02285901364
0.0632720801774
0.0720113436515
0.078929762396
0.0715222935844
0.0200685927811
0.0925511428372
0.117510430942
0.0679187272224
0.031461222431
0.040941632124
0.0551445459449
0.105679780931
0.0412372844717
0.0285992995573
0.0821602080424
0.0475422015822
0.0712648859075
0.108180649684
-0.00861655929928
0.093736804706
-0.000588270264292
-0.00209502947957
-0.0522538151806
0.0572486198813
0.0917023834546
0.0139136295446
0.04889475664
0.0563889818374
-0.0467238800693
0.0835510786866
0.0605796722635
-0.0636025507944
0.0176594885184
-0.016741548313
0.00631221072978
0.0239969890383
0.0871181843661
0.0784929478451
0.0312666159082
0.0865108919743
0.032069466722
0.0555917871571
0.040900715775
0.111651980471
0.0845392225207
0.108424952608
-0.00228967683028
0.0764996439762
-0.0194133162994
0.0364464942749
0.0465422485146
0.0965335436199
0.0521821759439
0.00860794173068
-0.00341415413032
0.108039108256
0.0401421451536
-0.011220740695
0.0909550226723
0.0114254811565
0.0694194383912
0.105027093143
0.0314401086443
0.100214350606
0.086785370743
0.094065036191
0.00912654688768
0.0134060411447
0.0425528040685
0.0245229359565
0.00925732981835
0.0810995895179
0.113759804115
0.0522561024258
-0.013577087455
0.115624469409
0.108133821145
0.0671454103447
0.00510037456049
0.0282827964497
0.0380449990246
0.0505685439622
0.10013625703
0.0605692795806
0.0541398724072
0.0483226075937
-0.0602741132536
0.0400211388834
-0.0154623173934
0.0710556030586
-0.0118003706518
0.0178074996956
0.0753760244221
0.0591714238335
0.0755831794647
0.0272490749667
0.0683032453604
0.0378180430004
0.0113931239161
0.0212268993164
0.0740256217332
0.0636519187365
0.0800463571449
0.028954184554
0.0296507840508
0.134270588526
-0.0771540063096
0.0409849276571
0.125099704099
0.0402091849319
0.111831781575
0.0392429444608
0.134696975095
-0.0675985328543
0.0476740018777
0.0393942949249
0.0428649464585
-0.0463394985597
0.0450846448624
0.0535946747962
0.014151016282
0.0997241641867
0.0982204742905
0.128840852536
-0.00304841373746
-0.0702104577518
-0.0104114873572
0.114004255876
-0.0416456266497
0.0393683796081
-0.0603382477637
0.0546989707474
0.00106343544558
-0.0715808427189
0.0964745084116
0.0696417556956
-7.724788823e-05
0.0281174283284
0.00551006153606
0.0706628316014
0.0585292028854
0.130457284489
0.0723100512189
-0.0134470486559
0.0410093358353
0.025671542105
0.0822604951782
0.0674407276778
0.0724334069541
0.0471501267277
0.0402408509454
0.127143425021
-0.030948986964
0.0957681972713
0.099923043941
0.0117037714883
-0.0444153679625
0.0449972954364
0.0230219192685
0.018204234425
-0.00109711061516
0.118537450028
0.00206699274231
0.00607866438035
0.0890266081464
0.121191710707
-0.085521578574
-0.0334127285272
0.0206452372653
-0.0478301864726
-0.00817954039276
0.109606253807
-0.0153996268956
0.0770108232868
-0.00352489275571
0.0946242277399
0.000646464169052
-0.0472732894671
0.0159420629952
0.0570276639164
0.0168601263264
0.0577260562973
0.0350213565161
0.0789366375542
-0.0261824874098
-0.0171020722466
0.0324723830504
0.0468726800851
0.131641187428
-0.0169104294625
-0.0312076611954
0.0787148238292
-0.0252721578306
0.0236803726968
0.0835242946514
0.0530487496784
0.0449078702967
0.0113189828763
0.0915635867448
0.120442381764
0.062334800914
0.12308440472
-0.0128219420091
0.0516533333147
0.0843491090265
-0.0142680351534
0.0797947656636
0.0600116869603
0.0846047784206
0.0605634750608
-0.051715335067
0.0372799129862
0.132247111324
0.0201247629922
0.0474038394465
0.0349177052825
0.0840564033932
0.000922359271924
0.0273447789947
-0.0535621243212
0.113714345222
0.0185120871081
0.0661316719941
0.101899003149
0.0780409656581
0.0622948295316
0.0761222607796
0.12749689309
0.0789668976673
0.100147185549
0.0920136511623
0.0540085500493
0.0837635789392
-0.0152465577571
0.0460724855418
-0.0102248574639
0.0411396705586
0.0599290166667
-0.0456906504304
0.019751986802
0.0365521389035
0.111789860947
0.0335835155307
-0.0232642231437
-0.0953132787194
0.122771493283
0.107959236909
0.0584247564712
-0.0388529942267
0.0378732995833
0.114738917528
0.0813689163934
-0.0783368840958
0.0122098087894
0.0847315788683
0.0456536038299
0.0912250474401
0.0099347343917
0.0811420889109
0.0809126675637
0.0289150162324
0.0220938406105
0.0373332913452
-0.101561559062
0.0545155823422
0.0408574582362
0.00186033104848
0.0465016977273
0.097455119312
0.0310961906652
0.0287965028457
0.034724699372
-0.0748266531635
0.145920490809
0.139480834348
-0.00233521803873
0.0241162411628
0.00138801702497
-0.000766782730663
0.0318611575232
0.0831166908692
0.049980004736
0.055803632875
-0.00568155544163
0.0168627782354
0.0758752836333
0.0155176552526
0.0706464782956
0.0223706318719
0.0272906299748
0.115360619551
-0.0161836511194
0.0348124488094
0.12060337505
0.0350795035364
0.065623273036
0.0191749323799
-0.0388615800285
0.0970684039719
0.0239268559497
0.0826681824434
0.0370623722725
0.0311291278125
0.0704255969164
0.0813764830565
0.121697403255
0.0703447130057
0.0692806781109
-0.0192954774571
0.0930893693809
0.0405482359364
0.012925964677
0.0670661153412
0.0317482967733
0.0609508882078
0.109346317861
0.0466926098016
0.102090959693
0.116533432771
0.0160325405426
0.111644808694
0.0849707276757
0.0715230549705
0.0679089539554
-0.103336822032
0.044364970945
-0.0134783505369
-0.0390885810201
0.104258009972
0.0553877768361
-0.0741199826231
-0.010327287826
-0.00714885218715
0.110797439418
0.115208409237
-2.93858984977e-05
0.0751472390749
0.0725855628693
0.0151794649368
0.0715216960371
0.0427558322761
0.0194133945646
0.0480092709304
0.0272458210808
0.0739332721261
0.0809903040201
-0.0388500874481
-0.0217205737456
0.0644664062651
0.122614232474
-0.00162424540521
0.0541999503801
0.113149257295
-0.0467097043671
0.113847976438
0.103058597532
0.0332658659867
0.0186837955539
0.0788208766967
0.13274160481
0.0203738675714
0.0671981288183
0.0434633555078
0.0963864944479
0.0481116916132
0.0534359787546
0.0994435263967
0.116494084614
0.0686622443086
0.0824379821048
0.0349684225577
0.0335908230352
0.0852539467667
0.00746499571511
0.0821410442497
0.109310562425
0.0787295008487
0.124752645041
0.10359591992
0.118005053575
0.0378090560376
0.0325851082034
0.0892052959118
0.00602140837203
-0.00413066561563
0.106853525621
0.0859778580889
-0.0195886659964
0.108068962132
0.0933557209309
0.060072259094
0.11064763865
0.0737833436642
0.114975482483
0.100560216152
-0.0019707434489
0.0932431333354
0.0496983539241
0.0316527019132
0.0840788499249
0.105686962377
0.0885305715135
-0.000877752216438
-0.0701130288692
0.0947433083594
0.072122404717
0.0747080357912
0.0520957951276
0.03117140073
-0.0757817213237
0.0251177721344
0.0132990189241
-0.0197934614033
0.0699167280794
0.0267745974364
0.0837940263919
0.128929347056
-0.00716996583932
-0.055153034027
0.103913831102
0.0710807597221
-0.140724784587
0.0869092920499
0.0386231990719
-0.000222327558077
0.0157206082983
0.0057043353639
0.0368849736531
0.0645877904098
-0.0817577080692
0.124634832414
0.126069776036
0.0900032045492
0.0470896554097
0.051182005814
0.077696577901
-0.0282457698589
0.0811245072908
-0.0223269354573
0.0200505240519
-0.131651303243
0.0665544060449
0.125102887746
0.0157424822939
-0.00845362394366
0.0756841133167
0.0261501265095
0.10477864738
0.0110280785279
-0.0104346548695
0.134283964862
0.0265169279905
0.0632341844444
0.125166201576
0.0607796611207
-0.0326640129953
0.0787052345219
0.0928769321299
0.0740527693678
-0.0135174305488
0.0421935020559
0.0688848007806
0.078558426595
0.0923210855512
0.0933435975256
0.0109991429163
0.0257921984871
-0.0141312852713
0.0261907478895
-0.0246420036069
0.02020148222
0.130913295309
-0.0522977981763
0.000500211648882
0.066365413856
0.084210635609
0.0605662812868
-0.0132100288393
-0.00122733575085
0.0321484562586
0.0362480682951
0.0498602896653
0.0712767344846
0.122321194675
0.0982698930461
0.0786886937632
-0.0281901501953
0.0981759055323
0.0888953104833
0.00275844004206
-0.0234218249262
0.114087453723
-0.00261059766666
0.11792519185
0.0868569261263
0.0988883430059
0.0618903172215
-0.0947983517064
-0.0532888707401
0.132369911941
0.0150178756131
-0.00542734065019
0.0369156161721
0.0449161279868
-0.0290597877561
0.0403530974074
0.0279855085904
0.0706457299068
0.0473870034471
0.00301463215146
0.0660978060586
0.056003748188
0.0650983657995
0.0965436833844
0.0306831136079
0.0382280942087
0.0277413052665
0.036402302832
0.0461762286929
0.0803804146996
0.0468875938468
0.0821047366146
0.0946908524275
-0.0308338462152
-0.00929169522971
0.0579244943393
-0.0191857348477
-0.00915859012039
0.0481370503974
0.039099176222
-0.026729877373
0.0918667448867
-0.0258270751219
0.0386532141635
0.00495051644987
0.134518773203
0.0478930296627
0.0145635311584
0.0293101443708
0.0948137559086
0.0887573740903
0.121838183342
0.0537773140386
0.0806657854616
0.0621278120205
0.0643105730148
-0.0572359778128
-0.0756510264418
0.067182010895
0.0393647315555
0.104911575707
0.0858329991933
0.00885690658906
0.0229375554242
0.0488375339444
-0.0300927903584
0.0900913788846
0.0491521283553
0.0499094739393
-0.00739114681369
0.0823551589823
-0.0694927771371
0.0518101976991
0.117357261143
0.0259485320385
0.0551963845877
0.043022763597
0.0683630746987
0.0555198196635
0.0641164033021
0.0228916049506
0.0300151772251
0.106465082745
0.0725050035961
0.0715500019663
0.0790832478087
0.0967909152269
0.103722559194
-0.031570537427
-0.00603752835158
-0.0258601694672
0.110039059687
0.107651269067
0.101955954036
0.0531379820793
-0.0677954969108
0.0425619064386
0.102342557011
0.048077157255
0.0575854307199
0.136945104671
0.0892590063028
0.0271015590369
0.017390522414
0.0952898933462
0.0165928866781
0.0542101987164
0.023906866578
-0.0487439871174
0.0671526277589
0.101488011124
0.0999292964056
0.0914114903074
0.0567145339115
0.00722162734223
0.0186051567275
0.101518038518
0.0451876894625
0.0503634586987
0.109093265868
0.0917877538043
0.0559979800906
0.000546836054389
0.0964391001225
0.0297744369156
0.0962910597189
0.137164476047
0.135311921145
0.0471407737443
-0.0552505129902
0.0401797655181
0.109211181791
0.0879750060553
0.0345406820168
0.0381743104992
0.0643319424955
0.0822535858991
0.0852630362052
0.103601417908
0.0732462075624
-0.0401557039767
0.102120229785
-0.0224713299831
0.125755443176
0.0263056533153
-0.0310461510705
0.10796654309
0.0138644704488
-0.0613296227466
0.08547151948
0.0460588717929
0.103770792033
0.0975766042698
0.0309863841399
0.082642652824
-0.0257466110763
0.0372711004162
0.104275182035
0.0610665372763
0.0491848401211
0.0762530832274
-0.0375840296841
0.0465080088466
0.0242212308481
0.0135275279887
0.0715025995481
0.103249753367
0.045611711149
0.0887796332933
0.0517651745925
0.0924980681911
0.0840367190156
-0.00384393852883
0.0421590529936
0.083535371139
0.0723935166931
0.0611398044812
0.045518616215
0.0957395747945
0.0751528819004
0.091258405639
0.0213035360965
0.0916241517116
0.0284504967089
8.42914135806e-05
0.0524121390937
0.0543539060645
0.0051678428063
0.0313266971965
-0.0234064926361
0.0264121579741
0.0226452474531
0.0978147715173
0.107883269867
0.000449713718234
0.0454853108162
-0.0196329001783
0.00577367102211
0.132501840734
-0.00766536101739
-0.0917253127686
0.0305432593192
0.0884619941853
0.0711436834745
0.10211405811
-0.0291527510383
0.123066335049
0.103802816954
0.045442584084
0.0228597838319
0.100234209352
0.0861377427998
0.0883237053408
0.0516332179269
0.135859781671
-0.0758083878228
-0.000217647903565
0.106929766582
0.018632374334
0.0525713993527
0.109800207259
0.0122555283484
0.00262785184807
0.0513846600843
0.0185687330113
-0.0218735891668
-0.0359759054224
0.100065282534
0.110198394075
0.0896106396932
0.0117356508392
0.0561109429028
0.00496487229951
0.0288843567718
0.130643781376
-0.0765801297668
0.0438623992279
0.0859965587703
0.00488917348941
-0.00937621340098
-0.0107906087684
-0.0295298679802
0.0593938996116
0.0436611835792
-0.0104898413664
0.102295359126
0.101089145197
0.102371685055
0.0272025902347
0.0489800568566
0.0610996940799
0.0385523749971
0.0122016868336
0.114966931875
-0.000659142716899
-0.111007449814
0.082526128037
-0.0178763124394
-0.0143228358322
0.0885065191347
0.0301796353278
0.0700086699474
0.00233588455161
-0.0154111118846
0.0228884588499
0.0801827163579
0.097550699199
-0.0545978943663
0.0114060417718
0.0360611866378
0.0241754017046
0.114320413494
0.106637647151
-0.0137397970251
0.0758950927719
0.0128380173855
0.0147078326545
0.108213354345
0.0663030172989
0.113974497961
0.0433295621924
0.114288043241
0.0450397023096
-0.0190460291389
0.06115583024
0.0323712307882
0.0897793587204
0.0746125390962
0.107238862176
0.034048412871
-0.0776682625523
0.0534913539607
0.0149482259906
0.0199395529011
0.0216624881331
0.0140938269774
-0.0177503028547
0.0266515254898
0.133601963397
-0.0151465494388
-0.0109664189988
0.0999372623319
0.0388714505941
0.0246491613561
0.0934598026847
0.116244206722
0.104724711959
-0.00508452526019
0.0441355762626
-0.0323374086742
0.116139870805
0.0685360004716
0.0088239314878
0.0531915114636
-0.0454595509742
0.0378527871351
0.0327960393525
0.0663028081377
0.0821399111385
-0.0983687557709
0.0161313772207
0.02632874438
0.0933949202338
-0.00344291942151
0.0843788159384
-0.0675910376674
-0.115164899057
0.069245149859
-0.00275976930832
0.0552391733747
0.0465462707213
0.0586260064184
0.027005502116
0.0616715241325
0.087573953864
0.0225908189886
0.105804905453
0.0516454972604
0.0721856406203
0.135899813157
0.0716506352089
-0.0530015509366
-0.023776699385
0.00479688081205
-0.0299456090753
0.123459507063
0.0191441097724
0.036961935648
0.0130549206432
0.0715201856602
0.101782144898
-0.000586673286005
0.073547144395
0.0381403754975
-0.0505757568326
0.0467819000576
0.0425022197027
0.0723506571257
0.118007281126
0.029402347444
0.0540629988243
-0.0612309440531
0.0817042843928
0.0412809798289
0.0513194017305
0.0885546636967
0.0312052387562
-0.0113202983893
-0.00753031126073
0.0416983476265
-0.00718486591722
0.11904290486
0.0883181316246
0.116131433954
0.104868090861
0.075990612775
0.0265210932314
0.0463204191086
0.0174165949779
0.054218380924
0.0796882134518
0.137865142326
0.0320775548026
0.00800761498691
-0.0291887754589
-0.000623134221306
-0.021996331219
0.0370219843566
0.0220917438713
-0.0532926818537
-0.0646687116573
-0.0278816224155
0.0690645044753
-0.0126971214121
0.00192743583016
0.0539522568674
0.0105347720006
0.00106205459812
0.0125458389402
-0.0861205096648
-0.0328617609748
-0.0933794387158
0.0881352420507
0.0696252578969
0.0302102715656
0.0792346436997
0.0507645723006
0.074456922193
-0.136004744211
0.125539903713
0.0328646620992
0.00769124459158
0.0768580461471
0.1093957131
0.0588480979283
0.0479998751836
0.0940691429267
0.0414644589973
-0.0297045454877
-0.0145700098182
0.0612562431213
0.0328219871889
0.0261183131905
0.0973401503025
0.135552414946
0.0300385998255
0.0336801153499
0.0914065289104
0.0010560125599
0.0811587427167
0.0987162978242
0.127787813973
-0.0381290713432
0.00233911196584
0.0243470621479
0.120970240473
0.0507144279791
0.141464196975
-0.0197241795491
0.0735550868198
-0.00414189952528
0.0471146431693
0.0571673908164
-0.00981911863948
0.00933144823695
-0.0732379319665
0.06506415148
0.11759161631
-0.0607707221922
0.0311896245833
-0.0280553600415
0.022363915669
0.0345996242596
0.0385169730933
0.0154271706283
0.135117561134
0.108167812977
0.0362529621965
0.021042181248
0.110688188606
0.0199548066963
0.00572122518887
-0.0103401607445
0.0259496892224
0.0940560955561
0.0119795376407
0.0158234034285
-0.0748286354342
0.0926011413492
0.0620550769456
0.075805410876
0.036946772242
0.0742125605489
-0.0194977733678
0.0357671890849
-0.0505056785606
0.00325069514926
0.0619247672948
-0.0163020716069
0.0857796458891
0.085373070377
0.0419579522657
0.00344761573263
0.115875983403
0.0285133207724
0.0430298480439
0.05695588304
0.0615400812143
0.0233085348385
0.103665412739
0.142522225462
-0.00932949726183
0.0505163366855
0.0161173163819
-0.00069501938138
0.0213485666791
0.0409327789005
0.0313840036425
-0.0086756743799
-0.0629144742884
0.0785052328109
0.0489138768243
0.0428963394441
0.0437148579481
-0.078131909714
0.091704262382
0.0551244552008
0.0533158938285
0.0991197450926
0.0350411131539
0.0806397180373
0.0247500978134
0.0489674707194
0.0902513328688
0.0355937055959
0.0560100415243
0.11367768051
-0.111378824286
0.00809100012452
0.105494872401
0.0731912442088
0.0229414320262
0.0505269222843
0.00397443222295
0.0537061598027
0.037797775139
0.0103304416299
0.025280470871
0.03411030781
0.123174731229
-0.00895011795576
0.125564113543
0.0857624442067
0.0525092559331
0.117080635667
0.0183979932048
-0.0335270490152
-0.0257550419659
0.0245124226197
-0.0274521301015
0.0197467511553
0.106454421674
-0.0116819156173
0.0218098516371
0.0175364113945
0.0931502898203
0.0599553364463
0.0868983174918
0.110214198072
0.00835687596521
0.10894046271
0.0176293518058
0.0886907419146
0.0803323752077
0.0775116682811
-0.00123993020446
-0.00830869760603
0.120644026325
-0.109538337104
-0.00723371474647
-0.0448881783408
0.0198641370006
-0.0840792274047
0.0960302300551
0.0935963908209
0.0674907835204
0.126399703172
-0.0146081569946
0.00250975402441
0.0278136185252
0.0770626564357
0.0559515447
0.0752374661707
0.0228235205529
0.0971336744855
0.136683389723
0.0346261595929
0.0957893053672
0.0857294450707
0.0597429601541
0.129348002912
0.0708366682738
0.0325944638454
0.126127178481
0.049273002334
0.0354387438359
0.130324075774
0.0462800393175
-0.0633014193413
0.0463031562025
0.0750963965565
0.0617763636864
0.0608216190836
-0.173094633616
0.00525675420827
-0.0214166887683
-0.000789163827567
0.0339211027138
0.0124513600335
0.0445782703601
-0.0494898092497
0.0606685210248
0.0582157166969
0.00102875039642
0.0581779998899
-0.0264302945273
-0.0521432053551
0.00559778494807
0.0571440259649
0.0444402534977
-0.095973213604
-0.00651620305327
0.0873852003797
-0.0483483170771
-0.0282029384259
-0.0484457614411
0.0419666881883
-0.0303532893014
0.138012887219
0.0530054672343
0.0501163279404
0.0226965310545
0.112296825567
-0.0423298139651
0.0200469748863
0.0574615848854
0.0427630267065
0.0218801250307
0.0213237949802
0.0302022719471
0.0173558450432
-0.0684939259091
0.00921704335508
0.113103563974
-0.0458413405925
0.102265922852
-0.0765985321107
-0.0584772045932
0.057270897142
0.041225448335
0.0396958387015
0.0938386228875
0.0111706978097
-0.00846820560003
0.0224145108204
0.0710451945811
0.0368841582253
-0.072578855311
0.0709952683696
0.0229440088932
0.00594746453455
0.0824227428479
0.0564205079934
-0.00517188824097
0.12526671659
0.10411445244
0.0619918492569
0.0395580396375
0.00998440191935
-0.000206736903777
0.0946200011912
0.077554122504
-0.0347026962204
0.0821618154387
0.0405689394932
0.116450398406
0.0663002339645
0.0752131707124
-0.0365067091595
0.0786939250856
-0.00636621435325
-0.043402438416
0.0206414600345
0.0782161411481
0.0142167898483
0.0420270878752
0.0926385601837
0.0564407472774
0.0469792090341
0.0734720893346
0.0559759376815
0.00167763391734
0.0792289899976
-0.0190308382671
0.0589502607923
0.0373904963729
0.0814553148452
0.0971503019371
0.0549085961235
0.0781573998354
0.0887638220614
0.0687697144637
-0.00161244083251
0.112010895503
0.0691396835305
0.0298392124707
0.00448501704758
0.0961888757807
0.0442936794591
0.0813538048827
0.0296451976088
0.0507430875772
0.082124273624
-0.0300494938896
-0.0577283362725
0.0176058706593
0.0241467585256
0.0130745212217
-0.0564547590631
0.0335461061956
0.106275957345
0.0136446629297
0.0730305603384
0.0259013047387
0.0206647993175
0.0432293910886
0.0981652541102
0.0931272206781
0.12790157889
0.0744894078058
-0.0184551249441
0.105563282648
0.053677562558
0.0468533392003
0.121720258131
0.0536274918064
0.13308778544
-0.00731679841988
-0.00371651121397
0.0693570445861
0.107269999195
0.0184863854316
0.0438564262861
0.0507996766403
0.0891136402922
0.128800967682
0.0763083440885
0.0292858191136
0.116801317626
0.052166483901
0.0151839639601
-0.0182696844457
0.0725459664045
0.0403599365429
0.0806221661433
0.0471140446861
0.082322971372
0.0566478466226
0.0748563110515
0.104631198357
0.0128692951169
0.0994415689206
0.0155923956684
0.0463983609692
0.125881006617
0.034538369005
0.074613879171
0.00568537177088
0.0686502256406
-0.0938276207389
-0.0666606465235
-0.127387464684
0.0866409143208
-0.00129616791185
0.0322308123386
0.09670464971
-0.0521221667564
0.0327823050462
0.0591231650489
0.0229503069973
0.0778515905894
0.10062424419
0.107447843501
0.0701695710266
0.015666240029
0.111617099649
0.0745659188359
0.0108220373818
0.0739329348334
0.0659048650577
0.0913498600917
0.0969319712932
0.0913266067335
0.091985196879
0.0567466732029
0.0137948251952
-0.0155112370722
-0.0145648044679
0.0639235664396
0.0443426310401
0.0698049394971
-0.0345435657583
0.125247420613
0.0185326442949
-0.00985192682367
0.00486566726799
0.076545323813
0.122790318247
0.103863390718
0.0568318716809
0.0608635817889
-0.0124020883502
-0.0460766282799
-0.00158660122896
-0.0350976153927
0.0260701444122
0.0983149273757
0.0732403505816
0.0200477462884
0.0748165877441
0.0530469416259
-0.0781457964141
0.0815656054777
0.107069545292
0.028932534391
-0.0389428148382
0.09357829477
-0.0285051347311
0.0768310867965
0.0384889724768
0.0753664953722
0.0124308766115
0.00668235347231
0.0754533576581
-0.0499806605086
0.0564008069706
0.142805918526
0.110476460469
0.0973639723332
0.0434461100778
0.0527311394533
0.00152670822977
0.0451547040353
0.0370349622497
0.101105568385
0.0672890289646
0.0248617266396
-0.00320071005856
0.00639182555989
0.0123479550729
0.0274485930801
0.062404588974
0.0427374217592
0.0428213591731
-0.0435068912038
0.0642207178049
0.033090329142
0.0920504748675
-0.0163609293438
-0.0564040627497
0.0539865017151
0.130098041961
0.0891588516702
0.100222761993
0.115293139748
-0.00263884490902
-0.000172542057945
0.0410946359288
-0.00100380899579
0.0654542645332
0.114037817405
0.00215450235338
0.0268945082467
0.0782667567441
0.0876116977247
0.113724237969
0.0638844719801
0.0438620877155
0.0926535449409
0.0433949412092
0.0567512106179
0.120330758984
0.0542732049249
0.0888428148761
0.114620417566
0.0699397402607
0.0231615420789
0.066627771603
-0.00922588368766
-0.00586833056107
0.0235963840548
0.13258829397
-0.0410898324243
-0.0518519330116
0.023441394925
0.0820718157949
-0.0465743431075
0.0964813076672
0.0638631141839
0.0431316369846
0.00587647441207
-0.0356368411524
-0.130553760141
0.00161724846826
0.0113648576756
0.117357633613
0.00770279155109
0.120768445826
-0.0219014531029
0.0986763104862
0.0739960351278
0.0746123481642
0.100460320763
0.131636728544
0.117592348861
-0.00624851734212
-0.0357573432846
-0.0970961561399
0.102803831765
0.0832988902905
0.00298236225541
-0.0166936940312
0.00123496742505
0.0462453476047
0.0391176767663
0.0179480735467
-0.0171161608916
0.0152050615879
-0.0249278412295
-0.00265454543493
0.0644756309725
0.132164721791
0.0416182363127
0.0555268473301
0.107686907195
0.0236865041045
0.0802896053792
0.067853274405
0.0576865721138
0.125699374827
0.0613947365895
0.117332421772
0.0526633526612
-0.0135477025369
0.0125023060458
0.0393216456702
0.0983869259705
0.0876426165518
0.0017740800761
0.0468016201469
0.0770446480052
0.135691985149
-0.0838241999838
0.0763220193696
0.0270378804483
0.0193656291331
0.0713139789905
0.0540699453639
-0.00739551632792
0.0272667330732
0.00197655914194
0.116784320712
0.0614118242665
0.0346970347791
0.00670061406111
0.0296235627097
-0.0159863081839
-0.0200268622658
-0.0173636189372
-0.0201183931982
0.051796082096
0.0777988236816
0.00858783277888
0.0105542050341
-0.0535694881783
0.0891753402147
0.0714313684732
0.0993917864058
0.0432214957613
0.0710595303884
-0.039981128298
0.0308452921036
-0.0120208355453
0.0585575694389
0.0691404717813
0.0544318679745
0.0496700616752
0.0831337124861
0.0348845854704
0.0435390605324
0.0901361389702
-0.0229916405473
0.0642247301781
-0.00580052623975
0.0950226282517
0.0417674001951
0.00312075468247
-0.00458109880268
0.0049212167306
0.0867518804051
0.0299596158282
0.0682339629584
0.0200176247264
0.00218492848571
0.0496693269628
0.131991164977
0.0992815115288
0.0711090425248
0.00866144264796
0.0564491613086
0.0584157555939
0.123198975742
-0.00149396931504
-0.0392803745399
0.0681046362799
0.0668428341105
0.137063714809
-0.06496202865
-0.066227634622
0.0424057167896
0.0156112191227
-0.0272224661835
0.116292064738
0.118545208722
-0.0292125040134
0.0848909707816
-0.0232489296883
0.0623075307439
0.10316243186
0.0759713065897
0.027262262198
-0.0532257902973
-0.0449709974118
0.141496409105
0.0624678885902
0.0139379585499
0.0575973784
0.065507535938
0.0505475652433
0.094407579939
0.0691629577662
-0.0838779531027
-0.0466218580563
0.0165188915212
-0.000681531079139
0.0689711075398
0.134884448606
0.0945221043951
0.0687509519882
0.0282302076441
0.0544272898001
0.00829081948527
-0.0128423932758
0.0970751828106
-0.0161643406478
0.0359760614978
0.0637290888862
-0.0369789961012
-0.00997369460047
0.0290547951774
0.0273522818264
-0.0167434979447
0.103498586879
0.0348187380085
0.0506109853458
0.0765255752112
-0.00666649297876
0.116118811798
0.0883767289141
0.00603706674336
0.0209930388331
0.115937677954
-0.0693008530652
0.0454048200152
0.0391870277154
0.102202238456
-0.0126652280503
0.0698984948674
-0.141623821748
0.061261732869
0.0166820935073
-0.00491834597065
0.0291649035033
0.0511305937445
0.0451973875587
0.0345083979407
0.0352972112138
0.031310268776
0.0469121631709
0.081131039294
0.110742459276
0.104711838196
0.0867213181968
0.0908248365632
0.116013722832
0.0931579189859
0.0286114286305
0.0119659387206
-0.0967043117604
0.0493631440682
0.0966861613834
0.0138626301676
0.0314589146503
0.0614207120888
0.0281123566828
0.0547753937179
0.07563621332
0.00749013659261
-0.000379824506797
0.0520830175529
0.0755634789419
0.108006863878
0.0448783093393
0.00745482229456
0.0280627310433
0.120523704062
0.0750068762157
0.0502634979905
0.094185153505
0.0576314090669
-0.000880136181155
0.0556186213244
0.0819444776917
-0.0108374997858
0.0883339992054
0.0650380230626
0.00636739739393
0.120605858724
0.0431924171583
-0.0604581792375
0.0159420050549
0.123635549727
0.0122304628973
0.0788720364704
0.0316000591298
0.0121392468305
0.0301200131074
0.0792314669568
0.0985503210729
0.137708683512
0.0934828291134
0.0633259232991
0.00216175595916
0.0152181283405
-0.00498852035768
-0.0243129196321
0.0365312218094
0.0279856487062
0.0826893759222
0.0130020999038
0.00669618103836
0.0865553619966
-0.0779545660252
0.0311336647755
0.0719683724792
-0.0202188993971
0.129171737507
0.0935545870689
0.0584500198707
0.0393732355543
0.0203489242277
0.0413393438243
0.0913238816175
0.0202468663856
0.103894348249
0.0953183840345
0.107153198149
0.104953468282
0.031430557393
0.00312316197956
0.052576725838
0.0550457869211
0.0741861285053
0.0730046547462
0.0772297038001
0.137961448727
-0.0155679235956
0.0390249308617
0.0655051374619
0.0504502392079
0.0168835026635
0.0935597886905
0.108402632558
0.00457506514702
0.00724984471859
0.0923642963812
0.00908354012483
-0.055867666103
0.0187747923808
0.0804856647894
-0.00401047223689
0.0154970952032
0.00037021092768
0.111331435991
0.0580901342114
0.0667877169568
0.049531638132
0.0504324977407
0.0108152089111
0.0766795149081
-0.0738613143148
0.0642853706171
-0.014697942065
0.0836080339309
0.0152953036582
0.0630262171225
-0.0145748186498
0.0291163683364
0.0311050282648
0.0814617211696
0.0455994540163
0.0848702963209
0.0802184951776
0.0691089921616
0.0194586093476
0.0781400410329
0.100158510044
-0.0560120939867
0.100378600583
-0.0466829748071
0.0237331020803
0.0609372904621
0.0503289063134
0.0738118165893
-0.0236247172948
-0.0464280864532
0.038615427252
-0.0242080254193
0.0605643990311
0.0961807685478
0.061722454874
0.112961829159
-0.0213498657233
0.0255617073219
0.0562615714157
0.0606842901215
0.0854241960522
0.016676359316
0.052430223582
0.10521937951
0.133144280977
0.0494597215787
0.0084665221268
-0.0626271430691
0.0618923645777
0.122114849316
-0.00335718532941
0.00917507192489
0.0947778795401
-0.0775224331954
-0.033271261073
0.130828936327
0.110925082758
-0.0126451500737
0.0426109306708
0.0340800712906
0.0602967041289
0.0260894667525
-0.00338312168766
0.0428101356021
0.101716790139
0.0199401534704
0.0277564219707
0.0124519215547
0.0451462103729
0.0538626063301
0.105550874284
-0.0137379661758
0.0479881230848
-0.0218415684148
0.111648464167
-0.0251395771899
0.0542543728386
0.0580147283373
0.00428876479826
0.0411663224905
0.0482784174138
0.117617914569
-0.0295477960601
0.0467703163157
-0.0355964135089
-0.0161961603317
0.0523802543184
-0.0178020931573
0.0613588088667
-0.105394169004
-0.0655758705342
-0.114165285985
0.0571516291455
-0.0278640426653
0.0812072078678
0.0391068199129
0.014569151335
-0.0206298738017
0.0949709939624
0.0495609419739
0.00473266170948
0.0197053132644
-0.108311208415
0.130808419348
0.00997682042314
0.0776803062994
0.0294960145281
0.00446296184627
0.0186951659804
0.0830967602101
0.106312815398
0.0135000380925
-0.0290104934435
0.106285162107
0.0407075312041
0.144947210202
0.065901743583
0.0367276644026
0.0560411214817
0.129372503614
0.0789326710922
0.00657213489909
0.0325358145717
0.0785991426002
-0.00650741669297
0.110459246065
0.026294762224
-0.0821145182883
0.0960107550475
0.058824467767
0.072748037528
0.0300445448537
0.0233355249291
0.0253800111381
0.0145141042323
0.118399315195
-0.0157678446549
-0.0421150151376
0.00514838829023
0.0345066337025
0.0370635818369
0.0155773864993
-0.0185548927238
0.0723831899921
0.0402697554687
0.0636766705324
0.118820458813
0.0916939371989
0.0881962439846
0.0986183969261
0.0525340883959
0.0440638259147
0.104382387981
0.0820217939678
0.0196531247788
0.0573412685553
0.0903062817579
-0.0681038207178
0.0470960116643
0.135077450117
-0.0107569169716
0.0618968131729
0.0731237153979
0.0668729226521
0.0564168279638
-0.00597334774451
-0.00755198606335
-0.00861826616829
0.0695849834257
0.00334523029252
0.128820733701
0.0443396787435
0.037555815348
-0.0619589318715
-0.0533593143692
0.0119457309537
0.00586957198096
0.103064153511
0.0914617450616
0.0398105290632
0.0753755527078
0.120760592674
0.0199971807007
0.0599010875304
0.0185884677876
0.0824175320417
0.0497805341929
-0.00501185214294
-0.0781912966024
0.0444500410281
0.0771506072253
0.0694899029444
0.119859746646
0.0751598773101
0.00636009959613
0.0252230390778
-0.113646898135
0.0783801460665
-0.00676749226517
0.0471730081143
-0.0236003198747
-0.148365621506
0.0835843078098
0.0201131842092
0.1398295489
-0.0358739579325
0.0291842683504
0.0802095204989
0.0708872301979
0.0552796604426
0.0302931181895
0.0637245406814
0.0932287022844
0.0352368087516
0.00385498548047
0.0293427390582
-0.0859370036819
-0.0139224841702
-0.0583893109879
0.0449842979021
-0.0108075471074
0.0574680031342
-0.0112884389101
0.068869674972
0.0491544621252
0.0729778017601
0.0386853988018
0.0494205652973
0.136646200543
-0.0393146680396
0.000827430667301
-0.0266266336023
0.0796071291927
0.119080664903
-0.0606728260973
0.0757893364023
-0.00910151987988
0.0772878013275
0.00354229189867
0.050508716963
0.123200806662
0.0756578706303
-0.0417912616661
0.0549989143951
-0.054135697189
-0.0361118538823
0.124089688829
0.00274875789786
0.0035315035291
0.0527855600972
0.00681641505452
-0.00380845700007
0.09435606137
0.117606580364
0.122558676223
-0.0041971987435
0.0521162511009
0.0351300965151
0.0199638505359
0.136752764397
0.140648725391
0.0753530616968
0.00581023045428
0.102204732297
0.0868373449205
-0.0105936531348
0.0892848686037
0.0970639241143
0.0417847377142
0.0811394304027
0.0617470545747
0.0672128682157
0.0714451884958
0.0198542720125
0.0229853944359
0.0882153063528
-0.0463658359074
-0.0392490064007
0.0865596215485
0.0315944884342
0.119418136741
0.0258202813614
0.0128947468239
0.067376209467
0.0153478251149
0.0670640714441
0.00641034155225
0.0419960509307
0.0540747159514
-0.0235848418543
0.116016439203
0.0066534995479
0.0423413505965
0.0670886324678
0.0275040559902
0.0222030135771
0.033499660468
0.026407643761
0.0384399560333
0.093766411185
0.106563455321
-0.0200084300708
0.0743272621727
0.0674400697465
0.102065405457
-0.021636514585
0.0272700469468
0.109665158451
0.109917873384
0.0373121895421
0.0178864338807
0.0445465302514
-0.0214333980043
0.0736701220869
0.101915414883
0.102799760783
0.0294909525316
0.107508498888
0.0616008196944
0.086737011031
0.0528383939653
0.0882841902629
0.0940299162843
-0.0378548369347
0.0517359233082
0.0134408138972
0.0396394209247
0.0135948945099
0.0973908880754
-0.0398763953652
0.0755029693296
0.0949731148366
0.125003345224
-0.0180735327108
0.0946505833733
0.0881596190016
-0.00854680529812
0.00801218684915
0.0387819245795
0.0141980697444
0.0273106906706
0.0464968451282
0.0480613334873
0.0934636636381
0.0436259412835
0.0559203576678
0.0371613412254
0.0898210824745
0.0903232537579
-0.045595829111
0.132619640995
0.0610984829494
0.04862972534
0.111581246954
0.0880926652254
0.0280143107625
0.00975009576103
0.121228164949
0.00191128654872
0.0188067381965
0.109417797892
0.00949617045878
0.00127789955608
0.108365137845
-0.0535636073681
0.0901540712298
0.068697603625
0.00825570691579
0.117961982276
0.102296319558
0.0583226844248
0.0149332330767
0.0942826439133
-0.00406473159897
0.00123983397253
-0.0580578433795
0.0803515998646
0.0954436775198
0.0434276494701
0.116699802071
0.103417544077
0.111589663566
-0.0407241133922
-0.0379704545141
-0.0348765023279
-0.00312186644403
-0.0797067322103
0.0779959271039
0.0833160647384
0.0383126180685
0.070739775819
0.031320440056
-0.0129510261002
0.0615743962002
0.0352910804567
0.0413362771818
0.0773762498732
0.0642007381299
0.0634833910094
0.0777423681877
0.0932138876506
0.0777606762652
0.110097706194
0.0598249887072
0.0715265005745
0.0847839551505
0.0619039247186
-0.00961162937279
-0.0703125524606
0.0487101413671
0.0302953972773
0.0246363274207
0.0682154513445
0.0115923144015
0.0281554376194
0.122350562424
-0.00427107967115
0.0193765175255
-0.0131809114847
0.0400333988823
-0.121656295459
0.0702489094435
0.0696315133543
0.00110744994672
0.0707368509502
0.0995550880443
-0.127706135633
0.0184819726199
0.0974996591247
0.0505493223015
0.00722501941799
0.104978539273
0.0683478202192
0.115667698389
0.0675241298073
-0.0842647260352
-0.0917233198595
0.129137836725
-0.030440432764
-0.0675301607315
-0.0502440769555
0.0705367075033
0.0598815800183
0.0901976137951
0.0988891948185
0.0268703478819
0.0504291374524
0.0244895414329
0.0933757130509
-0.0200020667785
-0.00615138851248
-0.0362761162155
0.0708696815886
0.0648850815041
0.112361924168
0.0933003716111
0.111357540603
0.0524855432959
0.0509273299162
0.0600500349276
0.0918072683082
0.0529366963617
0.0755933913518
-0.0410942917993
0.108289364548
0.0599595646378
0.069305883319
0.124184290712
0.0482845418566
0.0839069303476
-0.000795790729857
0.0451690381117
0.109868641558
0.0211063509809
0.00464613127073
-0.0485028809493
0.0603636983131
-0.0262898814829
0.0521327741151
-0.000859176544251
0.0938120028297
0.0985935070809
0.133953827182
0.13484682902
0.03403053525
0.0511434043654
0.0190887331166
0.0474736681381
0.115332094225
0.0739756845769
0.0148967830227
0.108746561503
-0.0012890865067
0.00534796678372
0.0173478756529
0.0584249847378
-0.00410373856727
0.0430975507011
0.086480501696
-0.13669658396
0.030952301913
0.0312222115371
0.0579119311255
0.0335503030265
0.0556815623619
0.090987206449
0.0226061305192
0.116050934834
0.1227699074
-0.0642091199885
0.00169974066202
0.0482552685877
0.0425255288568
0.0958376488527
0.0823811437115
-0.00406040055247
-0.0332132512082
-0.0194492934235
0.0123282242109
-0.0459294543537
0.0875186955721
0.088650586692
0.00996200229162
0.0892265830322
0.00772851612381
-0.00505000720834
0.0324529299959
0.128472059899
0.00704472533224
0.102838731771
-0.0354630161432
0.0492309386565
0.0931182026941
0.109078831545
0.0446281022279
0.00313789769446
0.0936456992707
0.0821326971514
0.0382075942072
-0.00534295732782
-0.0194802672882
0.0229854924032
0.00172855874668
0.0869751573614
0.0750911266248
-0.0286929868588
-0.103710649836
-0.00394239344446
0.0216869979723
0.0277909173493
0.0578927167289
0.101544016393
0.140495810481
0.0148445903346
0.0220045918888
0.0116756140491
-0.0682842236214
0.109639339875
0.0500588429906
0.0196241604442
0.0314171109626
-0.000178783393864
0.0554894792113
-0.0301940207782
0.0652197161748
-0.0021570648965
0.0373840289032
0.0882722730956
0.11080423406
0.0553794770059
0.0521746992659
0.0344238230473
0.022589593977
0.107874647293
-0.00782907659021
-0.0126119534708
-0.00707937219841
-0.00860655113007
0.0763254943048
0.0613062708604
0.0936339981801
0.0197855117304
0.0340870296529
0.0243569810977
-0.0373205307283
0.0173155701268
0.0240391959681
0.107909913982
0.0510109326167
-0.00225641987776
0.077000659314
0.0662412712815
-0.00875166317994
0.00496225176407
0.128503887319
0.0244225094469
0.0981002256481
0.0726298006336
-0.0368505617887
0.0791063900386
-0.00816972665131
0.120212030511
0.0581440441198
0.0461072711434
-0.00518529688738
-0.00806705881964
0.102973618106
0.0326503671538
-0.0384911947714
0.0925160655726
0.0532656010973
0.0177309482535
0.0799683929993
0.0818936834971
-0.064588786951
0.0416349954145
0.016104827776
-0.0055516835819
0.0459610200622
-0.108122035573
0.0240621319963
0.0530287684724
0.0998752304171
0.105795835929
0.11296557193
0.124230662533
-0.110568530608
0.0541128327276
0.03751163924
0.0707274905478
-0.0470498974674
0.0460818087721
-0.0671087014725
-0.0723030794804
0.107879666504
0.0397771346645
0.0638386560673
0.0902634033264
0.0358482474508
0.1035725304
0.113629660297
0.0357183586616
0.0867902382648
0.0975760603233
0.0777576895931
0.108832831798
0.0216867586831
0.0991493729754
-0.0369659431053
0.072624945605
0.0570473701595
0.0496483692797
0.000947752056877
0.0907585908369
0.0467316521081
0.0252057094116
0.00941894625882
0.0648221587167
0.0690267758378
0.0481537308917
0.117723944245
0.047957342263
0.0202830245853
0.0249856144778
0.0473687315521
0.0949962729113
0.0205705067204
0.0735519716571
0.110987091012
0.0243331854151
0.0795682295442
0.0752605941895
0.13180023216
-0.0144922647347
0.127616427606
0.0306986716068
-0.00571916366546
0.111325226528
0.042105026142
0.0395336748155
0.112001264108
-0.0711375200795
0.0554097794495
0.0792186790358
0.0231122115724
0.0614924792058
0.0599018935648
0.00406960966646
-0.096332881663
0.0322804099662
0.0330062097275
0.0356003730416
0.136132222801
0.0134111193802
0.0539437556223
0.0424052166091
0.00851423332223
0.0680309089671
-0.0386862517608
-0.00116406816921
-0.101467462752
0.0869592937376
0.0371486589892
0.0313718572708
0.053498293945
0.077533317733
0.0957152635895
0.0539252387339
0.116681864491
0.0187119287767
0.140051244411
0.0526664228159
0.00806644738424
0.103100281571
-0.0382811128165
0.042512593175
0.11570544043
-0.00208827361883
0.0718421450427
0.0942116840518
0.030780596971
0.088110224518
0.0316204827376
0.0577645331265
0.0677509580495
0.0597124270382
0.0849793831175
-0.0234113716051
0.0762372688867
0.128454574908
0.0784457699687
0.00762498118845
0.0600465944549
0.0457604389784
-0.0200609158967
0.0634099820725
-0.00435263667349
0.0804764027313
0.0843522476987
-0.0755577314537
0.0638240252807
-0.0970495404045
-0.00649991467453
0.0963785225998
-0.0416920834705
0.0477434017092
-0.0136554987496
0.082052124303
0.127296104726
0.101509329809
0.018962006126
-0.00422616973586
0.0867597024903
0.0595699192082
0.101693675925
0.0212302388498
0.030244353596
0.0814226333512
0.0555907406545
0.0991444114156
0.0137951112278
0.0786862229289
0.0656065431215
0.116058882559
0.127167605451
0.042395306483
0.000620134371968
0.125754011922
-0.000229182658576
0.0536773873732
-0.0715688687032
0.0837853467748
0.116831446745
0.0507716318407
0.123171002942
-0.00789744779845
0.0971618926445
0.109247049137
0.0839590277225
0.00528180550875
0.0272393602273
0.0763581990529
0.0256144147441
0.088945317143
0.078901404276
-0.0157861487217
0.0444553587279
0.0476086891981
-0.0272342501281
0.088167969714
0.102819088002
-0.0206100283251
-0.0157374232643
0.081014336648
0.0474424336289
0.0503102734942
0.0689111717793
-0.0421649970444
0.102551730033
-0.044392950923
-0.0226293832608
0.0442982323758
0.0806516510942
0.0689942016228
0.126306573712
0.0992123861431
-0.0251354640579
0.0944024843411
0.0814767673652
0.0898547729708
0.00946783214633
0.0449202390508
0.00418155505438
0.0219969123228
0.0248604597623
-0.0127406810189
0.119437270684
0.00731682841885
0.0514584048621
0.0531779053082
-0.110820248725
0.059608209028
0.0866726311224
0.105274410597
0.0517439246385
0.0734351887614
0.0632070682217
0.0198663690158
0.0647425579229
0.0199309667782
0.0672733199698
0.00142329834621
0.10171024055
0.0535544215814
0.0798197214878
0.0255249827175
0.0251734810542
-0.0132051431822
0.0703192222738
0.047523051407
0.031797527625
-0.0338406277312
0.12170163243
0.0712083269781
-0.139217852061
0.0282994514261
0.06292005252
-0.0741043532144
0.0967674226658
-0.0314448229379
0.0828468659125
0.0750667248171
0.026473377435
0.0329094645793
0.0958199788585
0.0763360072241
0.0966636157672
-0.00979676766111
0.0161001630703
0.0805172215781
0.0309160673126
-0.0333565114805
0.0694558014983
0.00233551232001
0.132050212694
0.0565569402583
0.0365893493133
-0.126868115138
0.105240615862
-0.0377265711077
0.0633978564444
0.0607305125529
-0.0280790843413
-0.01503549852
0.0994921057219
0.0842490128905
0.0787142746879
0.0993556699659
0.0811326803792
0.109294251121
0.0685550387583
0.0254197660967
0.000805427371944
-0.0442363014464
0.000204413497807
0.0269737581135
0.0116401304125
0.076182493437
0.0911848645169
0.0412610224097
0.0958037753196
0.0326494248949
0.104697087466
-0.0180543916055
0.0324822632439
0.0875033826288
0.0608873307307
-0.0596731298163
-0.00276434895906
-0.0261118364829
0.0772241754186
0.0194326991787
-0.0207886001812
0.0244266738528
0.0733639470812
0.124157958189
-0.0138181786244
0.00152515351259
-0.0498219645769
0.11217162204
0.0171156590256
0.020765590801
0.0568665885228
0.037001860429
0.0376293674662
0.0233778466982
-0.0105883630959
0.125312906623
0.0973532057866
-0.0619299205066
0.0266482758054
0.0213887704364
0.035120873314
0.109201611291
-0.0678489414407
0.0586142467337
0.0634203684688
0.0547745263976
0.0473359373964
-0.0501070100495
0.0534309673854
0.0357913565002
0.109206622678
0.0662268869072
0.0220238616532
-0.0310944085482
0.0839153111844
0.0419051304555
0.0269526782046
0.102393181138
0.0518805987983
-0.033814109503
0.020207520704
-0.00166060677886
0.119693232743
0.0690035728764
0.000916954283595
0.0492574361732
0.120763341042
0.0714878445068
0.0178596108404
0.0966618308616
0.0739120436615
0.0678228537875
0.100883386936
0.106285040585
0.0258065316622
-0.0758150261475
-0.0120771038639
0.0790210516188
-0.026009925606
-0.0319558522316
0.0291910174914
0.041520635502
-0.166505245482
0.0219709331399
0.0508022008905
0.0502153801701
0.0048293337893
-0.0442193074517
-0.0630077989733
0.0788355602802
0.0975922040193
0.0236993215241
0.0842989601156
0.0787353784803
-0.00305505231983
0.124762116906
0.0872967901385
0.0180395629302
0.11680172101
-0.00532327859239
-0.0349552710452
0.0315766530633
0.0261937018503
0.0258692481365
0.034259277844
-0.0018488956437
0.066156692303
0.0479420935873
0.0444263102842
0.0971383777722
-0.0217629949093
0.0697879597502
-0.0264333273268
0.0655296695616
0.0111084352908
-0.0189545186773
0.0771092462025
0.0647615192114
-0.0508420247677
-0.0172574745817
-0.0307346840642
0.0971944287631
0.0312780074514
0.0436826020102
0.0493498504159
-0.0739426297237
-0.00109083607726
-0.0806439564887
0.0663502804362
0.069228986334
0.0418321647807
-0.00045803005421
0.0790677173663
0.0245644101714
0.123235267418
0.0740678783072
-0.0792433560624
0.00800653490487
0.0956715330105
0.0187531167192
0.122603000389
0.0661422125449
-0.00426662943888
0.0316409255684
0.0140774650945
0.1077939335
0.119570457668
-0.00222902940183
0.118471488332
0.0677411765759
-0.00306424266428
0.0707362050923
0.0883175607697
-0.0229206024973
0.0673976492297
-0.0115995464446
0.0181184320078
0.0608018469222
0.104444702321
0.081764292433
-0.00200991498484
0.0628062408032
0.0159688132758
-0.0272608800443
0.0425605408239
0.00209157162198
-0.0525829044068
0.055282433843
0.0273384312315
-0.0444848183886
0.0736803266313
0.0578311295217
0.0205011162944
-0.0598892140135
0.073955924095
-0.021319460455
0.1395338017
-0.00892716504301
0.0556021380533
0.0509729015059
0.00268619203797
0.0546976131978
0.0335010039568
-0.0637051231268
0.0819168215886
0.122459692583
0.0294768081761
0.105632751254
0.112368634192
0.068951983151
0.00261394925012
0.0535946248257
0.0628651447086
0.104523707151
0.0734357589023
0.0696032877004
0.101881483784
0.0449170268023
0.0495623287579
0.0793874198309
0.0683105182733
-0.0216926033266
0.0752214259829
0.047882532747
0.0955277925929
0.0766005818155
0.063830459124
0.0738236683995
0.103626273975
0.0919568978213
0.0630362275169
0.000262558427793
-0.0202965105879
0.0821860095356
0.0177120750579
0.0394668178516
0.0495271159468
-0.0519059970345
0.114485378906
-0.0613398542751
0.0382436721973
0.00179868324998
0.0458514841064
0.0580936978857
-0.00310132418001
0.11366562017
0.0175016604207
0.012322213672
-0.0526144466639
0.0581671325696
-0.0374178298741
-0.0406212579878
0.108282091138
0.0113726191367
0.0984251305982
-0.0248837736437
0.0266866527922
-0.0374055672625
0.0673379697049
0.0486815911178
0.103650477464
0.060535286094
0.0798404241843
-0.0474102417967
-0.0391937289592
0.0192191631643
0.0124499362715
-0.0104070881489
0.0594597539213
0.13386422608
0.0120898611462
0.0553047497965
0.0464967829536
0.0510684656239
0.017278103632
-0.0271470370033
0.065824503921
0.109226585122
0.00998732076175
0.0497662197074
0.117165517441
0.0739145557644
0.0451635506093
0.0102497410897
0.0686148620007
0.0761343534583
0.0983897842561
0.0322751219818
-0.00637886046546
0.0433510489388
0.0109715317073
0.0384734113075
0.0263608027884
0.0224069489432
0.0294440678323
0.117656467823
0.114199967047
0.0514176262773
0.075165666785
0.104523608805
0.0953428025406
0.0378652677843
0.097689720186
0.0688620682729
0.127503532493
0.0477484796019
0.00534994324913
0.0297068784614
0.00303111640122
0.0503980420159
0.0587111845914
0.0634734625549
0.0865372926625
0.100542994506
0.0243389684816
0.077472208071
0.036757344158
0.0126627166917
0.0237475466961
0.129331142696
0.0165829531779
0.0623584444303
-0.0116362453185
0.106257698563
0.0845126726084
0.103043627164
0.0159928948177
0.0192828733686
0.0424414835647
0.10178690895
0.0609836370603
-0.0475000882061
0.0627548031866
0.10326172609
0.0491424053123
0.0332724836789
0.108795205387
0.101900028482
0.0900080664106
0.0857936467796
0.0536985996139
0.116609729114
0.051256688543
0.0903987963099
0.095467056256
0.0359233381522
0.0585915212708
0.0838955797016
0.0806055786973
-0.0675428368118
0.0949198038119
0.0445688049104
0.064296058559
0.058110557765
-0.0298711027944
0.025565739546
0.0534731230469
0.0504665936644
0.10313016804
0.138358043524
0.0311753989597
0.12206195885
0.0774598317727
0.0477704788119
0.0639425674712
0.0155561918285
0.0568091700903
-0.0173987345653
-0.0307758780313
0.0506734873352
0.0786347327717
0.126673730758
0.11265295698
0.0468423171845
0.0824721971095
-0.0643770614701
-0.00884841434544
0.0134906609679
-0.0127739293568
0.0962885625904
0.0824031050847
0.0412050608085
-0.0826715874679
0.0362151957587
0.0313523388434
0.0824773474276
0.0345555793552
-0.031386123157
0.0189273680583
0.0860984173139
0.0701967689625
-0.0664938627418
0.112235319621
-0.0358069678465
0.0890101688853
-0.031988000301
0.061460847651
0.111994530622
0.0979037360889
-0.00479608156822
0.0554338437844
-0.0546370078189
-0.0263310952476
0.0566076305042
0.0426422504114
-0.0175207045914
0.0156445231755
0.0739761367331
0.026424435796
0.0563342503348
0.0759051422907
0.0167856642735
-0.065104863584
-0.00379640396653
-0.0473291838934
0.0917757240927
0.0583281304905
0.0806735276193
0.0304561604017
0.0668208098901
-0.00422219020605
0.117892024421
0.0194693407701
0.018868541673
-0.0583915814825
0.0510454281229
0.109118910742
0.0935605291068
0.0287694845001
0.0346035700881
0.100746034765
0.00527298050266
0.0663669590532
0.0577969722079
0.130926395375
0.0773041369381
0.0106380863998
0.0193035516558
0.032225713197
0.0123113890532
-0.0100631560236
0.0293254474071
-0.0277957414954
0.0896384161661
-0.0129448910483
0.0839871039162
0.00925057957427
0.0500717826381
0.0988267370411
0.0248819045502
0.0499820290613
0.0754303851955
0.0208887163549
0.0772353094999
0.0240778179306
0.103160790238
-0.104628933312
0.0356091471142
0.00146154174872
0.0230674040258
0.0880908046661
0.108207797221
0.13482206257
0.0493387028834
0.0711767646024
0.0420730437417
0.0548705340942
0.107510758996
0.10796789062
0.0303043411044
0.0301301359762
0.0740922837588
0.0727589901006
0.0114222339592
0.0768590012553
-0.0774702227151
0.0436493119119
0.118249865527
0.110850803219
0.0609597307905
0.0178540002787
0.0531841464454
0.110505457029
0.0124234519051
0.0399316821431
0.0469000407519
-0.0238660610287
0.0628216008468
0.0356992273535
0.0265628410737
0.114072481294
-0.0163396063392
0.0439758345303
0.0537548779775
0.050148172086
0.0850981210204
0.0679412907781
-0.0190410073865
-0.0290700741961
-0.019293926215
0.0980118799934
0.0858509707039
0.0498123593578
-0.0196850108678
0.0819869109158
-0.0136884827447
0.00168186945377
0.0635616360745
0.0788600932033
0.0763324677702
0.0411119442066
0.00569021794499
-0.0439340979696
0.0676102820008
0.0670076372628
