0.0587677941944
-0.0014507118357
0.0430898107793
0.0162621915223
0.0557709041656
0.116219977308
0.0407880945255
0.0150177104506
-0.00247555522793
0.0842078974497
0.0836652115935
0.0600839933347
0.0333021731424
-0.0193278830101
0.0352062164966
0.0267143203773
0.0727694649172
0.0369242700136
0.0583566462653
0.129228239585
0.113586933348
0.112695990588
0.037288878435
0.105436626897
0.0906305167493
0.119573285043
0.0799921482827
0.031903558249
0.0197042591735
0.0396893680674
0.0863546629114
0.0041944841111
0.011031439117
0.0632024208152
0.05245073461
0.0677912321745
0.0567788238919
0.0596985902563
0.067939673186
0.099790530895
0.022919071331
0.143811966481
0.113717139297
0.0740830708196
-0.0912176840099
0.117056904725
0.0879474620952
-0.0424555606557
0.0427265104827
0.0803721080281
0.0346866840303
-0.0220720762918
0.0191054858566
0.0103482825375
0.0319118608328
0.0842722500316
0.010819773907
0.110127210005
0.0372579665952
0.0411107386434
-0.0193945638826
-0.0564484820572
0.0823025716593
0.0432422890431
0.0344885647367
0.0486999144698
0.121806595842
-0.0969355835449
0.0960227022209
0.124928914748
0.0210200224529
0.0909550028169
0.123387774775
0.0288304288335
0.0353828286453
-0.0096749331271
0.0184483503742
0.00894372825026
0.0799736261488
0.115660730721
0.0178801443556
0.0950381340445
0.0112311027209
0.0299172014431
0.0816450797693
0.0612955721052
0.036358603568
0.0315958732423
-0.0708653756412
0.0188522235574
-0.0519172989189
0.103129297482
-0.026584723913
0.0370422795974
-0.0173778306048
0.0329273820938
-0.00194053862869
0.0626393918552
0.025374730159
0.0666038165942
0.0321650448407
0.0441608182561
0.105832144078
0.0642575243275
-0.143605416257
0.0273351739031
0.0131841892702
0.0653075623259
0.0975735457711
0.0490447447723
0.0639706822959
-0.0139510075257
0.0997679528516
0.0159663621611
-0.0572082118222
0.0866074597277
0.0305849708489
-0.0583061202237
0.0231090987293
0.0288029683132
-0.0117947525631
0.0976000136721
0.086877122964
0.0830919687252
0.0749842926125
0.0755985605104
0.0206421684137
0.0874059653483
0.00233121288374
0.0965381000196
0.0729149036421
0.112728132989
0.0472526880951
-0.0117046198291
0.068414007568
0.103561866808
0.089662901542
0.0760955510636
0.0889796281737
0.0632414975971
0.0574920098793
0.0487167178016
0.00359800982738
-0.0193392694811
0.0755141983977
0.0336637838291
0.0848268359427
0.0300193336094
-0.0254505184864
0.0329416529299
0.113298388549
0.060159464162
0.0150737275664
0.0703510905129
0.0627054581703
0.0483097872533
0.0869134565791
-0.107186551418
0.0805518328365
0.006224476452
0.0733978656289
0.0647059492015
0.114443720292
0.118684812383
0.0668695542267
-0.00643207888319
0.0160601872604
0.0529098066073
0.0212633083403
0.0287853237854
0.0757556231242
0.0744002746589
0.0907998119619
-0.00673776946882
-0.0723524142979
0.00811849553235
0.113654148696
0.0954357762591
0.0316462229194
0.0131803172233
0.00571802269257
-0.0570554330026
0.0152570028996
0.113341214924
0.11123788038
0.0730675869838
0.0546243385133
0.0824698818902
0.0218256575123
0.11272752785
0.0838780715841
0.0418773361367
0.0784969514313
-0.00511422466916
0.0828736094504
0.00932220123167
-0.0740093877904
-0.0159587320865
0.0806652502309
0.0511857764587
0.0397628867418
-0.12738165472
0.0764601663343
-0.0155717013878
0.0368717637652
0.0748028624235
0.0254873689449
0.0583659381494
-0.0485362852288
0.0973485366792
0.0135744815157
0.0747764716053
-0.0334927719191
0.00375223256786
0.077741183693
0.104237926271
0.0343127520723
-0.0405276242629
-0.0684127822079
0.00850998422536
0.0560931914096
-0.025893503508
0.00655818024491
0.0875370512233
-0.0425348129859
0.0674194842971
0.00608517302807
0.0370480583364
-0.00866108995481
0.0335331607811
-0.0523133423414
0.111508822811
-0.00273327300474
0.0763284921887
0.0813255284329
-0.0343744357844
-0.0246225066545
0.0351149039775
0.102144768593
0.107124415841
0.0624633607845
-0.0942820241276
0.0187640301443
-0.0525454592939
0.124961106577
-0.00743559726247
-0.07560421775
0.00486106632621
0.0264401242853
0.0733249884819
0.0791680701322
-0.0110730048509
0.0806339239089
0.0283620780587
0.00136635018806
-0.0318866565519
-0.0289827315806
-0.0479329999961
0.11426946942
0.0901351267418
0.11189454254
0.0858087345525
0.0579242723526
0.126687310368
-0.00597664647896
0.0758689073413
0.103137793729
0.0188839022012
0.0353218715926
0.0718980299775
-0.00635952774656
0.0556303288538
-0.0156367956104
0.124179793147
0.00279528801477
0.0382015528561
0.0635738699743
0.0944708126658
0.0336014812651
-0.0481626287266
0.0616840175892
0.109273811836
0.136493684034
-0.0389171030234
0.0306524619892
0.0804710132785
0.0441400221277
0.104162054171
-0.0367298560446
-0.0100078245226
0.105852215662
0.0755765099356
0.0888020034529
-0.0341665428676
0.0284799804673
0.110936090044
0.0909832403661
-0.0104432712441
-0.00204420494245
0.103568771394
0.0371866017283
0.110779313612
0.0822494049407
0.0191452013072
0.0957052673785
0.0199186625703
0.0712757091225
0.0765839049812
0.0502375303622
-0.00641682231304
0.0107058821138
0.072450682736
-0.0199845570419
-0.0198940637152
0.0137841864709
0.0820820709643
0.0418257423414
0.0352200510333
-0.0867898354444
-0.079994140682
0.120500985808
0.0149486032466
0.100096949865
0.0844942980236
0.0612144330915
-0.102378220542
0.077733699738
0.0909957249821
0.0732214122364
0.117127274787
0.0797826858766
-0.0633952860732
0.00519640911368
0.0590851454574
0.0326531589547
0.0989291891882
0.102787864616
0.00443221187037
0.0150864453033
0.112338941701
0.0412275603594
0.0109093197766
-0.0578115360049
0.07217416867
0.115074686115
0.0893993454699
0.0164034822594
-0.0215345625508
-0.0414341005565
0.04913171595
-0.012559712157
0.0499989031633
0.0939306432554
0.00922979996437
0.0160101188023
0.0158990345818
-0.0233083217847
0.110634066593
-0.0699720781703
0.0613620577025
0.0315582424794
0.0791560403451
0.0546835476055
0.128226246118
0.116763741645
0.0678251631088
0.095572292062
-0.0259126052059
0.113750347889
0.0632867971344
-0.00527952556098
0.0676645491706
-0.0237339838475
0.00464476553591
0.0904492683002
-0.00073206886112
0.093760897613
0.119668781379
0.0341205455417
0.0125476892239
0.0767814617714
0.0989447560556
0.0269069791659
0.0044040787254
-0.0661376769254
0.102782069975
-0.0550366249088
0.0819248492384
0.000916106733834
0.0120692959072
-0.0243157827134
0.0876215662023
0.117795215842
0.116232235821
0.0281717428488
0.0935200761604
0.00584427467414
0.0865848823329
0.0377905328953
0.0930196446424
-0.0089872811843
-0.0236218230057
0.0432927787355
-0.0389347208414
0.0777944040223
0.0617746715063
0.0386076434612
0.0391983731471
0.0343235440548
0.0898587019349
0.0762395585504
-0.0184397272151
0.0409323339746
0.0582420664061
0.042051335076
0.0411660319923
0.132143529874
0.0581271900696
0.118980718927
0.0994585261616
-0.0172552956394
0.030336881328
0.0462650535516
0.0630139146048
-0.0099714707971
0.0444343552521
0.0650668904016
0.1082381241
0.0377475381133
0.0562793777056
0.0640957160073
-0.0421775373941
0.0935085773657
-0.0117976093092
0.024585221659
0.0779413550045
-0.000745160760554
0.0484425629889
0.0777813169321
0.0280635446644
-0.119041116194
0.0776206627712
0.0212807165682
-0.042474152501
-0.029003062518
0.0474976115339
-0.0417991665969
0.0915171159552
-0.0457479098849
-0.0101502927391
0.00838105680122
0.0629912704837
0.0643986401643
0.0352958179853
0.00515059298551
0.0686008770661
0.0202149634731
0.108493999234
-0.00639360893396
-0.0240964395698
-0.0704896098006
0.0409767038717
0.0434886039836
0.0414933655589
0.104870867289
0.0705732305669
0.079921610744
0.0414723920947
0.129037115156
0.0310548082613
0.116720192499
-0.0133132509182
-0.000227410515691
0.0394208105826
0.0137353192451
0.113741957379
0.098768430493
0.0526825198589
0.0142778377507
0.0850382878175
0.014253893435
0.0655585464003
-0.103149722604
0.0731240581417
-0.031839210144
-0.0257178152344
0.106529542636
0.0250664250797
0.108397856333
0.0667945327558
0.0215189626583
-0.00959978373258
-0.0345048156844
0.120758784508
0.00203842915028
0.0804088907341
0.0637170818964
0.0248666260464
0.0317664374776
0.00190878067371
0.112074400337
0.0830067967192
0.0655108120628
0.136124908408
-0.00558790850904
-0.0867903515573
-0.0487205357642
-0.0386240490128
0.129254257788
0.0708259058635
0.0257226116794
-0.00253119729463
0.0733854055477
0.0306107996757
-0.0064082613451
-0.0924782174939
-0.0340343497434
0.0881578656037
-0.0224865559721
0.00178856541213
0.0508755817176
0.066538121875
0.0526344125169
0.109210076277
0.00718744001367
0.078274108143
0.0595624909552
-0.00235283710538
0.110024500349
0.124895014897
-0.0375927216596
0.0973825712779
0.10728931028
0.0634453857228
-0.135367879325
0.0807198190638
0.101311680635
0.121472665846
0.0187199554674
0.0667468762001
0.104607636163
0.043245220537
0.0712948889805
0.0230357079709
0.0164576352075
0.0111470010175
0.0343115297285
-0.0699143732629
0.117284740225
0.0374257747513
0.029878467282
0.0382908386345
0.0242652352234
0.0208523416757
0.127436701434
0.0997787339283
0.0726493132618
0.0463293776743
0.0508536873819
-0.0183282627994
0.128249103017
0.0684106578225
0.072369519525
0.0985904837765
0.0663358838088
-0.0235385910341
0.0970310919997
0.101196025852
-0.0348349640074
0.0921197775124
0.0417473322517
-0.0177706792208
0.103286868876
0.0509936666886
-0.0068017227292
0.0866409336579
0.0944770208027
-0.011379456016
-0.0213578595614
0.0478824887424
0.0535213879979
0.0289202378475
-0.0192471136305
0.0374040020212
0.070892101312
-0.0465526282844
0.132314459109
0.0657207793994
0.00827117382977
0.0170799658674
0.0476563352067
0.0166005054626
0.0826475681772
-0.0883571020504
0.0482606864577
0.00018003636606
0.0695307282196
-0.109848820035
0.0789237067116
0.0373076696026
0.0656475261359
0.135408670372
0.043372599422
-0.0829580464287
0.0039792181988
0.0767295787181
-0.0119362724065
0.0106677251988
0.0996868443014
0.0577656314544
0.0748930037178
0.0964909940909
0.0596549123442
0.0355839858433
-0.0253914445904
0.12190461471
-0.016323218925
0.0137712379901
0.0500340695973
0.000961346672484
-0.0450480512048
0.0714521406661
0.0995745409932
0.0721388717862
0.0646471706371
0.0180237202116
0.0440520981526
0.0383750252046
0.0255526324487
-0.0677791629216
0.119100045344
-0.00514308965037
0.0834524922666
0.105618963132
0.0283899913257
0.100953138265
0.0871506543707
0.0580620406543
0.0790506494297
0.0235965826876
0.046247223125
0.0926469246325
0.108285826588
0.0748649730528
0.137184298679
-0.023622879345
0.0443605237368
-0.0329497599753
-0.0527715758638
0.0435509804601
-0.0201135103819
-0.0401708539493
0.111616825246
0.0728721625094
0.0617918216459
0.0883843214414
0.0517349693623
0.122678229502
0.0204332268733
0.0842630036266
0.0621998749424
0.0682425466485
0.107881065414
-0.00104460521098
0.0798926268201
-0.0308112833154
0.014008196644
0.0464883739163
0.103403664446
0.0496653262781
0.0258254794246
0.0834115633143
0.0686396463138
0.092344528758
0.000352353192974
-0.0140205936423
-0.0226064556875
0.0839704173881
0.0891990065014
-0.10210075808
0.000719178549208
0.0951500846085
0.0773128757448
0.0253144335972
0.0246483283067
0.0159860885757
0.0382793651286
0.0782029987529
0.0924950684885
0.0866720306734
0.0478537799569
0.0875561562748
0.0516771512709
0.0444728151672
0.121445940948
-0.0197993052969
0.0863085547939
0.0489107593897
-0.0260116718105
0.102603905451
0.0821753142313
0.0674118965691
-0.0195784305429
0.0583918606038
0.0394624666981
-0.190707836542
0.00139930231401
0.0456670113948
0.10707897064
0.0476103007854
0.0244803241991
0.0538135953619
0.0485281895501
0.00659902741623
0.0796064104009
0.0185845167608
-0.000286663965397
-0.0534282072282
0.106168351001
0.0329534567616
-0.0861878321765
0.0111948637766
-0.0418875670701
0.0040073098714
0.0692511883829
0.00560425660596
-0.0059190292505
0.0526454889631
0.109251166401
-0.033892530476
0.0443316101656
-0.0125713451187
0.0408724839871
0.0159101356451
0.0967753143951
-0.0271350813328
0.0993920715787
0.0383534758157
0.07557081989
0.00307849887306
0.123235446949
-0.0440068591581
-0.00396877993059
0.109976887655
0.0875748532896
0.0822105025586
0.0242911521102
0.0952245407568
0.0704721280092
0.0434853960516
0.0356163440873
0.0719488731711
0.0369422536595
0.0740639912245
0.068625402724
0.107461714062
0.0332791364484
0.0649257897222
0.0515692171944
0.0417431538909
0.0798519180489
0.0483248146339
0.0496678407991
0.0736695596569
0.0245230918892
-0.0047448898891
0.04256768125
0.0122348535295
0.124882163946
0.0806454235589
0.0485192977955
0.104839626684
0.0241631555936
0.0480615258817
-0.0178666485161
0.0924641033319
0.0993044559425
0.102333374808
0.0124000781129
0.0327423591214
-0.0872108177277
-0.0195620700273
0.087273140001
0.04515959312
0.0809306342334
0.0505592245043
0.0540354382931
-0.00413745729593
0.0670852590148
0.024503510931
0.0839513838
0.0568835015
0.121212023721
0.0380045172939
0.0839371461584
0.0644208303741
-0.00487800805242
0.0810064183865
0.095666084044
0.0333899361921
0.0353130572829
0.134332094812
0.0255788255781
0.122832157969
0.000125149024966
0.0881477553734
0.0607688286889
-0.0651370439934
0.0454738834481
0.0301064866462
0.0393437666401
0.00375229987499
0.0507539693083
-0.01403743591
0.0100638437554
0.0275763252904
0.106875011368
0.0541397448473
0.0580269985521
0.0110392699783
0.0739978935296
0.0809505570438
0.101814063658
-0.0297025623981
0.084058101917
0.102085842026
0.0123000849159
0.113810567454
0.130009543444
0.0900055209409
0.0260630683682
0.105895988174
0.0118841243442
0.0762486466802
-0.00679698994919
0.087710611995
-0.00654790702376
0.10165138656
0.0341329961686
0.0108982998435
0.111180087294
0.0899790508319
0.0326719928989
0.0563874176311
0.0966837007886
0.119215720904
-0.100092229846
0.068776318236
0.0272592723846
0.035777446472
-0.0308263795961
0.137885823071
0.0188189361404
0.0968226290491
0.00241481274323
0.023193486496
0.0339180431672
-0.0052824874444
0.0672161513259
0.0839087352071
0.0981653852975
-0.0252148904121
0.0347278047216
-0.0195793124646
-0.0803276935062
-0.126434714252
-0.0368071306728
0.0552823411723
0.0119799093929
-0.0211343714066
0.0593522338728
0.134202478057
0.0437053913487
0.0511903241737
0.077021261636
0.0561718157416
0.0287986051388
-0.0233256572501
0.0768417196646
0.049070881633
-0.00204953703377
0.0598500818706
-0.00122116580585
0.0508973473948
0.0298812018284
0.0741327129944
0.0634769497017
0.0488840958765
-0.00311259948627
-0.018644037934
-0.0223957991555
-0.0228827487157
0.101303487796
0.0765405224868
0.139414647069
0.00829186041201
0.106500629264
-0.0556052594275
0.082182103181
-0.0101520142882
-0.0124828760452
-0.0575815541038
0.140615656961
0.0929463989204
0.105173709456
-0.0284687470293
0.134218602329
0.0111551705062
0.00648944744821
0.0977519719629
0.100215699708
0.0208974238401
0.105280541828
0.0156824052575
0.075772051784
0.0509676789748
-0.101880992758
-0.0227539529344
0.0704020783063
0.0690489706168
0.0954203802603
0.0122016650066
-0.109525998309
0.10337745097
0.0130760274282
0.121364211752
0.117382276743
-0.0312196658671
0.0708175744521
0.138712856648
0.111875967568
-0.0388999294449
-0.0112278062773
0.0898618741243
0.00678429404008
0.125469344908
0.0252076442363
0.0123542831797
0.0511610041297
0.0148022152721
0.0668320027219
0.126033398145
0.0869835438898
0.0754182915711
-0.0798892434933
-0.00465791671847
0.0857024143807
0.00827976760318
0.0979795744837
-0.0409198016582
-0.0196395749228
0.0296331582459
-0.00333231627111
-0.00903862124475
0.0706175429824
-0.0355714821232
0.0902994606673
0.109280115726
0.0393893986695
0.0638804341591
0.10966360858
0.109437138841
0.0858816111769
-0.0136978927918
0.0479072980007
0.0829275703177
0.115762857057
0.0954638282052
0.0179264228469
0.0904937341187
0.0693499274666
0.00492619465266
-0.0239585218632
0.000982465617939
0.136142975088
0.0511345691203
0.0409456286047
0.0274487640564
0.107353658996
-0.0160300431952
0.0790714668858
0.028586813265
0.0559404570757
0.0564158198455
0.0494648599861
0.121999785347
-0.000718097700145
0.0884813266633
0.0677396570314
0.0868206077536
0.0675799191136
-0.00140396128496
0.0498875503636
0.109006690848
0.0665136936296
0.117309440161
0.044257259098
-0.0451722722844
-0.0816073562845
0.0394297166268
0.0871825402188
0.081220369736
0.126606784826
0.0450308524106
0.113249190618
0.0736032031091
0.0168134698408
0.105337947917
0.00369363912573
0.0340102031358
0.0773128006347
0.105929677753
0.0903685141623
0.0852574532996
0.0555974813187
-0.00832676332509
-0.0159530340708
-0.00166721001731
0.0482229975106
0.103672168532
0.0398501953727
-0.0831537279861
0.0819918703555
0.102355440626
0.0272981943687
-0.0583215938701
-0.018217926215
0.0459923006465
0.0391466223791
0.0736695472778
0.0889374683877
-0.0092062005977
-0.0261987643006
0.0733772849715
0.00307287364579
0.126153555998
0.0658355317216
0.10174403474
-0.0985399625323
0.0498687840882
0.116029344198
0.00954567960596
0.0904883217551
0.0497677872018
0.0103858673167
0.0879878811559
-0.0441178153943
0.0707835630156
-0.00184750570807
0.00528756772105
0.00846368991321
0.0772852629804
0.0405092319533
0.0854262587183
0.084168288548
0.0619433598524
0.0722907550067
0.0401445963878
0.0816191829832
0.0122548950949
-0.0661486348799
0.0399789041409
0.0069723030438
0.0651629903757
0.0704016922416
0.104813445092
-0.0891124049064
0.112126572119
0.00747642808278
0.12622122007
0.109609090014
-0.0162191453526
0.0846433635616
0.099038102055
0.0724655642492
-0.040468383313
0.0881099531704
0.0796677086056
0.0469823447824
0.0576388653538
0.101191534286
0.0405016752458
0.0974252438289
0.0189841463912
-0.00249711761143
0.0290406241932
-0.0113222035393
0.0484034595812
0.00950761367145
0.121060376096
-0.0215302671419
-0.00493760142611
0.0370238885848
0.0336412920053
0.00653922328907
0.00719067424972
0.00135710972702
-0.0216683231991
0.0409912192016
0.123992204568
0.0647611507133
0.00818927783757
0.107637220328
0.0404911319346
0.0627530242482
0.0665034636613
-0.0365185927847
-0.0177252692049
0.0417898193982
0.0228851597493
0.0354633463915
0.0527698240681
-0.00670530327578
0.107099717967
0.135098162328
-0.00963059952836
-0.0327896352314
0.102192589884
0.011441234493
-0.0155003987303
0.0543096273911
-0.0031940410528
0.0802456495101
0.0261103643772
0.114306495341
0.0353297726745
0.0742608278031
0.06076282371
0.00600838572058
0.0554172253934
0.0438799963071
0.113323576496
0.0461756939833
0.0793047993176
0.0258099366664
0.0290290404474
0.0205300344632
0.0191551655742
0.147387687548
-0.0110999666353
0.0921081786349
0.0513302919036
0.0834604594505
-0.0367536590176
0.0599120714686
-0.0868883816532
0.0105515589756
0.0523979642541
0.0604249944424
0.120249494247
0.0647118432958
0.0538688747519
-0.00792280978437
0.0496095850394
0.0702925251317
0.043784590567
0.0659815153028
-0.0176317871073
-0.0239119128594
0.115766828648
0.0854973821169
0.0241387902431
-0.109828072831
0.0344045280486
0.00885753887932
0.0893011530902
0.00342740275986
0.072014707455
-0.00105351935084
0.106435008256
-0.0289050579649
0.0674840440336
0.0890573734177
-0.0456210171028
0.0850823868021
0.117139256305
0.0613501918882
-0.024553947488
0.0350484587694
0.114686839301
0.0754090803479
0.0295987576103
0.0202761425198
0.106980171407
-0.00723358020587
0.0600645086422
0.0588163480423
0.0392327175092
0.118221600083
-0.113124941484
-0.062413573885
0.00561834175031
-0.0580792571939
-0.0813236058908
-0.0261262845888
0.0682918396788
0.00631089099172
0.0930000449423
0.0815972495735
0.0720769057611
0.0299993842681
-0.0281168493251
-0.0216986607844
-0.026178689581
0.0274881785734
0.0662115538957
0.082586832628
0.0234033092394
0.102621147465
-0.0126847627276
0.117432468443
0.0863826546629
0.0982912996715
0.0543240365836
0.0746599225829
0.0933061170229
0.0126469692158
0.0880804247981
0.0086452905902
0.0126173270989
0.116779864375
0.0392468944537
0.060838697187
0.104500077196
0.0334538836519
0.081541878882
0.0509816245677
0.0885194571411
0.043085734655
-0.118133458161
0.138339867909
0.0380506844092
0.0022624432887
0.00827360416482
0.0136350753865
0.0484039228431
0.0688095568111
0.0756605500668
0.0977696019829
0.0353470476801
0.111769036803
-0.0200282548604
0.0822227238611
0.0232151624441
0.0622614893527
0.116575748874
-0.0975606497329
0.124128701824
0.109330662137
0.0840670930031
0.0994724360484
0.051592830352
0.0600628913397
-0.0424579689802
0.0576284611499
0.0185982108236
0.0310631824619
0.0693250459941
0.0491462484322
0.1194100953
0.0977096127673
0.0991012977472
-0.0376980488324
0.133817145629
0.0952498996185
0.00581212901003
0.0556662516223
0.0525403774766
0.0203363563863
0.105905330111
-0.00827724694426
0.100179600828
0.071335527712
0.038547952458
-0.0153540307786
0.0355345864708
0.0593240674392
-0.0212871031446
0.0482608283306
0.079147791868
0.0651799128741
0.034949249759
0.0674875306909
-0.00148500953088
0.0914923486059
0.0406913315282
0.0312588976552
0.0804461074268
0.121857012153
0.0380084356426
0.0194017488625
-0.020123743406
0.0950302805825
0.110290165861
0.117219907757
0.145494454451
0.0902216769637
0.00246782810657
0.0002972302375
0.100035422725
0.0900303651939
0.0675783766818
0.0931128690941
-0.0361314056331
-0.0379714162376
0.0385384119681
0.12008180432
-0.00573081054978
0.103180977849
-0.0102229764099
0.104591160392
0.0274286722589
-0.0138573750704
0.000653711294781
0.0394766911813
0.00280351352077
0.051364845104
0.0652041329047
0.0998714223276
0.080533096072
0.0829402933847
0.126792404434
0.0278745127243
0.0832150781575
-0.0185677984899
0.112980637439
0.0705476699897
0.0565293787587
-0.0795773943148
0.0790673296342
-0.071153194819
0.0285088115075
0.0895240209727
0.00444971376995
0.0135105827891
0.0404423108337
0.0660580547689
0.0150407240234
-0.0188085479992
0.0306138425221
0.0899208773293
0.0735481057894
0.0570104659092
0.0882900317297
0.0850729103253
0.0529321679923
0.00684453342128
0.0654914869625
0.079897751911
0.0530563358221
0.116376528576
0.0159587671824
0.0670034138228
-0.0341792136799
0.069101391803
0.0950059382074
0.025646399066
-0.0217063333684
0.0723326944803
0.0892065298114
0.0883499854982
0.0334374484592
-0.0318246616914
0.1226314188
0.0485202783512
0.110961237497
0.0256051163869
0.0964896769991
0.0264722988516
0.107385269068
0.0270421126081
0.109223335331
0.079224950507
0.064106402932
0.0964322404775
-0.0411063905163
0.126165832667
0.0598520460722
-0.0564615191396
0.0988666211927
0.0664387152373
0.0345371459529
0.0618127531968
-0.0206860914897
0.0504920876038
0.0606107707044
0.11977992092
0.0364357258819
0.0894670357749
-0.0224927381246
0.126458740716
0.100347455657
0.0247371953274
0.00226164642373
-0.0482696557505
0.0152816084617
0.106130124921
0.0227308361191
-0.00938817199561
-0.0665647505543
0.01451997979
0.0866028056402
0.0722567235393
0.117601756786
0.0129868576248
0.0429716884939
0.105979967354
-0.062802088029
0.0227368272675
0.094097690841
0.084126705183
0.0726417133928
0.0106540095185
-0.0277329063066
0.113013757412
0.0732020912928
0.122710340618
-0.00985052395102
-0.0336330560986
0.0290720190316
0.00611918233738
0.074779462106
0.0612223392577
0.0779795545065
0.110778437508
0.0469918732824
0.0665701410481
0.061592197264
0.135201923517
0.0350485681422
0.0745973903667
0.0960430159544
0.023809842908
0.0850408574301
-0.0227499308311
0.107942096234
0.00532987888337
0.0618531148745
0.00657744039403
-0.0855231626515
0.0824040909207
0.0891514119248
-0.0668493940374
0.0791532641354
-0.0157733415691
0.109141231146
0.0593752827601
0.0470410412141
0.0489060356921
0.091823307985
-0.000914362339067
0.0836288096739
0.0638047404421
-0.0653605387965
-0.00311786658917
0.0346395609067
-0.00260437273869
0.0491977467571
0.0430194677586
0.07195715411
-0.0155588521413
0.13997489244
0.0889021776648
0.0821061423098
0.0203065595345
0.0517705158237
0.0677344367704
0.0726102183339
0.0331261756906
0.131799058453
0.0994514415306
-0.0463875612543
-0.00810280637671
0.123016270508
0.0967434953162
0.0435031047927
0.0202136857785
0.0446400148317
0.079396354111
0.0547268217835
0.111510499426
0.0815939393135
0.0924536771173
-0.0704038261607
0.128447051319
0.0101040879925
0.0378554704307
0.00224294955842
0.10079608256
0.0102360693805
0.0770137940337
0.118301954482
0.03256576302
0.0890657306557
-0.0447025219235
0.0614372230256
0.10053314285
0.0528366328058
0.0787748978106
0.015279549331
0.00288474541112
0.135549601872
0.042841635593
0.108375184994
0.0810125808742
0.0266333079344
0.0761412563507
0.0971439751303
-0.0315853701443
0.127701259693
0.0741375491847
0.104962728407
0.0772059820553
0.0282847465289
0.0906695091568
0.0201389710056
0.038616136653
-0.00195180716289
0.122862139153
0.0526994732506
0.0721060345387
0.0827005109909
0.048925426025
0.062073731642
0.0367946275202
0.0811587094602
0.0641280132074
-0.00421943887857
0.119457431195
0.0231360129965
0.114878310245
0.111421356669
0.0787153705182
0.0812955500279
0.0260491503787
0.106701398746
-0.0273240707336
0.045533227602
0.0925919955634
0.0671619797044
0.00769442839601
0.0331423761927
0.0591812200741
0.0187428611151
0.0255916187272
0.12297527371
0.0633652385239
0.105345186341
0.0782950120943
-0.0116467474912
-0.0410972840094
0.0350085640934
0.0687027317841
0.00407536117707
0.118991559553
0.103057226088
0.111876390111
0.00100256857163
0.0485383692374
-0.0301745897074
0.10743582469
0.0123858123218
0.0511649011256
0.0506119904553
0.0905069181223
-0.0193556136432
0.0577656822926
0.106257669775
-0.000855762012185
-0.0182463338233
0.0860255596326
0.0400461924482
-0.0490542912313
0.0468156619516
-0.0505500190318
0.0672018791439
0.0759402093357
0.108784322349
-0.0559099176683
-0.000518330451867
-0.0411869404929
0.104490564765
0.00644542918943
0.0596685317653
0.0761083307171
0.105534278676
0.055483774813
-0.0106505385737
0.0256435033391
-0.0015923452748
0.0982733712133
-0.020531870253
0.0457809642339
0.0536946155404
0.100881478647
0.0442674515775
0.0401387711128
0.0769053481456
0.0305345690395
0.0936007241806
0.0473002705993
0.102364655244
-0.0513214546951
0.060005579864
0.0528738065589
0.0701744316403
0.0307599386353
0.0271605816293
0.0943643173113
-0.0121588705603
0.00750175329108
-0.0920103636248
0.0372548707444
0.0518122568487
0.0311463888606
0.096905938226
0.0997390591309
0.0625459306457
-0.0191358521605
-0.0104417395599
0.0439750873778
3.21361697262e-05
-0.00872102641385
0.0672447296749
0.094465666065
0.0714433601336
-0.031994834149
0.0943921432451
0.0820714383118
0.129060616452
0.042216888694
0.0511790268995
0.0106185123592
0.028400496927
0.0971129815495
0.0477503377301
-0.00152942538256
0.110991841955
0.0562386756717
-0.0212330870203
0.00694436032705
0.00508322897869
-0.0220914960239
0.00914648576428
0.0638132570634
0.0820928270995
0.0898485304528
0.116374116767
0.0685774296137
0.0528593890129
-0.0340070249545
0.101026027064
0.0241690159844
0.0340091804249
0.0673037386134
0.10634341463
-0.0234319217769
0.126919847474
0.0949639077704
0.0185778147438
0.102019447462
0.106364379579
0.049656042554
0.0539426262751
0.0385573782457
0.0589247375453
-0.0344367384861
-0.0691697009208
0.0361722968596
0.0814724799458
0.0341806260847
0.0472235408076
0.0776035520977
0.0148683449412
0.0930998874727
0.0387800272494
0.106036038819
0.0870915370047
0.0114899888333
0.00446912886062
-0.0278859513623
0.00412357007121
0.0138687290588
0.0100828992644
-0.0170648514588
0.0636651282595
0.114615833614
0.0129071479002
0.0902795728582
0.0516584005581
0.0543322622923
-0.0115321022386
0.0109496320999
0.00289817800847
0.0802010079536
0.0548322357016
0.0257169201779
-0.0489401985543
0.0507050726326
0.0455369599271
-0.0269146382201
0.00205385229473
0.0421974095211
0.0660443789816
0.0725500405616
0.0570890480193
0.031339328855
0.0697190221646
0.0109745460824
0.00575473543108
0.127205491298
0.00490353415836
0.0573158875231
0.000321048925342
0.0242112087263
0.0526136995703
0.0809997198793
0.0789643094298
-0.0395534423651
0.0816947016685
0.0257947585227
0.0328350442526
0.0618799560602
0.0579648799045
0.0356281585612
-0.033447552382
0.105281226487
-0.0130461307443
0.0453919864023
-0.0684076582669
0.0226802459666
-0.0133366615223
0.125998535233
0.00921562949733
0.0216642536742
0.0784148174662
0.132578893612
0.0024413484224
0.10571569607
-0.0292399300342
0.122898260931
-0.000976215307792
0.0323999266677
0.0522019581336
-0.00314842644607
0.0808772080682
0.00787003420775
0.0203310023742
0.0394335143158
-0.0161905334973
0.00625369173907
0.0807786534997
-0.00949798755778
0.0500028059497
-0.00720518944501
-0.00802365246085
0.108829463678
-0.0692731798267
0.0227169193072
-0.00406863754468
-0.00268439926473
0.0752401016751
-0.0258888649711
-0.0762690689198
0.0448448451631
0.0873845200728
-0.00413735300183
0.0981274533786
-0.0587760152612
0.102840433897
0.0898248572343
-0.038256795499
0.114946375861
0.0224786444543
0.0522358116765
0.0889301584852
0.0260464902992
0.0702608613658
-0.0204301318077
-0.0295591081796
0.110464176404
0.0321846677076
0.0153073593106
0.0543682213261
-0.0134121299618
0.0553373787115
0.100922675798
0.0969401797872
0.0466076917207
0.00267716520542
-0.0275392771343
0.0307805548323
0.0518667605747
0.0526844522551
-0.0300255899054
0.121285535964
-0.0194389694375
-0.0019426496959
0.0432370585585
0.0960468525052
0.0540512050544
0.0741215664932
0.0795661468694
0.0199966356984
0.111216581929
-0.0815384548941
0.0412903745567
0.040280972721
0.0187610197328
0.0948383678793
0.104926219945
0.0263118151087
0.105186038078
0.00245448774402
0.073462929762
0.0124849280239
0.0548872735904
0.0269017669749
0.104007377959
0.015474957409
0.083528970062
0.0904340586823
0.093320696472
-0.0693324475627
0.112796781155
-0.0232801666207
0.0292568116759
-0.0470598864858
0.0245014436485
0.0983847909363
-0.00772712669867
0.1384799752
0.0533165762824
-0.0607810901366
0.02695044387
0.00176555202289
-0.00633770557888
0.0445075194725
0.0995866141855
0.0377125879545
-0.0308784103723
0.00264501525326
0.0017747629613
0.13334409333
-0.00588429695591
0.0267362919498
0.0216407942794
0.115517701787
0.0835411371299
0.0605902829494
-0.0229605013639
0.0802731318486
-0.0236039368401
0.0656562354744
0.0179306259314
0.0482547732163
0.0953118569002
0.0156237541753
-0.0680617812447
0.0569557841302
0.142031201912
0.033711664847
0.0486172117019
0.0906947255396
0.0471480385568
0.0832776363959
0.0820590550149
0.0826065703553
0.0251897611751
-0.00554977316738
0.0394005024998
0.130090954593
-0.011503493681
0.135152327045
0.080703351061
0.102045567875
-0.0054717712392
0.0504588860381
-0.0251874714597
-0.0482590371002
0.0982605076937
0.0771480569926
0.0760401481538
0.101886725095
0.0783290720854
0.120505752168
-0.0729555836709
0.0952857124147
-0.0101763743621
0.0745004205536
-0.0112323111647
-0.0328236411545
0.114330858272
0.106073855911
0.0340974738205
0.00482714371972
0.032724136983
0.041431355513
0.0241223527991
0.0494264648939
0.0920146167713
0.00440020154453
0.0346433678135
0.0243340288833
0.107141305015
-0.11395967011
-0.0943108911413
0.0208199656726
0.0689804092732
0.117627868143
0.0645457627817
0.0476073769126
0.0737262315253
0.0549787640902
0.0456602366799
0.0790915691245
0.00907261025739
0.0867176503835
0.00445804745882
0.0565441025453
0.0313990130607
0.0734045658005
0.0258717550634
-0.0412867759683
0.0495448948864
0.0342487742364
-0.00673513803985
-0.00372881341492
0.0408507093028
0.036648123022
0.0438699873652
0.0586590380608
0.0514101195624
0.014919357876
-0.0515600000413
0.0208399609262
0.0591208894235
0.0288965034223
0.0189461267384
0.0547245663282
0.0844219383202
-0.00473065700451
-0.0152596441232
-0.0440665804401
0.0958265255393
0.0187247802428
0.0295708466073
-0.00734440067024
0.0224938203921
0.0732338277719
0.0584460700307
0.0697402065563
0.0889881752073
0.0945285412747
-0.0260747717457
-0.0599071241805
-0.00637244646778
0.0897923411658
0.00401055260422
-0.028907982768
0.0459375535158
-0.0547214934682
0.0423957113475
0.0825587260697
0.00451914359982
0.0497650725599
0.104240587755
0.0872078395589
0.11742228478
0.0036995923849
0.0423652973961
0.052307000851
0.116327588076
-0.0290361519586
0.136274418859
-0.00230028852859
-0.0753299457251
0.086089639126
0.105980676371
-0.0753652662913
0.0322828336736
0.0973311260188
0.0717091113832
-0.0183544094755
0.00582699167508
0.0790823438569
-0.0289511430513
0.0298901729644
0.0273208570001
-0.031544297199
0.00171321300889
0.0404304373878
-0.0563275072114
0.0485418932295
-0.0777112908546
0.0557659996398
0.0591847179901
-0.0470464081234
0.050366432589
0.0519769769036
0.0935206380911
0.126967689415
0.0704768148076
0.142642469468
0.0593795752838
0.0486938430391
0.0846733615796
0.0673902067124
-0.0193943874101
0.083220882809
0.0338078462139
0.0316596916194
0.0385482865014
0.0858722983406
0.0186006305774
-0.0346889492753
0.0449319907965
0.0851258829231
0.0873977975456
0.061990552704
0.0104306529785
0.0995903127834
0.0128424199598
0.104685570035
0.0489153903264
-0.0179616256208
0.111025367302
0.0327984094953
0.0871994337456
0.0621278176493
0.0714960738851
0.0788381316808
0.0514456977671
-0.0272610720536
0.0623037432358
-0.0697985538608
0.0335083357953
0.0569892134613
0.106499606271
0.0402989081232
-0.0058893203904
0.0713033731243
0.0957331018593
0.103380761296
0.075845676695
0.0681400578993
0.104097987263
-0.0399707856063
0.0223058589729
0.102866107299
0.0541801167033
0.00105753303332
0.0189540876992
0.0346180169162
0.0585788891405
0.0305639215847
0.0582502685395
0.0491091492929
0.0525445550457
0.0647686759606
0.131180289732
-0.0278563348778
0.00874898013631
0.126704969662
-0.0208110098607
-0.0112117536503
-0.0667357095266
0.0635427194845
0.0406062207216
0.0403785290839
-0.0189220091451
0.0172913647351
0.0228304452366
0.095292246023
0.0745827153613
0.0433014844411
0.0235234319975
0.13181660649
0.0154853909284
0.115279744747
0.00882781776521
-0.0287759983683
-0.0161708790083
0.0616115780055
0.0561700126191
-0.0730701455272
0.129062244543
0.052412896698
0.00549819080886
0.0567132392992
0.0196313735526
0.00229725949868
-0.0187049862219
0.0788420552793
0.0512645662468
-0.0442252785189
0.085843749696
0.112906455904
-0.0583649250022
0.0654831439712
0.00112522554311
-0.0395778963975
0.0590362123013
0.0433497590635
0.0945465091457
-0.00805328909626
0.102104630155
0.0710068089253
0.0337175097633
0.0554038014738
0.0851212177896
0.0856752028837
0.0991740708975
0.0589057058114
0.117427917873
-0.0115819167471
0.0621417928785
0.086790417035
-0.0728077478537
0.0677573111875
0.00417676457773
0.0638843571182
0.0724620641538
0.135156441187
0.0780879548856
0.0144405524663
-0.00327623130069
0.140761644771
0.116532907148
-0.00989578049011
-0.00173475662975
-0.00607253850602
0.101008153731
0.102675554639
0.0609939570136
-0.153121893196
-0.0283130691392
0.0724149312009
0.00692941401325
-0.0109618755058
0.0330735000473
0.0575942273611
0.0683888419128
-0.0619777227533
0.032095317245
0.0914123607994
0.0277325757722
-0.0400009564952
0.0570306048173
0.011726884871
0.0581462291598
-0.0228515877297
0.110328344459
-0.0022178574401
-0.0561651240721
-0.00373358511511
0.0182308889602
0.128559355124
0.0394855870243
0.0969698697467
0.0725985798407
0.0272918117991
0.0830978562001
0.0448235194003
0.0789342243976
0.0290612267384
0.0784155627361
0.0155474393735
0.000200659640252
0.0535837078278
0.0728761646581
-0.0285053699564
0.017086218631
0.0368002543245
0.0116999392411
0.00149800685671
0.0242746099264
0.0532487140296
0.0616340269285
-0.0368532652669
-0.00243363655929
0.0320906874281
0.0745035133681
0.0775596243368
0.0335740505934
0.0781671476425
0.00133422224413
-0.0363575007979
0.0539451972759
-0.00616431328935
0.0162903437278
0.0980018098073
0.000531059688203
0.108082713601
0.0457703107138
0.0837705074942
-0.00519810362191
0.0589218584937
0.057076077793
0.0275415039736
0.125899784636
-0.0255648440146
0.0288842901121
0.0385682370619
0.00448911132251
0.0520791076695
0.108851483903
0.0864896282513
0.00449373682447
0.0871886435318
0.0571176113976
0.0661389377801
0.0943487950165
0.112182672008
-0.0227922622845
-0.0210334829132
-0.0347286937442
0.0781027593364
0.0459020181687
0.123514366631
-0.0102285007764
0.0183030405848
-0.0426349698695
0.00812571531216
0.0554985325319
0.0021633422472
0.0955775828885
0.0610219162993
-0.000268443486327
0.104794688973
0.0925198693097
0.0200071777069
0.0677505811766
0.0536273036226
0.0306995191306
0.0566301389775
-0.0110432467464
0.0511735248102
0.0940443861849
0.093235413068
-0.0107328562203
0.0175192964921
-0.0740394603367
0.0419909291607
0.130668655918
0.0812574500271
0.0867799208215
-0.101142235448
0.0230535771398
0.0800171238352
0.0241087834841
-0.0353025478694
0.0685277174374
-0.0741237848374
0.0892751564651
0.014128103363
0.0657126140259
0.0573513613049
0.0833739973662
0.0751521763771
0.116797373877
0.120502747995
0.0800908247274
0.105715262826
-0.0454688818397
-0.0499820646904
0.079132803856
0.011612713478
-0.0425640355156
0.105777158584
0.0573067957278
0.140991060819
0.0413691353676
0.0275018455047
0.117227510253
0.0367264534425
0.0393243352815
0.039169680898
0.0253512811259
-0.0831812712213
0.00950829587578
-0.0574323320786
0.0185977219616
0.0782368845898
0.0523246892741
0.0393297735268
0.0555339938297
0.0622025909846
0.0240278659221
0.0473122134568
0.0810756509533
0.0431918874158
-0.0109384186266
0.0730037072365
0.0493420912484
0.010045272449
0.0523718210746
0.112170643337
0.0395880579326
0.0700274814203
0.0748467997902
0.0358037388827
0.0106698289664
0.0583697953071
0.0550517134054
0.0605715400982
0.087402193356
-0.0496338767353
-0.0350179299132
0.103983838184
0.056367954293
0.0429821074716
0.118023619165
0.0953190049134
0.100465747616
0.00991892432672
-0.00603731780015
0.0286716042875
0.0764698975865
0.0304764382628
0.0036023511046
0.0257549916185
-0.0274490635498
-0.0244267018272
0.0515950314694
0.10587119431
0.113026308019
0.114555344729
0.0275619921705
-0.0642906440487
0.0759878064548
0.0509028502504
-0.00172379150978
0.016773211471
-0.0689510373204
0.137976940404
0.139301512758
0.0382860941486
0.0425125690463
0.131775336249
0.0651013917934
0.070933245018
-0.0720342530071
0.113424960902
0.0917444394196
0.0780094054231
0.0179602476329
0.0178526935384
0.121228015817
0.010931795598
0.0874781110508
0.0369031034096
0.131188061856
0.0169724263614
0.0652774407723
0.0201849246339
0.0886397139338
0.0775194645209
0.0402595898662
0.0594677864752
-0.0277233120186
0.000230620659764
0.0105013520622
0.00944154056886
0.0121779382288
0.0614845175279
0.0776612568481
0.123851066251
-0.082295653308
0.117216679733
-0.00536702239205
0.0364372629857
0.0256639173764
0.105210401592
0.0366839818674
0.0865245806645
0.0784011227218
-0.030550049464
0.104834549148
0.100061262782
-0.0354453009655
-0.0106090032169
0.103968003014
-0.0317758992498
0.0877447591527
-0.0216773316858
0.0155786955464
-0.0191540948976
0.111862158712
0.107452379831
0.110626441629
-0.108216335168
0.0397937787742
0.0253355200861
0.0440437061538
0.0707586538936
0.00211394846023
0.11975625775
0.0143310514838
0.0405704495358
0.0331358343989
0.0852702902438
0.139442252233
0.107945609035
0.0989191868633
0.0291583599899
-0.0433632658294
0.0402600271127
0.0144630420245
0.0525542843522
0.0855511686526
-0.0289333890172
0.0362849761541
-0.00649780174816
0.0489643487885
0.04478314899
0.0646446116858
-0.016570387552
0.0159944688166
0.0657983617272
0.0724092975759
0.134891067725
0.0628808204713
-0.0751487868849
5.31638504739e-05
0.0650276789279
0.103200157298
-0.00972690148409
-0.0225299365342
0.0438307086087
-0.0642436269679
0.00310277040201
0.0659060166369
0.105631358548
0.0574719129191
-0.00596506831705
0.0730880299768
0.0457974899208
-0.0100373255314
0.135933824424
0.0699776919775
0.0895441158379
-0.0891167403049
0.12511120165
0.0309253288274
0.00401111479658
-0.0567846991197
-0.0315138382038
0.107648752156
0.0827792795829
0.0988083443938
0.104142765155
0.0203813850063
0.0497031029036
0.0652410099549
-0.0206015172399
-0.0879341394012
-0.0118508135525
-0.00123701339506
0.125480342363
-0.0203572685171
0.0302000163397
0.0454164933789
0.0329061193585
-0.00971819223402
0.051134483607
0.0983477906862
-0.00696946927829
0.116033356952
0.0145516068243
0.0872728468814
0.0862231649159
0.0625959748295
-0.0295100715268
0.0460920891813
0.0690037967491
0.0732398412849
-0.0466372894251
0.00783290707064
0.0435178588021
0.0517631411015
0.0177945422126
0.033284236407
0.0430287921552
-0.0390022834312
-0.0017569788118
0.0728476069342
0.0565024849974
-0.0457628122529
0.0601589941098
0.0188769603999
0.0478728463533
-0.127776410563
0.127057884451
0.0605127006491
0.0768085786198
0.0323231231127
0.0177264611095
0.0813379882835
-0.0299573800767
-0.0531434825528
0.132371101339
0.0211125398124
0.0274985789982
0.0163898377372
0.0684630495602
-0.0312301309334
0.0555603084893
0.115611698868
-0.0346265931705
0.134806406868
0.105244503584
0.0558773974785
0.0497431332965
0.0513509218566
0.134438410668
0.0522862652501
0.039277697256
0.101195579065
0.107746133785
-0.016337862716
0.0309605520155
0.102790158449
0.0865832758396
0.0819999635403
0.0231475361776
0.0798344261146
0.0294994755672
0.0585909665946
0.0479315553426
-0.00954433417364
-0.0039189602639
0.143423368126
0.0168708612705
0.0461067639177
0.0239037209154
0.0671711107571
0.00273876948649
0.133325496158
0.0430657747329
0.0823314926534
0.0669280669618
0.0380019343795
0.0896790676897
0.0262865344424
0.0981692692415
-0.052957740245
0.0408782783297
0.0987584163531
0.0737045466797
0.0688865072476
0.111841976712
-0.0216103335985
0.0850769717874
-0.0440335120163
0.0678980659207
0.0291114441446
0.0539473487888
0.0237201540216
0.0709270804633
0.00473934857408
0.0528632524076
0.0101795376058
0.0612231968727
0.0475260830235
0.0603646308381
0.0373453175761
0.0530875506868
-0.0387779132036
0.0247214044999
0.024379138549
-0.0073473941913
0.00225168779761
0.0726500898351
0.0997603250008
0.052306495835
0.124486638837
0.0545594118831
0.0902704884623
0.0606466349847
-0.0256338089586
0.0559050199826
9.53441770086e-05
0.0696549746691
0.0538578873193
0.00603068245406
-0.00269482298168
0.00619193746725
0.0480233053167
0.0581405754388
0.0471390589618
0.0371954073584
0.115445296366
0.0511207340846
-0.037815510055
0.0635308242198
0.0332740819095
0.00477923603707
-0.0465659457775
0.0648562119486
0.0390439671819
-0.00980898479537
0.111937944761
-0.010256571474
0.0155048548999
0.00681762884132
0.0684126845463
-0.0149206966188
-0.0343885489432
0.0147512737297
0.0495512978553
0.0729214444598
0.0232709459191
0.0762792821064
-0.0288322728246
-0.00595857808422
0.0417090960198
-0.0147521303776
0.0868480578627
0.0797236331784
0.118352391846
-0.00488505804962
0.0679716900269
0.0435079374648
0.0363943524452
0.0793100569493
0.0553926627767
0.00385098524655
0.0630795498038
0.050032706654
0.0575259906839
0.133734357625
-0.06052315312
0.0431309519281
0.0245711007529
-0.0160399978299
0.0566028596406
0.0447580432242
0.141260473668
0.112838051861
0.0531558974857
0.0803946595836
0.0734529711404
0.0851841322498
0.0669572624801
-0.00849462774095
0.096653548031
-0.00818711358117
0.10967061053
0.0178377659284
0.107858515846
0.0116314395131
0.0664854906096
0.00817374710665
0.034881158509
-0.0132126139528
0.00149551347108
0.108269958641
0.104497205758
0.0678272737123
0.022184893151
0.0507501159004
0.0371260847081
0.124063868406
0.0654785577508
-0.0430411624552
0.0383304451927
-0.0226167317507
0.0356034023435
0.0572832300683
0.0304948274006
0.0893700099398
0.135222114162
0.00985533448109
0.101614874009
0.0206914344887
0.0519461819905
0.0156631628916
0.0815063383223
0.00251325196137
0.0782961426058
0.0331248828278
0.123766143369
0.0661697455061
0.0254284484799
0.0508442948619
0.0425797299552
0.0270645160218
0.0565901747422
0.021607814396
0.0496080277969
0.106652599711
-0.0239516284169
0.11703264519
0.133578598048
0.059706334586
0.0127352709556
0.0842529452236
-0.0885142369986
0.00337480366529
0.0507015877177
0.0128542626643
0.129822422942
-0.00884705052536
0.0279197532404
0.0915720306023
0.0643813481574
0.0850936071738
0.133298570539
0.0230259219988
0.13719382637
0.100363978158
0.110689566243
-0.0172517494585
0.00309799074544
0.10800821496
0.0995614367833
0.0149223896641
0.0225740600997
0.0609441900022
-0.00520253040564
0.0639078816479
0.141569013552
0.136694870746
0.000816566822857
0.056740572129
0.0728174773234
0.014391467201
0.0687562290214
0.108858566463
0.0435090414911
-0.0755888845294
-0.00386337971706
0.0140935633148
0.00850722014309
-0.012615148129
0.0281468164373
-0.0604177634329
0.0861590983743
0.0862331868955
0.0824695413818
0.0217201500415
0.0857343437669
-0.0102756886904
0.0372443154152
0.047425501586
0.135434647676
0.00612609140117
-0.106546298564
0.127522074586
-0.0142959580033
-0.0473104005472
0.0210534004002
-0.0887060281313
0.00145347337772
0.0472820128362
0.105665612798
0.0493930868488
0.0674671524807
0.0273367982709
0.0123198550932
0.115135445187
0.00530216739868
0.132791809647
0.061570943866
0.0536815368214
0.0741159993108
0.0454100464068
0.00167417957544
0.0213343135576
0.130024492191
0.0172266371979
0.0908463696873
0.0417570607885
0.105931722101
0.0547972241907
0.0678460342429
0.0834791704624
0.0312103170445
0.0453332932359
0.0378372285155
0.084235024884
0.0238355147585
0.024408840797
0.0124486685804
0.111254207568
0.0583161232605
0.00849154299905
0.117990485383
-0.0517696021261
0.0837125222042
0.111482718517
0.117687707036
0.0702934092171
0.0832178694061
0.0980915069495
-0.066666856526
0.0758117699308
-0.0244992594446
-0.0423019767071
0.0833976411366
0.0282218560149
0.0243072188297
0.0759379932356
0.0411446184373
0.0686407731499
0.0424457936483
0.055343867291
0.107948336935
0.109496329287
0.0535342251958
0.0036178001192
0.0140498345676
-0.0712779373558
0.0497392402526
0.0164821735641
0.0465353551668
0.0427246492231
0.00894553631778
0.0376519076694
0.0209005638187
0.13704024319
0.0251119620067
0.0724658156127
0.0367752641696
0.0768688786734
0.0642329493537
-0.028368977405
0.06203269944
0.0294343830599
-0.00390668280855
0.0317573697423
0.115653869294
0.00214743980648
0.140574340783
0.0572789978104
0.010769498874
-0.0720049167975
0.0889413883761
0.0635074855799
-0.0760934652858
0.0440957944617
-0.0654986648737
-0.0515173162886
0.0598408401742
0.0714679204524
0.0710403470142
0.0287629816711
0.0266793665918
0.0441507277074
0.0522303480425
0.114296957412
-0.00943790488228
0.106294986456
0.0998233204473
0.0720169658387
0.064429577584
0.103978327614
0.0212943271628
0.00950480281895
0.126273197241
0.0176939963617
0.0953132649929
0.0172595053822
0.0684581962156
0.0624257702449
0.00502096555386
-0.0298765129065
-0.0631484525697
0.0561586582749
0.0771420413988
0.0294248823866
-0.00372379056684
0.0517620636517
0.0616352428835
-0.00197363982108
0.038858651203
0.0507233858176
0.0520985183509
0.0818957488315
0.0593049765928
0.0843857355667
0.044348142195
0.0565251435133
-0.00105076880392
0.0820489101299
0.0065066522828
0.0841309005585
-0.0383815897186
0.0132239346202
0.0401864804793
0.00421143537616
-0.0522380038112
0.0458476274321
0.0754480866462
0.0517433401769
-0.00841168771636
0.0559062559005
0.0332534622043
0.0244531596787
0.018032943138
-0.00201452022381
0.0215385731694
0.084848058399
0.0283354509093
0.121752615322
-0.0172013316562
-0.0113703129069
0.0727904941544
0.0520582496453
0.102493263666
0.0223818985438
-0.00733308008894
0.0146286502268
0.0615227163811
0.134352465865
0.107268942853
0.0602853349658
0.0225025815665
-0.0518228837439
0.121654724351
-0.00227911727056
-0.0158504545162
0.128315915341
-0.0960082651382
-0.0240441524832
0.117459455333
0.078181451638
0.0742786506354
0.11860213086
0.0361582167527
0.0344619828073
0.0325492308072
0.0229693268606
0.123254700618
0.0888648255418
0.055649753587
0.0329037079863
-0.10281984194
0.0975814115983
0.0289782045748
0.0803704051066
0.00157632983885
0.0934571678184
0.0870837423533
0.0911735091081
0.133521087695
0.0613687732156
0.035009128522
0.0669884923149
0.0464516284857
0.00400323996182
0.0668298017476
-0.00875251592087
0.0501655864243
0.0190088886909
0.0676755530543
0.0985040303354
-0.0114838699115
0.0269881824553
0.0185930302596
0.0298437218098
0.106174355696
0.0539118390073
0.0740214078314
0.0228527367361
0.133523708412
0.0379448128102
0.084091518228
-0.0328174823524
-0.0510393308576
-0.0274991816965
0.0723711758046
-0.0304461677892
0.0952587530238
0.0358815587999
0.123875961621
-0.0117874493021
0.0256629997686
-0.0134910108872
0.106990048508
0.043259430049
0.0637420209335
0.0328545356216
-0.0209569967086
0.0707742052361
0.0558534244597
0.0100660302449
0.0294215757649
0.0630215834396
-0.0806540090033
0.0763083544603
0.0615864050877
0.0550873841879
0.0941221544493
0.0964087500965
0.0506898335383
0.0905797727314
-0.0585201027068
0.086441565881
0.0582115185962
0.0530610851615
0.06152225381
0.0826330506968
-0.00552158802695
0.102734835019
0.0376499492943
0.12868557665
0.0645368762654
0.00472639185778
0.0399731847529
0.0638097383537
0.0462469091376
0.0623077935285
0.0445519192911
0.107149244009
-0.0122193007304
0.0375624363965
0.0468255630949
0.0756419548908
0.121986966397
0.114334755607
-0.0264077304039
-0.0202085667679
0.0942797729337
0.0291340912724
0.0219541079017
0.0156740438152
-0.0657046061155
0.027969159031
0.0909243679675
-0.0579858100189
0.0745922083454
-0.0286110491528
-0.0128682771716
0.0522772611943
0.117085225104
0.0646046810164
-0.0736185890838
0.0450212954699
0.104039653521
0.00701282482596
0.0707658101982
0.0200758133597
-0.0634038375054
0.126368650458
0.107648994581
0.0855942815175
0.0568978869877
0.0404919575506
0.0449459048442
0.12891826594
0.0746851029086
0.064518028172
0.0337518946651
0.0725579065611
-0.00632113280445
0.117028601512
0.125527812491
0.141612407244
0.0887038547012
-0.0670896949405
-0.0782572821156
0.0619108827406
0.0981055947022
0.0181224286654
0.000433742267608
-0.0275644006534
0.100687352803
0.0294157988456
0.00899657177621
0.0746200691134
0.0566673385547
0.0398887602271
0.0968630865688
0.148031494085
0.0816653424103
0.0629897030418
-0.0464219680043
0.0448004532534
0.0570331348319
0.0838897540532
0.0577227355893
0.0462255816106
0.0214852819833
0.0742725755655
0.0181031994891
-0.0170365616134
-0.0847390660937
0.0519919725585
0.0208246051565
0.0872363088966
0.0728130057387
0.0351908147201
0.0582875847475
0.00835765555184
0.0682243884139
0.0429277727387
0.013066271092
0.0466050036493
-0.0264295564877
0.0639144500381
0.04107804405
-0.0251613772418
0.0424851266788
0.00818446323973
-0.0045170187557
0.141419089117
0.0525265221571
-0.0157535289739
-0.00991739262887
0.107161927922
0.0916280537793
0.144504403743
-0.0904939142082
0.115245733626
0.0341881268966
0.015149859105
0.0498870203656
0.0467366645371
0.0224913492723
0.0416348320309
-0.0702318908783
0.0644925117563
0.0375754003498
-0.121231857906
0.136139259714
-0.0693080926985
0.0188501686743
-0.0271701269507
0.140687910822
0.0361641562499
0.0879745025521
0.0762023833604
0.0788484075476
-0.0553869499441
0.0628758172607
-0.00913521418732
0.005882080077
0.141410644132
0.0367792975888
0.0768545196703
0.091616157251
0.03152740044
0.0948601864469
0.00297968412403
-0.0167975504353
0.113439265898
0.142773846072
0.0199193269717
0.0255162271981
-0.0240500039445
0.0796154290355
0.00347419400497
0.116428546477
0.0868512322888
0.0494665679951
0.00686238054764
0.0207473985128
0.113499125952
0.0372721086654
-0.0644427044274
0.0999523700049
0.0566967847353
0.110815567545
0.0215852475199
0.116590796824
0.0957671979329
-0.0244347732261
-0.0512864673614
-0.00503269023129
-0.0386748145013
0.0927910399974
0.0486833572934
0.0295665491489
0.136390105987
0.0895699484535
0.0917526212091
-0.0508494102884
0.060641602351
0.0949019859283
0.111823614173
0.0144887195598
0.089721708397
0.00446181023954
0.0386918968512
0.0147977479616
0.034974147056
0.0874693113771
0.0478849833557
0.0975227192251
-0.0584679226308
-0.0423759770027
0.0841163363821
0.107899360544
-0.0118543590994
-0.0327811658589
0.0763574746869
0.00603227398481
-0.0437238131593
-0.00625212326836
0.0896255264369
0.093023842798
0.046750419012
0.115713810398
0.102507631296
0.080653522316
0.117868034419
0.128991136372
0.0400068132785
-0.0197570154458
-0.0291322597873
0.0817589782474
0.0421141079877
0.0886472901433
0.108604565252
0.0724475321499
0.119420540975
-0.00896706838889
0.0178362795155
-0.00739394629701
-0.106551438852
0.0901618050647
0.0929443284189
-0.0388395855434
0.0532580980134
0.0463663905946
0.0895237678996
0.0354405679289
0.112760402352
0.00381937117057
0.0594590328056
-0.0213480086918
0.0683252520436
0.0631981533062
0.0608353045871
0.0909378940154
-0.0203551697248
0.0741149238744
0.141005053904
0.0141884973402
-0.0301748062513
-0.0250740253182
0.0686479669576
0.109281827089
0.0141119393361
0.0610278967294
0.0812788124944
0.0873801629131
0.0782727781805
0.118301027869
0.0533619974426
0.101643977714
0.0584873339992
0.129894328203
0.0645558710177
-0.0824962617428
0.124170825188
0.0508183182727
0.0575507195078
0.00657563558388
0.116982143691
0.12532157115
0.123523038112
0.0349139087503
0.0531509401327
0.0329216414697
0.00600370449981
0.0429359043665
-0.0302040328656
0.0857822328072
0.0672734978979
0.0364628393093
0.0484014665356
0.125432846203
0.0582787617763
0.0691240471647
0.0748123696365
0.0609482805008
0.131708706735
0.0505360151098
0.0199221012241
0.111266767892
0.0574133937454
0.0894605788938
0.0948213083604
0.130806515912
0.092739645145
0.0515906841578
0.0830008798663
0.107209597263
0.0949443269816
0.0894305772539
0.101783962452
0.0503197517141
-0.012990714777
0.119913588145
0.0660215466871
0.0754434000532
0.00653251110392
0.10571806117
0.117997568484
0.0257221759997
0.0772838320744
0.128140711398
-0.0232148082912
0.0893070667131
0.0906370254074
-0.011319010045
0.0568697251763
0.118356428045
0.119052641114
0.10754249551
0.00452636217112
-0.0682726725975
0.123971828479
0.0126834636187
-0.0107797662518
-0.0719864286649
0.0896712425427
0.0807563536934
0.0944153499819
0.0664827272713
0.0225571724626
0.0418583188469
0.0132988227312
-0.0251209258449
0.123437849797
0.00601206507154
0.051806384594
0.0511791067434
0.0599499312525
0.053625225885
0.0378021348532
-0.0227683772331
0.0984605414661
-0.0270022347551
0.121534413559
-0.0527477105411
0.0454167191092
-0.0341653467006
0.0185686965791
0.0954479288736
0.0966939431864
0.120787839195
-0.0809551643323
0.0634507542243
0.0777918108825
0.0519963344755
0.0906985382413
0.0831418262618
0.126938289643
0.0486036546456
0.0803154851866
0.0975203666726
0.097343543498
0.0780276777805
0.00109156775548
0.0801570445643
0.0275867985192
0.0423693069135
0.0911373035627
0.0549432241582
-0.0238055007113
-0.0229566090503
0.0889797183319
-0.00807576729093
0.0813210203157
0.0937870568678
0.0528173177779
0.117097374845
0.0601410339858
0.00205136429544
0.0462254471777
0.0307093040611
0.127893270011
-0.00515902283858
0.0235182786369
0.0701134455053
0.0132615977076
0.0905038665932
0.0840729965804
-0.0297940311907
-0.0967487959898
-0.0326155316716
0.0714405938601
0.0685624212024
0.123741389155
-0.0805027671414
-0.0112716211949
0.0534651568947
0.0666771095727
0.112442860175
0.0772103462892
0.0563269101743
0.0868334727512
0.0884896296643
0.0390537738959
-0.0115542697437
0.0437948748077
-0.0337461327487
0.0980368347794
0.0746774794666
0.0806506885443
0.0427430491493
0.0316701995807
0.0798538636225
0.073336416517
-0.0288301898511
0.137882651404
0.0712866189085
0.0914652527728
0.00504829217148
0.127661824039
-0.087286152294
0.0992732667357
-0.00442945060302
-0.0427043642573
-0.0364713365887
-0.0366440683929
0.00358426678174
0.0446104445701
0.0997650634912
-0.0186268971425
0.0669128333031
0.0109621169962
0.0625103211242
-0.0194399579817
0.117714920582
0.118509739834
-0.00690419760657
0.0961932626879
0.101420025459
0.0603780951379
0.111590460172
0.0250288035858
-0.0109157866085
0.0614785956391
0.0927967042514
0.039987434091
0.0974212106514
0.00530217103725
0.108233033198
0.0416430345685
0.0718858701888
0.0184490743488
-0.0567608509537
-0.0604607717911
0.00119460313523
-0.001640064381
0.0200151486161
0.0688401750142
0.0394468917311
0.0942240872082
-0.0133636283885
0.00525568232885
-0.0249329492627
0.085535889631
0.0799370181989
0.0699285867163
-0.0816423965806
0.0886424733107
0.00857032402488
0.12850733544
0.0675510308966
0.0446991291163
0.117770102994
0.0946584732238
0.122254373922
0.0123058600474
-0.050157021419
0.0814464746861
-0.0476283611813
0.0421555541411
0.0170434486171
-0.00446329724185
0.0448629643179
-0.0598127903598
0.00725540098082
0.11818824424
0.0661552397014
0.0686235468177
-0.0139001973707
0.0861368889958
0.0651297154762
-0.0418150463528
0.0457266940343
0.070734974328
0.0944968578512
0.0239286641538
-7.4016654164e-05
0.0164257747943
0.0488460153892
0.051078860111
0.0667913475921
0.0208062579244
0.0435678096336
0.125719504481
0.0192607174087
0.00282774480818
-0.0351882005436
0.0198767637084
-0.0198543521688
0.0565053065655
0.0955816365949
-0.00566306063073
0.0115873402011
0.116709866378
0.074453724426
0.0199450796168
0.0997367502938
0.0610374623792
0.135408493891
0.0921261037796
0.0528873558176
0.0800681817116
0.0207560538936
0.102759409666
0.0966451432912
0.0218135104689
0.0682420358494
-0.071397175967
0.117607379217
0.00161296591476
0.135350284207
0.0925108866473
0.0344507909515
0.113775651345
0.0135603281367
-0.0012090727057
0.114483184315
-0.0711540000599
-0.012073414788
-0.0135633246446
0.0562459708176
0.100573358945
0.0408180121198
0.0677867406118
0.077538339798
0.127314998036
0.139708238525
0.103948183451
0.0664821255856
0.0956671276512
-0.0078734842396
0.0598428444315
0.0165068760976
0.00584594694334
0.083309495012
0.0557137507382
0.0803563107919
0.0332775263659
0.00991788789648
0.0888932510864
0.115727077773
0.0733120904614
0.0714638527707
0.0523428293263
0.0524575435104
0.0477778035298
0.0136797829389
0.0362171765327
0.0091079892258
0.110313572058
0.06208815565
0.0292199257534
0.0772352929118
0.12637655977
-0.0716677747337
0.0635055332309
0.0227664989158
0.040691376263
-0.0174248200053
0.0311094568904
0.00355542019962
-0.014144740022
0.0253204672299
0.128075161608
0.124063299065
0.0119064667872
0.0293735036741
0.0321223491427
0.0683720784442
0.024771706071
0.0789023207428
0.0661181275828
0.0836046235304
0.0863325374347
0.0194472180221
-0.0251457020975
0.0633891147278
0.101859560111
0.038077015849
0.103768989251
0.11314838933
0.0871182562035
-0.022865169271
0.126944631404
0.135238669691
0.0145703417013
0.0596002936877
0.0383729422462
0.00245511823875
0.0800099818246
-0.00481966221094
-0.0655601643409
0.00691110090347
0.10190533904
0.06467581291
0.0107411017392
0.143224649934
0.00853381232668
0.0177059236377
0.019350307461
0.0605029118445
-0.0335472673019
0.121674229147
0.109573346329
0.0690961686268
0.0422024093196
0.0646545986928
-0.0151066218693
-0.018812495513
0.103622457547
0.0353214640067
0.0329909422935
0.0737119995556
0.106666413724
0.0589331830488
0.127213096751
0.0275110848035
0.0376876334317
0.085864328527
0.0791942501107
-0.0864741677582
0.0819897060007
0.0920979437838
0.108497311952
0.0199856902042
0.0196668197385
0.00161414156161
0.120457180872
0.000423891499946
0.0194743210873
-0.0679881045306
0.09671650673
0.122905517623
0.109948488349
-0.0264209720646
0.0853718272343
0.0187092657759
0.0905699450439
-0.0306064784745
0.00702904434432
0.105053355083
0.0458731152994
-0.0105938952007
0.127108489077
0.0285689514528
0.107886492819
0.0911158822829
0.122040684576
0.0905392431589
0.0883561214523
0.0774090392382
0.0822361397427
0.00568574286355
0.0990310882596
0.0095398088698
0.042492165663
0.0654561918967
0.091632326882
0.0477567685344
0.0377763150034
-0.0278556378426
0.0332917449655
0.104080967324
0.0302143105822
0.0574226279629
-0.0848410335978
0.0588456430329
0.0125705865641
-0.00138648709237
0.0322205726691
0.0679272716477
-0.018354556391
0.0376059622096
0.0355957687103
-0.00939566993462
0.112749990938
0.0335393206072
0.0785073741151
0.0580922545184
0.0014351551266
0.0785985375735
-0.0463146182858
0.0899175149112
0.0679894867388
0.108276656221
0.0715980049335
-0.0134079352714
0.0283107425884
0.0523094197105
0.0612545245558
-0.0112464117305
0.103292394651
0.0260944713123
0.0391393932321
0.110204226031
-0.0888488428933
-0.0241364982278
0.0148578670834
0.103118529339
0.0385973026228
0.117097893743
-0.13382136384
0.068031238214
0.0640248268327
-0.0612737743583
0.0941832029955
0.00409121499547
0.087779312618
-0.0183860514416
-0.00596809157527
0.0297548627768
0.0800279628012
0.0754087997966
0.0970532431644
-0.0202215173319
0.00240991631509
0.106934925007
0.0196196160332
-0.0250326950093
-0.021438856391
0.068921716993
0.0921460377653
0.0111679134609
0.0408379863624
-0.0181922029537
0.0400484162388
0.12594425461
0.131282867924
0.120879839661
0.068330820961
0.0564805199988
0.0677754962578
0.0651418330549
0.0403945055974
-0.00442478271959
0.0769726182476
0.0472967663045
0.00348582017548
0.145878970219
0.0837557527302
0.0743251439104
0.00254303952413
0.0251355593679
0.0915530958359
0.117867857087
0.0650585903722
0.126462216852
0.101333358204
0.0411137586892
0.000454141489783
0.0217548767141
0.113922089922
0.0988659958156
0.0823040944662
-0.0214584517755
-0.0291477371628
0.0553447469221
0.134637223694
0.0134266973742
0.0646373725415
0.059191708168
0.0141474707119
0.00897391045439
0.0934612314446
0.101546329081
0.10740015956
-0.0878112914563
0.0560906708115
0.125446578689
0.0922981667945
0.0585998781853
-0.00814298663468
0.0363053879909
0.0234835668957
0.0386984341114
0.0242865979074
0.0756312515137
0.00227999408458
0.0669523852824
0.0146201498104
0.118784663568
-0.0127045738388
0.0670304701559
0.0609318497376
0.0375318191766
0.00524988614612
0.0517658329474
0.0758890811178
0.0204036479824
0.0329049361006
0.00232402164528
0.0548500822281
0.0201900203411
0.0230133784558
-0.00393498795429
0.0597365594905
0.121550422926
0.064688345524
0.0970153408253
0.0995576658815
0.118397129722
0.0369395159552
0.0662083831324
0.0217266297294
0.0706069852384
0.00422395224551
0.0827288654756
0.0692843135263
-0.020467381491
0.0674394944642
0.0455960168549
0.111968642285
0.0128210672512
0.10339665764
0.0399504131906
0.100365590231
0.0192708522585
0.0305289273479
-0.0287365206159
0.052718277608
0.040267718645
0.0404840036104
-0.0718025020339
0.106781415348
0.107214599802
0.0712596654146
0.0505355705542
0.0625540569863
0.0604374681894
0.0156382612215
0.062621499016
0.00487056191443
0.139093900361
0.0433941273669
-0.0357520953005
0.0812130530913
0.0935076841233
0.0386999499559
-0.0728208869058
-0.0105681905894
0.0337333117114
0.0490743724831
-0.148903341178
0.0595304101963
0.0986260337827
0.0816379065357
0.0940552444878
0.0155529956471
-0.104738004362
-0.0446474221091
0.0486514071575
-0.0508809234949
0.00267627188022
0.11895131115
0.0355508952759
-0.0378972215784
0.0858157731245
0.105291544737
-0.0203450169977
0.103792429913
0.0689018679451
0.0638228559135
0.100511022979
-0.00328702669736
-0.0421852248911
0.120520292529
0.015088400014
0.126782151986
-0.00466603992927
-0.0375799382924
0.128293936546
0.0128464393153
-0.0254816488918
0.0590045161296
-0.0104154589862
0.0758790697039
0.0267567571685
0.0538574391823
0.0106566794533
-0.0354903549968
-0.0387892370843
-0.00179395623732
-0.0187624258252
0.0978958127437
0.0384972773821
-0.04403943899
0.1252130548
-0.0943770389858
0.0596689712584
0.0573836183356
0.0677751470089
0.0372720792571
0.0315387338115
-0.0613083546958
0.0720610690597
0.00262622627338
0.0763842982694
-0.0012022065211
0.0348360710628
0.0870505358178
0.00148859048125
0.107446295048
0.0613470265192
-0.0107138949001
0.116654052339
0.106789797615
0.105590048058
0.0202326163065
-0.024723444349
0.0404623593903
0.0310507036445
0.0897422776894
-0.00257271564621
0.111769582892
0.0378622998282
0.0663775294277
-0.0217695580873
0.0265558345713
0.0658204812924
0.147110479695
0.114729318009
0.0670046599142
-0.0123334754644
0.0584987371043
0.107405823794
-0.0371786308983
0.0714393783089
-0.00152570371128
0.112907843325
0.115640805738
0.0170937348809
0.0801255638628
0.0221724899617
0.00838320942585
0.101802326794
-0.00737131922623
0.0152377061779
0.0632982339402
0.0127382588493
-0.00429816098892
0.0476354465437
0.0267161765529
0.0408645318203
-0.0299990726825
-0.0886444358782
0.0665734034803
0.0627957117098
0.0296180669594
0.0429370691164
0.0750443913278
0.137658354029
0.066537651229
-0.0511714061231
0.115234009439
0.10020758866
0.0501987791518
0.0795713955104
0.0213254407447
0.104609236511
0.0201009223144
-0.0596634651418
-0.0881838130904
0.0298204711241
0.013925236975
-0.0785022804925
0.0332130180303
-0.0167974575305
0.0291361270598
0.120856085725
0.0531814568691
-0.0274767215746
0.141154498195
-0.033529134297
0.088476788697
0.105568852505
-0.0514170101985
0.102343616827
0.0454879454132
0.0481042771287
0.0655655330127
0.00597394781419
0.140418843333
0.05770958443
0.00444361613695
0.106192944904
0.0425222981897
-0.0311286624136
0.0551525083427
0.0988094820123
0.0390225519102
0.112663016778
0.0191915438243
0.0533847147102
0.065568625828
0.0243654269147
0.0896302726408
-0.0147850185989
0.101842129221
0.00873791842791
-0.0459584002044
0.0387208024932
0.0336708038737
0.0843470063794
0.0120552048516
0.0847680431501
-0.0412439967942
-0.0221269668135
-0.0408199152761
0.0622871324726
0.079186626721
0.0800605756418
0.00139699333858
0.0219998899433
-0.0169103475466
0.0599503883937
0.0674749251773
0.0430539950163
0.0716127614847
0.00803110897018
0.0590141001733
0.0834575194713
0.087166962881
0.0837295373046
0.0408577544034
0.0691191960412
0.0877490197131
0.100301088776
0.133179994124
0.0922185042759
0.076220796867
0.0302779037186
0.0784645887932
0.0419054050635
0.00209779287574
0.0672832560067
0.0384702621092
0.114804581938
0.0495919570106
-0.101477738351
0.0529369405848
0.0833237192283
-0.0169152132451
-0.0208736328869
-0.0135350251178
0.105204424921
0.0162583546643
-0.0474854025832
0.118540732322
0.0246221291422
-0.0135006893416
-0.0146139281144
0.0821909430673
0.00175846849712
0.0769241301158
0.0131541796518
-0.00964355226274
0.0380940937784
0.0330526626749
-0.00287660217545
0.0303061328881
-0.0217154809552
0.100239010557
0.0525141209541
0.0885922479812
0.079188418849
0.049616872746
0.103203502577
0.0931009968625
0.00134512163998
0.0530013891688
0.0146122586298
-0.0257615917411
0.0544824290075
0.111394797039
0.0601034993668
0.0776466327169
0.0763548185429
0.132657098805
0.0771040688734
0.0294443924441
0.112534316308
0.0613626654474
-0.00246585389426
0.0836310761355
0.10778423188
0.0708738284488
0.135569737415
-0.040907510516
0.0290525952817
-0.0852142501369
0.00131398581637
0.0663487546899
0.0315281831394
0.0781255468688
0.11617585959
0.0398851924431
-0.00978139836941
0.0967753874688
-0.0329703427553
0.0754904543231
0.104378381433
-0.0247040855797
0.12464936188
-0.0780035271812
0.00148178015226
0.0827860430057
0.0269044001568
0.0249731813371
0.0222196846431
0.0334401063404
-0.0168805143649
-0.0382965068091
0.059462216308
0.05326836001
-0.08032164996
0.050243996332
0.115273462788
-0.0123529774177
0.0199352253239
0.103308304459
0.0655419191539
0.04053493041
0.0148578420672
-0.050935410738
0.0359991599282
0.0359877478926
0.00504122488478
0.0496095557252
0.0241282633291
-0.04135564818
-0.0165744737742
0.0503318924214
-0.0172567611773
0.0178283767067
0.0228199319055
0.00159451016407
-0.00403389865588
0.0586773206242
0.110732397705
0.102108312565
0.00277901918299
0.0168265165927
0.047520715725
0.130702992927
0.00800385996356
0.0883507930518
0.11716349815
0.0334612380758
0.039128986389
0.0526350541389
0.130177752924
-0.0177031839125
0.0335366033431
0.123285038302
0.0286229391501
0.0199883878586
0.0323790634187
0.118588673543
-0.0628581300234
0.0398809971073
-0.00965787773682
0.115447895078
0.112059995179
-0.00495991855913
-0.0176831136018
0.0376983993652
0.0785160605982
0.110623887264
0.0788346928434
0.0231302100248
0.107307842429
0.0595776991152
0.00118654001031
0.104200085068
0.087178698443
0.0961161794995
0.0115195711085
-0.00746866652101
0.0708051178784
0.063950719926
0.0790209387351
0.0543414604999
0.122279777936
0.0899017617046
0.0492180863388
0.12680839658
0.0310226517037
0.00628530727387
0.0848784904185
0.104521286708
0.10200103758
0.0215762973933
0.0723290520445
-0.000926686744175
0.0845261575553
0.0507448305287
0.0838124428424
-0.0281816380709
0.112310487988
0.0286933590396
-0.0775154850311
-0.0315087610978
0.133499221557
0.10983626094
0.12721683885
0.0175520010115
-0.0209229776399
0.0788565053817
0.0964699262037
0.0406856000728
0.0986074186968
0.121137682964
0.112764266497
0.0913438756854
0.0413573323678
0.029228600125
0.0208809919753
0.0948267496182
-0.00702306294231
0.129025220716
0.0552607054271
-0.0262092656724
0.130695371407
0.0884860214252
0.0723150066231
-0.0168621062627
0.108263171587
0.0432892786019
-0.0061176059738
0.0809482479088
0.0545799247421
0.00810236536099
0.0447171507879
0.0833452139602
-0.00201198704837
0.0868123485132
0.111533904746
0.107597095869
-0.0163406687848
0.0644518663626
0.0406348402147
-0.11505961912
0.0153018356323
0.0128013701396
0.064461011587
0.107037983779
0.141799057365
0.00545375500879
0.122252435772
0.100471957479
0.042657474137
0.126361125748
0.0265789342951
0.115501022763
0.0415378810954
0.124594360237
0.113602677424
0.0223294598601
0.0604606163235
0.0784364932104
0.128384481205
0.0717122069457
0.0828650993788
0.0189712579492
0.10417279502
0.00854129097648
0.0069669038385
0.0884191520225
-0.017798540871
-0.0414385836563
-0.00932034906232
0.0453444510241
-0.00258226847688
0.120247589993
0.121946614295
0.115431009985
0.122425104545
0.12746894432
0.100597650221
-0.0442912891551
0.108627128444
-0.0298957171152
0.068818921975
-0.012710707206
0.124761468969
0.0785595590945
0.0454025387707
0.0138930449898
0.0364449003424
0.0497535796619
0.110613367354
0.0270958536845
0.0802586822421
0.0431218484992
-0.00508336765852
0.0301343318777
0.0741084783816
0.0519999236548
0.0743733610038
0.0311948779839
0.110539842392
0.0199613471812
0.0453396593325
0.07003703008
0.00923200769001
0.116479776014
-0.0203545412907
0.125415758833
0.00267625123314
0.00173015045112
0.00816931806114
0.0949984308743
0.0496988595611
-0.000112675366399
0.112015956457
0.0358424314666
0.109675594278
0.0969714458324
0.0134578038918
0.0921180430245
0.0920924210722
0.0356559649374
0.0674765343085
0.0438246400977
-0.0475045337135
0.104030683876
0.00734567635537
0.0771102463278
0.0673212899783
-0.0138727639004
0.0218116706116
0.0231697099207
-0.0793637990835
0.0398485454092
0.0192279124983
0.0131556793091
0.0702329017065
0.0911622158193
0.0396728455176
0.0669956943609
0.0553562257504
0.0438067383783
0.0855571526145
0.0986549797269
-0.0163865049621
0.0237734496027
-0.0588282285849
0.0522344968046
-0.0268633547342
0.0866440325076
-0.0576236320941
0.0486694844551
0.0806417205231
0.0971727081853
-0.00712366694731
0.0433130435891
0.057039267271
0.100496135653
0.112378434825
0.00201137570413
0.0427238989656
0.121555092559
0.0922554622087
0.0529977668099
-0.0514990217378
-0.0181755928105
0.0866761482696
0.0430154797233
0.0631908904244
0.043454155404
0.0540084208354
0.0546251336201
-0.0214475779456
0.130684136428
0.112222078699
0.0236213029805
0.0282069273329
0.00814820956851
-0.0252582859781
0.122847134419
-0.00301603827573
0.0259650227749
-0.0385694451924
-0.134131949367
-0.0325882497475
0.0912564875971
-0.0612377229185
0.110600110032
0.00945255757074
-0.0649034075909
-0.00795080999422
0.0128230702659
0.0246030106489
-0.0417631818515
0.0727768469482
0.0347058118374
0.100567936565
0.0374335926485
0.0647720556021
0.0517208714946
0.138494504069
0.0290352967523
0.0276095453651
0.0805007532036
0.00317278602942
0.108253763131
0.0128770457667
0.03236235007
0.0808388984746
0.0907345146767
-0.0776802869118
0.102923475659
0.0620154582402
0.00883741927237
0.0920578073284
0.105909805214
0.0606447709655
0.0508062237402
0.0797168430864
0.0455075711773
0.0726324689812
0.0647805104937
0.0615999019361
0.0959045854132
0.00255789914761
-0.000174956476894
0.0510287819385
0.103446635002
0.0606350334366
0.0684147131774
0.078170803536
-0.0146764706688
0.0759392032799
0.0862588431512
0.0723888957075
-0.0223010647662
0.08145857694
-0.0101545107051
-0.0196159749071
0.0225898726848
0.058355320298
0.0937529615569
0.0902880374713
0.0327074485721
-0.00036133486336
0.0552275769127
0.098494470219
-0.0246486447251
-0.0796382350067
-0.00724840332035
0.12352667173
-0.00332391038871
0.0272779049611
0.0919344232303
0.0821482041636
0.0897189560064
0.115121284219
-0.178639287145
0.0673459088215
0.0302988124883
0.0245974526589
0.0357080693379
0.025267211443
-0.0110233569659
0.0302234978016
0.045244759625
-0.000838313377762
0.106776690801
0.0730010645346
-0.0350171284284
0.0870384494991
0.0957299001031
-0.0180512826903
-0.0306629741124
0.0596214222279
0.0212930276398
0.0955090209153
0.0881674088716
0.125979776769
0.0463908033849
-0.0091850734335
0.132394260339
0.0821242403344
0.051102045975
0.0129662002557
0.106559151603
-0.0371576812705
0.0861045128652
0.10486016904
0.0449920411968
-0.0287870253171
0.0611127820764
0.0490404876258
-0.0109014022674
-0.0822723409358
0.0143460831555
-0.00535611479487
0.0329490855267
0.120775655771
0.0897902958304
0.0416550323216
-0.0056268295606
0.0970789879296
0.0601305670977
0.00140515064773
0.0874475344578
0.00897959921266
0.0263988392927
-0.0113968998394
0.0305927874419
0.0779410495715
-0.010466350254
-0.011569317422
0.0278471244714
0.0109550706915
0.0282002987072
-0.00278911868124
0.0596194982563
0.0557688939542
0.0865991934442
0.0442689676472
0.0572857954327
-0.0170732445648
0.0771501145421
0.0916025949155
-0.066307017724
-0.000191341331663
0.0805220345862
0.0446873135682
-0.0488073432011
0.028709808339
0.0336624289206
0.07574423823
0.092926250508
0.0674727021166
0.0564656471355
0.0234387109508
0.0602530012902
0.0236481424662
0.062943037152
0.114618606334
-0.0114277514742
0.0179104564912
-0.00115328352151
0.133261547066
0.0941960733704
0.0833497145341
0.0771289411125
0.0917730019855
0.00107105465945
0.105629977868
0.0188188104025
0.0390909471019
0.106136450197
0.103036240543
0.036067470584
-0.00927914705099
0.0610555546052
0.0640546174779
0.0247094194042
0.0429899142921
0.0922431925574
-0.0344276630787
-0.000350397603548
-0.031068695436
0.0827270305199
0.0836430275284
0.0559289098184
0.071084149199
0.0674761479659
0.0593556401036
-0.0472427040991
0.0181304047744
-0.00856689381515
0.0694716098162
-0.00987144085034
0.0630615610984
-0.105027055765
0.124333714996
0.0770941613512
0.0881444790318
0.113521890384
0.0613479100181
0.00239591272191
0.0397776415121
0.0265732866407
-0.0291485436444
-0.0116388762563
0.0414385414331
0.00612610572635
0.0863298744775
0.0676895835579
0.0130683919002
0.128251269402
0.0439270999544
0.0764699557343
0.138500474148
0.105640012765
-0.011625250445
0.122981068605
0.0595254464644
0.0712526568682
-0.0197188471125
0.00220078365637
0.0371654648644
0.103560030586
0.00416606793685
0.0366040670142
0.109880087454
0.0576343647856
0.125316419627
0.0281266456509
0.0284453357468
-0.0455562778428
0.0601461582484
0.0216174124086
0.0164722701403
0.0421439413563
0.105052575913
0.108132471613
0.0513819488311
0.0237796424564
0.0494368875357
0.106101439954
0.0821004104459
0.0847774039463
0.0444653558311
0.0959573990422
0.131818361586
0.0358191669899
-0.0334661200344
-0.00359280511353
0.118390946981
0.0540320056969
-0.0409923293477
-0.0744263660612
-0.00160181933144
0.0312596853923
-0.0136696694861
0.099032806955
-0.0139627855494
0.0573949409815
0.0935914420392
-0.0937367943251
-0.00829356075931
0.09487457005
-0.0432122451993
0.138811019293
-0.0759915128724
0.106910862678
0.0980127090987
0.0178222958042
0.0613898264408
0.0273273774917
0.0712274802466
-0.0340390727939
0.119199052323
0.061834399429
0.0542495202024
-0.0471634602674
-0.0613155202599
0.0422439401698
0.0699507247138
0.0461484073517
-0.00902378109771
-0.0794497067029
0.114460155432
0.043257136193
0.0418443449611
0.122797140529
0.00506910616927
0.09442884642
-0.0127119566228
0.058165394602
0.04819218845
0.0701628983012
0.0165231476269
0.00285299770142
0.0272196977827
0.118066674853
0.0707136526985
0.0944988618899
0.0453631569054
0.122486802668
0.00134426402717
-0.0226004802347
0.077942989265
0.13506496035
0.0414210129548
0.0969963952263
0.032239580433
0.0381119892298
0.023378155666
0.0548422514856
0.00604984071025
0.0829302232214
0.0839068365236
0.0361957576093
0.0686488907706
0.0380276223817
0.0809989163166
0.0039740168811
0.0980033112205
0.0283794527933
0.0553721562271
0.10204641263
0.0198833604019
0.0444005407886
0.110627239615
0.00696258161349
0.100700769849
0.0104370474234
0.119372429806
0.0344895788224
-0.00771665515599
0.0876542381062
-0.0512226688936
0.0322038390821
0.0871914795334
-0.0201661432535
0.134102836469
0.104110847185
0.0141069151566
0.0116643378825
0.0921712824316
0.114097066176
0.0112755242854
0.0840173315818
-0.00164016641051
-0.0130868774876
-0.0332100757872
-0.0209157466013
0.0571708492444
0.11340893304
0.0720066651527
0.110464491355
0.00538222092836
0.0663348858895
-0.0202744861783
0.0255495764217
0.0392404443455
0.0892202163303
0.0677085001857
0.000404184543657
0.0769148422517
-0.0493299297142
0.0661638861685
0.0636507544046
0.0792241795518
0.0532705343303
0.0873706330426
0.0101378313569
0.0556305593662
0.040429389048
0.0191244949039
-0.0047969864546
0.113171703714
0.0573948760836
0.056696715075
0.0661182160652
0.0599388826728
0.0105014019219
0.109859635509
-0.0102693198918
-0.0312790312415
0.120901457293
0.144722625788
-0.017176600927
0.00620313566426
0.0666524609251
-0.0480878676541
-0.0577108304794
0.088538814369
0.0566477210638
0.0451363803731
0.0746390771307
0.09070970969
0.130925359809
0.0674041080495
0.0512331675044
0.0907161352245
0.0081931562918
-0.0212132508534
0.129922888906
-0.083370619089
0.0859225361021
0.107327256429
0.105254375769
0.0159216188353
0.106154598235
0.0633233010299
0.0582515953553
0.0893427016408
0.0297719387129
0.0685590582326
-0.00727681132878
-0.0495431327873
-0.00266128256421
-0.00514326710071
-0.0123781411374
0.0564772115504
-0.00128555010649
-0.000728079189237
-0.00347929240495
0.0398309134072
-0.00469873802685
0.0204209361219
0.00920321638695
0.0715557173057
0.0955387532911
0.00671344111026
0.0375635913477
0.0168362273888
0.0699469297447
0.116360583838
0.114814060789
0.12424830786
0.00477351057264
0.0817819577045
0.076146137947
0.0308060013098
-0.00327421242668
-0.0498079345741
0.0989101609308
-0.0273020256738
0.00486072781662
0.0275592024163
0.0868407878982
0.0293637416722
0.0528307037006
0.0905172654333
0.0111572882068
0.0419828908404
0.111315819255
0.0455117229351
-0.034352847301
0.000770056459329
0.0153863989266
0.0655089069917
-0.0125043731363
0.0133610128073
0.0112873187912
-0.0553215914141
0.0432856796345
0.0747278289865
0.0633846278711
0.0774905464615
0.0480358397367
0.0639657360333
-0.0152458786734
0.0400024679949
0.0343584448743
0.00726833714218
0.0773294553578
0.0884615741242
0.0317684711619
-0.0629945434827
0.0562010981337
-0.0806652773382
0.0282353601286
0.0487071887937
0.063782739232
0.101915879034
0.0693506248219
0.0807098176572
0.120847648525
-0.062888276648
0.0437996368438
0.067206127793
0.0573010209972
0.101263835095
-0.0274293476052
0.112571434241
-0.020869086445
0.0581262669067
0.077903488662
0.089212667592
-0.0296594774037
-0.0970377964313
0.118610684918
-0.082217844407
0.143543926808
0.0515757119412
0.0416980685536
0.132055288736
0.0242962524255
0.0982208154916
0.0882740782437
0.077797667021
0.0491043212895
0.00522420179463
0.0308990229562
0.0443419039736
0.0502945649377
0.0250654063355
0.102996354317
0.111335905751
-0.0207959176654
0.0124471339234
-0.00812739361937
0.033125302
-0.0315264251583
-0.041370366422
0.0362176264043
-0.00991610888175
0.0501191989127
0.129300148861
0.0781248701746
-0.0403928136031
0.0234788057797
-0.0264168068409
0.14099061049
0.047336093413
-0.020646234885
0.0255296908867
0.128834583535
-0.08193121953
0.0670772898602
0.0817443164306
0.0346131176126
-0.0246974672315
0.0449612212769
0.00242546305419
0.114688801045
0.0641467144752
-0.00521120998102
-0.0125827569726
0.101114910691
0.113001109415
0.0863639898285
0.140432192512
-0.0256036777525
0.0463431146721
0.134836792664
0.0466996510353
0.1132873031
0.0427437876753
0.0512927745337
0.00401235502929
0.0379229724926
0.0906342609683
0.0746015735784
0.1244494048
0.0817584346444
-0.0328435300359
-0.0505648280445
0.0270435749686
-0.00424555161366
-0.0214546429078
0.124453335291
-0.0171311873253
0.0755137793169
-0.00809081453096
0.0767200768361
-0.0521908221081
0.0827310516268
0.00518933621158
0.122348170102
0.113738618815
0.00236159632561
0.0036083715709
0.0324928980675
0.091649015921
0.000631103946872
0.0281692917605
0.0665991553067
0.0175062002054
0.0148594371651
0.0829885884803
0.0137215104409
0.000800862873417
0.111045027624
0.111448789365
0.03206808038
0.0652501002785
-0.00255874726596
0.0561672568699
0.107998846126
-0.0128943700128
0.00141004139011
0.0740502974246
-0.0818722327702
0.0045000952469
0.0463226900914
0.034386971883
-0.0231050594068
