0.0749835637898
0.125496116568
0.0961804507737
-0.0122833321847
0.0870373140183
0.0970333561238
-0.0600652138533
0.109736337341
0.043306706804
0.0442481928643
0.138835467855
0.100990203249
0.0405713534342
0.144172485136
-0.062369905002
0.060927710906
0.0332523795792
0.123889504007
0.00278321605208
0.00463717840605
-0.0446663387931
0.00400706420196
0.0716238367323
0.0436095439739
0.00371954386586
0.0624743056801
0.0307092291908
0.00857947902633
0.0748231818858
0.0992659064643
0.104852913306
-0.00911677665051
0.0771495168599
0.0355499689655
-0.0445569968333
0.0319986001809
0.0321619936122
-0.00772766767367
0.08163531354
0.046632703439
0.0771952337328
0.131719561233
-0.0288025925279
0.0794170110952
0.121956321579
0.0265755871153
-0.0676062974085
-0.0446387819233
0.0847691788432
-0.0221580797152
0.0900230502976
0.0661896665304
-0.0386109218002
0.0650108118614
0.0139349056894
0.101381242608
0.094472111557
0.0327842465856
-0.0477687121337
0.0227593114543
0.03078655846
0.118784333408
0.089426991724
0.0277910602861
-0.0202101022542
0.0558797127585
0.107217480665
0.108565409768
0.0325371078241
0.077463282575
0.0268829901061
0.0971306508889
0.11220734675
0.0774636416051
0.0261052187846
0.0614797345837
0.0651010070029
-0.00138445420278
0.0742073041035
0.0257060352964
0.0258784236701
0.0251730593886
0.053966309478
0.110523272094
0.0937046843595
0.03192460558
0.0382159163721
0.100029403969
0.102440179185
0.103032722596
0.0452541259621
0.00699692857645
0.104127706459
0.110693821932
-0.000359393382527
0.0102966791593
0.0121961625615
0.023565030338
0.0582374473642
0.0578964674715
-0.00946688720098
0.0677851730599
0.0617472679921
0.00547521665246
0.108363433695
0.00612891536495
0.0700884301529
0.0845279073961
0.0359923472835
0.0720985887791
0.0923556505318
0.00765097624207
0.0516383971837
0.0588323558084
0.0213561268317
-0.0381294117572
-0.052210806814
0.00881691175627
0.106981812156
0.131125263468
0.0676615541955
0.0105461074672
0.0518328605417
0.0523323477611
0.0718375322566
0.061485647312
0.0827798351241
0.147063164332
0.0689424793687
0.0661322316271
0.0799104151614
0.0207281727639
0.0672604131645
0.00298763366437
0.00333785105509
0.0134215022174
0.0301812643748
-0.0131044773341
0.053127256617
0.140077297257
0.119986637563
0.0652118439537
-0.0216178782531
-0.0153688458225
0.025738138589
0.107622397651
0.0765158094555
0.0369927921674
0.0219251999629
0.0879349650345
-0.0152512186052
-0.044514842463
0.0638409128466
0.0577057553242
0.0371434751659
0.0570412139822
0.114379234975
-0.0383437382553
0.0481697525789
0.0337764034798
0.00460600467628
0.069474454796
0.0714243273925
0.0545123836709
0.0783075478992
0.116651724237
-0.112170363487
0.0711029894542
-0.0660599042821
-0.0182439260827
0.0779765486656
-0.0407195137471
0.0655315031967
0.132950702752
0.0143825324636
-0.00225858010443
0.0575628304018
0.0885148894225
0.0469241486928
0.0323204282636
0.0678175847439
-0.0830418909231
0.0280907706729
0.117336758047
-0.0483426047639
0.0653489528856
0.0975387675235
-0.0449869946951
-0.0349635235241
0.0923873612547
0.0261569019997
0.0427371301143
0.0242481863095
0.031286345122
0.0639755528935
0.0108799061315
0.0904060441441
0.0734280813328
0.0315474474653
-0.0984673605439
0.121073874539
0.113714570722
0.139946913953
-0.00562109876053
0.00589237818677
0.126601526631
0.0690884447869
0.0448686682264
0.0478664249134
0.0246885347766
0.0120360691049
0.0797656657347
0.0466824720247
-0.0357560848217
-0.00151854660361
0.122372126095
0.0127664359889
0.0395547781173
0.0905894325828
0.063871117362
-0.00172535650957
0.0732484832905
0.102083888331
0.0368076183731
0.103209757583
-0.00744540866022
0.0152342879449
0.0228819477295
0.0181119795109
-0.000615551134363
-0.0343341301356
0.0268023365966
0.107618766093
-0.0115028836406
0.0690249943985
0.099640924939
0.0648576354612
0.0470817384746
-0.00875605825532
0.108528989393
0.0654276872709
0.0616782694213
0.0362649137292
0.0721154447122
0.086022650495
0.0399910778082
0.0422601755232
0.0459673142483
0.11840150205
0.0721651775339
0.0828428077433
-0.0781120482697
0.0970295418377
-0.0461550439219
-0.00481464248176
0.121819579058
-0.0289416940534
0.0820457503638
-0.0324864570339
0.0474493368896
-0.00367772928589
0.0302359870813
-0.0145742903257
-0.055085341554
0.0769765463902
0.0346217870439
0.0645008585401
0.0758959949518
0.102039786702
0.128356568717
-0.0393956814751
0.120804610428
0.090573122889
0.078413597359
0.129793569639
-0.0555889606335
-0.0109603635051
0.0542382073754
-0.00331826831089
0.0498696303429
0.00319437202938
0.0653567519664
0.080032737935
0.0372015983371
0.105064860218
0.0623635217919
0.106575338897
0.10828367634
0.013717387054
0.122330649068
-0.0514209311298
0.0361572372678
-0.0534308864407
0.130781773474
0.0268272668225
-0.0847147523996
0.0201110011997
-0.0848494777103
-0.000392526692483
0.0493114594147
-0.0268702595305
0.0437246866225
0.0246879988089
-0.107315608268
0.00489121817254
0.0926781294427
0.0502258380126
0.0453215723607
0.0853341875571
0.0871000566332
0.114675451104
0.0314090393936
0.0216595160411
0.00507489289141
-0.0433945632312
0.0454159530576
0.0615635865276
0.0672539403471
0.0755708983897
-0.0094541783653
0.0711568349715
0.104091755208
-0.00349115132324
0.0425383102712
0.031033787725
0.0262689204656
-0.0319185127885
-0.00190150126412
0.039899377494
-0.00133671905699
0.0568207664472
0.00581607136611
0.111481036803
-0.0674459807106
0.085643673635
0.0874299846283
0.121003589085
0.115699845624
0.0622751507804
-0.0295861451781
-0.0325739436734
0.0818111428924
0.0734304667093
0.0467857579037
0.0690837782179
0.0741550708227
0.109644578139
0.0322216652559
0.120899537333
0.0620687687691
0.0270353680197
0.0658465287383
0.102527793198
0.0624741501225
0.0433058372769
-0.0180719627117
0.0423311628654
0.020096657494
0.0401383799376
0.0285662283923
0.052035107081
0.115901539646
0.0773855254933
-0.0316064710684
-0.0244132044166
0.0014372162698
0.0478322646704
0.0511371969215
0.0101594749794
0.084275664263
0.00234226032571
0.0414477031131
0.0464322488812
0.0839314011702
-0.00759794935827
0.104587656238
0.0567738115031
-0.0366780478737
0.0232960894345
0.0990992286211
-0.0238432869003
0.0482385885721
0.090002328222
0.0192762566649
0.0468791058248
0.0609409073757
0.0590795397537
0.00701029566018
0.0431703891719
0.0359471561665
-0.0356944855535
0.0610124311248
-0.0158262926086
0.0922557669607
0.06403338908
0.00978281972416
0.0546649542111
0.0139988506221
-0.00344389194595
0.062334486035
0.0538831816173
0.0606017609391
0.0485296035672
-0.0613140603005
0.0709669862527
0.065456655275
0.0995624112506
0.0525773998762
0.0206815402837
-0.0309361110219
0.118210630131
0.0525931732246
0.0712430019018
0.0761429814798
0.0942183190225
0.072709890243
0.00719908517706
0.0450890087956
0.0921362436382
0.0787294070268
0.0109892023925
0.0208790547848
0.0589625198681
0.091234466077
0.0089280932752
-0.0840872475628
0.110450649468
0.0805360621832
0.0809627213778
-0.017109217619
0.10369726259
0.000159134936944
0.0913180079133
0.00195474230444
-0.0111071965642
0.0700239677898
0.078291308547
0.0605213764625
0.0649243730875
0.053168273568
0.11360831306
0.0702378258622
-0.0170814227476
0.0114225579451
0.0107563023965
0.0819479507304
0.0609722763386
-0.0698355385582
0.0539344523846
0.110440540769
0.0717891910838
-0.0217065588114
-0.0161556950653
0.0307220940641
-0.0629002823364
0.0510343292795
-0.0270704361604
0.0524157569791
0.0299714814988
-0.0565407858027
0.0844354292534
0.102141562475
-0.00521590786085
0.0449151900197
-0.0050397387885
-0.0940862155561
0.0677872147139
0.0847778312
0.0681926163031
0.115509527345
-0.0311824245559
0.122375422721
-0.0385982041777
0.0379136914076
0.0430163275503
0.0619457241226
0.00271908412294
0.0933714343126
0.0559791350624
-0.0253923096951
0.0100210402763
-0.0483840639433
0.0581616723288
0.0699772327222
-0.01874250855
0.0513922750896
0.0765631359399
0.0836168214153
0.0632226789773
0.10223857235
0.0744662347241
-0.0105681391848
0.0715495232116
0.0338641199867
0.102616724251
0.0420730244148
0.0366081876496
0.111539065582
0.0116750479542
0.0612901828191
-0.00457407752777
0.015656568899
0.11660804452
-0.0127418614134
0.0226084039725
0.115289464182
-0.0150486609587
-0.0136137946595
-0.00488031306491
-0.0336780327812
-0.0201210064088
0.115980108071
0.0185418923216
0.12332210208
0.0926220254063
-0.0323089668809
0.080415124658
0.056866793308
0.0897303759562
0.0426288890107
0.0363415471199
0.0131442049898
0.0261748016677
-0.101226653875
0.0823095908578
0.0357061355989
0.0578079245908
0.064006820192
0.0225040235183
0.0381511079602
0.143025473194
0.0311490001386
0.0785957471175
-0.00390705219553
0.0301772278255
0.123052267867
-0.0713779425548
0.045356122126
0.0374316752679
0.0592741981237
0.0694717855367
0.101210082224
-0.0958626298138
0.0962271497763
0.130658099283
0.0560862730359
0.116082584118
0.0270211820162
0.0466243755281
-0.000578618691625
0.0800440665189
0.0250948687654
0.00151786432086
0.0846258589758
0.0680814791662
0.0179012830019
-0.0469751522784
0.0984705905258
0.120118469258
0.0241692711608
-0.0337290460874
0.108538242176
-0.0268073315683
0.0209467995667
0.0862798122473
0.135914575128
-0.0855380633317
0.131146189445
0.00196591124893
-0.0213255827793
0.0195102864092
0.035387650915
0.107801334242
0.00621386841695
0.0617615590012
-0.00513757877229
0.0724577018824
0.0266913116013
0.0700727984072
0.00353241155259
0.0250203536715
-0.0265192604742
0.00870008021244
0.0582998121009
0.0564431926393
0.0476843913212
-0.0701112176707
-0.0652971841734
0.0487405719539
0.112408028392
-0.0134909867087
0.0528488351424
0.114437079675
0.112261031767
0.145101379469
0.064288941287
-0.0146661906915
0.093001158697
0.0974333700724
-0.0502538245978
0.116088757481
0.0469446955222
0.0886009708264
0.0875355761051
0.103302024071
0.0759437094521
-0.0584088426938
0.00400908703898
0.126135182924
-0.0319479542594
0.0926296036626
0.0207102010809
-0.0923190374075
0.0354843287031
0.100123172356
0.0774404566724
0.0484292513203
0.0878471097762
0.00403769549449
0.0265595049577
0.00457495358149
-0.0117811989613
0.00369177537164
0.147955551106
0.0438016447137
-0.0539563584665
0.0738509057742
0.0766193876672
0.00104845828116
0.101741432327
0.0635968870013
-0.0199065639605
0.120881581732
0.0465694063823
0.0888848061798
-0.0710518318531
0.0920635193803
0.0632430420637
0.105920309772
0.0763925963381
0.0788117584485
0.0140794572325
-0.0146747258887
-0.0158844277231
0.00983667439015
0.0215149080249
0.0132429631679
-0.0778077815568
0.0881393309198
0.137497090434
-0.0472094883195
0.0261751116956
0.131662800108
0.0873456004256
0.102443236305
0.0629234474975
0.0821343068347
-0.0206943694073
0.0300444085558
-0.00270428213578
0.0640322400691
-0.0167007177249
0.0337421874228
0.0718286348226
0.0748681402593
0.10761450213
0.0954933417581
0.0632600864645
0.0633763620787
-0.0847369923993
0.0462995343854
0.0156775783688
0.0152354419674
-0.0484091670315
-0.0792868967812
0.0278570642261
0.129997970521
-0.0201293721963
0.0377549274124
0.0386755665308
0.119689977525
0.0312049735247
0.0681007552331
0.0448166426368
0.122919418759
0.041581013595
0.0866818891691
0.131988074782
0.0621411237935
0.0241599846448
0.0377538036691
-0.042039342484
0.116876119909
0.0452510872794
0.113180657368
0.0927116858759
0.0383026057326
0.0354645379915
0.0993650999619
-0.00548017939218
0.0271363831963
-0.000441703287904
-0.00838886767257
0.00192162985759
0.0447445650421
0.0308486698942
0.00533102486288
0.124184556224
0.0876345714125
-0.051636924051
0.0594295398066
0.0320255898021
0.0514753309746
0.116084967004
0.108775605741
0.0181446106793
-0.0267411614689
0.0724304146658
0.077734618165
0.0796346620073
0.0389960523091
0.0641685348018
0.00494843376614
0.0937173092924
0.117263483399
-0.0113995981763
0.0167617880271
-0.0822265576427
-0.00387930603906
0.0097402813045
0.0624067430592
0.0591741456851
0.112262479449
0.0797711316374
0.0327836152159
-0.000560438690073
-0.0347639055784
0.0418143661536
0.132078913864
0.0581462682295
0.0352903207978
-0.0128058992338
0.0522984379103
0.117905791842
0.00782343674081
0.0395294989956
0.0704750171835
0.1148538715
0.116982744902
0.00230882945998
0.118398607777
0.106231025758
0.0947634644655
0.08591973692
0.103958026167
-0.00538558140676
0.0257296372334
0.137995322764
-0.00604866903842
-0.000528668982759
0.119194211702
0.000426316139525
0.0396317750784
-0.000412930213987
-0.0872414007552
0.0714003314494
0.12615129806
0.102087229774
0.114406111347
-0.0374470535113
0.085016783945
-0.00080063756903
0.0249993633178
0.0231599969457
-0.0921545169043
0.026021694371
0.0944672037193
0.105681507982
-0.0582191171768
0.0281355144626
0.0758906617223
0.132481979133
0.0857093260602
0.0789746927419
-0.000904302048283
0.082509557366
-0.0396385103736
0.0831335859803
0.059194184114
0.0898073147895
0.101322034341
-0.0159317098149
-0.0251789128252
0.0174016289899
0.100997159691
0.0482822719232
0.0314607129539
-0.00381991513066
0.00345524263185
0.0194126443809
0.0333724568799
0.104378988769
0.0934255996846
0.0635655496918
-0.0481195949476
0.102071728587
0.0185137041945
0.037219723638
0.0278232270494
0.0239170958029
0.0854295666367
-0.00536690826189
0.0279113722539
0.0537141831392
0.124845392621
0.0396141497012
-0.00381680205562
0.0664977335543
0.109579526731
-0.0323017858125
0.0944279597842
0.0873777440434
0.0881263889243
0.033083927669
0.0219575907811
0.11714918913
0.0784475290656
0.0955101444293
-0.0560494840838
0.0711743594307
0.0752615642105
0.0628546379127
-0.0446143365828
-0.0284188981908
0.0655253875095
0.0389258581334
0.0311763694771
0.090579098152
0.000221940716096
-0.000748404431965
0.0898811444155
0.058714434253
-0.00110212433957
0.0868260461356
0.0515710388819
0.10275245645
-0.0841317392095
0.0796127846472
0.0267637893351
0.108223788862
0.00916382573289
0.0894220591077
0.0414349424469
0.0582576330797
0.108746266478
0.101710142525
0.048692364626
0.0222984568734
0.0402711911339
0.0510938273481
0.0224762818905
0.0567314703395
0.0507704246485
0.0230439811531
0.0834954190422
0.0148739994221
0.0509043038017
-0.0158474704369
0.00968306426468
0.0341060900841
0.126602355204
0.075808238426
0.0944549436922
0.0717545598008
0.00255546680308
0.0697245811864
-0.00244583096021
0.0293142146335
0.127740566628
0.0093503138942
0.0635035555652
0.0357056028981
0.122075653477
-0.00682204706369
0.00369281226498
0.0434465023372
0.0463826582913
0.0841135126016
0.0440691771637
0.058379237614
0.0152732120402
0.108190811926
0.0126216940674
0.0376513412154
0.0863364432375
0.0408711910217
0.0163368151041
0.0564012502529
0.0434258685912
0.110741493947
0.117996356595
0.0190311627561
0.121802527474
0.0601067619806
0.137547014854
0.0231056234044
0.140070695979
-0.0807659012403
0.00182120898891
-0.0229048457959
0.0485694037588
-0.0597976633925
0.0846279214824
0.0760627284589
-0.0197786941271
0.0809217940765
0.0486111858457
0.100341121792
0.111242848478
-0.0186829466396
-0.0304632173475
0.0901403345158
0.025958724044
0.00555785534428
0.0705155645916
0.0404728904954
0.0193640252257
-0.0889749737723
0.106968478404
0.030817354605
-0.00991937927273
-0.0168590593207
0.0297170461529
0.0469201610871
0.0608348195756
-0.018437276036
0.0971844253128
0.0932900185005
0.072222112692
0.0949153629461
0.0248147774584
0.0534088584705
0.00456423215005
0.105405290609
-0.0205621534382
0.0487219621147
-0.0369009012332
0.053207822548
0.0635909349079
0.0467319511227
0.0991084281894
0.124171819051
0.0435099684592
0.0946934496351
0.11630159648
0.103683998325
0.0319520991993
0.0964619331651
0.00298341750035
0.0593226729889
0.028420404588
0.0136065606863
0.127475749648
0.0746989351275
0.0826880012286
0.0132481387443
-0.0106372893106
0.11872634166
0.123735399571
-0.00729600393608
0.0232999154239
0.0759170088335
0.00797653127852
0.0751918663216
0.0557744060751
-0.00927799668184
-0.011721640516
0.0968445845981
0.0541026209273
0.0993018238989
0.0289644141296
0.115546006095
0.086113713098
0.0500892968374
0.0185131660372
0.00340492213826
-0.0637411563198
0.0215087432154
-0.000394863425304
0.0257193074291
0.0807172311202
-0.00417780985139
0.113139774073
0.0424795658586
0.0399949159859
-0.00703048967531
0.0200397076787
0.0980053617959
0.0541939816563
0.0168005670709
0.140321952259
0.0630991692723
0.019585598262
0.0308520224183
-0.0207055280678
-0.00229807976044
0.0933854890069
0.0829194925822
0.0989795162951
0.0995074432754
0.0660541966543
0.0930824984986
-0.0573527073687
0.0696314576088
0.101256975439
-0.0769090538608
0.0733615587259
-0.166087348535
0.101550222457
0.0324481666066
0.0819835618334
0.104929350875
0.0109515099295
0.0574607875007
0.0452728863511
-0.0140798407858
-0.0223590548351
-0.0297306797678
0.0871440080579
0.0782359836233
0.0737517383249
0.116500492645
-0.0603728895474
0.0133024338451
0.0741417902633
-0.125651132083
-0.0639721507198
0.0357755463641
0.075130376683
0.0604017071558
-0.0161547080226
0.116498067978
0.0589932002046
0.000914366806344
0.0390277193849
0.085998683974
0.0747004963912
0.0300033622112
-0.0366156226781
0.136290840376
0.0479694414131
0.0179804817154
0.0666141445156
0.0174409071583
0.0137739103764
0.019698273716
0.00787931758414
0.102740080867
0.0698141151115
0.0164747309945
0.00915900395945
0.0460165896985
0.053990765691
0.0456017195894
0.085838539479
0.0825889456413
0.0475333557375
0.0397420946056
0.0133705920405
0.0823073043086
-0.11346446846
0.0267766426365
0.0115022859355
0.100493106686
0.00984242066365
0.0619821310596
0.00982020426936
0.030372424114
0.0819953111275
0.00770245143187
-0.0896177475644
0.0660784107174
0.0517875157418
0.0816180504998
0.0323293655504
0.12429039827
0.0677265045171
0.0886615941711
-0.0482592536232
0.0507653457821
0.0270954058997
0.0510480437311
0.109782185659
0.0650759048262
-0.00330346686584
0.0424797432645
0.00860364366338
0.00583152390733
0.0302356894222
0.014247428912
0.0981267165728
0.0461658202838
0.0115534654712
-0.0128525200601
0.00240969207225
0.0820576907196
-0.0228144515219
0.0852550140248
0.0298560938529
-0.0112303110221
0.099943470818
0.00123006654137
0.0505761579807
0.115100778843
0.0534745873428
-0.0491744124307
0.0211420972969
0.0578568580379
0.0104445487921
0.0646302230974
0.0670451196482
0.0112703765336
0.0236514937869
0.0424337741415
0.0850812963562
0.0414791022301
-0.022481555955
0.0181586444987
0.0407352685847
-0.0865782972913
0.04732622936
0.120070284608
0.0423177819118
0.0660271308464
0.0707923166554
0.0908364851787
0.0806580479029
-0.0126179009686
-0.00810958880556
0.0169986522786
0.0728139775167
0.103506706432
0.0101413327416
-0.00510239529991
0.0726244739142
-0.00832594769893
0.120315883983
0.0460646095383
0.0766763240945
0.0314795095466
0.0514293081503
0.00506041935436
0.0924833222224
0.0979771465712
0.047293447207
0.0402566864484
0.0585489030965
0.0842724959526
0.0668254829888
-0.0388062272641
0.0488466704599
0.0188218660815
0.0194951604844
0.0630603692338
-0.0127049096276
0.0799815803864
0.101405714104
0.0596706810401
0.0504302715538
0.066321148591
0.0214448320318
0.0470571177726
0.0211658540994
-0.0046741397979
0.0271414008178
0.0324586754391
-0.0218215083702
0.0114229126408
0.0193483395933
0.082621866524
0.0293551645574
0.0620190067582
0.113610209171
0.0742664620734
-0.0567593587514
0.0147429113424
0.0258326223415
0.00636330990667
0.0157686747881
0.115180373716
0.0991837900896
0.0648393642391
-0.00833486603256
0.0558875885326
-0.0172834767874
-0.0104246639192
0.0877651311863
0.0803751470156
0.0114139443647
0.0593791805616
0.0981686544889
0.0997676362191
-0.00957153114337
0.0905988703769
0.0861003374501
0.109740010641
0.0670363228296
0.0485870724722
0.0801763274105
0.136115594805
-0.0233213961855
0.106887511525
0.0680512241903
0.0405248514537
0.10768109942
0.0038264496164
0.0624333921679
0.0695735093955
-0.00279808823603
0.108388087086
0.0539753526703
0.0446592736414
0.115093501676
0.103069874802
0.052989449444
0.0147434594614
-0.093222393178
0.0833028714989
0.061978808762
0.0396312912391
0.0791050378606
0.0531246932783
0.0330990812164
0.0265128269869
0.0692176598732
0.0355436648266
0.0278049473046
0.119539369052
0.0854319700682
0.0453067309118
0.129053391787
0.0392003362895
0.122178280593
0.0344488700308
0.000975203263855
0.0649121257049
0.0169794696497
0.0367432200565
0.0252645422367
0.077287171152
-0.0683536109521
-0.00366279667536
0.045787609047
0.0648064093744
0.0257846767959
0.0369513458145
0.036398155964
0.113104631563
0.0707845099709
0.0209747238112
0.0354228152868
-0.0046238128653
0.0654162034737
0.0344198064881
0.101824573591
0.0538709717896
0.0923040787102
0.0511178419819
0.0032639381926
0.0410289099863
0.07190765408
0.0178893772909
0.0799294599101
-0.0136528722182
0.0900874593156
0.012530909645
0.0931974910088
-0.00246476190237
0.0296845142074
0.00888456508523
0.0744769295383
0.132263121793
0.072965908143
0.0265728701753
0.0312178041886
0.111574768292
0.0426154748252
-0.0667629429721
-0.00155918527453
0.0424369620563
-0.0559153165756
0.053559963284
0.0651707133193
0.0448669805208
-0.0413158966179
-0.0723910644215
0.016061170937
0.0764915430751
0.0358766150958
0.118193405501
0.030719415853
0.0978804499438
0.105941445092
0.149370765027
-0.0397242289678
0.0436891931919
0.0790423799168
0.0813204333694
0.0545273619379
0.0169901093122
0.0631706880805
0.00383588562344
0.0246681957847
0.0712397292904
0.132460594417
0.00449573548094
-0.00522284674761
0.111616807087
0.0803262548542
0.0233449168366
0.0827287061034
0.0477410186753
0.0721983842153
0.0655016084785
0.0823779815637
-0.0121252093329
0.129928776531
0.0689815975887
-0.0299894221897
0.0105668869893
0.060920541717
0.0130263635744
0.0730394609156
-0.00933193353318
0.0847368746489
0.0599237864171
0.0570694206933
0.0841034593595
0.0333786018327
0.0034287324279
-0.0345720076117
0.0425039709916
0.0707943000475
0.101971816598
0.112268813717
0.104079950199
-0.0184169335922
-0.00402787699586
0.0939060033446
0.0687503607526
0.103780278754
0.0284664146133
0.00364497696287
0.0694145319915
0.0858262055789
0.0523435508189
-0.00594778771672
-0.0153507129415
0.0979332704365
0.0935869219897
0.0540905415323
0.0453981773283
0.100773685295
0.121182846248
-0.0428777130815
0.0672543021893
0.0371790120397
0.0276832192142
0.0244434100948
0.00931053382722
0.029898729564
0.0184468123951
0.0211068526846
0.0852502860007
0.0590299750624
-0.0511784474155
0.0430272481901
0.0634340469463
0.0262543015916
0.0860429558019
0.0425237045738
0.0566842570941
0.11927412475
0.00671810518363
-0.0593354281622
0.0997137614737
0.0393391770761
0.0468597899199
-0.0507785941364
0.105380204261
0.0339687123999
0.00616597160895
0.0312763133003
-0.0349709684005
0.00862452378942
-0.00459538162156
0.0921705968906
0.0727694127624
0.050628116652
0.0891203346396
0.0866504049702
0.0885574888693
-0.00154692999056
0.0411490308669
0.0985293414989
0.0237229671442
0.0370593784051
-0.0110436829339
-0.024850736342
0.0658461849276
0.0165028351552
0.108181587446
0.0285074115076
0.100104432845
0.0969456437636
-0.00395473611279
-0.0267877010994
-0.0184136806642
0.00582692086349
0.108953589485
-0.030369923183
0.116051439059
0.12310856603
0.00773901667237
-0.00632314630575
0.0247605691982
0.10025065399
0.119293756984
0.0653799178596
0.107595943474
0.0335675531579
-0.00543862397966
0.0793016821184
0.0623758363826
-0.0270025344257
0.0741180424123
-0.125572428135
0.0326038583496
0.0829970856429
0.0910315847361
0.0239129219129
0.0554547486888
0.0100420049129
0.0289331090702
-0.0878096349115
0.101297833115
0.0404029557696
0.135042903826
0.100070999596
0.0208769906715
0.118046564977
0.0295961783516
0.00628596903759
0.0328393718146
0.0679664586165
0.0556564413114
0.0912088005108
0.0381232494684
0.0553287464051
-0.12097632096
0.0536206071793
0.0545835646165
0.131707192675
0.121514578172
-0.044185258009
0.124337738446
0.0330526813143
0.0478134555946
0.0934115935716
-0.0361482697413
0.0800199878492
0.0156761184475
0.0656983926312
0.0737640596419
0.0120187348337
0.0793400524937
0.0227199316146
0.0863103859633
0.0821431258052
-0.0141004614956
0.117740324938
0.0632366381323
0.0268654409201
0.0666750535564
0.00175714485662
0.0978502723934
0.0706037606176
0.0603906056953
0.0694138836515
-0.0197128948245
-0.0285696172614
0.0249969430158
0.0716432314523
0.106860360978
0.0736180555449
0.0764223962542
0.101203335943
0.0612286116274
0.066643721702
0.0730711156398
0.0633036803186
0.0830354507823
0.0167118432447
0.0276267665685
0.000676462753662
0.0697217003015
-0.0195849891386
0.0995459211294
0.0745567471591
0.0744472218364
0.00299000421561
-0.00267781376977
0.0513446090193
0.0668343078147
0.00380580420226
0.0331616823027
0.0421042247276
0.104084093612
-0.00390830356008
0.0571064216117
0.0302416515741
-0.0205597483021
0.0311307318648
0.0632269048898
0.0742980090061
-0.0435161318479
0.0911888920093
0.0430999337943
0.0863596455186
0.0939187324071
0.0169145930111
0.114107275885
-0.0062788985891
0.0811496735825
0.113572182346
0.0150399975782
0.0486329336569
0.00486374938502
0.0729898867801
0.0524546128701
0.0517386042198
0.0603094111172
0.0368278514065
0.107207651093
-0.000561363191469
0.0382657796838
0.113283221988
0.0684765876858
0.0173971634252
0.0593376056342
0.0150339485335
0.0714234785466
0.0580194928704
0.0380729123271
0.0113551967941
0.0380794158693
0.052626847099
-0.121527197796
0.0291877635801
-0.0546153183743
-0.0291729488616
0.0389991608621
0.0853657863382
0.0552321730277
0.0520322987993
0.0354653577628
0.00800196794335
0.0921409305314
0.0818017587231
-0.0131535343057
0.102956029769
0.0469690500842
0.0232439632102
-0.00961774092062
0.0196656190753
0.0318166087237
0.00815088785958
-0.00371044724127
0.0179113596891
0.0361783291598
0.0971147545916
0.0393539649796
0.0811435363404
0.0517019855475
0.112746058015
0.0204764280572
-0.0660167516427
0.0412470883177
0.114010444499
0.0152743906025
0.0208939785572
-0.000922603907684
0.0117923673262
0.0695058099213
0.0608798325593
-0.0176924669999
0.0431901422084
0.00508939896052
0.023569058439
0.0510940996966
0.0486768874828
0.0882084195191
0.121964553694
0.0250286703891
0.0413893326813
0.00387386582197
-0.0312279396121
0.107938640535
0.0829074976543
-0.0149071841213
0.0847866387814
0.00649511043485
0.0586845353802
0.092939690174
-0.0133878598451
-0.0211933045989
0.0950585931401
-0.0335272657406
0.0939678845122
0.0497395580668
0.0340980774621
0.0816887924647
0.0339920517725
-0.0141239100381
0.0218037598867
0.0354038166669
0.0583622149767
0.0826420404452
0.0852932921196
-0.0433344365897
0.0462502349878
0.0971022997022
0.0557220561622
0.0534698275059
0.0112393289021
0.112360747702
0.00338248637738
0.10787091178
-0.0347665052993
0.0264934842285
0.109335775543
0.00126444282412
0.097489767923
0.02792740024
0.0840535988451
-0.032351267448
0.112205116591
0.0492160065718
0.043258313125
0.126356885148
0.129337183274
0.0486105792947
0.0721017895507
0.0964726116812
0.0974529416519
-0.0122884912465
-0.0130930861437
0.132993158923
0.0780762764991
-0.00387393018115
0.102591313165
0.0619150233656
0.024431630202
-0.00471942469604
0.0336244622204
0.12470519074
0.0964477878896
0.0944549453653
0.0456565388921
0.110144102193
0.107337923687
-0.0793543070718
0.0507847283876
0.113779463586
0.0268832153936
0.0667280949127
0.06520782506
-0.0878283729927
-0.0712151118453
0.0913185760493
0.047489211743
0.0479895329146
0.0155872368142
0.0815193584251
0.0490238631854
0.0884065490197
-0.0148169039268
0.0813551636534
0.054413584323
0.0464579545384
0.0489472355575
0.100734382651
0.0958751573507
0.0541982798329
0.0750264805028
0.123139295396
-0.0483612617792
0.0288700649809
0.0202557298191
0.135924707429
0.0917204098656
0.107572332607
0.0614991628411
-0.0080629209463
-0.0350132516759
0.118105856558
0.0408904776843
0.0637999466232
0.067272379813
-0.0370399495347
0.0727579483902
-0.0706464295492
0.10956447129
0.0170754490756
0.0482055374144
-0.0161911979866
0.121184550196
0.0613991690451
0.121276278409
0.035253393893
0.116463738839
0.0836113204285
0.013500168122
0.133623709496
-0.00216454588788
0.0315052868505
0.103076683351
0.0569470454637
0.0498657732718
0.0349395274226
-0.0202177392412
0.0845681271408
0.05785184466
0.0549988654092
0.0144842712308
0.136424245041
0.124374651201
0.0781476564684
-0.0242784550018
0.087863038553
0.033239106876
0.103119403579
0.0777246816916
0.0231688834976
0.112339942542
0.0573942161908
-0.00642768252417
0.12681049153
0.0944614845403
0.0474485843202
-0.0697074930596
0.0720421764434
0.0842008150345
0.039004302858
-0.0123238879336
-0.0409731667071
-0.0310341844855
0.034230923763
0.0976874053793
0.0338003509604
0.0731855881635
0.059879859739
0.105404662808
0.0206356889583
0.0569900411523
0.0936982764084
0.0271632564221
-0.0105422033283
0.0535235625965
0.064317774991
0.0155053255684
0.0885814586052
0.0534460990899
-0.0713583221164
-0.0237549772525
-0.0518056772685
0.0217165842253
0.091156311607
0.100524886408
0.0686565724856
0.095340786047
-0.0141642093943
0.0243957034776
0.0394566660829
0.041961299847
-0.00639841227937
0.023545402704
-0.0374420578382
0.037681901905
0.108882560346
0.0933276291485
0.0662479638844
-0.0949424938847
-0.0105014747832
0.03398449934
0.03285810229
0.0663619265196
-0.0161268502365
0.0408644107203
-0.0174592243327
0.139518593051
0.0236926455553
0.00387140421708
-0.0168040944847
-0.0487551887903
0.11042060219
-0.0313484057119
0.0864145454078
-0.0295723156649
0.0757956606631
0.0914338928992
0.0601577377287
0.0976025409381
0.0306388113306
0.0167297967569
-0.0355138400727
0.0461776268135
-0.048155952101
0.0968057597475
0.105389914979
0.0161429352261
0.0530497007583
0.0804293579535
0.0626606116268
-0.0583084310506
0.000875866903983
0.0040331093863
0.0307685006417
0.111707087403
0.0764311696632
0.1185834261
0.0482327390884
0.00117119547289
0.101894304558
0.110085752458
0.0777211725549
0.0874442001706
-0.0173969415246
-0.00166353551332
0.104770376697
0.119748548968
0.108952673527
0.133638501069
0.122004313134
0.131986719276
0.0339295984384
0.0117153412699
0.03057790534
-0.0458309965095
0.0965860642223
0.0965880979489
0.0451922352272
-0.000999157677662
-0.0841985991089
-0.0285710680903
-0.0295549609733
0.0761736536447
0.0333719495994
0.0359691919139
-0.11631777951
-0.0749088776654
0.0242889190135
0.0769798125733
0.062366785499
-0.0414937207943
0.0797780591211
0.0358751392333
0.0711832523064
-0.0202679798146
0.06508555255
-0.0712187833217
0.0959057698696
0.0732051407147
0.00175549966901
0.0739838513059
0.0630727284067
-0.0489090464982
0.057989284211
-0.0327374680976
0.0682724920543
0.123211616639
0.0321329020237
0.0312022633035
-0.0100920740229
0.0676070763803
-0.019486582929
0.0653251197461
0.0585464688467
0.113872692264
0.0775075350194
-0.084192262551
-0.102997908688
0.00618554876815
0.0436130553217
0.0748863103098
0.0975696834762
0.0485417718611
-0.0244970217304
0.0510459180338
0.111799054553
0.0081011774311
0.0442866504738
0.107052960271
-0.0365549659923
0.0294829639624
-0.00593640462402
-0.089089644866
-0.117682647223
0.112402868532
-0.0239032620191
0.0725563772004
0.0181036792994
0.00927997492325
-0.0117645280779
0.0512843194227
0.0225746959188
-0.0751140243693
0.124601984024
0.00145735566707
0.0970366366369
0.0170222392413
0.13697126081
-0.0512925087658
0.116073791955
0.0207300528505
0.111414895425
0.0525467302382
0.0671523957733
-0.0355080963087
-0.0398280277966
-0.0490523040675
0.0966005167773
0.115316398435
-0.0145814606346
0.000387466040053
0.0865126183992
0.119297585504
0.0445062836192
0.123108174365
0.0727172680249
0.12856361516
-0.00100643606051
0.0227143710725
0.029767073518
0.0758548010817
0.0406101167883
0.110487430647
0.0626641330491
-0.0199204647448
0.0207405357431
-0.00381405116224
0.00991276722591
0.08069255348
0.00100883132111
0.0402853251205
0.0379933304705
0.00183643395744
0.0604956024138
-0.0233337732141
-0.0354144656038
-0.0990044324251
0.0267998004414
0.059338921948
0.0297778847895
-0.0356630591379
-0.0290549176181
0.0123141560067
0.137828294866
0.056362428912
0.034965828208
0.120278915028
-0.0205546290734
0.00762909119365
0.0296428405924
0.0530660222723
-0.0910083493248
0.0464741326826
0.0878644395316
0.0406177653848
0.0806803048713
0.0198102303514
0.0713189819449
0.079095667154
0.0705715961209
0.122957829474
-0.0249537167098
0.0683845898616
0.0887148743711
-0.0077048115931
0.0160663832587
-0.053428902467
0.0484464459504
0.101377157784
-0.0251557000051
0.0582475112705
0.019387745933
0.0889796241689
0.0214351060266
0.0683413207858
0.0817288443524
0.0468335314898
0.0545509577486
0.108282863789
-0.0235637236042
0.063851739111
0.112017218347
-0.000806901322782
0.136381704204
0.0583750395042
0.111255622196
0.0809113322911
0.0967234697489
0.0206293542162
0.0648605113038
0.0255223589515
0.118935173848
0.0756275538891
0.0607865898516
0.0625753244029
0.0208332388432
0.128734147865
0.0773014241817
0.0829112699884
0.0426678499533
0.0464695570849
0.0334004623144
0.0353941853275
0.00272957063597
-0.0376430438281
0.0571195428062
0.0382492496444
0.0586049901057
0.0482509981537
0.0651710853839
0.0471235422308
-0.00208380048377
-0.0454864691454
0.128785663983
0.0305267205643
0.143005644535
0.0543358535873
0.0321999111115
0.105622197573
0.122677217315
0.0866672918458
-0.0667718042535
0.0903061952137
0.0972284265323
0.0107284129106
-0.0446937300886
0.113901341007
0.0956566158282
0.0534206507128
0.0217290536461
0.0473925875468
0.0466081800957
-0.0452675722962
-0.0278345341281
0.0785582083825
0.0329765444222
0.00218530888848
-0.0487552945669
0.108229586641
0.0706466570881
0.00425411926143
0.104802930961
0.0812841138984
0.0794337013409
0.0149419714744
-0.0266447884869
0.0535661557489
0.0142721451917
0.0351276101926
-0.0318641469731
0.110723420978
0.013819414185
0.108916434714
0.135040531543
-0.0835944003141
0.0616285107105
0.102297313194
0.09633063917
0.00916406628231
0.0628935734489
0.131338300996
0.107156756574
-0.0153482468933
0.00289129577016
0.105366201009
0.04964971013
0.107937913944
-0.0391183402961
-0.0422462748316
0.0864559697673
-0.0434545289483
-0.00904133701855
-0.0169104109167
0.0365153524558
0.0546223353482
-0.0647032494728
-0.00691904544135
-0.0686040025053
-0.0181635307495
0.0524535807469
0.0446537977121
0.0294637122307
0.122801115894
0.138347692838
0.12316687513
0.0185000592329
0.019248036965
0.138964954028
-0.0145278733088
0.147505060583
0.0220108465382
0.0588432293319
0.114038043646
0.0127896637498
0.0373999234894
0.0806847286579
0.0892005031423
0.0942655137492
0.102193367205
0.0311757586304
0.00625230491318
0.042966541504
-0.0141073931784
-0.0268333018972
0.0900123319638
0.0889519014839
0.0946160238231
0.0837973943168
0.0456206822232
0.0300562233025
-0.0160794942035
0.000831335740498
-0.0298806261579
0.129383093812
0.0855748879627
0.0718603485583
0.0752191513114
0.0868601172561
0.0112487316971
0.092116471505
0.101052932756
-0.0147789757858
-0.0272857113298
-0.0362925514621
-0.0109527718425
-0.00883989318654
0.033125512334
-0.0236209476116
-0.0162191292133
0.060975125278
0.0946795422959
-0.016399944851
0.0655720415281
0.122279302983
0.0141981600323
0.0909968871931
0.0468308333738
0.0721973352543
0.137488739977
0.0525104525501
0.0563753937448
0.0864183242029
-0.0403626400881
0.0318637789331
0.0509133902161
-0.0370589589945
0.0824066432256
0.0609418620938
0.0605337243678
0.0944939630531
-0.00253522100495
0.0390014111531
0.110323812511
0.0366422816823
-0.00551137799079
0.0575891410388
0.0744705568587
0.0552550077014
0.0295324738176
0.053696341168
0.0505036539368
0.00626545041938
0.0128795678591
-0.0402874976732
-0.0456732472983
-0.0202147248479
-0.0109690322202
-0.0453458632207
0.0530721632034
0.0834442227924
0.122416659332
0.139075122024
0.0867713477901
0.123231437181
0.069403716184
-0.00118936963747
0.0202628066396
-0.0126317426095
0.0423127038381
0.122446282509
-0.0251335118363
0.0782885786427
0.0892428342999
0.01237854135
-0.0105584646055
-0.00379863040518
0.0387223572459
0.0946711870421
0.0555894241003
0.116583604937
0.106820268288
0.119343006588
0.0324015643496
0.0777191053766
0.111136258028
0.136817639558
0.0650265629858
-0.114480237418
-0.00790039755851
0.120341567765
0.0526919368722
0.0153477449754
0.00851969828655
0.108103684831
0.0510097295736
0.126250881119
0.0503985396171
0.029954270059
0.0981179235365
-0.0228224669383
0.0543472250055
0.0677030143651
0.074504728056
-0.0344474967426
0.0300019915973
0.04516885812
0.079690203421
0.0391886258341
-0.00154993392458
0.092021404916
0.00951468814399
0.0424158410592
0.013539783402
-0.0157136808981
0.0628659384405
0.0699346125873
0.0107290779169
0.0574343112128
0.0342237417741
0.0765818382559
0.00664254939227
0.114538328127
0.0533130026851
0.126297002477
0.0232627938454
-0.0128432886695
0.00631868660701
0.142481426453
0.0990813549265
-0.0276501525539
-0.069487352665
0.112716037273
0.106809412841
0.0158264897634
0.0356253420602
-0.0217656068497
0.00307969011023
0.113289870721
0.106350838288
0.0830463747435
0.0615994557166
0.0322901497495
0.0487355641148
0.0565783835769
-0.0428938994665
0.0450768853348
0.0413546671822
0.114881540016
0.0234435739833
0.0312317076227
0.111334227204
0.0995986405432
0.0403626396869
0.0428001229814
0.0126571737077
0.110386989421
-0.00267048676952
0.0847538384293
-0.0265524680723
0.112514561755
0.104592288854
0.0646422977535
-0.00884538024658
0.0483930296181
0.0513080565065
0.110339625029
0.140215460872
0.0627388986953
0.110457998587
0.0695078891196
0.129941962468
0.101230251144
-0.0172841286411
0.0180392173224
-0.0446455204319
0.0420569430938
0.0738537442008
-0.014762757982
0.044816167195
-0.0327190283255
-0.0584429732481
0.0339623541507
0.115696100247
0.0849236188788
0.0617008140147
-0.067905807685
0.0985831501951
0.0714698949594
0.12157608896
0.0816990691728
-0.0115565982937
0.0372027252267
0.0557451556444
0.0596043350934
-0.0254096535333
0.0469088966799
0.101196446312
0.099791729145
-0.040839028126
0.0456104546033
0.0231212333799
0.0293309824857
0.0650089529769
0.0240760507546
0.015291297685
0.0635388165126
0.0498701438192
0.0223453476385
0.0898592638521
0.119177541609
-0.00130351513528
-0.00264864373301
0.114331855254
0.0918641098404
0.124981307107
0.0906156587606
0.0210041880673
0.124638872926
0.114820994422
0.107909015183
0.0717726637751
0.0550553442757
0.0642712625369
0.0731915832835
-0.128234806035
0.0316265832343
0.0213728034205
-0.0866252868416
-0.0057465202271
0.0994091091777
0.0614177689275
-0.0061633353778
0.0824857744498
0.0158372203455
0.092084002255
0.0916406849379
0.0714751402911
0.0334312614948
-0.0694391113165
0.119082879341
0.093374738865
0.0348564956889
0.0849379680846
0.054949805691
0.0326852648332
0.106668823651
0.0235930756288
0.105334109776
0.0744199192
0.0811679597685
0.0259385723133
0.101998846867
0.102131960784
0.086047894828
0.0406172622015
-0.0219450086999
0.121666609726
0.0937646271248
0.0678972478609
0.0261899935258
-0.00186622588135
-0.0293687133029
0.0592710468031
0.0606063341017
0.052152040758
0.0472952877769
0.047084051814
-0.0647139486725
-0.0368123472073
-0.0189985881217
0.0927745562108
0.059600771106
0.0586608252686
0.114225768195
0.0449525548235
0.0511065213682
-0.00654353659809
-0.0133741313205
0.0172420919646
-0.00895260226633
0.0588079547615
0.0811805358123
-0.0657413710323
0.128354383102
0.0904499415839
0.128980190756
-0.00532535289628
0.0606158674523
-0.0067864508655
0.0192383193919
-0.00934621412427
0.0578627104876
0.0787929138458
-0.0612956686619
-0.0477069223493
0.03549819104
0.0219383858876
0.102657089824
0.102303084769
0.0929895479976
0.034884628472
0.0506121070335
0.0197057495927
0.00687974451029
0.0677648287127
0.108316342189
0.0770045942605
0.0509150318747
0.0679416888643
0.0918483807269
0.0934642414308
0.0573234312061
0.0657505077132
-0.075738740473
0.110309296321
0.0753036058738
0.00701079507833
0.035799188129
0.00706812430677
0.0348153209007
-0.0291118699284
-0.0567570513526
0.0335534201477
0.0427085031334
0.0438959739124
0.0874288841644
0.0658702301623
0.0267001246008
0.0232772594765
0.124226540317
0.0026070938032
0.0561653476037
0.0882769632904
-0.03430595327
-0.0326297013844
0.0447993182876
-0.00194709654884
0.131136400489
0.00864550704275
0.0263220948355
0.0838391574308
0.0666480725514
0.0543393285425
0.08775285542
0.0591550847756
-0.0779896197672
-0.0674084457035
0.0359480111619
0.104480105614
0.0864832440786
-0.0225415754268
-0.0518667452716
0.0186418043719
0.00974672227805
0.0117757356954
0.0692318490064
0.0807746897583
0.112880759837
-0.0199160152757
0.0845018269091
0.111929532113
0.0698868001503
0.0772195553235
0.0233977535781
0.0194164318853
-0.0673330933708
0.0720922713247
0.105837981388
0.0510395696502
-0.0830760279229
0.0732164150934
0.0259434561881
0.0953288322549
0.0492684438996
0.106646157188
0.0775774222071
0.0238242661843
0.0902905768784
0.0441944596817
0.0997727691077
0.0885463157254
0.0330596622537
0.0756377157938
0.0701554853895
0.136221432767
0.104189798477
-0.0337788797432
0.134484076623
-0.040627179144
0.00253218469688
0.061051233172
0.0519947947013
0.0333369227621
0.0722032606504
-0.0266346305276
0.0898223350071
0.0582144205271
0.0494118149678
0.0013287290945
0.0287704781046
0.0499560710634
0.00113342013625
0.00484302103443
0.0864299037486
0.0887482326798
0.143579354397
0.0981996665496
0.118838512059
0.0405007193252
-0.0303952533911
0.10759975801
0.0942792568689
0.0170405883303
0.0240092602981
0.0221339421762
0.106859120345
0.129552992794
0.0807113793311
-0.0183802865959
0.0844120673775
0.0184971038057
0.0509440051227
0.00673626713721
0.0156030646645
0.0518943553757
0.048387627221
0.0631064043202
0.0332067105929
0.130031008939
0.128368212211
0.0514632061596
0.0744895642114
0.023125535631
0.0717993328406
0.0154665342785
-0.0434458846402
0.0159856280362
0.108669939579
0.0124357810225
0.0523290486887
0.0608396101428
0.0940414732711
0.0592209824919
-0.0516834929719
-0.00955084120976
0.101855556016
-0.0576266170647
0.019723957771
-0.00970864805141
0.0933298060616
0.0749344505898
0.0722788156182
0.102775939688
0.0625053281908
0.00302063213736
0.00515901108608
0.0883059963634
0.0259596310606
0.0381747965628
0.113708485454
-0.100807378131
0.0134571797798
0.0196021618157
-0.0104583575086
0.119310577572
0.105717966069
0.00345347031913
-0.0231531063401
0.128628541244
0.125517678141
-0.0439648865041
0.0229871683116
0.00356033097651
0.0457463077184
0.0685533704106
0.0694742079558
0.0700098793599
0.0172895058923
-0.0368228724479
0.016579093971
0.0291476151083
0.0801262597333
0.0634285366
0.0479693752479
0.112618168708
0.119534455347
0.0425747738852
0.128693748686
0.0222473651681
0.0989550871429
0.100918567132
0.0522138117874
0.0236547941147
0.0656668133229
0.0391752966882
-0.0531904520096
0.0221931094158
0.00494120219013
0.0862317673538
0.00195196914478
0.00984518894166
0.0253136138313
0.00209652793123
0.043887336323
0.0645663598532
0.100766499208
-0.018469680253
-0.00980529218419
-0.0630289033707
0.0174287916665
0.0439325070122
0.0625967947285
0.0717307444958
0.0521395352266
0.028047161908
0.0527179359311
-0.000712495581667
0.0372542296463
0.00162715109435
-0.0422598536988
0.066434009922
-0.0107238196247
0.00507991470444
-0.035248901629
-0.0715637062703
0.0923838233334
-0.00697547369587
0.0327255822027
0.0346962068687
0.0167952897017
-0.0987275431492
0.0161184977987
0.0318171827472
0.11111662257
0.000648145486374
0.00318029025475
0.102295269639
-0.0231806843478
0.0958975232238
0.0770776532775
0.00382801487043
0.0470704304671
0.0911394066959
0.0233761316737
0.105856851989
0.0872849075396
-0.00400262264012
0.0770927397006
0.00364655885912
0.0139671335247
-0.0316444272028
-0.0952305144748
0.047206702873
0.0373705326472
0.0407264805038
-0.0545111843825
0.080018966804
0.0929808006788
0.0531230785535
0.0431660747782
0.0456195966064
0.01475631814
0.127071167506
0.0377235690916
0.111221936858
0.0526761109717
0.0560462349214
0.000617823383534
0.0345420272162
0.0995015270131
0.120339894629
-0.0368011090426
0.0376348683091
0.0516287334313
-0.0292874436676
0.115592688464
0.144298599132
0.044790356435
0.0943832977393
0.0594416570956
0.116901668456
0.0577301463946
0.0597607637856
-0.0243108787349
0.0904669433058
0.0723328443243
-0.0303589409912
-0.0577461479394
0.116612799537
-0.0565223199663
0.0368088651182
0.0524651533838
0.049400555472
0.0333785909782
0.00700911546966
0.0849570417096
0.0404748289747
0.139552701952
0.116975024348
-0.0411055129657
0.0358450542152
0.065918866724
0.108161521816
0.129789501992
-0.124741851251
0.0626476032644
-0.0145963158332
-0.195562155036
0.0291439821572
0.0528306732216
0.0311814744965
0.0428795568362
0.00724630981595
-0.0683605808644
0.0545755532673
-0.0217432805406
0.011445080597
-0.0117209667088
0.078834452469
-0.0491447292403
0.129368005199
0.0805646362946
0.0797551053909
0.0771331874118
-0.0340985658161
0.0874692194849
0.109816629018
-0.0572854173676
-0.0522411315481
0.107117203227
-0.00978124695742
0.0252498436208
0.113518062827
0.0763140341482
0.112474663184
0.118860306505
0.12877282889
0.0583982346855
0.0370545996189
0.0500280778175
0.0993355235183
0.074511934883
0.0935956465096
0.0647353948701
-0.025357686836
0.000752020653647
0.100861530053
0.0529279358371
0.0470814788675
0.0881586700745
0.0187356208337
0.087671333036
-0.012553840154
0.111016336421
0.103684132989
0.0878717185216
-0.0194383247554
0.0879093997321
-0.00385901446443
-0.0758928676212
0.0620407308849
-0.0185611256517
0.0761195731492
-0.126728304324
0.111949067337
0.0914843147163
0.0292167157837
0.064479672034
-0.00342494856765
0.093162348019
0.0745800020257
0.0564519986215
0.102565660246
-0.0457748435836
0.105912148214
0.0210390194927
0.118948320499
0.0587552881245
0.0791034660169
0.0463292123283
0.0740425801171
-0.0393917736379
-0.0481555588252
-0.031384536421
0.130024697293
0.0325562070953
0.0345580701593
-0.114962998364
0.0424470138614
0.0662805028422
0.103399375851
-0.0467414195022
0.00962238340268
0.0548344898403
-0.00389697143623
0.0196034093664
0.00216003594371
0.0764928289654
-0.0291409383074
0.0371597231545
0.031046854629
0.0319075438908
-0.0606732919747
0.0529722088374
0.13615631937
0.0786572033539
0.0707962295545
0.0312285227769
0.045007891419
0.056044407555
0.00908065796619
0.119426819805
-0.0486455546239
-0.014781957224
0.0607963450278
0.0607906094179
0.0113476092076
-0.00934279737975
0.0728630958684
0.0338094689141
-0.0162499102516
0.032854816388
0.0677647654951
0.0781465596691
0.107926701941
0.0555968597666
0.0324460875692
0.0676738799369
0.0125326403033
-0.0230855048071
0.092443363484
-0.0109378938765
-0.00038459243599
0.0155384625858
0.0290250571129
0.138504309589
0.0108511639062
-0.00566292670861
0.0133746827686
0.122537508626
-0.00214569977499
0.0383923312224
0.0619633959381
0.0299429175424
-0.0180807130019
0.109632498835
0.122748057047
0.110997434438
0.0947151810119
-0.0156284445732
0.0881794151859
0.0451947578068
-0.00158618760998
0.010114084599
0.103573916177
0.0176250650197
0.0431308913052
0.0560450200935
0.138909220494
0.0557737684111
0.0451420228031
0.0734852140377
0.0493872766202
0.0214172776384
-0.0563301148391
-0.0184462869982
0.0609224116424
0.0585368782126
0.0226778067737
-0.0258546836982
0.0824876657229
-0.0119558546341
0.0863664531752
0.0401384508417
-0.0052987276918
0.0660372814961
0.0720545384412
0.0546155390675
-0.0028517891047
-0.0852748715863
-0.0751422782692
0.025974559207
0.0119143428321
0.134612435976
0.0309346051483
-0.103957426157
0.0347862677374
0.0839668180642
0.119117925683
0.0457849451956
0.122785838587
0.0557984583808
0.0631019192502
0.0360608739978
0.103368631993
-0.0724114450168
0.099617141924
-0.0193123528191
0.0586299078293
0.00617246007011
0.00388793237252
0.0828312685529
0.12432708583
0.0506657780645
0.0566016508071
0.0475426122198
0.0588348614698
0.0607980685577
-0.0659674004695
0.0771626407094
0.0836463994976
0.014883177312
0.0260494549727
0.0533006989515
0.0504941796879
0.0136651310419
0.000366628261127
0.00887606048717
0.0806317521695
-0.00583300437091
0.0659140447104
-0.0127546620154
0.115102161269
0.103868120366
0.103055081651
0.0455997915375
0.0866841144572
0.117915301029
-0.039488990487
0.0710036362613
-0.0336877537581
0.0161095798818
0.00046768961276
0.0650559392049
0.00975281321412
0.0443934657851
0.095962165398
-0.0185293490517
0.056750204726
0.00320773522552
-0.0152816209077
0.00921761777254
0.000347742046806
-0.0345426592933
0.0251015399457
0.0905964626555
0.0823759217354
0.0135875964823
0.132135997333
0.0938963207825
-0.0471269339407
0.0478825104297
0.0839348047121
0.0294052174177
0.101470358904
0.0767622307294
0.0630003334383
0.0613000812495
0.0239553098056
0.116585097897
0.0703389235787
0.0407686717906
-0.055740069503
0.0431351731298
0.0200898762237
0.00384338950447
0.0110618747886
-0.000412524568708
0.089723267934
0.0747773602422
0.0296078701248
0.0411572519652
0.0422734452168
0.114753397298
0.0786033520094
0.0710060578855
0.0560883678821
0.0527508165956
0.0109338887241
0.123243154237
-0.0810570800913
0.0613377844125
0.041563543935
-0.0214544743809
0.01956834598
0.130553053781
0.0991011205044
0.0302010389346
-0.0728527220239
0.000697895579366
0.0920904569064
-0.0195782687215
0.0104854485926
0.00864835173171
0.0117106891134
0.00903578741954
-0.00146542871251
0.0793877052134
0.00230967058562
-0.0427721093987
0.049590573944
0.00830146602383
0.092401700809
-0.0422205337794
0.0469341116902
-0.00906423304596
0.0307851539937
-0.0245218291729
-0.0520636380302
0.0507666294114
0.102322577962
0.0664328883133
-0.0816788994883
-0.0203216196843
0.0828415563412
0.0163730159787
0.117383666978
0.00497890452004
0.116518087756
-0.0568422369437
0.00248731066334
-0.00309743116615
0.0851641321584
0.0871411356385
0.108561539405
0.0763238687311
0.0947894765755
0.0432619489154
0.107626933667
0.0264649910166
-0.0698076607921
0.113901792685
0.0749457608448
0.0483907004239
0.124854893814
-0.00649032938394
0.0474380328467
-0.0190392468637
0.0770779412886
0.054530357291
0.0629513046779
0.00563779650742
0.0023390730389
0.0981772315469
0.0654148399377
0.027901668091
-0.0233635433355
-0.0270976088886
0.0632482796927
0.0710655471971
0.112104950984
0.0757236215659
0.0892016754031
0.0959293456696
0.0382038950053
0.0383649508256
0.0678224187612
0.115851939255
-0.00844558027912
0.0965138003644
0.0508185088326
0.0609333193635
0.0904832304365
0.141467807006
-0.0429480342495
0.0740335464326
0.016058610551
0.0140381631409
0.0334743873476
0.00992724457557
0.0931868097632
0.0936196031261
-0.0380916812792
0.0837229793705
0.0631817732797
0.0921970693257
-0.0746298884308
0.0540906122088
0.0768415453313
0.0815361582237
0.0235348874084
0.100198395729
0.0690032449518
0.043170170795
0.0650447558829
0.0604775942018
0.0874852604283
0.0950997710462
0.0305195492833
0.0718054103738
0.0277169817422
0.114467742679
0.1043265881
0.0430394431393
0.0423336955337
-0.0456696854862
-0.0472356926988
0.0431829426569
-0.0372920925324
0.084721345116
0.0665690492004
-0.0031111180872
0.0930610755567
0.0154546604839
0.130952755013
0.0878761203654
0.0907712244958
0.0301648490411
0.123023273089
0.0531835507971
0.109892008161
0.00474820929406
0.0761487070861
0.041471675827
0.00680408964277
0.0462187450311
-0.0115081249452
-0.0313506372006
-0.0158139501626
-0.0595928720735
0.024610602772
0.0786967983172
0.0659020052545
0.0300969404833
0.083718233967
0.0617272339806
-0.00148343778178
0.0528057336852
0.0324689806262
0.0938466258563
-0.0217216401625
0.0730227708979
0.0473838353352
0.0916443429666
0.042940434827
0.0158454773171
0.0243890983042
-0.0152631947787
0.0148691576736
0.094088601465
-0.00312168696315
0.114573062312
0.098746637303
-0.0213147595959
0.0917603477852
0.0134755413598
0.0944806401304
0.0388980891948
0.00713396015939
0.0542074269261
0.0856180108024
0.044983920122
0.0763527940281
-0.0095462502942
0.084737559442
0.0264871993642
-0.00907369921263
0.0124334155039
0.0843443479179
0.0758500031098
0.0643190476759
0.0143060146233
0.10611399301
0.0686790902253
0.0803735183097
0.00570398105321
-0.025779502379
0.000758529149643
0.0788951464721
-0.0448791767962
0.0118221372372
0.0505915595908
0.0151107985686
0.0268039784337
0.0560358458152
0.132102863159
0.123230823876
0.0924529438666
0.0326887243802
0.0790282836964
-0.0892506355308
0.0696666995407
0.00649656029271
-0.0166263704386
0.0406805771516
0.032103278169
0.133383487998
-0.00388214448447
-0.00984496859445
0.122439032137
-0.134886585882
0.0782302686873
0.0981648313832
-0.00905242122714
-0.0530740970865
0.0824449954808
0.00236780199419
0.0729298719446
0.00937630656849
0.0390397251334
-0.0506189218319
0.100579184538
0.128135333253
0.137672660696
0.0303769679271
-0.0388157144122
0.0798273767878
0.0307829690561
0.0698490327822
0.122193777211
0.00874061213018
0.0849998725313
0.0725608031664
0.0231925489801
-0.0832081522561
0.058500475701
-0.0035115315942
0.0696334498327
0.0415879086814
0.0988416424243
0.0612806186906
0.0272202149284
0.00710765341773
0.0942230665271
0.122677634568
0.00166084956308
-0.0443365752903
0.0444027063322
0.125157160383
0.0734029344728
0.0963868597959
0.0891202003138
0.124633511505
0.128296799614
-0.024613970564
0.0552429502747
0.0900085138235
-0.0317861423902
-0.00483842783798
-0.0760835695656
0.124754697766
-0.0727483056043
0.103097220198
-0.0541290370182
0.0586886853527
0.0966816713583
0.101080473068
0.047686217651
-0.160279390106
0.0317427461199
0.0729239755082
0.134541082307
0.118585830113
0.103280867967
-0.0326650244041
0.0450989606141
0.0843523273796
-0.0168192533049
-0.00197453781421
-0.0533274308764
0.0389589927361
0.0362489696446
0.0322874456296
0.0627124721129
0.0979550020988
0.0773883922711
0.1311921177
0.0403421635772
0.0305916994725
0.0293877155029
-0.00590089893483
0.0887936482102
0.0716480611104
-0.0725041988518
0.140466649906
0.0278461145871
0.0970002644445
0.0819840967592
0.0334848848325
0.0918528047845
-0.00182342293862
-0.00355520348983
0.0781222917761
0.00216003521058
0.120463112584
0.0791108350478
-0.111286886704
0.0755227539543
0.122636028187
0.113306034088
0.0637628517609
-0.00293629842968
0.00217764305152
0.0873120743214
0.0666343912404
0.0900562918547
0.130664558166
0.00741802627228
0.0142360564479
0.0511087682124
0.0606660515978
0.0935746138764
0.0692378011047
0.123495746498
0.0447282585594
0.00493314456701
0.0640832232321
0.0991176139262
0.0931034767878
0.0547214706467
0.0486771281094
0.056401094495
0.0702132294189
0.0261301381958
0.0724120900991
0.101440466471
0.0245629279817
-0.0318373778226
-0.0308250686055
0.0319974943056
0.060289459259
0.0694267171545
0.0039212797525
-0.0967056319566
0.079370667129
0.0833941721892
0.018538485505
0.0797567026128
0.0760654403305
0.0885661045771
-0.00768877426299
0.0437558314451
0.0919676626491
0.00134623870155
-0.0356871293195
0.103056757184
0.0772600422324
0.0352954113866
0.0809098752865
0.0675030504315
0.0542106651057
0.0531475402374
0.0355964415774
-0.035414813699
0.0450077197199
0.0705305897833
0.112030912416
0.0850750277102
0.0651989582504
0.0623050139405
-0.0302344131177
0.0688208133989
0.0510993580941
-0.0168726083746
0.0991987208558
0.0144544816763
0.0333629266071
0.00116360852007
-0.0118732994178
-0.00799498299606
0.0605378351934
-0.0594899109972
0.0793778559364
0.037125668863
0.0135592260232
0.0782143467213
0.0685617901996
0.123129958266
-0.0102136341678
0.0635126756497
-0.000460103759688
0.0560375527771
0.0848669976954
0.0284503654739
0.066177991624
0.1051756335
0.0525307935757
0.0298434396075
0.0734876681299
0.123611194954
0.0486542463889
-0.151718191349
0.0587388138264
-0.0314112597177
0.00483900265548
0.0897665177024
0.12376761615
0.0768530517887
-0.00513076463943
0.0723240335021
0.0765598930084
0.0900318589063
0.124193128412
0.122976237024
0.122443706021
0.0409369759865
0.0656754905621
0.0684871966367
0.0372308774525
0.00324010476906
-0.062841699383
0.00490007980494
0.0796531592588
0.0534805146928
0.0982690759735
-0.0179091643505
0.0611295531772
0.0658981029729
0.0816249304152
0.110947834533
0.0569905140757
0.0622297829389
0.0208971515725
0.066219369112
0.115838377287
0.00833941129779
0.0423177469065
0.133836778016
0.0470089889301
-0.0015697292761
0.0932555027673
-0.00123115700747
0.124809020063
-0.0026360565836
0.0349214799547
0.105032311741
0.0390239504125
-0.0242272110446
0.075543572759
0.0490779870183
0.0771241414001
0.0888961702206
0.123258613361
0.0758366818559
0.104444106549
0.0894608826837
-0.0373099068211
0.02757686255
0.070791351964
0.0123227337408
-0.0010335924026
0.0884087603262
0.101073082702
0.0461719169233
-0.126429535995
0.0736877983203
0.0861567238665
0.0223034057165
-0.0477838055273
0.0573903321184
0.0471401481643
0.0348184699393
0.103742062251
0.0782793205262
0.0187938753976
0.0946975781875
0.0602867538652
0.0904710550313
-0.0440030855927
0.0278093090446
-0.0106053702664
0.0342511874724
0.0468539768387
0.10069098429
-0.0308910234591
0.0288919942706
0.0944933183856
-0.0455073603252
0.0746442100268
0.062411425194
0.00855168998329
0.0549747355872
0.108008832755
0.00858155923856
0.118280776913
-0.0276700318983
0.0431029397988
0.11002091957
0.0708895256448
0.0348128008387
0.00953010630869
0.0608103264358
0.0065686514969
0.0469214530997
0.0482099468839
0.00510165628873
0.0454680312971
-0.0362069402321
0.0883594811522
-0.170858677707
0.133522156973
0.116026803929
0.0774306859264
0.0356440566274
0.0506876926045
0.066861190945
0.081929361086
0.00451722688875
0.0309291708202
-0.00191229796483
0.0747726655109
-0.0149161480594
0.0385956041025
0.0118118528842
0.0089062770061
0.0281972595891
0.141435825501
0.10511866082
0.122678338695
-0.045395588044
0.0428080574201
0.0426473579582
0.0481358089222
0.109264426018
0.0026280583327
-0.00814523333448
0.0838343341535
0.104115490027
0.00175042970056
0.00582079666215
0.0666650744673
0.104509341909
0.0945119374602
0.0581815215168
-0.0110769804973
0.0792454685473
0.0706001163395
-0.00971166708007
0.0730929827178
0.0083282907516
-0.00857575162157
0.0854087060014
0.0638076928578
0.0808454907066
-0.041904218482
0.0431925495014
0.0486666842675
0.0427204888636
0.0841055310566
0.101917238466
0.0246384499656
0.0601508619831
0.100509289825
0.110111787985
0.0074116751745
0.0156734780922
0.0389078732595
-0.0219874379258
0.0144767821796
0.0675050360431
0.0965689371561
0.0271015375749
-0.0380949855677
0.0680729170015
-0.0167297932627
0.0366599639962
0.0538476113873
0.00136671576184
-0.00548926595451
0.0560822429865
0.0907293869598
0.0805401175836
0.114899469129
0.00685259207755
0.0633066445319
0.00523174247869
0.0589828473249
0.0695222721249
-0.0416223247249
0.0766794064318
0.0167119247618
-0.0652494246878
-0.0516115596218
0.0278543026328
0.0539346964486
-0.0687533375791
-0.0248018992969
0.087541604241
0.0382427043498
0.102676985422
-0.0112731118185
-0.118273839818
0.0921703143434
0.0389824886702
0.0335405940575
0.0732101132693
0.0627147136338
0.0653553696408
0.0437691356828
-0.0874246125836
0.0466765066207
0.0156080425374
0.0470326270441
-0.00542884781205
0.0301873624171
0.040758762225
0.138699389489
0.0745483892349
0.118641404779
0.0215045140288
0.00578551078686
0.0959805793218
0.106732132373
0.123511769243
0.00773870722349
-0.0242639433658
0.0382796464033
0.042738358719
0.0760193944057
0.0233024822291
-0.0489428937046
0.0592083531469
-0.0795276002835
0.0689951068667
0.0605732145566
0.0307427172437
0.0375809812558
0.101633710004
0.0804084195536
0.00229526504906
-0.000771447858027
-0.0106013858001
0.0679761080581
0.0302981504637
0.094809645864
0.0615142608005
0.0989886746288
0.0495885766277
-0.0837833045154
-0.0173086557598
-0.0507007031931
0.120321237845
0.0292114684837
-0.0703485255939
0.00772361084485
0.0834176669993
0.119385986681
0.0531440437445
0.131627966624
0.0449975368828
0.101666372339
0.0890948450056
0.0593707445028
0.00104704999291
0.00982518918867
0.0810426043271
-0.0130851232015
0.115155829385
0.0676006561045
-0.0117010218041
0.0335427854678
0.0516013993011
-0.0505791062785
0.110055081562
0.119456400433
-0.082514690584
0.0639518667316
0.0595722457457
0.0521813743881
0.0979860118357
0.090094997115
0.0810339048324
0.148340876296
0.0143740725365
0.0429746911919
0.0359041292122
-0.00773596841205
-0.0178043398856
0.123473391691
0.122029494342
0.0947105740637
-0.0231532042039
-0.0275791797265
-0.0615512778672
0.0903700869036
0.0742187555331
0.0812776544765
0.0577824550324
0.0690070298619
0.0957976550424
0.0172959447496
0.00668266026187
-0.00947033030139
-0.0261636404167
0.0193406721074
-0.010889153794
0.000125624684744
0.0522068237364
0.112870102786
-0.000314090152456
0.117144430354
0.088242579934
0.050757662354
0.09718927444
0.124030007932
0.0177631300702
0.0307411012825
0.0716605946159
0.0954187287192
0.0344079832934
-0.0271920041083
-0.0408382092779
0.0766786328815
0.0298463149018
0.0419399520191
-0.021219820389
-0.0684612648974
0.0778943054589
0.0790992290959
0.118316587096
0.0118630758624
0.0230027964917
0.00625662345083
0.0380210370976
-0.0595914301296
0.122144175606
-0.0190631749509
0.0798096096552
0.00370726658576
0.116210146273
-0.0127399873819
0.0866185338016
0.0194894212453
0.0735937187638
-0.0747209837612
0.0539669760854
0.0391964816558
-0.00738522738492
0.118147888305
0.0383384121857
0.0825872584499
0.0802709288693
0.00711568668958
-0.0448420498052
0.079277737461
-0.0510028020495
-0.0309949661915
-0.0224745219664
-0.133196822787
0.0923739010561
-0.00252124120275
0.110090669701
0.0360314842615
0.0875161624018
0.0689099584682
0.0352234549074
-0.0152323050935
0.123199154872
0.113857587485
0.0187337463724
0.0065846912009
0.0790555159427
0.033565020178
-0.0272769532677
-0.048533473849
0.0574581962238
0.0997918844048
0.0667823287697
0.0675810213184
0.0403021895172
0.0871365604133
0.0406233817989
0.0731286138438
0.00635700102138
0.0493470224391
0.113166945302
0.10037989074
0.00849298978281
0.0367682719699
0.0651424994399
0.00275096374237
0.0398475678518
0.00182783832082
0.0106799791651
-0.00476486277463
0.0658239868729
0.106295248985
-0.0185563877529
0.0886514766412
0.130626516564
0.111450834085
0.012724072481
0.0576593305542
0.0713258946736
0.0994523855358
0.0879979190668
-0.0362704150229
0.0899306587904
0.0874223286106
0.0296482551121
0.0251420034554
0.117112486537
-0.0137341885557
0.0250748370992
0.0430912657991
0.0843232281456
0.0910667467244
-0.0622453157925
0.0209517774893
-0.00765222028043
0.104909385582
0.0817307998176
-0.00211135007578
0.0497225622815
-0.00179682254488
0.0226588091748
0.0055794012216
0.109384353436
0.0240203065297
0.0530809953618
0.0369337244119
-0.0166696590491
0.0842515759784
-0.0438803858749
-0.030675602424
0.0308083667229
0.0950750481694
0.0622082008947
0.0577860511881
0.0250065818745
0.0282880756734
0.045662787049
0.0490607718347
-0.045096382769
0.0602334233539
-0.00189888263231
0.0294839773243
0.129664283657
-0.00675059210998
0.0873261642268
-0.0307260848041
0.059986122647
0.132760527755
0.0887203631683
-0.0347090781283
0.0258244723143
0.110966289751
0.0222379246375
0.0535048290589
-0.0094442405035
0.0796923838775
0.0243975892366
-0.0143542272957
0.0586885019526
-0.0378495529015
0.0435064384501
0.0173197028103
0.121178631721
0.040180212526
0.0720948047666
0.0890919075044
0.127823657888
0.0421409030317
0.00928698734209
0.0316591030557
0.0949873915452
0.00882083861723
0.0725766172959
0.113062380837
0.0197069297355
0.0228143087139
0.036035048439
0.113271554309
0.0675817573671
0.131130769782
0.101486580346
0.00224594677903
0.0330782663124
0.0308874882738
-0.00742898604604
0.0144235166055
-0.060972273576
-0.0282529926275
0.0548819645368
0.136609819585
-5.8194937167e-05
0.0324332700147
0.069934151158
0.0643341700685
-0.0283905530937
0.111099477014
0.117507528068
0.0478210532745
0.0998171729249
0.0727684355129
0.108847719899
-0.0532764298134
0.129274297115
0.0766829029046
-0.00706006202826
0.0635838886086
0.0814760324637
0.000370391221136
0.0704698969065
0.0208898910626
0.0626376452739
0.0595889531486
0.0811636635393
0.129569994949
0.0239861798199
-0.107510805236
-0.0434976997223
0.0650917992583
0.0450853124979
0.10937715871
0.0195233001802
0.116132870634
-0.0575866877006
0.0752840596038
-0.0326494965286
0.0517741914745
-0.0320993232572
0.0311424991243
0.0373537710642
0.0206767093296
0.0872342202209
-0.0365828183787
0.0965813141428
0.084577436488
0.0525206867631
0.0606223606629
0.0991019074566
0.0942249561944
0.00642441455748
0.0764426063385
0.0211183484933
0.109846887866
0.0204990592839
0.0533024298414
0.0299720106036
0.111395283719
0.0470018034557
0.139986443454
-0.0458082179151
0.123199528498
0.0509860737971
0.0277042310378
0.0748680964383
0.0655678039869
0.0331482181716
0.147354255344
0.01020313171
0.0108157323225
0.0717006236618
0.0670078504958
-0.0895162153411
0.0538701723773
0.00735194592135
0.0840680155398
0.117715102401
0.0842494996003
0.0596564578093
-0.00736242041723
0.0361448451926
-0.00414015050212
0.110946408629
0.0314734356986
0.0948826315381
0.0641060573022
0.0822376607897
0.0530447966232
-0.027137053542
0.0163261159804
0.100033178471
0.0738579565308
0.0196821441249
-0.00810083799625
0.103631736443
-0.0611217367162
0.033094239414
0.0775298679826
0.0108625930903
-0.0246111588894
0.129500276341
0.0831903468903
0.0996866462995
0.0553520822329
0.0877423465001
0.0836981322851
-0.0584921135501
-0.0443527222211
0.0267701203318
0.0502141230926
0.0788276442908
-0.000379183667624
0.112496950033
0.0293714873397
0.078086836433
-0.0504984619795
-0.00715956963759
0.024792352356
0.0948656685702
-0.0180620323373
-0.024055994598
0.0338936075086
0.0193777334813
-0.0377671390059
0.0891761569394
0.049180600741
0.0241973019351
-0.017882310749
0.0226487303928
0.0317483047804
0.0388856275503
0.0768938401953
0.0940692668594
-0.0737996728374
0.0169586518856
0.0209077236843
0.0806574822408
-0.00772455349947
-0.0685532443677
0.1236299992
0.0510563875702
0.0969538141799
0.0918309951872
0.0928671039702
-0.0104986917259
-0.0721520118924
0.0220402803987
0.00488528217467
0.0211080810892
0.0390394206497
0.0288970427326
-0.0102106052495
0.0685597959947
0.0104005940893
0.0688753540369
0.0893296942653
0.00425231684438
0.0557349243204
-0.0655113767497
0.0990827372686
-0.114989551418
0.0654459592281
0.0434861617476
0.119276749353
-0.00270687764931
0.102067574866
0.11026171641
0.0641211767433
0.0320049847553
0.0847135739297
0.051563286636
0.0237560973308
-0.00792512047706
0.0490557370511
0.0218753690462
-0.0105891216735
0.0749175379489
0.0912808712353
0.0324323679713
0.131114426894
0.0257754856911
0.0459708095871
0.0227467493018
0.0757047786392
0.0873441434252
0.124365357861
0.008977217774
-0.014228702986
0.0114968363909
-0.0151896569047
0.0642132083139
0.116656175594
0.021816079525
0.0581734834885
0.103597562041
0.00317993102909
0.0357775232751
0.0568782625751
-0.0703797522928
0.0461356294617
0.0165471244897
0.0570448864848
0.0315085352728
0.0451005651246
0.0840516727012
0.131424564324
0.0106834445236
0.0256616061754
0.053113252546
0.0422977040696
0.0787629984954
0.0271124559797
0.0290076469731
0.0393576241963
0.0436806210425
-0.00560100057868
0.100896514108
0.0318437876543
0.0351782522226
0.00217058697972
0.114509094408
0.0765795633229
0.0556660706903
0.0482553677302
0.0273535411225
0.0291872591573
0.0607523353034
0.124612183141
0.0712176765775
0.0439931023555
0.0472501902267
0.00288537471723
0.0662891695062
0.0281617251491
-0.0166157410205
0.0306785637728
0.0328835768391
0.0837318987406
0.0403034363664
0.00284928698063
0.0893949900431
0.000535039924675
0.0822460083191
0.097171959415
0.0233869268665
0.0392519222542
-0.0157417619499
-0.0488345658509
0.00476144342218
0.126540492759
-0.016986536639
0.00247326463123
0.0706940329426
0.0558452398812
0.00187556102141
0.00346038512164
0.0521209148691
0.0869423398536
0.00743304453378
0.0385618754241
-0.0376399698291
0.110743971755
0.0132362226326
0.0929411953022
0.072012213827
0.046192774197
0.0496907542108
-0.0611125182472
0.120526343137
-0.026742433648
0.047894191392
0.0896857386071
0.112892145297
0.0863760809481
0.118164694064
0.0693968691607
0.0235688500352
0.0149328453571
-0.0221392107442
0.0931781323717
0.00481461056262
0.120120704209
0.126632797697
-0.0297268351189
0.0658024176508
0.0569583504982
0.0457195312266
0.060719260194
0.0708015830059
0.0618141148233
-0.0104966186526
0.0643023148456
0.0226334197522
0.013380934596
-0.0391563388704
-0.0294882334152
-0.0174187045516
-0.00397566786689
0.0692997106957
0.0740604097822
0.103448041437
0.0905035371656
0.068082423837
0.0200905956471
0.0357423196146
-0.0121621286105
0.0109213480687
0.0590687129552
0.0422145253359
-0.0159061593791
0.132360285022
-0.0386594251052
0.0968139026114
0.068179680232
0.0257604498047
-0.0265252432569
0.0293136108163
-0.03109210255
-0.00491094350412
0.0514435618635
0.0830339807461
0.0236880582305
0.0219830173903
-0.0153498032518
0.022977456291
0.0252553541914
0.0975755041876
0.0460949733628
0.129524653942
0.0591674205688
0.0342569526783
0.0436507458308
0.107463478143
0.0984631877251
0.0623344871931
0.0786214372171
-0.0133916713885
-0.0105006474797
-0.00790356471558
0.0541358121582
0.0963766092974
0.0990953190006
0.100273363059
0.0287744352711
0.10424327572
0.00073325025059
-0.0216461786793
-0.060337694984
0.102185960262
0.0642153443797
0.126600247944
0.143783250059
0.0717771475744
0.00524723378815
0.0164881749733
-0.140949320318
0.0637354046351
-0.00115364820144
0.0723087610118
0.0983011903224
0.109974728954
0.0202265924894
-0.00728343090292
0.036660952924
0.139832772842
0.0346601422033
0.0227328522234
-0.0082813833422
0.0871437583277
-0.0117802464572
0.0789703408321
0.0194013532392
-0.0563034808871
0.0690272342926
-0.0279288852797
0.0109543329833
0.0165240970645
-0.0373114999811
0.0266715678484
0.036542498364
0.105873983763
0.0723179650758
0.0453723695217
0.090781418924
0.105909266022
0.0300691329368
0.0988011372028
0.0400531498117
0.00924418661946
-0.0129099368798
0.0927715447199
0.120949835761
-0.0409055939532
0.135780223807
0.0931085927162
0.00993594478816
0.121489039025
0.0452886516606
0.0626264779977
-0.0337021760192
-0.067432331771
-0.0291264408617
0.0347090238379
0.0112365336091
0.0638107735531
0.0303913566988
0.0841292752954
0.134013490807
-0.0817780215573
-0.0578725504807
0.144387935096
0.118048676232
0.126621670754
0.0620406516593
0.0857567818694
0.116676647587
0.0951782997626
0.036029604326
0.018952182428
-0.0178287234822
0.131637167396
0.0827614976363
0.0633488771321
0.0391544801081
0.0979225607717
0.0842016821916
0.00373949009794
0.0812062357718
0.00303152786987
0.0545801476231
0.113185189119
0.116338944728
-0.0624272080711
0.0967490492872
0.109468368613
0.00614798515105
-0.0200346531715
0.118903569714
0.0501832862865
-0.0144448449035
0.0608274955376
0.00266418710668
0.11917177174
0.0836656535638
0.00185991237684
0.0180108146618
0.0486325142772
0.105733766504
-0.0900432579249
0.141945352817
0.0259612376915
0.0807505108693
0.0251421421729
0.0192922502877
0.0172120514705
0.0484278462463
0.0372509993981
-0.00395955631817
0.0818638687587
-0.0276278090085
0.0372166568932
0.0324788392599
0.0997035652197
-0.01422156752
0.0890426305559
-0.00928060731794
0.0369629044465
0.0828620417639
0.00339174219082
0.0551007266116
-0.00911851549662
0.12569080539
0.0610192284375
0.015700476046
0.0975115212204
0.00233226150566
0.0577847174099
0.130128708139
0.11201280544
0.0890419023457
0.0248917134395
0.105436195893
0.113299273472
0.0477136124575
0.127639920119
0.118008854709
0.0773543667173
0.0846945942235
0.10127244881
0.141114249056
0.0202120944886
0.0767639221838
0.0589651006374
-0.0152793365976
-0.0118689221134
-0.0124192096782
0.0675319441356
0.121385216602
0.0892675966325
0.0721758328673
0.000973554842971
0.0999213126712
0.0689946465231
0.00132566143985
0.0234219245462
0.0029549289099
-0.0494622703808
-0.0179514573781
0.108017316195
0.0253079322845
0.0399582721851
0.0420460139059
-0.0135785747125
-0.0483545103821
0.0269650832141
-0.0242685855329
-0.0514839718671
0.042268041462
0.0443052841746
0.0951586593276
0.0713885896807
0.080144039126
0.0366007395683
0.0354325656263
0.0891456387861
0.0576628293363
0.0777464981454
0.115033349749
0.100292608151
0.0188794136782
0.070455665376
0.0995324116956
0.0941405144784
0.0344443412236
0.0335020081233
0.0595120447082
0.109610470533
-0.00990769342867
0.104380024411
0.0935662153183
-0.0155239993418
-0.020505893858
0.052267066514
0.0211086719627
0.0861663774214
0.0606990313573
-0.0606659073139
0.0631338098346
0.0997394535009
0.0201877130797
0.00721338275257
0.0904913516844
0.0447987592344
0.0520678396056
0.0383288141956
0.104628507937
-0.0276665130303
-0.0179816460688
0.0894071520662
0.0762094567103
0.142836382144
0.0334569796714
0.071745047671
0.014168586344
0.0808558307049
0.0174071554966
-0.00942802056726
0.118367413164
0.0588089032998
0.103529434507
-0.0451536447731
0.107805030938
0.0729525611431
0.093324909718
0.0775177290071
0.0557170606438
0.0809663925977
0.0643139294083
0.0248802213645
0.0384262937152
-0.0111774559619
-0.0810679707112
-0.0099826266878
0.000725478108293
0.106548646626
0.0483883015413
0.0686350324449
0.124366014114
0.0864994042052
0.057106118943
-0.0821893330142
0.065338732311
0.0261886167278
0.0726671643781
0.0303734879505
0.0523790016804
0.00337150454201
-0.0285006785984
0.00231657261185
-0.0359947253753
0.106133969395
0.0862453236398
-0.00121727799692
0.0172886928531
0.0621381042979
0.0622344899963
0.0636180575559
-0.00848361111873
0.0930731503541
0.0147112627013
0.0717696618287
0.0187742979334
0.0140568975378
0.022305562586
0.129451964121
-0.0231737483459
0.0934428923023
0.0621477912169
0.108598350674
0.0258768467499
0.0848083478662
0.125766039836
0.0725056718466
0.00242142118998
0.085088618219
-0.0335158985305
0.0302840204802
0.109805266959
0.0246196626269
0.00109444997564
0.0285999822673
0.00585442611854
0.0266619760986
0.0732655428081
0.0071083864414
-0.000910782702093
0.0101289758242
0.0928530286743
0.0899962655616
0.0711576356716
0.0644338774919
0.0376805485621
0.125338312924
0.0725634108348
-0.109418262494
0.0675783995811
0.0619531872845
0.090851904007
0.0689433594524
0.103238900126
0.00413964108142
0.0671964626865
-0.00999894514466
0.0487147856666
-0.008850742474
-0.031143178446
0.0865484568015
0.100162157796
0.0831083773325
0.0939063135803
-0.00995131286307
0.0348191329132
0.105259125904
0.0503494297857
0.00563574622785
0.0762208022455
0.10090606747
0.146599377741
0.0568686506479
0.129989153936
0.104543920579
0.0169130200041
-0.00525755580483
0.0145960528688
-0.00863228887331
0.135316654605
0.127730151199
0.12944266918
0.00300768330465
0.0757639198876
0.0831002872975
0.040701498487
-0.0305493052437
-0.0226576499514
-0.0347202568377
0.0473961147028
0.0913390355497
0.116050989721
0.0363868248368
-0.0321063086178
0.0617445739549
-0.0202017633279
0.0728395474264
0.0656397172597
0.0788648659886
0.0510385826451
0.0930151604433
0.112689450322
-0.00500753668569
0.0654299199249
0.0699395318412
0.0633625866076
0.0333406130363
0.143271864571
0.0544608030089
-0.0259706113394
0.0519302650068
0.12892547197
0.12070922057
0.0555667464193
0.119718262133
0.0382361651139
0.0657282985054
0.0931512414259
0.0843979632562
0.0796908637016
0.00686533096431
0.0837767639977
0.0432492938575
0.0619310445459
0.109693933586
-0.0064619495204
0.0344512206272
-0.027686821755
0.0120091034199
0.0278041052605
0.0149356793241
0.0615820138383
0.128473224549
0.000160347228801
0.0771443096793
0.0526063848693
-0.0703389198029
0.0126063894767
0.0121365449628
0.0944024681542
0.0471672914186
0.000356638783961
0.0481590232644
0.0402866068639
0.0747522256087
0.0832014429579
0.0530483617054
0.124368968142
-0.045009179949
0.0983253589194
-0.0327994060228
0.0522342860545
0.137024106796
0.0948800557598
-0.000842769925761
0.0909150902333
0.0420734758437
0.113551818153
-0.0404161113729
0.087197209922
0.125229044402
0.00123589515489
-0.00372920421132
0.0617636297873
0.132891108534
0.0522093838899
0.0671056744582
0.0299322851655
-0.0345371018732
0.114791991001
-0.106632437846
0.0888494530046
0.0403547451644
0.0376889151453
-0.00527491479568
0.0817966455661
0.044482125092
0.0686454399002
0.0260150706066
0.0324970923289
-0.0225574653699
0.0663869046969
0.0887594248286
0.0716483901055
0.0113682665001
0.138007579092
0.0634834132083
0.0115373118071
0.0579079120339
-0.013269193349
0.0549529754915
0.0048278321502
0.1220957817
0.106978722268
-0.0118508556377
0.0469086657266
0.0590839159376
0.0910517654352
-0.0200972482898
0.0536562237624
0.0652202891216
0.0927084527597
0.0428338272163
0.0263346264203
0.0965062133261
0.100896544114
0.1046772811
0.00165922549341
-0.013763595066
-0.111641324063
0.0707088914915
0.0637178525905
0.072051838259
0.0517294342577
0.110311761568
0.0247992403475
0.0985634077999
0.039876655134
0.0678069012847
0.0506579319272
-0.0537133920122
0.0341949623281
0.0142464097935
0.043810769108
0.0536721542083
-0.0211228172495
0.0841638284656
-0.0131547431869
0.0838792487046
0.0530466229706
-0.090155327445
-0.058664041579
0.072200789722
0.126083212029
0.085619111202
0.0958743123655
0.0411521199569
0.0934498095365
-0.010578396327
0.0873058596508
0.00569943319636
0.00448896127428
0.0555458559706
-0.0772444778163
0.112068816064
0.113511802555
0.015551120395
-0.137522838316
0.0581047577768
-0.0201835726535
-0.00165403648357
-0.0556180727264
0.0260902817968
0.0229662292473
-0.00635054758001
0.0699747190364
0.0461787226716
0.125596386742
0.0949719719091
0.114471269334
0.0732090055703
-0.0188686482558
0.124148974125
0.0452506674435
0.0132839550968
-0.0462433275787
-0.0111205741971
0.0701928438375
0.0441644434
-0.00201885849193
0.107489678216
-0.0201885903068
0.0634186737404
0.00662560618709
0.125238808062
0.0468097312591
0.0734525117751
0.0238024169814
-0.00863636712286
0.0306048746507
0.0514242221508
0.0955637510431
0.0897441006511
0.107631983828
0.0323237482627
0.0706396236236
0.109662946644
0.0482296703834
0.0155730343164
0.0284796839805
0.0248734906398
0.112166725747
0.124843842543
-0.00802010855077
-0.0243941542859
0.0306111920572
0.100420706592
0.0677591108825
-0.000187945132422
0.105273564045
0.12774332195
0.069340023295
0.0798837433668
0.0111700488377
0.109881921683
-0.0278685037221
0.123142147799
0.0424592847691
0.0700793903206
0.102362705016
0.13891070882
0.0595993446987
0.140575629074
0.0984338468046
0.123284173632
-0.0324110230862
0.125594502003
-0.0400400537703
0.0435254695884
-0.0170000461774
0.130201178381
0.125678873518
0.101862712
0.0168249820016
0.0170570556366
0.0306302826098
0.0602465372774
0.0332743762407
0.00324085928974
0.0654510314003
-0.0637126469691
0.028691208792
-0.0342612356738
-0.0297989721222
0.0854715470519
0.11153395493
-0.0114409000653
0.0646667446389
0.0514218434887
0.0270611427257
-0.00210839716766
-0.0248531649933
0.0682837711998
0.12275532352
0.062337659349
0.0794904605412
0.0752736361186
0.0929171993118
-0.00527540634704
0.134744680203
0.0218094368936
0.0574409144513
0.0712621669459
0.121400457975
0.0654080983045
-0.0330920124529
-0.0200969971834
0.00951558033832
0.103971677918
0.0505489835606
-0.0252923566819
0.112567987843
0.0234993109109
0.0128084752661
0.116959929462
0.0860713242121
0.0818970309736
-0.00570758588333
0.128524875331
-0.00648435394042
0.0902924533168
0.115610468656
0.055555461967
0.0373511779136
0.0892133635
-0.0176426130289
-0.0346985263795
0.0323481015405
0.0640960772341
0.0082686945566
0.0977295679663
0.100139013131
0.0855979110747
-0.010431558184
-0.0540734239942
0.120423865726
-0.0147038865026
0.062601397099
0.0955134736124
0.125473408695
0.104356682974
0.0715250278339
0.0479111585259
0.128435966495
0.0904707264839
0.0519841593902
-0.0331167427416
0.000198688057178
0.0428633385166
0.0330592365336
0.079565160902
0.0537145980567
0.0569195114232
0.0700158962946
0.0665839837308
0.00241747473624
0.0830462902096
0.12743871717
0.0911555648845
0.0950486609688
0.0615716177586
0.0898253766537
-0.00192039311135
0.0958238121634
0.102158512285
0.0491001046656
0.0495997214874
0.00206931732892
0.100310669313
0.0349465514277
0.0893096047258
0.0499872729638
0.0269804693702
0.0329068034757
0.0952260063485
0.0156450677489
0.0873188730569
0.0818088752257
0.0856430464626
0.0829141265194
0.0619949383633
0.0752365120653
-0.0134555902428
0.0675388660235
0.0621129953198
-0.0319310860751
0.0418614641118
0.0442460112086
0.0101771896173
-0.0492620925986
0.0506411536452
0.027298485727
0.0288878743661
0.104021278586
0.095040311325
0.0811794074272
0.102791496301
0.0116409600824
0.073083463701
0.00194160957915
0.059490101472
0.091007386673
0.00429837837899
0.0380794316675
-0.0603737570188
0.11523997957
-0.00568361563658
0.0372922679554
0.119304098361
0.0414036642531
0.0712648665686
0.0479911415146
0.0625554777807
0.0404574898687
0.0629204602804
-0.0328062249988
0.0591809444504
0.07625439902
0.139741134246
0.00636587860091
0.0490969401352
0.103227054625
0.11410593414
0.0830221796262
0.0762150144266
0.112225349891
0.0694119293145
0.0495803426014
0.0671855079401
0.124229395352
0.0451883735191
0.0430885387988
-0.0173278730798
0.0806899749246
0.0527380909636
0.0776768360253
0.0325556549224
0.125851476851
0.0818111380406
0.024085014606
0.0137158084336
0.0809500830457
0.00386696820938
0.0785411926452
0.117179695196
0.0934032371976
0.0940068627466
