0.0708995977397
-0.0737834381344
0.0385761912049
0.04869129596
0.0137036388637
0.0601886210187
0.0883884514234
0.0317629663437
0.0581523757884
0.122799484882
-0.000479850982035
0.0975012843778
0.10692178752
0.0417613850949
-0.0306566323186
0.0487475425994
0.0550673524338
0.0906242597572
0.0247303252344
0.0907749252755
0.0921712460058
-0.0112520343196
-0.0198962525913
0.0715163965611
-0.0132853887586
0.0183244850921
0.0195466972789
0.110742409678
-0.0163393023966
-0.0365489845403
0.0397692320691
0.0416451736691
0.0833726543647
0.0735341042289
-0.0410070779269
0.114597107095
0.123525376967
0.114937678528
0.11399792692
0.0950393167104
0.0196181968857
-0.00362066887018
0.0483411037596
0.0226584072554
0.102826761764
0.0595991289343
0.0939099872316
0.0607694670082
0.0529194558614
0.10980643922
-0.00604326750907
-0.105748163263
0.0163768434841
0.0806016544079
0.0583284158164
0.0297880304281
-0.0303227044767
0.135907560088
0.0521960826849
0.0457075829289
-0.0279697671338
0.0742749724609
0.0104080399475
-0.00622265505063
0.0969990186111
0.0161458021582
0.0738987824925
-0.03014263363
-0.0366343151291
0.0633074677563
0.0258549079376
0.114495353895
0.107154223835
0.0711660325493
-0.0046442196739
-0.0572713632859
0.0609853747758
0.00432294681331
-0.0610462296293
0.0191845791914
-0.0299074599425
0.00617992077771
0.0144947077314
0.0742950786003
0.0382547518895
0.0703697555728
0.0231001471847
0.122421428557
0.00569655799504
0.0993097131774
0.136451036539
0.0600334447352
0.0592265713808
-0.0730138195689
0.023942952898
0.0686755665444
0.0727331694548
-0.0791735397611
0.00333744042504
0.0298835902403
0.000113139445953
-0.009637076004
0.104286501424
0.0753239599594
0.122863371779
0.0917656971571
0.12434961087
0.0785324287738
-0.00825835378809
0.0819829989949
0.0754164297205
0.0277112189444
0.00861405645126
0.0971457251999
0.0385215163396
0.0453369619643
0.0637395746317
-0.0196598323505
0.103696826383
0.054137249434
0.0483951924893
0.0309455710599
0.0822442158182
0.0736988556179
0.115437842187
0.0839100625924
0.0938021360899
0.101440209879
0.0649432734366
0.0518613042906
0.0598988468976
0.0291981018191
0.0675005169573
0.0110536039489
0.124391000187
0.0269556691571
0.0339095735263
0.0757535562122
0.0277994974667
0.0848108541634
0.107125927623
0.0131320960497
-0.0372898146098
0.0448980871155
-0.0108220187944
0.0508553128178
0.020042550422
0.0534501029163
0.0948789751115
-0.0761323196873
0.100289233067
0.058038976983
0.0313028725994
0.0667470177529
0.00999591680275
0.00543247523987
0.0934600454899
-0.0461633839834
-0.0754868160285
0.0412285927201
0.0656968606494
0.0067772295686
0.0218707486148
-0.00820246024441
0.0702770403265
-0.0585115670515
-0.00649921766438
0.0513834415516
-0.0594933549303
0.0172235552236
-0.0167747337552
0.0445529745034
0.080367376862
-0.00417863771105
0.0577373370442
0.0330346536504
0.03057335042
-0.110270087991
0.0779507300641
-0.0699486020756
-0.0856726673727
-0.0133239357658
0.0924146723326
0.130203663963
0.0885047853894
-0.0432275552059
0.0848482391327
0.10860360756
0.0603939017994
0.0694404154622
0.105959628164
0.112986149117
0.0561884298305
0.0293206036971
0.127674476155
0.0161261370413
0.0970416495755
0.0354005856546
0.0633974161938
-0.04060565751
0.0660032584427
0.0848421497551
0.0108147085512
0.00768750899004
0.0448154583098
0.0345208029042
0.0843636563843
0.0748586121786
0.0469551170617
0.089325183077
0.0422840970978
0.00899592423831
0.0699352623218
0.0661042121627
0.0935970054875
-0.00219714622968
0.0151740459592
0.0569463924512
-0.0358794497286
0.0242497024018
-0.0139822718027
-0.015094219756
0.0381697876565
-0.0640070237937
0.00122544355409
0.0477972288707
0.123421170395
0.0430950219522
-0.0264693285496
0.0386076590345
0.0209837329348
0.0368846134567
0.0539441024833
0.00860203892577
0.118776506803
0.012548612529
0.0215542062883
0.0602849286792
0.00440644471766
-0.0253847868737
0.0953652248659
0.0967897473972
0.0207598976228
0.0776355619378
0.0747184859815
0.00479402672278
-0.0323687218294
-0.0226225840505
0.0278868770697
0.119756905716
-0.0246859197292
0.0576328746602
0.0999253358798
0.0485635812453
0.0720900921883
0.0280122891908
-0.0552340802653
0.0291157982377
0.0204725033028
0.0207574912473
0.033330398537
0.0862042699031
0.0902518173609
0.106982168394
0.045337499772
-0.0363825202853
0.0158867752808
-0.0440885264841
0.0585162555674
0.0664368692224
0.0729857734706
-0.0409231253229
0.0357083805295
0.0861160437221
0.0283650030671
0.0672316058305
0.108588531781
0.0786118018557
0.00144716230218
0.0200558403754
0.0640350629959
0.0823155144253
0.11560519704
0.0678146831557
0.0845192054445
0.0373705353741
0.066757231345
0.0429834855547
-0.0283396046942
0.119255164189
-0.0343928337725
0.0979208935362
0.0419241889005
-0.0144171685006
0.0912651524257
0.0794238535749
0.0749074496799
-0.0604976252984
-0.0797126979086
0.0836766050284
0.00710146657326
0.0530723481357
0.0411674403683
0.0359532454649
0.0756513690932
0.0848459040751
-0.0100610747481
0.090997196313
-0.0265932770768
0.0763554613916
0.052842347916
-0.0385679694617
0.0331622635054
0.0902323816888
0.0969295027848
0.0756139090496
0.0307996498415
0.134538874617
0.0311267121027
-0.0473242830899
-0.0534716630599
0.0161942376604
0.130615969601
0.0391943793507
0.0892091790332
0.10719725631
-0.0662619925455
0.027207982772
0.0423024290889
-0.0568197304087
0.0177240294178
0.116481061843
0.109765312083
0.0376726236239
0.018389358377
0.0978415529537
-0.03964444815
0.0924177104251
0.0704365848175
0.0642619463023
0.00873932241134
0.00448084780014
-0.0287012762198
0.0476130336344
0.0282252238588
0.0267939140269
-0.0294252908593
0.123774847474
0.0667352796781
-0.0249497156645
0.0524500306529
0.0643456263077
0.146131584426
0.11378890505
0.0777869882924
0.0559256722827
0.10025980553
-0.0577636126576
0.109183298644
0.0458931253278
0.0301612164361
-0.0308836946379
0.0722913975437
0.0486806306926
0.0827016745696
-0.0504068786385
-0.0287109952114
0.107944838276
0.0835085388666
0.114206595352
0.0962048126692
0.0453896420941
0.0629160673918
0.0711783243584
0.0125479129474
0.0814939891117
0.100577657529
0.0863722255481
-0.0231839922874
0.113966766061
0.125414820587
0.117864198047
0.0456851142296
0.0468461812993
0.0786743712174
0.0840314143493
-0.0193972840493
-0.0512485517294
-0.0120986308832
0.123706439674
0.139764743264
-0.0121028144653
-0.0184197739408
-0.0404456173185
0.0813222747659
0.0806604659405
0.0471286646592
0.11520807541
0.0283019283243
0.0962752000202
0.0768217239387
0.105261281154
0.11207184613
0.0668360794234
0.087381356917
0.0711372641108
-0.0168754432793
0.11799373648
0.0821509736895
0.087615193316
-0.0225317479831
0.0192976062571
0.0481815091907
0.0549709701179
0.105700032906
0.0310473514832
0.0211531637338
0.0295241409747
0.131914654402
0.0717502034277
0.0598261352383
0.0753442553272
-0.0141684943488
0.0591501566956
0.114367165153
0.0174040658366
0.0235457737251
-0.0228241229402
0.113823756578
0.0223883165052
0.0578445248236
0.00615855474147
0.0425683665102
0.0582690713558
0.0556969952796
0.0926397065181
0.0481128376844
0.0660527255893
0.021401244937
0.0270292949671
0.0343912724578
0.11057803986
0.0396186726298
0.0835913715696
0.00400623981094
0.0812637684581
-0.0255299707812
0.0664727358071
0.0892770489189
0.0969448169135
0.0432717408487
0.0255557436328
0.0262054235552
-0.0178975696668
0.0709450224246
0.126762928812
0.0205983363899
0.01201287718
0.0431014708167
0.00727567641912
0.0245365624723
0.103256026524
0.0133752520536
0.0109913253095
-0.0947610232398
-0.0237307675785
-0.000995331851673
0.113969397184
0.0145172349256
0.0554986810835
-0.0428430210343
0.120323841315
-0.00902939907381
0.0945128789767
0.0236629989966
-0.0263155679142
0.00497495039455
0.0928517975989
0.0562111093586
0.0982845602824
0.0780156075975
0.0650417372041
0.0519759419616
0.0313460842627
-0.0635368692833
0.0474537011783
0.0416048424007
0.0668919189013
-0.0280805262535
0.0408393565352
0.0942691419038
-0.00893785888329
0.0619650340301
0.0672584578324
0.070788120142
0.0502171690181
-0.0245260648705
0.0460884977167
-0.0200656008387
0.0669412696594
0.108390242138
0.120325393233
0.022180444762
0.0505458299926
0.0942829029906
-0.0298207997843
0.0574835202577
-0.0169942518128
0.0976385366987
0.0891814713497
0.0577106301509
0.0432985339728
-0.000389805031458
0.0765225892515
-0.010220319101
0.0909812240839
0.0583036065031
-0.0115431848967
0.0223241439781
-0.0193893814139
0.0839324438491
0.0100836723524
-0.00969590270254
0.0403348767501
0.106071186194
0.0113559843502
0.103959641134
0.0752533987217
0.0659867890315
0.0533731765251
0.0175534841994
0.100857928671
-0.0444113215361
0.0946748123978
0.0454393122014
0.0837235271537
0.0950057953287
0.0473056790045
0.0457525989694
0.0830140298119
0.00623294453421
-0.0420025172688
0.078040444434
0.133097414967
0.0534335566402
-0.000224469306222
0.0582083790748
0.0768609325181
0.0405172723447
0.0341083093045
0.057467719332
0.00949536646737
-0.0394217406587
-0.0092931352445
0.0332141111616
0.0983283701733
0.0584964955484
0.0702092785611
-0.00528136482813
0.0795702012472
0.107044147399
0.0762126129428
0.0298247121111
0.0767447719658
0.0268397884712
0.0798680544093
-0.00996529172237
0.119158767638
0.0476030222471
0.0524389577242
0.132806418794
0.00983000786617
0.0214296140738
0.106361903946
-0.00375417139633
-0.0054928807921
0.0688547221716
0.0595260532253
0.109932832981
0.0333479090676
-0.0181395419151
-0.00566778973775
0.0538213859856
0.0896348232782
0.0711715903886
0.100237808403
0.0683187836226
0.0398947437215
-0.00685307653773
0.0482511615414
0.0361055805652
0.0673924101666
-0.00465174518161
0.118027684697
0.0919934426179
0.0282730747586
0.00293153170687
0.113837322698
0.0487016507137
0.07148535194
0.0570752482339
0.0486825245104
0.0653645712915
-0.0401930624094
0.0174180364233
-0.0408722322706
0.115777217205
0.0285546666854
0.0759384760632
0.0952760527924
0.0565347692109
0.121338989278
-0.00283822311637
0.084249223189
0.0452298657914
0.0399827466083
0.0478775575776
-0.00445733505538
0.0699375980919
0.0416698779421
0.0341439120139
0.0709881313195
0.0655691101682
0.0705633832729
0.042901415763
0.0617219391632
-0.0887530022198
0.0576499560068
0.0251201303833
0.0937781598725
0.0683889291128
0.12678630941
-0.0300182449482
0.00373819166493
0.0757276027328
0.0107988001196
0.108419798596
0.0979182381213
0.0274148463924
0.0636214888426
0.0127068248195
0.135497534479
0.0186712203706
0.0466952087027
-0.00202066518993
0.016130281749
0.0277390425275
-0.0113885253098
0.100078204202
0.116314764344
0.0294809284037
0.0821489397692
0.0786509213035
0.0197895853396
0.0589785033986
0.0409223510617
-0.0663069239343
0.0180205938782
0.120135835129
0.0666023880237
0.0304082493724
0.00616366061348
0.0816951291218
0.0887630391216
0.0618365033237
-0.0490505774337
-0.00999872010182
0.102989207661
0.0377310350246
0.0337977828517
0.0331094974679
-0.0256264988056
0.0499176947874
0.0607463768628
0.0606060749142
0.0155025584965
0.0524596711186
0.0305204866448
0.0852478368327
0.0387135376989
-0.0708391339552
0.0579449572818
0.0706009372135
0.0555766698132
0.0543694374684
0.0731888404993
-0.0908240990794
0.00943141144704
0.0774788925186
-0.0253723989747
0.0942560132705
0.0359607116736
-0.0269900632365
0.0868122543193
0.0103330895824
0.0547962496392
0.0463408109918
-0.0568591271655
0.0979052991678
-0.0171310925195
0.0424750958109
0.0613261100383
0.117183093143
-0.00657231928133
0.0363568080613
0.0322835259656
-0.0034453445071
0.0404714942573
-0.00820731040828
0.0562145222244
0.045452671787
0.0362717125162
0.0852432039271
0.13306414891
0.0480856627273
0.0395529783235
0.0871268596465
0.0879294014627
0.0615773336372
-0.0406887555216
0.0559312506694
0.0766187511791
0.0371088721635
0.0634237577029
-0.00157274697648
0.112386135372
0.0443581781731
0.0515101473908
0.087869640621
-0.0398239676665
0.0102073963431
0.0276055326847
0.119978546349
-0.104720405606
0.115313664992
0.120159794638
0.0663828971895
0.0771808990498
-0.0299332520766
0.0727059440412
-0.0317033661695
0.0712471085415
0.0633010160677
0.0389712116806
0.0769003152649
0.0548268411402
0.0362735013792
0.0513011121457
-0.0232945703789
-0.0147800624778
0.0668513336051
-0.00326791284579
0.0272220971247
0.0643295458389
0.106498445156
0.0436994724051
-0.0446058793017
0.0340725833107
-0.0263724717134
0.0847398660895
0.0921581243212
0.0551844400151
0.089143507969
0.0252626930828
0.0545476411301
-0.0662866878891
0.0524084322893
0.0693603575871
0.0554978453977
0.0497555075288
0.0768908045734
0.0850229936206
-0.0426274056059
0.0114072145479
-0.00836148239231
-0.0884684301884
0.113900414883
0.0910225007275
0.0901893488606
0.0572343849112
0.0292852356826
-0.0446423724484
-0.0148668981071
0.0386937359755
0.0223783908326
0.00373749005029
0.0075565318845
0.0487199092753
0.0874082614557
0.112746773569
0.0282960978502
-0.00876985998277
-0.0118141192063
0.0832233538747
0.0236293499656
0.0620689381088
0.000437659238127
0.0759866617156
-0.158146813515
-0.041230890713
0.0769642435341
0.0243228703661
0.024426366615
-0.0303183177857
0.0250249022187
0.0462101048318
0.0349364902517
0.00791931111133
0.00535617582742
0.0162185786668
0.0407958875296
0.0575382984929
0.0565459431177
0.0802634091518
-0.008665579203
0.0206286105141
0.0116144273544
0.00931376885537
0.065175919466
0.108568005539
0.0029928056914
-0.00802161544498
0.0708124303261
-0.0396641617464
0.0412851845427
0.00651252190659
0.0327511639437
0.064912421781
0.0496106841667
0.0311379655808
0.005971856056
0.0934231833016
0.10636478502
0.0831577375205
0.0361846436058
0.0925614814719
0.111796414157
0.104735832412
0.0827786459458
0.0651286630305
0.0920024986024
0.0356107919257
0.0168978543965
0.0836137045085
0.115256766986
0.0381186082583
0.089910474009
0.119581933153
-0.0542436526361
0.0440829415649
0.0393972958077
0.059002521677
0.0334733491278
-0.0239805357907
0.0511488857612
0.0438454712024
0.126693952136
0.000820482453131
-0.0154353098809
0.0200559929379
-0.0105529748461
0.114055748784
0.0142090993735
0.0820038302946
0.0146303801212
-0.0326749264751
0.0687990209408
-0.0674168876126
0.11225767993
0.0329772264288
0.0229478620036
0.06968545298
0.0154915803712
0.0149428110341
0.0823169662525
0.0996696191653
0.0804644931603
0.0725959048567
0.0711132777222
0.0324182069147
-0.0287574714806
-0.0629441907688
0.110823258797
0.125201242162
0.109070930007
-0.0470415176816
0.11621035452
0.06342489101
0.0145323736093
-0.0117200906237
0.0102867819371
-0.03507402682
0.0356156859042
0.0136171193807
-0.0289883665187
-0.00612442544828
0.00877372025276
0.0382705259566
0.069301186361
0.0311377506061
0.0728181267341
0.0159133892557
0.0676622042515
0.0207741992524
0.0119011859456
-0.0857515099041
0.0323395693563
-0.0178228044034
0.0525783628438
0.0539030747757
0.0167643942683
-0.0267099417316
0.0814827279019
-0.0946257843239
0.0289635050339
0.0678361823897
-0.0761974270861
0.052416386843
0.0686620314189
0.0735225884161
0.0629022928429
0.0453401826852
0.0600696215409
0.105333449083
-0.0149875860291
-0.00378301692878
0.0259045613711
0.110815392573
0.0406814091442
0.12103832964
0.0124021944015
0.125365637562
0.0289443502556
0.0261139352235
0.0306151427844
0.031847430782
-0.00330119610468
-0.13071089901
0.0632103522771
0.102560408804
0.0570947362819
0.0259870933051
0.105665182497
0.00514555864138
0.104680779257
0.0613665955994
0.0211649888042
0.124227897273
-0.0325205487285
0.0474278878989
0.0476327176118
0.0880115486878
0.0854868541724
0.0414378773382
0.0710803915672
0.0120147056104
0.102583614981
0.0518532036095
-0.0457701746062
0.0363832472061
0.00405218494356
0.130708113792
0.0546758526084
-0.0370767330351
0.044865786503
0.00645656004172
-0.0613924933245
0.105830836994
0.0962636521178
0.0822792314096
0.00523541239686
0.0350694779104
0.0079492769621
0.0145110444932
0.0902403717519
-0.0215939170625
-0.044928077117
0.0709687077106
0.0926908527377
-0.0102109616968
0.107478669162
0.0531197026728
-0.0575475395875
0.0510836168065
0.0856136577209
0.0155976513979
0.0842362126785
0.100730878419
0.0676273121633
0.022988311857
0.0202394959063
0.0468578849919
0.105876187053
-0.0517339484184
0.0572378134954
0.0619609249591
0.00278857908533
0.0493113649783
-0.0734938274794
0.0492929024409
-0.0104796617337
0.118275263677
0.0647804132403
-0.115064003463
0.00788550277346
0.0724418779543
0.0424322545525
-0.049616610609
-0.0199120304608
0.0971079225552
0.0770955367684
0.0574801568931
0.0514313960763
0.139208877144
0.024479966248
0.127284867013
0.0649920046242
-0.00259741315945
0.0437284974321
0.0378428366497
0.086015935297
0.0956486616338
0.105450238056
-0.0260938365873
0.0467253095111
0.0363078033938
0.0824026318091
0.0858988254698
-0.00677484110162
0.110544955366
0.13288917807
-0.00657506934121
0.0470434408762
-0.113353837116
0.0581730856414
0.0986090903971
0.01302566841
0.0501126593908
0.0642126608194
0.0123865802559
0.0894356679654
0.0538797101704
0.0968415601571
-0.00534267734563
0.124205562456
0.108146245402
0.0133264864343
0.0875099623757
0.0263032932316
-0.0128636253261
-0.0300117359918
0.0761514257796
0.0975559813738
0.0122434317841
0.0819974169416
0.0296528500848
-0.000999534871066
0.0491517950315
0.0168004526332
0.00390993001431
-0.042645069403
0.132888170945
0.100978030661
0.104339435887
0.0911318500674
0.120139192968
-0.0597588785067
0.0266092706964
-0.0855196217403
0.105925859993
0.112683577624
0.0781174196817
-0.0264673338849
0.0932985041392
0.0923349816527
-0.0210437800694
0.0874588260183
0.0854615430408
0.0910827619381
0.0324715598247
0.0602022932444
0.0633316310502
0.0288927308546
0.0966193113161
0.111964817261
0.0443276987592
-0.122297077245
0.112630673426
0.0526785151904
0.114058222946
-0.0470360606891
0.0409075559329
0.0786394913762
0.0575798417349
0.0497932891908
0.027297353607
0.0580456440117
-0.0737423568119
-0.00925261645762
0.0837126815094
-0.0369786922577
0.0254029476189
0.0622035294118
-0.0292962995383
0.0487575154462
0.0326037724075
0.0336243801228
0.0358470295304
-0.0362270079663
0.124818016721
-0.0107815280163
0.0451165819451
0.040600771488
0.034152550977
0.0497758794501
0.00285693968168
0.0452782356242
0.0380918829416
0.115346278746
-0.0166531002168
0.106915971508
0.0808599805874
0.0528472752871
0.0945388818303
-0.0172340678828
0.0898115276362
0.110877371512
0.0204012614675
0.0231286622547
-0.0314893707335
0.0878752232393
0.0365889667388
-0.00735350101003
0.0835766205354
0.0563893314403
0.0774964451656
0.0475827820979
0.0212045603036
-0.0365177118432
0.0509468828921
0.0392442761811
0.0691805514906
0.0307678972045
0.113338658566
0.04091452532
0.0334510044857
0.0253581679835
0.0159675219526
0.100523196281
0.0124753135708
0.0194126556371
0.0169635401127
0.0965042980907
0.0670908848505
0.0342359567017
0.0689664608564
0.0886753887026
0.0135107613267
0.0931149340056
0.123590468032
0.0583329702684
-0.0307504453491
-0.0984169610394
0.127665316946
-0.07738039281
0.101661831148
0.0628369999993
0.0644070098712
0.0753269085609
0.00969481787843
0.0496572724939
0.0795327988766
0.107384620928
0.091967282459
0.115326739137
0.134619397273
0.000432042630367
0.0743861371992
-0.00641290756894
0.056993894669
0.091463659139
0.0258802789767
0.135907503391
0.00817450590419
0.0706049387455
-0.00100448901751
-0.0368006138222
0.0561542321111
0.0463395532062
-0.00109862526458
0.0712251640917
0.0791401327983
0.0909814764848
0.056713476193
0.112854327823
0.0334612352686
0.0561539716046
0.127325452307
0.0656967242079
0.132845421934
0.0324578167072
-0.0476644942104
0.0372888131521
0.0731277826247
0.0361809641193
0.0676088341467
0.0250949505326
-0.108280379984
-0.0156791843782
0.147186006903
-0.0651550514762
-0.0500624087853
0.103834161056
-0.000266039708102
0.144814796659
0.122967880131
0.030303796518
0.0173987123687
0.0357259528167
0.00338115012619
0.0690815082887
0.0760581113882
0.0866831981087
0.0482944425497
0.0980094400793
0.0668708936271
0.0245366200506
0.0822814535993
-0.0339631015793
0.0412030438759
0.0589208589174
-0.0114207045849
0.0169382071597
0.103994881409
0.049776405545
-0.0213981738983
0.0706412474301
0.0756956018706
-0.0298811971856
-0.10764420061
0.148827251515
-0.0454414042606
0.088531220515
-0.0291583927497
-0.0230871712506
0.0480448640149
0.0914912413455
-0.00645083394228
0.0061924427633
-0.0812796248556
0.0180082623936
0.0151685674322
0.0669828368201
0.122753850105
0.0570899698388
-0.0171423798863
0.0284208868011
0.01527170033
-0.0461822864005
0.0496386287848
-0.0171098987135
0.0384486928266
0.101361830723
-0.0412363561831
0.0182790105248
0.0926976487943
0.033788880589
0.035006410475
0.127016853721
-0.0328723539003
0.0234114334131
0.0667411394459
-0.0848128653
0.0182532014531
-0.102675091847
0.087716592667
0.0384281742274
0.0469985392602
0.0373212368844
-0.0814313258682
0.0733459367542
0.0495781461216
0.0883404078483
0.0838102703103
0.132106892326
0.049607997112
-0.00536491745071
0.108287936492
0.0393179451633
-0.0146854536402
-0.0132772320698
0.101956727983
0.0648246832866
0.070304334784
0.0527713751967
0.123657782527
0.062549043721
0.038344350286
0.063880465236
0.0353311875553
-0.0970184500897
0.0556791042284
-0.0151071990792
-0.0508584781556
0.0282387329706
-0.0125998535988
0.104604908813
0.0741899622876
0.0395394926115
0.101701068884
0.0959899514714
0.0324863953252
0.10010159525
0.0941101395654
0.0979116339547
0.0703309772769
0.0165737208236
0.000495516122065
0.00143999562276
0.0677474321986
0.054401253207
0.0533618100127
0.0213743817405
0.0201151089324
0.0291460374682
0.121084850192
-0.0899204520201
0.00941743728458
0.0460100241998
0.0623592685398
0.0608023971464
0.0998680945629
0.00396944950348
0.10168134238
0.0520640652774
-0.0483013015357
0.0846649080566
0.0445083713307
0.0841382166522
0.0850979085468
0.0228547676966
0.0956216613801
0.0201754738058
0.0624627215871
0.0433462655349
0.0872823174795
0.0479304262427
-0.0539614495871
-0.0370862139864
-0.0404215929445
-0.0303095513346
0.00839239221605
-0.0586887119681
0.0165551490093
0.0298506212189
0.0474556427237
-0.00776562548745
0.121462352293
0.0543355412715
-0.0213453419081
0.117506412406
-0.0595559511247
0.100726350427
0.0649634731805
0.11594720912
0.102992425512
0.0756365972154
0.0514932995056
0.0661434741646
0.0884709150742
0.0690710907918
0.086805710323
0.0271673896986
-0.0669792210015
-0.00996542450491
0.00835410920691
-0.000667003501292
0.0996321962115
0.0537051474128
-0.0129367415229
0.0821510216548
0.120613124166
0.0424904720329
0.0457955227876
0.00515649325914
0.0396720368032
-0.0293920495392
0.0823394376012
-0.0532291846208
0.0829232698448
0.107035386845
0.11947508023
0.0911753207991
0.0272499919085
-0.0195331583902
0.0741692994232
0.0416193223073
0.04704274331
-0.0187509707463
0.0565888752789
0.0567020503813
0.0361797920364
0.0812079119882
0.0848041623963
0.070799842046
-0.000613945284395
0.0430909753608
0.0642072201443
0.0902780420731
0.0227540169722
0.0469898249756
0.0282352020315
0.106157892826
0.046473682463
-0.125264785642
0.089175075196
0.0349258959369
0.0130529270255
0.0958237340938
0.0974411459561
0.130916588521
0.0810953167329
0.0703613728788
-0.0851731646192
-0.0144380469055
0.0876109859708
0.0482833218433
0.0870291215535
-0.0275913251637
0.0323439184184
-0.0172694590064
0.0383486993595
0.099715888404
0.0925317673675
0.0236732878554
0.0162737925653
0.00572338775175
0.11111275415
0.0355359599313
0.0242914796762
0.0960577389788
0.0611898509714
0.0295701965574
0.0140932783232
0.0329914000114
0.0471224531352
0.10111758927
0.0943651810431
0.0585241046477
0.0112519840472
-0.0078872505947
0.0521858751608
0.126526788861
0.0687161590251
0.0336208611251
0.106335596556
0.0714405790259
0.0302650462086
0.0251174864585
0.0701547501066
0.0248992643664
0.0750410248436
0.0813163502934
0.104510709615
-0.0344090827948
0.112205191756
0.0696011974274
-0.00402751910157
0.044861051698
-0.0517200800582
0.0602637672501
0.0885714405375
0.0922714563374
0.0922316099701
0.127574293846
-0.0174783161618
0.0145465044802
0.0588434545996
0.0593734566535
0.066586642215
0.107208331717
0.0347490224625
0.0732561500397
0.105699267553
0.0526290218063
0.0948811179919
0.0677409736042
0.00119693210403
0.0194417797713
-0.00832524844291
-0.00796946622849
0.123403817632
0.0112737933726
0.100796899786
0.0358463725379
0.03803898009
0.0749675069259
0.0761836270116
0.0737883149269
0.0713330791498
0.124726610941
0.138937561281
0.0410320210547
-0.0665057665829
0.0354223781488
0.0833840928614
0.125732474905
0.039940780031
0.106359140706
0.0168767294053
0.0533924509564
-0.00106164384842
-0.0287682033881
0.0859398678922
0.126431856052
0.112367936531
-0.0464619472652
0.0377233898045
0.024815531835
0.0841773925893
0.117264928077
0.0276930065158
0.0326233323758
0.0775700531505
0.0365884612972
0.104583624585
0.0613262258307
0.0319577645209
0.00813701691476
0.0391206377253
0.120009862608
-0.0307025314468
0.145113954105
0.110559463726
0.0297846841395
0.0190086160963
-0.00667906228807
0.105911311518
0.129352269319
0.0495932013713
0.0678694024061
0.0342622585945
0.00536881080173
-0.0620416536224
0.0773855691152
0.122971017017
0.04080576058
-0.00836361390055
0.0745847190924
0.0788554856664
0.0521765599503
0.0638534853693
0.0448346601715
0.0867686221457
0.0523451937294
0.134704971645
0.0710153582124
0.0663922072984
0.0434983198974
-0.0708687168894
0.086347150055
0.0742133898447
0.111149950447
0.0319791926403
-0.0108935496803
0.138268330134
-0.138766833636
0.0812495947475
0.0424381703254
0.0078053559695
0.00236006656664
0.0476743181307
0.0857550267754
0.0959399855128
0.0947982046082
0.0527455116546
0.128735743296
-0.0124431450842
0.0217000665766
0.0298511468309
0.0171751539915
0.122253098083
0.0720963239244
-0.00864274150471
0.112956876375
0.0839614865291
0.0135697325941
0.0585111848745
0.036828101153
0.115258096817
-0.0056988253037
0.0491439125367
-0.0206724808597
0.0159830752824
0.0103512354602
0.0470545822065
0.00976766956064
0.105681846138
0.00358794682418
-0.0664211518589
0.0276831690679
-0.0223232284444
0.0301336769412
0.0600386441614
0.0545796310029
-0.0116911817127
0.0703902566964
0.023760737715
0.0194642900886
-0.0319373068294
0.066389725698
-0.0870807750694
0.0442469379848
0.118973558541
0.076014948674
0.116113138102
0.00698225992963
-0.0387667794329
0.0267489507695
-0.0376649967956
0.0597199222216
0.10286344769
0.0582554660577
-0.0184514558107
0.0700991153713
0.00920503818247
0.119166746306
-0.0627712456362
0.0251534855681
0.0266130087205
0.0963197794422
0.13513358859
-0.0389769673612
0.0388160825951
0.0305664560734
0.0417589889087
0.0926362119222
0.00758041357918
0.0986621672726
-0.012254597708
0.0667752857218
0.076599751594
0.0956882836522
0.0820132702753
0.0416598269505
0.0492301351228
0.0544747055898
0.0155934889564
0.0864929465754
0.0182286933732
-0.012102027246
0.0144412422563
0.104072966735
0.0665926031648
-0.019026937105
-0.00371233081779
0.0919494256658
0.0748032974925
0.0337275776174
0.10119875107
0.140052046621
-0.011486353847
0.0840769959016
0.0393030000353
0.0574747299043
0.043153170817
-0.00890180057725
0.0751726162285
0.0310191201213
0.0161654750751
-0.0296579117236
0.0584716582195
-0.0337348153299
0.0737299646947
0.0690909273095
-0.0267892687482
0.0623029129866
-0.116242171013
0.0083488252357
0.00560641821216
0.0455566282249
-0.0447653755672
0.0558592959634
0.0582454862577
0.032266286197
0.0323703764484
0.114091862249
0.122548458903
0.0369538104695
0.0907429576659
0.098399646911
0.00301506305577
0.0339356419613
0.0955922608407
0.103952629659
0.0316973618191
0.0813835728284
0.0796988299069
0.0609896988352
0.0199895228087
0.0511417386282
0.00148808885753
-0.0368018797226
0.0981137426216
-0.0522225362691
0.0119308180638
0.0360691150197
0.013206117492
0.107418581816
0.0353666621455
0.112271714614
0.0724042914155
0.0125365617242
0.0812274454944
0.088432052445
0.0951537968572
0.0242841845515
0.0157419591778
0.0451932076228
0.125776770386
0.0249566830808
0.128102111815
-0.0754299315198
0.0407098093835
-0.078026331561
0.0835944410198
-0.0202212329481
-0.00101008861822
0.108974502519
0.0131719081299
-0.18426144172
0.049541483989
0.0879624983128
-0.0401511780295
0.104011681978
0.0135370986122
0.0500544928705
0.00866370692094
0.015279897686
0.0977422899266
0.010459012197
0.0892720931363
0.07970628708
0.121214347013
0.0288558584895
0.0446165920744
0.024424676917
0.0325218166438
0.0614138303355
0.0619735563566
0.111980364395
0.014040419839
0.0978668510763
0.0317844576574
0.0651570378828
0.0704403207676
0.0035012449404
0.00291043884789
0.0374696655791
-0.0263251279466
0.113184545816
0.0250434370256
0.124401581875
0.0893530786442
0.0876407595167
0.051915447289
0.121071913419
0.092656467662
0.0934488466508
0.0860146582324
0.0359355585241
0.0791367304902
0.0327855490095
0.0710194591375
0.00680612219798
0.0813141471769
-0.122353297843
0.118684424359
-0.0133134974186
0.138647597528
0.00356803206207
-0.0482489125321
0.07932140317
-0.0151151859672
0.0689623794374
0.108942105144
0.000306000776542
0.0613601405826
-0.0643854030884
0.00443345099033
0.0766175458826
0.0536649298736
-0.020768573483
0.0408395047341
0.0597214347785
0.0423289137033
-0.0498312970343
-0.0183998978473
-0.0666153666932
0.096495166358
0.07062431582
0.00714743415938
0.0524871596187
-0.0303736012905
0.0732068001257
0.0719873546714
0.0367520969398
0.0171036752273
0.057918490566
0.101782534783
0.00944608838975
0.0299287852118
0.0891354619825
0.0605335686143
0.098666045604
0.066919219785
0.00693005174312
0.114313790146
0.053173350616
0.088923969276
-0.0793400002209
0.111423355491
0.0755662771767
-0.0320294401928
0.0317787997169
0.0262988470201
0.0406011781077
0.0413496175757
-0.0305147439939
0.0390424185987
0.0705639396564
0.0473177255236
-0.0213731295961
0.0423551215361
0.0339517262699
-0.00680148474941
0.0461692687305
0.133813811304
0.0770318553056
0.118937098818
0.0607350748367
0.0411766029557
0.0644330215715
0.0761720802536
0.0777637458072
0.0837918540463
0.0919800472221
-0.0321639515155
-0.0489853442351
0.0580781721045
0.0331138143559
0.0918560614474
0.0271414677614
0.027046894895
0.0501638878182
-0.136960221397
0.0667657964915
0.0154487083309
0.00737775836301
-0.0317323084185
0.0773810291767
0.0543411142548
-0.0133143532262
-0.0766839302535
0.0755641864037
0.0576226884108
0.0164570956984
0.101270095454
0.0897398432825
-0.000959489434091
0.0717259933368
0.0185700691517
0.0779319578194
0.0121982159664
-0.0451067780675
-0.000152676514343
0.0643210731687
-0.00915139453465
-0.0428410930985
0.0624664581477
0.0406071668516
0.0564643920087
0.0548265046543
0.00175727786575
0.0528961642017
0.0178223256044
0.0873605911479
0.0565015899608
-0.00144573388062
0.0306257152886
-0.0314644831186
0.0885634144007
0.0861291861068
0.00469289223395
-0.0108652006152
0.0967786933882
0.10028704241
0.0855388164978
-0.077097828051
0.0308127461474
0.0327384869113
-0.0444139300567
0.0638244446076
0.0117693281213
0.0480441104752
0.0663536960273
0.0979772554729
0.0372963915048
0.0428518986633
0.0870133079238
0.139539794603
0.0749843310484
0.0301222285457
0.060204108332
0.0555326498845
-0.0541300767734
0.0136260832145
-0.13347340538
-0.0203131821647
0.00832196223979
0.0840578220616
0.045981346
0.0199278840657
0.0606083565285
0.0608172310409
0.121979298525
0.12886681808
0.00100298863464
0.0602403838448
0.0684212689069
0.0981956908057
0.0355395228556
0.0213541763128
0.0113598516429
0.0490597256987
0.058759364039
0.100662880153
-0.0284310090174
-0.088104789965
-0.00676219358958
0.0722401356904
0.125272967443
0.0347566250923
0.135143787018
0.00670808545449
0.0819006065601
0.103819184412
0.0935730602487
0.0476715609271
-0.0344257430961
0.00655707954524
0.0854243563791
0.0271063386424
0.0239162410753
0.0891309463582
0.0558710489072
-0.00991226437761
0.00535230567946
0.0627941499759
0.0916897956699
0.0854436144516
0.127639798276
-0.0398870054652
0.00891105321298
0.0720918532659
0.0615702214252
0.00738488825493
0.0566487180154
0.0963548172551
0.0877878519629
0.014522954587
0.0555508626922
0.0676553173352
0.00652382342912
0.125665773583
0.00252895556905
0.1173571464
0.0928835974995
-0.0108479888588
0.0997983796695
0.0630680423958
-0.00643442523136
0.0800863271182
0.0852636942009
0.0559288480191
0.0558769578601
0.0606075024208
0.036684179732
0.0462711674645
0.0146244935765
0.121943110358
0.126727834072
0.0846695981025
0.0756358505261
0.060359125988
-0.0062157532554
0.0613389576429
0.0791521587286
0.0374636588188
-0.00252022029876
0.0516362658571
0.0568463723534
0.112870087599
-0.0250859992654
0.0323887714854
0.0638026698542
0.100477751859
0.0347736215258
-0.0391765892649
0.0632555258427
0.0813058304041
0.100070611814
0.0856041164203
0.10164272643
0.00703223826138
0.0327757633284
0.129388308349
0.0534303820214
0.0960536031949
-0.0382344841839
-0.0079504828654
0.0298668139061
0.114459369935
0.00932547653376
0.04813251084
0.0132989285372
0.12608094962
0.0879246466766
0.000554236626833
-0.0466224618446
0.0414010805412
0.106374891695
0.00749742741918
0.0553287080086
0.0098961939727
0.047091611545
0.0279723675098
0.0193095329014
0.10480794562
0.0527651577652
0.0156908636284
0.107230557036
0.0462689719321
0.0176820382495
0.113226492033
0.0427891000799
-0.0794248514561
-0.0211896766881
0.0747070755293
0.121114542482
0.0328868083369
-0.0201625157783
0.0359154690055
0.00591687322985
0.0509887184313
0.107305877417
-0.019831018642
0.0237415552549
0.00832369426329
0.0226746646855
0.0405651659686
0.0598501038791
-0.0510544311967
0.117748610398
0.0480647056318
0.0240744159163
-0.0699868273906
0.0719833576587
0.0935309785701
0.0717437284128
-0.0119297060605
-0.0136605481341
0.0547411140235
0.00944309927549
0.0399663145331
0.141298662853
-0.0873855935428
0.0475639850604
0.130556098741
0.0219914080123
0.0201408043823
0.071954199033
0.00277619014466
0.0244332747732
0.0701157318375
0.00281864634019
0.115923296464
0.0309841527363
0.0446226422391
0.13659993822
0.0415317729589
0.00359601369235
-0.0157637080661
0.047282904932
0.0851173057589
0.114733323675
0.108773869344
0.0492137623727
0.0387329855202
0.0893647584578
0.0299729232215
0.0700578225613
0.0093844417264
-0.0504148439904
0.0700385431286
0.0176529912112
-0.0365328590894
0.00411433431468
-0.00524068853222
-0.0514923701317
0.0652104543202
-0.025020441672
-0.0185841295488
-0.123957372011
0.0126986010873
0.0298042782303
0.0946889406281
0.0295281623161
0.0202209365443
0.0029184275166
0.06190799542
0.0414815396462
0.0402689646027
-0.0177048436948
0.0999940348303
0.0588422556642
0.092200742771
0.0839195535343
0.000431874630094
-0.0538820783903
0.0615246366303
0.0699766032679
0.0568799850191
0.0414884238696
0.1075272837
0.0061276125055
0.0157388912988
0.0746836228064
-0.0336596210913
0.124444807432
0.0479438152188
0.0848264520952
0.0157241594034
0.0743412882364
0.107098450965
0.0222727681988
-0.0108065919796
0.140523473264
0.0740434306456
-0.0732345748267
0.0445494662874
0.0959534419028
0.132633882835
0.00996433742527
0.0624875636264
-0.014424456196
0.135670050003
0.0337496487005
0.0792714286107
0.101359929856
0.0460807067684
0.0355224838444
0.100627589363
0.050755169734
-0.0475707799042
0.0733383347018
0.0740644433889
0.0611879390237
0.081458421438
0.0128459731517
0.0385142892812
0.0300375135373
0.099314177371
0.00881879533838
0.0308084633076
0.0397108453362
0.126999475298
-0.0591067714759
0.0665913439895
0.0499895501138
0.0464436418443
0.0865975597542
0.0930319330124
0.072331122835
0.0158411998935
0.000758388048488
-0.0147482489537
-0.0135615005548
0.117120766606
-0.0242916339308
0.125983911331
-0.0173298207967
0.0565636245247
-0.00979702563935
0.0329507984681
0.0155608048522
0.0192610715681
0.0626085605647
-0.0114494156669
0.132139196291
0.0683197444514
0.0684863282838
0.111306717041
0.126688108331
0.0226323966136
0.0145380873999
0.0782344451009
-0.00191048720914
0.0678634120784
-0.0417957739582
0.00617509004506
-0.000599424557148
0.0515086024738
0.0600301794352
0.11143450168
0.088965365277
0.00787129727033
0.029914816243
-0.0183291456159
0.0181987942636
0.0378987928036
0.0631685965821
0.0291055277553
0.0954563982828
0.0915896894289
0.121321541416
0.0492268734107
0.0479147105959
0.0783171709044
0.120176664716
0.0928916225267
0.077111497839
0.0469777465549
0.114079530612
-0.0238092161908
-0.109132354418
0.109317256866
0.0240453870279
0.120795733746
0.118284528278
-0.034543074201
-0.00736183172437
-0.0384716196824
-0.0329759565108
-0.027964430626
0.011813856294
0.0323876426342
0.0457367025337
0.00987570340458
0.0606693499921
0.0294883042065
0.107701088864
0.10909172958
0.0155192884289
0.0407852296525
0.0940525570589
-0.0645693387806
0.0649525196513
-0.00162473401534
0.109121080378
0.105536009884
-0.00626788088923
0.0486417988489
0.0915520153324
0.104342085429
0.0416887938979
0.0986734272028
0.0587956425331
-0.0705652638856
0.0218611139007
-0.0195180020273
0.0663630561119
0.118289184963
0.024460604571
0.057090668665
0.0726078939465
0.0541820258609
-0.0418473027191
0.115440121821
0.0145304257658
0.106348999458
0.130494955378
-0.0213373451478
0.0706987730298
-0.0472640629194
0.0799277657962
0.0685010584163
0.138332724612
-0.0498135108597
0.044018865891
0.088072876327
-0.0281323686992
0.0728656710804
0.109589009406
0.104070763166
0.118847744223
0.0192102540415
-0.0222560336642
-0.00267169746122
-0.0114003544952
0.00456821344609
0.120312229848
-0.0258392959927
0.0793273115463
-0.0123054164006
-0.0109287117052
0.0481706006136
0.134456151309
-0.115305240701
0.0230527534564
-0.115394052415
0.0927645617413
-0.0385857572805
0.0677644570106
-0.116511968239
0.0849721022498
0.0490807361065
0.038963710804
0.0773003551825
0.0821889573384
0.0909625308897
0.0945950607532
-0.0063256299547
0.0388393283776
0.124202850192
0.0442895072605
0.0295993122045
0.123919491329
-0.0027732964985
0.0413234335921
0.063905215507
0.0863931977937
0.0339548119697
0.120124785665
-0.0192023431804
0.0421318699247
-0.0279511724132
0.0545195831621
0.0654659619037
0.0369930812132
0.0147499964738
0.037880906136
0.0897074240733
0.120734211843
-0.0133499418885
-0.005811426126
0.105677313883
0.0941960993917
0.0503615833187
0.0364228655628
0.0818390635089
0.0713732193414
0.000872440212505
0.0348301977542
-0.0653801260973
0.0835847960227
-0.00590230740214
0.0969831148689
0.00113540503857
0.117062513764
0.0523122360075
0.0373916098496
0.0356657707163
0.0115930399951
0.0475173580164
0.106597975714
0.0770645440972
0.0438696271024
0.112057841559
0.0619239345069
0.0739827977455
0.078831889064
0.101599211472
0.0284090810521
-0.0426345539271
0.0867216717531
0.0672516083128
-0.0101750010334
0.0878502170304
0.0219645142312
-0.0120866364595
0.0652822611193
0.087415016282
0.0272259484374
-0.0093880309288
0.0284798265977
0.109457180335
0.0829860553447
-0.0443817781277
0.056402515184
0.0783507186881
0.0258754306481
0.0761684948823
-0.0600346606642
0.0423508777802
0.0673311287682
0.0246156234605
0.0810505551209
0.133498794283
0.0651836045621
0.00439513882657
-0.0859868309259
0.0402722343586
0.0424266784201
0.0639777547377
0.0608342070155
0.128066334625
0.110867391144
0.0100882728412
0.0854233560073
0.10750969426
0.062592299862
0.0409898191659
0.0937595183064
0.0529613855453
0.0154504894182
0.103366112095
0.0989671476989
0.0621486028035
-0.0348083447443
-0.00292007144426
0.0748728520719
0.0778555808915
0.0223170746805
0.0531927250229
-0.0053328987043
0.0576794586633
0.0321141940774
0.038132888922
0.0581330256899
0.0891427038412
0.103464361696
-0.0183692987838
0.105139995766
0.0341595600277
0.0546507898716
0.0792197331224
0.0321413987915
0.0142945504621
0.0991576921171
0.0621065727181
0.0714081675556
0.00282446415273
-0.0366661104796
0.0253556963067
0.00428614586122
0.106364537696
0.0301645449318
0.0996669983932
0.0767064181377
0.0453882053771
0.0303250718518
0.0435617804822
0.0210483619543
-0.0552563348462
0.0631269830394
0.0664878819104
-0.00110359677705
0.00971912932368
0.0984842783595
-0.0711226486302
-0.00402524782273
0.0327748343856
-0.023368766371
0.0891189426487
0.0735977791467
0.104295073724
0.0376275222889
-0.00822221833547
0.0505490583338
0.0263796614288
-0.00364918003889
-0.0189155366254
0.0728059867931
-0.0161304933726
0.12196082677
0.0645141847191
0.104382418716
0.140504476179
0.0916235509376
-0.008087061842
0.00611898982903
0.0139747482883
0.129816163551
0.0393041117268
-0.0314372081357
0.0746328636474
-0.030301124428
0.0862302917431
0.0675788667399
0.0242456930219
-0.0589218975723
0.116870042398
0.000279397170313
0.0741085439603
0.0917127942215
0.0476224922549
0.0029386371984
0.0500263025046
0.0512208127352
0.0128807360529
-0.0484341337527
0.139225633099
0.0990802080267
0.0229993237018
0.0515267781765
-0.00864088192275
-0.0341534027427
0.016523862555
0.105799420589
-0.101772434495
0.0720486950083
0.0742346758285
0.0623458899173
0.022221449962
-0.0218037936732
0.0789400480979
0.030819320859
-0.00353722872519
-0.0414338717707
0.077752958991
0.093483422781
0.041524815425
0.080475676129
-0.0167655558188
-0.108309794003
0.0920802329079
0.116757452141
0.0811049976759
0.0723901856126
0.0565362136223
0.0780566799514
-0.0350123991785
0.0712150820523
0.0410903702189
0.14395422081
0.0656720318363
0.110370861528
0.0209666340628
-0.0167735416454
-0.0936438413534
0.0448173359352
0.0179612754091
0.0731925431998
0.034185657824
0.101049320873
-0.00382694527827
-0.0352252012156
0.0902625124195
0.104059116966
0.0510082215952
0.00423167026142
-0.0153599630973
0.0630806542347
-0.0806871391763
0.109290460986
0.0682117105492
0.0839409472206
0.064752075387
0.0927554387043
0.0439713933677
0.0858727922054
0.0144466980932
0.0352799349443
-0.000141522207904
0.0814499135264
0.0561283500669
0.0900607763484
-0.0268085685938
0.128761190159
-0.0442503004326
0.0574866091062
0.0130061067716
0.0803702828555
0.0342816632314
0.038562871122
0.0625384661377
0.12399278701
-0.0428847594626
-0.131965066373
0.0527728365411
0.0616501584231
0.0499024732313
0.0179411214791
0.0957092696536
0.0162774753483
0.0262577484297
0.0565658622672
-0.0501258477157
0.087884583345
0.0437845410619
0.0233117264561
0.107729914611
0.022425091662
0.0319693834027
-0.0849984257507
-0.00395469696361
-0.00697962797969
0.0294661205209
0.107023387603
0.110013778835
0.0585740689781
0.0913858312997
-0.0097639368069
0.09599678344
0.0425236885448
0.0725058341113
-0.00342343418749
0.0400841806661
0.066695500382
0.100051842861
-0.0180704543883
0.0687825052636
0.0175946045154
0.0807556245268
0.0328274056638
0.0214182602119
0.0300528082912
0.0738293399218
0.0818966616348
0.0159267665551
0.0271083171021
0.0435452482616
-0.0395536070206
0.0794432173874
-0.0153115984433
0.0509416132292
0.057989666081
-0.0151853882046
0.121423925835
0.0125552259327
0.121783253975
0.0655836038758
0.0747104116352
0.0408878051773
0.119343186315
0.0299186598624
0.0205711004903
0.0762714235657
0.101105938197
0.107910602544
0.118585341716
0.080170667701
-0.0105868441624
0.0765472235917
0.0822884482131
0.107999292885
-0.00437833033657
-0.036548321723
0.07294331158
0.112287203844
-0.00950690786174
-0.0439256625272
0.117555846099
-0.0167311774354
0.0272301739309
-0.0139345723601
0.0308693311457
0.0821340342569
0.148054337751
0.0229594801638
-0.0524252147029
-0.0175547870092
0.0753644610487
0.0161479673844
-0.0774520002297
0.00772665140658
0.00247442741928
0.0793388367504
0.140038746497
0.0887643822604
0.0759425760409
-0.0186021346685
-0.0110505740679
-0.0190635637491
0.0365607111286
0.0184319482716
0.0255066852974
0.083159775887
0.124020839854
-0.0397913583217
0.0355749130735
0.0572994428809
0.0621227800893
0.0689725375979
-0.0149030018719
0.0535573798382
0.0143893430577
0.113078282157
0.0204985213114
0.00365226287365
0.0729729366065
0.120898018745
0.0824159698715
0.0539822017939
0.0861677442788
0.017570592943
0.130068673907
0.0525535237369
0.100260173992
0.0190381337996
-0.014976107605
0.0654700545654
0.0855877604908
0.099477662498
0.133728379409
0.0790413701514
0.0115739221699
0.130592760454
0.0162295479288
0.00452016082088
0.102949942578
0.0834808803076
0.00127446735838
0.0770009595414
-0.0214815709668
0.00727967013893
0.0194731023695
0.126150644888
0.0659410333442
0.0336324622904
0.0844894275488
-0.00247203965072
-0.0229956215917
0.019099977238
0.0157991601954
0.104628271371
0.0482519711238
0.057067396843
0.0574564249813
-0.0150304643661
-0.0219899615579
0.0195400534323
-0.0349970342742
0.08357158346
0.0417177086356
0.058027661928
0.028330220243
0.0410754654457
0.100438822466
0.0497173368119
0.0411520127855
0.0556969620645
-0.0248870337554
0.0834614975784
0.128807348018
0.108236555257
0.000773352702128
0.0285919819032
0.0624395839789
0.0878626973372
0.103344184615
0.134432098855
0.101692230228
0.0829744029191
0.0512345696955
0.0408882439193
0.105393868805
0.135080593903
0.083462330744
-0.0766320131858
0.121661139888
-0.0457204626114
0.00752377500896
0.086039014992
0.0948860614595
0.0778011852572
0.0106216644207
0.0242880733899
0.0742614420764
0.110220826027
-0.0121094194412
0.026789168739
0.115026525951
-0.0650003873762
-0.0122783090713
0.0508980676192
0.0243666786728
0.0768093319932
-0.0121140094361
0.0353330075432
0.0449931015897
0.00755121064558
-0.000172863094805
0.00387973361296
0.0602552204712
0.0420108758532
0.042185182597
-0.040113914128
0.0412364560896
0.00875627584304
0.0703571864953
0.0853032398801
0.118902598237
0.00536792326901
0.0346693976137
0.0135259160984
-0.116516594049
-0.00241936429549
0.0968134764508
0.112220303974
-0.0514449727287
0.0347471658408
0.109485173462
0.0507996103704
-0.0202615953807
0.0625470225313
0.0294519646605
0.0816913571626
0.0122969207671
0.0776577642952
0.0723465340386
0.0987275059029
0.0206705130201
0.0901500524267
0.0444166179401
0.0430194070646
0.0857883617581
0.0833576723792
0.00777146030307
0.0182635163154
-0.00741131529386
0.078241484117
0.0290313624088
0.124287319586
0.0990295522242
0.099588798436
0.0273196237319
0.0569215643355
-0.0160550036384
0.063016665783
0.0995342091241
0.0655906280254
-0.00609110577384
0.107863354722
0.0308541237879
0.0933275818235
-0.0227478199322
0.0212035480785
0.0781779333737
0.0750034015317
0.0199330540158
-0.0554385279498
0.0679307948413
0.145106779379
0.117912726667
-0.00322938010898
0.113310140444
0.0911892730548
0.0226874488392
0.0627432496265
0.0137846757528
-0.0128699780375
-0.0531624546217
0.0222985724153
-0.039081691235
-0.0239872789746
0.115770972551
0.0931178617032
0.0375010531628
-0.0670944291455
0.108050254099
0.0658941349719
-0.0483942993435
-0.0217541176315
0.072982376688
0.0238212521086
0.064357794748
0.0305630389876
0.0629352122938
0.00134909899303
0.0647851194139
0.0571576366983
0.0393400684472
0.0487056325744
0.0410156170031
0.0793830768546
0.078446518529
0.0175859565947
-0.020380318021
0.100522846495
0.0171667800343
0.066433109309
0.02427158198
-0.12365243155
0.0531369747531
0.124354248509
0.0896231822743
-0.0536188443212
0.0563156301298
0.0362428841953
0.0204834115068
-0.034318920764
-0.0525346763717
0.0473280524455
0.124160135805
-0.000309516634217
0.00968370200512
0.0409747262269
0.0593155478782
0.0263884873959
0.0791845624147
-0.0610853976282
-0.00557076194529
0.0337343827751
0.00356047085029
0.071086292176
-0.0745712656916
0.0344828006154
0.017878261268
-0.0203095774415
0.0866125350444
0.0719011486724
0.0920122222442
0.0579900456193
0.0367417461649
0.0775888343292
0.0829287208596
0.0193226892837
0.0225263197791
0.0923160114663
0.111695918887
0.103843552009
0.099613052568
0.0646433840642
-0.0301028839724
0.000344300929371
0.126911942764
0.0890303712064
0.0767958343655
0.0615852999176
0.00608893990926
0.0486099247729
0.0926587275165
0.107005546107
0.024284069005
0.132928044005
0.081369669624
0.0647324215545
-0.0033204900929
-0.0561140662075
0.104487368432
0.110234084037
0.000851297333709
0.0854130398742
-0.0557027587374
0.00474217287486
0.091518660336
-0.0182213978249
0.118207529619
0.115179341112
0.0977810407498
0.0504418207876
0.0586817992644
0.127899540098
0.062463543339
0.0547443510553
0.0391944975318
0.100723261059
0.0557713994604
0.0416880887808
-0.0341821331374
0.0425810951397
0.0687179681745
0.015372353075
0.00221095390699
-0.0475593073012
0.0205828349425
0.0276096504074
-0.00128450331417
0.013749936406
0.0260477675364
0.0935798225553
0.00265456259543
-0.0250565318506
0.0457513176281
0.0368059154734
0.0623423607882
0.109439003442
0.0109946219006
0.0187099661374
0.0947205550158
0.0558534852612
0.000739946870174
0.0924694992992
0.0569928386862
0.0814178393546
0.144679772074
0.00794501755228
0.0817533007005
0.0776978088252
0.0235358631656
0.131067125939
0.0707319242783
0.0348657094923
-0.0809338688019
0.117792938606
0.0758380218357
0.124047409111
-0.013497335624
0.136930718024
0.102245496234
0.00725106562833
0.0634698488712
0.137485290143
0.0128233103253
0.00841817895571
0.0606593209748
0.070639535073
0.0755064748325
0.112538428992
-0.0811223311947
0.0694827771191
0.0584044517214
0.00387248719543
-0.0282801217653
-0.00697638456191
0.0378188116171
-0.0153204525925
5.32114083818e-06
0.0525185690117
0.0392485928315
0.0447273472084
0.0128032390211
0.00144218318567
0.0885556731351
0.00335444569267
0.00316198931547
0.0500361937946
0.0208605163891
0.0187719994777
0.09735435979
0.00771609499027
-0.0181804892149
0.0372196172196
0.118856367539
0.0438258560272
0.00846396123287
0.0630745180893
0.0620499034425
0.0948817574705
0.0248429437448
0.106051664924
0.0455250652197
0.0428979305462
-0.0193370101315
0.0522080638456
-0.0352725133252
0.107405967653
0.102310177213
-0.0401971287059
-0.0195439307808
0.0763004390179
-0.0211057540988
0.128924990469
0.0980786860437
0.0751282530751
-0.00750481616145
0.0101885067797
0.0647638688233
-0.0291333883504
0.0739646131672
-0.0935135412711
0.0182623522775
0.106659310704
0.037545611052
0.0796674189522
0.0215289738643
0.0638121125009
0.0350548351484
0.064474062569
-0.0608878911197
-0.0886354621334
0.0713441160668
0.059573547226
0.0883135955337
0.0781254988365
-0.0492384796624
0.0883464551107
-0.00406883248745
0.090838448237
0.0251712425487
-0.0436616428909
0.0398257572506
0.0115345980383
0.0490346897416
0.109721409311
0.0732892399513
0.0703982271878
0.00729720551291
0.0228047415054
0.110380438424
-0.0262217259519
0.0662833032774
-0.0169920643721
0.0810183281368
0.0691225170355
0.0222538824795
0.0708646231596
0.0351540493861
-0.0347082286699
-0.0219451751234
0.0954528742631
0.100841028935
0.0864785345833
-0.0513895770902
0.0716760340933
0.0728962713452
0.0477878740275
0.0548982026945
0.0252387591738
0.0590386865677
-0.0013706516761
-0.0048570237145
0.0804043188133
0.108624505886
-0.0229846062438
0.0437457953647
-0.0718823708571
0.089165674782
0.0512372013987
0.0368207000228
-0.0402309095779
0.0561726206168
0.0629325184503
0.0897037876474
0.0172686496385
-0.0319917790843
0.0896260275884
0.0877029647212
0.0655091464409
0.120695914491
-0.0217939103693
-0.0195484471551
0.067505021734
-0.0182414404323
0.0582838671015
0.0931852283557
-0.0241351966604
0.0539384655117
0.0557284726765
0.080326749124
0.0324686248016
0.0369398035293
0.0181374999852
0.0550896656058
0.0503311458572
-0.0501073422597
0.107352394285
0.0130837680905
-0.00351281761203
0.0530866051085
-0.0932414244511
0.0676656408003
0.11034748834
0.0938480163888
0.0390723210273
0.015100212717
0.0801207581151
0.0410612153727
0.00630075030236
0.115551187643
0.0732940702012
0.0540545684415
0.0343961236283
0.0660849842764
-0.0220199250827
0.0573813071073
0.0914668560841
0.105825087415
0.0718497795281
0.00327761348501
0.0327044743825
0.000888093011502
0.0165698483409
-0.061311223871
0.0168368534657
0.0432212807233
0.0286532732394
0.0224543829992
0.0577302244554
0.0567080184909
0.0170344426798
0.104204996756
0.0784950393314
0.0319563719409
0.104639354429
0.108815345133
-0.00259910710987
0.0149057505541
0.0250305397528
0.0155983846792
0.074179157608
0.0708773055335
0.115179861234
-0.091857461511
-0.0225692317693
0.0483771214449
0.118697876491
0.0560120259393
0.00606350227741
0.0327393631724
0.0544852685411
-0.0485567285531
-0.0060842375592
-0.0256313881426
0.0891680603593
0.00494625493693
0.0637455699835
0.0508080972137
0.000544510650406
0.0041018322864
0.0778187459853
0.0570609844267
0.0254708429828
0.0614228212651
0.0798592167965
0.103360214725
0.0479791227827
0.0952169452476
-0.0160679648644
0.126384665435
0.0325252350584
0.0816880297755
0.024020890648
0.00313486530277
-0.00675696259302
-0.0047440906244
0.0813218293295
0.0167908847962
0.0307760771186
-0.0119527753779
-0.0831665809347
0.0179808636097
0.0660620167309
0.0493874245169
0.0507932630716
0.0445007225305
0.120147880695
0.0724036865137
0.0474225236892
0.0411816986609
0.0165393439197
0.0662118684833
0.0295226149759
-0.0131862319861
-0.0173051914361
0.0373813874357
0.074348941409
-0.000833375967988
0.030904727282
0.0375151456505
0.110498981784
0.0604018976501
0.0893726285502
-0.0117932764951
0.106033729877
0.0892108615289
0.0576260960848
0.0507777660905
0.0853721893415
0.0493303593046
0.0638010602571
0.0255502236999
0.0819691616145
0.128558232458
-0.0262165017586
-0.00237848136442
0.00842759260973
0.00713446140054
0.123856224889
-0.0267752329381
0.127540390384
0.0766201282079
0.0379101376908
-0.051360279808
0.0113979408111
-0.0199273452935
0.0112596337605
-0.0376725228672
-0.0287787752539
-0.0150837099188
0.0833088524355
0.0236960912169
0.0906124244662
-0.0182341504263
0.0672012081367
0.113097439409
0.0652259669573
0.104221034994
0.0407601902131
0.0660111405546
0.0259860651788
0.00578878983883
0.059791530272
0.0519136046325
0.0229991796213
0.0203494500425
-0.0204606588788
0.0653189861006
-0.0713720173835
0.0577995685332
0.0628741569922
-0.00676115096383
0.0340061798842
0.0192344357926
0.010671490881
0.017312752341
0.120718237195
-0.0384062644577
-0.0177388058844
-0.045952492443
0.121454496342
0.0940608454715
-0.0254067848483
0.00341236256171
-0.0133529901432
0.0685654765926
0.052442845592
0.0394473176363
0.0752266351051
-0.0505907845909
0.0285132824302
0.0546798326804
0.112642535292
0.0861775943788
0.0512973410851
0.0390369395957
0.0317733516398
0.116855992723
0.0555686077537
0.0802544273109
0.0120369291865
0.0972652810814
0.0777437750769
0.0703829715496
0.109031286323
-0.0359225729119
0.0614244369196
0.0652588770059
0.0196061716378
0.083119252494
0.032700956621
0.112095013589
0.143196155382
0.0472570934588
-0.0326294193163
0.036302613949
-0.0345195224541
0.0249178924535
0.10217306835
-0.0391412525198
0.0484880833462
-0.00456680395035
0.0182014607041
0.0575472321059
-0.0318263388194
0.110437861511
0.0186028270322
0.106809028533
0.022198403763
0.0691895984248
-0.080895724945
-0.0203723072278
-0.0844207035708
-0.041737695768
0.0823363082529
0.00684108576632
-0.0198770282123
0.128729065175
0.0702876774449
-0.0244982478082
0.0634292775242
0.0360093196338
0.105565575754
0.0229049697976
0.0914122216826
0.0424366832856
0.0844951413897
0.0787300001026
-1.44459484233e-05
0.0665278209247
0.0161119670917
0.0721462673355
-0.081580139141
0.0921991775269
0.0106707665899
0.0570273090688
0.0873579726658
0.0390807102281
0.053277061155
-0.00852176764502
0.0509988368401
-0.0442901732755
0.10627505066
0.0683150609663
0.0379117815439
0.108261993907
-0.0358730149668
0.0480248028624
0.0701059350857
-0.063035882555
0.039037563931
-0.0160739937682
0.0987793817217
0.00925676280394
0.0819358330419
-0.0398047781137
0.123248268827
0.108493110978
-0.0416557371823
0.0486473853519
0.0847424979963
0.103800416884
0.0534045389163
-0.0260316977887
0.054117882076
-0.0479453051234
-0.0331930691078
0.054379353486
0.0737971303665
-0.0684305815648
0.0260580603501
0.00519042584282
0.103553712851
0.0178866836413
0.058513796272
0.0798417595134
-0.0132226754877
0.0694908244508
-0.0364449139385
0.0992972731265
0.139159569829
-0.0726440809867
0.131079055683
0.143315982933
0.0945447696703
0.0228785666992
0.0589334078204
-0.0558566213651
0.00288650413682
-0.0115747748231
0.00307441955928
0.10273007998
0.0379754379777
-0.00586685571759
-0.0524830394818
0.0210744880048
0.0949222314075
0.0356770632271
0.0603519911484
0.0713968550057
0.0617585700469
0.067058473047
0.0890634549904
0.0682355268212
0.0994588142226
0.101611158471
0.051698965445
-0.0128000327207
0.0864372793273
0.126660030021
-0.0353633549748
0.0575455669183
0.00967803134939
0.0626181692787
0.0503780210129
0.0142565742499
0.0463247153052
0.0251236295444
0.0199265512151
0.0925034882296
0.0397310568292
-0.133072883348
0.0886473150336
-0.00474831074789
0.0684674373247
0.018477445652
0.0938102659661
0.110075103425
0.128330003099
0.0466121421134
-0.0657068426854
0.0442493357234
0.13761180172
0.00699882858184
0.0265115022207
0.121893643027
0.119107269069
0.12574603792
0.0527803526654
0.0792486549934
-0.00773191713392
0.074040104482
0.117846105278
0.113534143464
0.0180367088135
0.0211632561718
-0.0251861001199
-0.01594819625
0.0620237348724
0.00692557285042
0.0399712969352
0.113492160395
0.105404573726
-0.0236688206806
-0.0354078253374
0.0427392197634
-0.0358605991316
-0.02878013197
0.0837469655115
0.0816330219324
0.0987376282069
0.0757732293332
-0.0111721507002
0.139826818618
0.144716211066
0.0403888534537
0.115570852617
0.0655428418776
0.0944831399944
0.0890873172192
0.0272092806812
0.0604616895045
-0.0316251771932
-0.00982023407026
0.0836307867399
0.0893042019001
0.031677335985
-0.0446874614147
-0.0161579390698
0.120939103431
0.126842980763
0.0901178428578
0.0279526126768
-0.012198806727
0.0632500722932
-0.000895800416919
0.014541342421
-0.056283191799
0.0113778931246
0.000222140497407
0.0125271245405
-0.00733980723227
0.0601779877073
0.000240150546598
-0.01572537507
-0.045214359287
0.0457064001719
0.0812341829682
0.0755408378694
0.0450465613645
-0.0104146467515
0.0343840113973
-0.072773438082
0.0753984124726
0.106014629712
0.104108367525
0.0837977433493
-0.0184301050002
0.00939666978741
0.0815290470975
-0.0278832083968
0.0909153090506
0.0113310464862
0.0053403842951
0.0272125879231
0.0831908685097
0.112595378884
-0.0232413564556
-0.0248739296531
0.0663308946589
0.0225963241048
-0.00801303082867
0.0335350923232
0.0245946276079
0.11269503694
-0.0173143514006
-0.000732269205292
0.116850202629
-0.0136007296722
0.0276238768305
0.0878870964804
-0.0374141916941
0.0813147763729
0.07484102177
0.113473811931
0.141480025858
-0.00266012931481
-0.0102185418695
0.0328679989554
0.0151891355922
0.0624527531659
0.0355897244613
-0.044761577502
0.00525788499544
-0.0118009201879
0.140151565688
0.0295457991048
0.0810769611732
0.0433787274661
0.133682479765
-0.0719455152556
0.0466407941532
0.115177761151
0.10293527152
-0.0991012770698
0.0527310102151
0.0883609765195
0.111210753305
0.0984617372815
0.0196353959288
0.00233628799629
0.109845491713
0.118362050599
0.0785985443771
0.0491053156244
-0.0328949090706
0.0282257785188
0.0891621000081
0.0752870210566
0.00616511623682
0.113139847654
0.0676956685761
-0.00824964062715
-0.0220029504889
0.11680696762
0.0353566980151
0.0935767957298
0.0748202370758
-0.000703480446576
0.100643009652
0.0424626943283
0.0464793277221
0.0437579789941
0.0288010036606
-0.0547950883741
-0.00560130042628
0.035252871007
0.0716586715834
0.112607630263
0.0733281063151
-0.0325436476097
0.0604701250668
-0.0114828512482
-0.0244345633521
0.00548053684816
0.0257926937339
0.0301351482151
0.125579156377
0.081965425802
0.0777837966056
0.0738050063105
0.0722849625686
0.0676243887168
0.0561139490924
0.0560109134564
0.13257293841
0.0625545361524
0.0577497560283
0.0251358933067
0.0978212782296
0.0322246219465
0.0212780361363
0.0398415616497
0.0134644277424
0.0559579993711
0.00358255179106
0.101854314364
0.0744464641263
0.0502688161147
-0.016282815901
-0.0601455347804
0.0293880381957
0.00358778144344
-0.00773884700004
0.0318160213815
0.112992132568
0.0675197146676
0.0908027293217
0.0943440148201
0.0351753954663
0.116628876918
0.054504011372
0.0249279782211
0.0156946753664
-0.000235495297075
0.0141374667306
0.0989121080875
0.0759995882641
0.138530594523
0.129180972218
0.00762166308467
0.124573493595
0.0295076161246
0.111822882164
0.124239023593
0.024097814456
0.112662272867
0.0572960539362
-0.116154505047
-0.0405165851493
0.0199403460649
0.0983788141617
0.079366626118
0.0972763948284
0.114856633177
0.0727009172551
0.0555339362333
0.105968582361
0.043374559046
0.0617669945509
0.103397726547
0.0952791791021
-0.00384716694521
0.0598315414098
-0.0924995653317
0.0609758931919
-0.0502963320226
0.0274494815297
0.0323037256716
0.0831402277535
0.0397842457206
0.0719265842863
0.110265055556
0.0782698952774
0.0426139035819
0.138244456815
0.1272453383
0.0269144083275
-0.028694450767
0.0126160080168
0.0113876285234
-0.0951054547427
0.0274322341882
0.00454732895293
0.0489545679347
0.0994151262119
0.00397936615822
0.0245484368924
0.0293846259934
0.104338473629
0.0982888450693
0.0337452111772
0.108901944331
0.0203750528795
0.0952973882492
0.0213385557129
0.103105342501
-0.00675856416029
0.0626839946425
0.0187373019497
0.0708799084943
-0.00181543754649
0.0974186932934
0.00242379316297
0.094850607795
-0.0153696715483
0.0861709809575
-0.0188620068369
-0.0592292478959
-0.067059335899
0.0624294232867
0.021605045972
0.0779553704265
-0.00843710992724
0.00566572091353
-0.00410383488422
0.0655361684076
0.0235852325581
-0.0301670420459
0.119557413587
0.0320092807699
-0.0533254320193
-0.00260779075708
0.036586160674
0.0462000363902
0.0999896656898
0.0153533091168
-0.0726758355086
0.0432712571073
0.076322133539
-0.0249874484998
0.125638536384
0.00767519681123
0.0771229928984
-0.0378408944412
0.105803184937
0.0664983065019
-0.00641758374114
0.00117175127612
0.0429494740371
0.0968692385237
0.0460355134712
-0.0191175349525
-0.0570468828548
0.0720903090291
0.0142662283413
0.0303935505556
0.0793717787465
-0.081014289063
0.0338533773139
0.0692498266031
0.0939698763882
-0.0919243833814
-0.0688400752542
-0.0288970394306
0.0434574645828
0.037857739415
0.117173077791
0.0499768661288
0.00697470077822
0.0524089503328
0.0768312690227
0.0290420035948
0.0650147307576
-0.0418526480825
0.0594838971493
0.0658936865741
0.132358307351
0.0805959066427
-0.00010605013401
0.0129423536179
0.0366698281242
0.0324860177128
0.110344167863
-0.0104521895228
0.125311057695
0.0526720146229
0.0864560229412
0.027155539667
0.107386503375
0.0865826627232
-0.0392376320039
0.0479345582439
0.026838698916
-0.0343516942976
0.0552544768378
-0.0147982241709
0.0718694039541
-0.000948446606984
0.136501931003
-0.0382455616021
0.0761972692886
0.0216789001397
0.119609811777
0.124487522191
0.0603946223151
0.071019403538
0.109036397537
0.125561859723
0.0323772585324
0.0471370957644
0.0163310527407
0.0293547912318
0.0875773926417
0.0220409812076
0.0136899997528
0.0869981246868
0.0457176641626
0.0826383984466
0.0622013096414
-0.0048019616033
-0.0497085757772
0.0866589043166
0.0813405439198
-0.00887568868854
-0.00903780934828
0.0341913945747
0.0302615273479
0.0708402253068
0.108680763756
0.132005057575
-0.0122869733829
0.0462458869195
0.0494245309585
-0.0222068037208
0.00756827176619
0.123338523897
0.0954321211763
0.115955870674
-0.0198117053418
0.0165919217822
0.0559775369724
-0.00867411520386
0.0882948493922
0.0633875617653
-0.0479631311517
0.0488478482666
0.00930875175274
0.107963768848
0.0565533100537
0.0816707389296
0.0195271223709
0.0910989807169
0.100713867272
0.110291402862
-0.00466264192737
-0.0835537249685
0.0709875267163
0.0341246879093
-0.00395839347955
-0.000923968311868
0.0014981681083
-0.00940164333105
0.099018470011
0.024983872777
0.0846692847587
0.079305342295
0.120057299214
0.0671086401947
0.0692839025021
0.00281371793803
0.0527548726916
-0.014584179653
-0.0465254234799
0.0950898888316
-0.0350545684795
0.0485785540632
0.00838459765805
0.0860583741752
0.0749800947837
0.115620525421
0.0474991774449
0.0210318268341
0.0637543251908
0.0149798720894
0.0354164171846
-0.0863598848537
-0.132981050457
0.0218284414945
0.099469863581
-0.0452604515066
-0.0641780649263
0.0892291993187
0.043277292459
0.0505645156783
-0.0144218448357
0.00848538934343
0.0847198757941
0.0073427139644
-0.0210469424116
0.0627115544026
0.115748028758
0.104855961369
0.0081352614158
0.0299324180321
0.00236084787803
-0.0135438007595
0.0234257769925
0.111563455241
0.0539990904409
0.111890253186
0.058705479883
0.0240602154579
0.0183319509673
0.0122809738688
0.0728467519993
0.122946632264
0.0130147959722
0.0706710259099
0.105355196127
0.0688149617183
-0.0998080369951
0.00443881756456
0.0405891373242
0.0366320821846
0.118617780119
0.0592834909934
0.00648989107213
0.0839030539999
0.143335099188
0.0386903946139
0.101779689843
0.069374935904
-0.112758597713
0.0725630715747
-0.0701662949198
0.0433249031391
0.0556576891011
0.0146551158918
0.0905205814412
-0.0288027910084
0.0976570662862
0.0163901880853
0.00889039311923
0.0982884402108
-0.00672865586665
0.0168588689892
-0.0508044486901
0.0392107408753
0.0410395305008
0.0504461273624
-0.0525622921714
0.102119797149
0.097388929012
0.0140687307278
0.103678534686
0.0810610015305
0.0688135251499
0.0425681879053
-0.0289256467015
0.0759184850113
0.0836284988645
0.0372494976999
0.0351402441047
0.00261717504786
0.0885622676039
0.0118882525027
0.067588873528
-0.00128605203662
0.0215149754
0.00236512871464
0.0890653432049
0.0602370693412
0.00758794939884
0.082790178577
0.0598458736706
-0.0597822588216
0.0622677235662
0.0960047501376
0.0347533154521
0.0194261246229
-0.0189826257315
0.0576199907731
0.0513265260974
0.00962792254874
0.0556690897248
0.099564167331
0.0662744828526
0.0158928688134
-0.00527044497813
0.119587773707
-0.0527173304966
0.0614684093081
0.0772582023686
0.0877985228536
0.115542596004
-0.0223303335759
0.0689345320734
-0.00253152537081
0.0660982986741
0.0767034089889
0.0944066007753
0.0561662612438
0.0191328159142
0.0893724068383
0.0288834911102
0.0354524203191
-0.0747823588871
0.0189346260275
0.0695308925987
-0.00259093729041
0.0147731591343
0.0662395681426
0.096652678924
-0.00671501821611
0.0452743139692
0.0800091949549
-0.0381617801163
-0.00918438802788
0.025332752468
0.0330252289706
-0.00895579444473
0.0715164991411
0.073885108912
0.0145006734465
0.0511807191238
0.0632379062541
0.0623533614536
0.00613641232706
0.0830570759907
0.0269501123682
0.0384899619104
0.104468401957
-0.00128609183067
0.132753408709
0.0225913663755
0.0114560133227
0.0512557269184
0.132381060314
0.120798550621
0.0649012434182
-0.0125306925588
0.05103852946
0.0844002175307
0.0674809055733
-0.0156861017883
0.120457515391
0.101047220274
0.0800602493815
-0.00997107192208
0.0928392198617
0.0760339251962
0.019804350118
0.0157841522783
0.0174006080552
0.00661129821592
0.0034934985028
-0.0386215090078
0.102431518197
0.119286521567
0.0630934643073
0.0681743076442
0.0477085679254
0.0622326525244
0.0656143896521
0.0424607795319
0.0203477683495
0.0078488425592
0.0183201262941
0.111267194527
-0.0211105081449
0.0219420138304
-0.00297087400133
0.0753394112548
0.0263408589687
0.00635847017679
0.094736109397
0.0394624178028
0.0220917312553
-0.022974658445
0.0328775678564
0.141183984705
0.0459990242077
0.0312243771864
0.0648023158929
0.000346073634819
0.0679941625665
0.0139898830843
-0.0131662167833
0.082233091613
0.0387113682465
0.101613861004
0.102659235574
0.100724748195
-0.0295283001045
0.0688653598965
-0.102998845925
0.0741976853865
0.0718886380079
0.0704059233882
0.0257496219272
0.0205179630952
-0.0830034437532
0.0151026740528
0.0385428762286
0.1299447995
0.0605399382737
-0.0263160315439
0.0693010181725
0.0508320837207
-0.105768606568
-0.00989172068625
-0.00447047974317
0.0714704567327
0.0101747862182
0.0240781929026
0.0623462533069
-0.0226125794697
0.0677009666575
0.0136712730727
0.123854444355
0.0331367465159
0.0183556037155
0.116501805452
0.0239712062042
0.0707695413267
0.0899060257303
0.00690739744434
0.0258278320628
0.126977802841
0.0578064370576
0.0721427098297
-0.0284626379788
0.0943549568226
0.0325426762163
-0.0103889436456
0.00369420978542
-0.0357385279405
0.0846215015094
0.0549146936713
0.0887469117435
0.0705242287757
-0.00902423823599
0.0347922563815
0.115829901956
-0.0664418391608
0.129959259447
0.00659770847279
0.0648184658087
-0.00128768015027
-0.00263924903149
0.0425638448093
0.0464821937344
0.0712633710101
0.0259514405387
0.0717435885808
0.0345619167798
-0.0184606008078
0.0235007819058
0.0442228559675
0.0495140285586
0.0355796022752
0.0223246711704
0.0862975340802
0.0144998878468
0.0371311353504
0.0633014284403
0.130106643815
-0.0917222978433
-0.0376261364475
0.0901689685861
0.0586815149611
0.0993567743601
0.0998963513908
-0.0215383883046
0.0956749707036
-0.00314642136729
0.07020800371
0.101144176003
0.0999953382533
0.0510853898892
0.0152512650105
0.0616619347183
0.0672350258681
0.129618509782
-0.0219026406857
0.0014402216708
-0.0755552251252
0.0552147655073
0.0761347404824
-0.0759584574552
0.112281658781
0.106320519729
0.0313014474074
-0.0526388662222
0.00486866859769
0.0679491669919
0.133183798568
-0.112633488468
0.0761135924239
0.0280387961297
-0.014373705473
0.0673043700351
-0.0208493781747
0.111800004946
0.0664367285823
-0.0364932568872
0.00661863708953
-0.00976512184026
0.0809562126029
0.0983213265881
0.0213068764895
-0.00415901474679
0.0390150116381
-0.020714291238
0.0218951205457
0.0368459664671
0.0272797587715
-0.00148368300906
0.0397967713782
-0.0102749052761
-0.11646311472
-0.0464243411235
0.0631010460946
0.0882255048587
0.0611626858515
0.0589343873708
-0.0300962668696
0.085181415969
0.080521428356
0.124737473223
0.0256830636677
0.0646511384302
0.0837418126803
0.101096935042
0.00171827105039
-0.00707599203638
0.00822855959078
0.042017162199
0.0683328872524
0.0527041573284
0.0783220710586
0.122352723032
0.0608412594424
0.0579490430385
0.0919389216853
-0.0438351307856
0.0636060844396
0.0611088755937
-0.00447718324714
-0.00159026125987
0.00837258078506
0.137044439169
0.0025593598468
0.0387207499359
0.0216241343064
0.00402787596572
0.0184923894691
0.0925269810658
0.111797428649
0.0654502568643
-0.138362117978
-0.0174260422304
0.0450925764643
0.111651473131
0.0756887796172
-0.0665954285241
0.0718412125346
-0.00745691521851
0.0608644257042
0.0430975497078
0.0445355552733
0.130896591521
0.0714594205144
0.0883949379992
0.0269397286877
0.0495178403156
0.113714521658
0.00550222547282
0.0643145756087
-0.0661240610018
0.0374972154249
0.0256410480413
0.00670920719753
0.0711313639094
0.100312139113
0.107480648059
0.0275756375784
-0.0288468857462
-0.053406836769
-0.00414148210882
-0.0137940877455
0.043604341747
0.0813455950321
0.0758080738822
0.035862668607
0.126192690891
0.0209439955728
0.0929012837834
0.00493112100524
0.0911969612148
0.0289053804345
0.052163876793
0.00359009205369
-0.0217942637062
-0.0293000707333
0.037317405275
0.0518359620262
0.0645896874148
0.121475483173
-0.028852876646
0.0373713561933
0.0861104579222
0.0892558676881
0.0988684847936
0.124287069683
-0.0259073400923
0.00722997744392
-0.0775192978708
0.0669569146995
-0.0301377045261
0.0771140176739
-0.0144718580349
0.116651535791
0.0198790636788
0.0650752906442
0.00590339642429
0.0335659371544
-0.00780007192355
0.0419695366711
0.0788527100451
0.0973347382211
0.11687760894
-0.000655603157037
0.0314248304576
-0.00368909975158
0.0967703020593
-0.0356564430577
-8.35225930365e-05
0.033357348891
0.0481925502288
0.0787992750517
0.0465895676618
0.0852799718833
-0.000505681631355
0.0603251331982
-0.0279626328434
0.0147161041427
0.0604300945959
-0.0393153174617
0.0588047908651
0.010511187689
0.0549778461272
0.0417156217627
0.0873620548048
0.0374895363715
0.011697606356
0.0842517113305
-0.0126700500656
0.0591205906831
0.0393472991019
0.0165412889704
0.0324588024949
0.0713248268523
-0.00915298412691
0.0799951537351
0.131758201033
0.0512374680188
0.105049464264
-0.0150757566014
0.0582053912376
0.0476678187815
0.0775000232503
0.115264851836
0.122375927836
0.0539453717419
-0.0230778163741
0.0992665490655
0.0326045586215
-0.0200237990788
0.063465764577
0.0349763841369
-0.00321413598556
0.0136245082964
0.0500438329546
0.0626158117665
0.126856923213
-0.119193550628
0.0633942345738
0.089100925826
-0.0833755194925
0.0299603073134
0.0299542945295
0.0314812423146
0.102597349473
0.043687753244
0.0646248219373
0.131763312993
0.0502792167367
0.058640707231
0.0766649101209
-0.016100935323
0.0569956978455
0.0163696312243
0.0756740111582
0.098812032765
-0.0448183170448
-0.0151428682274
0.0245532141358
0.0626174897135
0.0319763543662
0.00823488739271
-0.0687370878869
-0.0178970918075
0.0560261501559
0.0829236224829
0.0500708011427
0.0894072142142
0.0977841665629
0.061960735578
0.0527490997398
0.00853563589185
0.0611525143048
-0.00808426128127
0.103382402229
0.0677678426975
0.0116675937562
0.00742544434333
-0.0204104210869
0.0996807938623
0.0207980572385
0.050935457325
-0.00386058867696
0.0910565511184
0.116443488334
0.0539016017882
0.0165703400182
0.0960220837171
0.0729571311686
0.0265813927336
-0.0260862739547
0.106437210603
0.102557037449
0.0651830495498
0.0786761471359
0.0337858235671
-0.0167280483063
0.0575266744636
0.121798380231
-0.00326499389724
-0.00876185421369
0.0347070334805
-0.0417446123498
-0.0527118582503
0.113241129713
-0.0257969896287
0.0883815617626
0.130980600166
0.062007563173
-0.00951247879544
0.00797301925627
0.111024539275
0.0659935192857
0.0879638500632
0.0123286401101
-0.0363487066992
0.00620699157373
0.0264847168535
0.0750553898559
0.106871117836
-0.0203246090078
0.032585379464
-0.0489835389614
-0.0396245869174
0.0478233403111
-0.0277740427048
-0.012155705617
0.0637898086515
0.0763764029007
0.0746532921425
0.0456551833624
0.115063506142
-0.0499175609402
-0.00951951827814
-0.0074456241326
0.102087330949
0.0130475332138
0.123949011441
0.0144230731852
-0.00981627375135
0.0484458380344
0.0315652387806
0.00696016718998
0.0587298947375
0.0845891607522
0.0781409807266
0.00651437862743
0.127117432984
0.075997147283
-0.0446576676766
0.0404801402426
-0.0200341560471
0.0336465020942
0.0403618005539
0.104295719205
-0.0477512817065
0.0378916465903
0.0432697526803
0.0991542791541
-0.0155960484164
0.051198284033
0.110799555598
0.0361966976223
0.0601794069226
0.0236199377094
0.106765180326
0.000501713670221
0.0112687632895
-0.0251733076444
0.0276769862457
0.0322910066426
0.0163130398896
0.0357302824418
0.00467571313502
0.0348763357324
-0.11033685704
0.0376240555075
0.00376157481494
0.10759729446
0.0535756915506
0.0490226471272
0.0979894781591
0.123500728004
0.0784815909856
0.0521777764938
0.0708830570862
0.118059966424
0.0985234657172
0.0453242829513
0.102830298738
0.0903448352681
0.123600786912
0.0847915593002
0.0527401046744
0.131912006129
0.0566837724025
0.0972522700322
-0.0120702613683
0.0275492698918
0.0104497905286
0.0585044175482
0.110562087076
0.0451579169529
0.0171836525878
0.0406810841434
-0.00314144139366
0.0218665679138
0.114461500523
0.0825060743823
0.0415588957717
0.0506176820172
0.0809198245566
0.112130493462
0.0213482657663
-0.0230096988535
0.0725510082032
-0.0154797610694
0.0920551190715
-0.0107166688152
-0.00657807092846
0.0255202518988
0.00488146385042
-0.0535146060138
0.0143567764174
0.0827308799718
-0.0454895440677
0.0192599119858
0.0992022624755
0.0114944023645
-0.016142147441
0.0728697496571
-0.0118139690885
0.046145212138
0.0417763949652
0.0894981548434
0.104352321742
0.0639858775301
0.0485649970842
0.0649042446202
0.0611447843856
0.0152752124571
-0.0424450332266
0.0011949891795
0.0968264589343
0.0806122639654
-0.0053239338841
0.1155489638
0.0890177951911
0.0430048609562
0.0904777556297
0.0808046796712
-0.0524724275723
0.0804776949688
0.0552545634311
-0.00842656135633
0.116481840621
-0.0162716966056
0.121244247463
0.132772948628
0.0440746829175
0.080509157772
-0.0687067727894
0.0206235579766
0.0499336531406
0.107004797947
0.0288293448277
0.0728923368727
0.0089528767988
0.0666746697196
-0.0574523507942
0.118748174073
0.00194853594946
0.113906217292
0.024911481115
-0.0686392299559
0.0541817058988
0.00847152716368
-0.0198106963966
0.00922536101111
-0.00722298063283
0.0761093811747
0.0664760805442
0.0126269342247
-0.00903519630683
-0.0328229795707
0.0425675524896
0.0949255169463
0.0837149978126
-0.0130550208725
-0.00530343336005
-0.0596485275609
0.0155318378907
0.00111182695009
-0.0407574688542
-0.0213886850948
0.105287679053
0.060764353124
0.0622480408671
0.0648802304312
0.0815562341092
0.085710173501
-0.0153273560237
0.114400713616
-0.0413814115742
0.0504806088895
0.110492377963
0.0937456430654
0.0466701898724
0.101508332808
0.00292556493083
-0.00481020651567
-0.0129708458153
0.085514176114
0.0277918876067
0.101175624478
0.0879471824956
0.0613238470868
0.109854708796
0.132625574459
0.137100419226
0.0443617121462
0.063595224747
0.0906101860433
0.067269375695
0.0652343259676
0.0919753326339
0.0566364239264
-0.000952796361444
0.0334357132212
0.0572827317494
0.0467338421312
0.0344868325976
0.101222681634
0.0861784721759
4.67383766045e-05
0.0307909733307
0.11258639371
0.072996051528
0.0603946435626
0.084430166839
0.0533162787661
0.0416104457273
0.00388753254006
0.117856912445
0.114400185825
0.0264248409717
0.0930377824373
0.0395129668858
-0.0540605174696
0.011817243167
-0.0510375474913
0.0755792560022
0.0357794472979
0.0123311861338
-0.0485319901435
0.0276033996217
0.0291522753767
0.101630616619
0.0650424748983
0.0839105410483
0.0831303101832
0.118375984739
0.0670981238923
0.0711964706713
0.0943996012844
0.066662562717
0.0087547083764
0.065318623161
0.0215027339023
-0.0169583310799
0.0495844825173
0.0894008812231
0.105337377623
0.000118518804291
0.0607704652877
0.0391067104556
0.126712167239
0.0123887845653
0.0568264543368
0.0538009117894
0.0756836316992
0.103857325542
0.0658670178807
0.0626850468499
0.137667575256
-0.0119989228298
0.0505815740484
-0.0430605068162
-0.0721466752749
0.0643130345905
0.0435010651562
0.0492338470866
0.0818594767532
0.129176155087
0.024459835675
-0.00206512701185
0.030277007178
0.0448089905523
-0.0531650650284
0.058137849892
-0.000999693333379
0.00646376391867
0.0926088077339
0.128583762921
0.114408583907
-0.035916053959
-0.0372305741734
0.0592372566127
0.0605500762086
0.090487148924
-0.0132574256991
0.048922056005
-0.0186563734289
0.0999728229211
0.0816563487322
-0.0159326554398
0.0258118271154
0.0368233646428
-0.0582959813222
0.0332489272257
-0.0197090208359
0.0401325342583
0.06084706979
0.0493362966015
0.0881261082116
0.0332779570106
0.0612014426014
-0.0557597132729
0.0322859621448
0.0487963991725
0.0503843219495
0.0796307490069
-0.00999275089433
0.0229322300894
0.0292336782162
0.0503732219475
-0.0485639771439
0.0472534378263
0.0576329032326
0.0607000047039
-0.00192976017096
0.0214015342961
0.0705474603735
0.0867553294262
-0.0866290274097
0.058386618685
0.0906711395138
0.105079985584
0.102310905034
0.0515062098083
0.0483998045678
0.0400804711549
-0.0823620111705
-0.0699062837128
-0.0408043220534
0.0593256863183
-0.0102202295428
-0.00691202630445
0.0602953534475
0.137695490906
0.11760343045
0.038662261729
0.09367819462
0.0314142568024
-0.00843849810455
-0.0584393585358
0.0729818703665
-0.0418425088492
0.0892917372898
0.068960351555
0.0409501024712
0.13931070357
0.017016359766
0.0153873189432
0.102486385824
0.0327247140908
0.0375372766086
0.0135489567239
0.0777322696263
0.0544408479399
0.121776749562
0.104985872718
0.0309321770871
0.0842924832129
0.0200780727408
0.0372526273477
0.0467647404375
0.0884236849162
0.122286600274
0.0763020376287
-0.0366926227489
0.105824205739
0.0518539465223
0.133495793733
0.0415023970798
0.0639384893941
0.0310873905729
0.0810301446236
0.0751175963297
0.0651006349277
0.0840412878582
0.0198931668088
0.0506189659934
0.0392465324442
-0.0478681204369
0.00281142198633
0.0297777066581
-0.143640094042
0.0828285412832
0.0713131125269
0.013695239345
0.132414842622
0.0293105932908
0.110575470446
0.0325135805303
0.0356668713598
0.020457049998
0.0843874743956
0.0881265805577
0.126558615499
0.0686879654033
0.114205489309
0.0372386741406
0.0548655616197
0.00957887535495
-0.0492263421792
0.0280193339846
0.0427721398623
0.04781881617
0.103884965815
0.028681092366
-0.0839038206681
0.0806645358833
-0.0216519650475
0.0598183731369
0.143223238212
0.125182883982
0.0726896571268
0.0813559070288
0.102771877836
-0.0074648697222
0.0368031501116
0.068604896729
0.0343362050295
-0.0350161432095
0.0620522862557
-0.0223731082117
0.096813240531
0.0831867267018
0.0171977540817
0.0752022831344
0.00460866110423
-0.0539151200199
0.105873671073
-0.0232917815489
0.0247982747288
0.114658552684
0.0851970495962
0.140951056733
0.0403063071737
0.0626265834071
0.0546321224677
0.0866511741343
0.0603371121551
0.103538918324
0.11430513695
0.0998789093399
0.10519668054
0.0779116988547
0.00599099386898
0.0599574895359
0.0601007423238
0.111518129836
0.022466630557
-0.00746169556775
0.0780644150313
-0.00652968769089
-0.0292236228483
0.0488035644952
0.00513220734474
0.0335899888746
0.00433948395334
-0.0745196965158
0.0200321903403
0.0578106022759
0.129732552065
0.0763751090028
0.073445906656
0.0590180200987
0.104709195563
0.101983455808
0.0803872934349
0.061870795728
0.109699311093
0.119018150271
-0.0374516316692
0.0992452389094
0.12949997926
0.0423050645925
0.0138130028847
0.042533955491
0.00468027045813
-0.019369122928
0.0855808869005
0.0561952471667
0.0273748469095
0.064260773706
-0.00693871348088
