0.0891913219559
0.0565406318266
-0.0689253148644
0.0862085626223
0.0914921267687
0.0976148379371
0.0684315532034
-0.0331915599628
0.0188709367424
0.00630013201674
0.0723715491608
-0.0133591634988
0.0649783641017
0.00700783313163
0.094672160287
0.0611949655598
-0.0251769359486
0.12296524388
0.0258349177366
0.0991487596233
0.0191058699395
-0.0640209300412
0.0478517314512
0.0357607261282
0.0907324701083
0.109753172827
0.0120397566338
0.0212541487508
0.0571998318128
0.0320860849022
0.0590445757182
0.108256195642
0.00515332394493
0.0548738186893
0.0120647700745
0.0723403796477
-0.00163605665242
0.109644567888
-0.0593118403905
0.0945196806532
-0.00994407598237
0.0996762323355
0.0192497983607
0.0536458935883
-0.0799369869224
0.0138722466862
-0.034527435729
0.079829183651
-0.0286923527848
-0.041824121802
0.090473029467
0.0474724908443
0.00198288095542
0.0707953393179
0.0993269805961
0.0503929975715
0.115693984829
0.0324239348125
0.106033663063
-0.0318663938132
0.0373364891876
0.106721801451
-0.0723283306673
0.125076353551
0.00398377369752
0.00487835560641
0.0412940995736
0.0989464623095
0.0643593337097
-0.00129831199389
-0.0261939193286
0.0820925949083
-0.104303284312
0.00933937228407
0.00478145404952
0.0226561310954
0.0891118400479
0.0663180782866
0.0162814253003
0.0540084257748
0.0789558395535
0.071576811065
-0.00166642327641
0.0489903791484
0.00755886044139
0.0462354210125
0.107242397632
0.0331440853856
0.105882051011
0.0761303488949
0.0292443118423
0.0711929685306
-0.0125970648425
0.0152481810512
0.00616734521415
0.0532511476592
0.0414679234731
0.0750596485378
0.0188120781752
-0.0695383827672
-0.020610207036
-0.0322350296057
0.0778955112972
0.0513901097314
0.0443235518801
0.0362762702262
0.0243952192743
0.0231567167275
0.0903022737743
0.0373156447971
0.109523952288
0.038290963269
0.0795299412509
0.0795798565638
0.0249904214536
0.00136777436976
0.0474873759134
0.064689772793
0.012273730235
0.0914461748506
0.0302026979756
0.0330605349129
0.0996246584745
0.00596769944161
0.118509274827
0.0422340681712
0.0773202306725
0.0523828631305
0.0980796822139
-0.0195967508092
0.120612001459
0.080289894352
0.0547284621118
0.0222474251189
0.069796082016
0.00698459388605
0.0569282048228
-0.0184127083018
0.134767914886
-0.0304434731388
0.0813607451871
-0.0690721439258
0.0603002674782
0.128802322928
0.0373201664659
-0.00984849731551
0.0270818890827
-0.134344104825
-0.0683375582369
0.0686305855728
0.0656389408968
-0.0580512624443
-0.0295421249864
-0.00405763954601
0.0621384593254
-0.00663299606977
0.107294051986
-0.00496514531608
-0.0442074630069
0.0491533131865
0.0898446724099
0.0832985959474
0.119903351902
0.046727261478
0.0890817486338
-0.00887343748046
0.077472608099
0.0993081184253
0.0674933641385
0.0195823210004
0.103066410195
0.0233035674472
0.105523206165
0.00333764499916
-0.0287699603077
0.0936300829667
-0.177072494428
0.103134525035
-0.0367075486979
0.0886114136086
-0.0346387718308
0.082267488903
0.0623833412555
0.105124013837
-0.0296651374072
-0.00852308967945
0.0640201176396
0.0828604787049
0.0279434370714
0.00380296394699
0.0850337481925
0.00393314737262
0.0748139768342
0.0635604088847
0.106089388956
0.0545220289547
0.0441987245725
0.0369526422764
0.0345453811701
0.0950884966197
0.0429349147128
0.1154434957
-0.0396557945589
0.103451243632
0.0493715190557
0.0830717901503
-0.0153778047957
-0.00390728960562
-0.0241750908398
0.0126671491435
0.102638610083
0.0872393505502
0.0201969046529
0.0181693606696
0.0680515181128
0.0719206836263
0.087538860253
0.113156538474
-0.0134426561987
0.0049155666434
-0.00327086717988
0.0826304019363
0.0875168278034
0.093658463457
-0.0902310391639
0.105193828248
0.0169034036546
0.061870512477
0.015348366145
0.103782643715
0.11313023703
0.0520054312816
0.116632812748
0.059052434503
0.00761502262602
0.129142601833
-0.065490142533
-0.000897734501206
-0.00361645908236
0.081104612103
0.0647249556427
0.133184318896
0.082038299565
0.0335298465461
0.0511475385259
0.0347526341059
0.016495904527
0.0133817163767
0.0703137009714
0.088439314822
0.0413520394716
0.111564061601
0.0332046817955
0.0828065646639
-0.035548599485
0.0754132888224
-0.110167379854
0.0456482131231
-0.00470330305918
0.0790504619273
-0.0361906517586
0.106617248439
0.0562277997436
0.0950097017349
0.0197224664442
-0.00304183466486
0.10644656492
0.0408225308374
0.0631717139419
-0.00772632248551
0.0165307411947
-0.0303198267505
0.016053532235
0.0273630224089
0.0377496939861
0.0671281295715
0.0464975908045
0.0256645398889
0.136161400699
0.0750696288233
-0.0387166518976
0.11815640707
-0.0795986989401
0.0780881220988
0.06990974714
-0.00595771757857
0.000936620663563
0.0483453540741
0.071529547551
0.0899387622368
0.0285320290289
0.0825198708616
0.125757936566
0.064100878791
-0.000514558700807
0.102435403474
0.00860158189496
0.0347928391507
-0.0219462897962
0.126652746584
0.0437997442948
0.107463012874
0.0343143540325
-0.00117199867211
0.138902366334
0.0584272684438
0.0873878907474
0.0914420604455
0.0719588135
0.10684676338
0.00244075545591
0.0487071367716
0.0733518160423
0.0807463022457
0.036874118947
0.0668294457525
0.0168615202403
-0.0390294539065
0.0910724759403
0.0168510741933
0.0934051767969
0.0632788434075
0.0567105752606
0.0169230440735
-0.0905419246428
-0.00550475162421
0.0862166301908
0.0886710805618
-0.0102775370293
0.0987732250306
0.0644033338241
0.0819141865221
0.106795821032
0.0479845432171
0.0606058815229
0.0996242236713
0.0514374741795
0.0635394776724
0.0426994741005
0.0820739382186
0.0997936186119
0.0434269220985
0.120194144971
0.0874295013033
6.78754788215e-05
-0.00739286386865
-0.00204164624944
0.0789636560039
-0.0224917879628
-0.0263320773328
0.104763828526
0.103176233465
0.0422496082841
0.0183769301163
-0.0217577874428
0.053396310695
-0.00883926973739
0.0242174741586
0.105775236124
-0.127794866766
-0.0209697467495
0.0191779133686
0.0249229536028
0.058311105917
0.0343503763082
0.106390495411
-0.0129152920758
-0.0373115309919
0.107337295808
0.13529286006
0.0221612092852
-0.0483002510364
0.0928441086127
0.120395572582
0.0833788632228
0.0200298646662
0.0530905770187
0.0517373648072
0.115961269649
0.0131827583473
0.0865618378692
0.0543351367496
0.00976287711246
0.0321253260347
0.117729529773
0.0267639915191
0.0653767830121
0.0264320648935
0.110726255158
0.103661625256
0.120378279081
0.0364038463183
-0.00475782841652
0.0293896189657
0.0423891094414
0.129209888467
0.0595612382471
0.0481416538227
-0.0279368132588
0.0312321724131
0.122936042944
0.0308140692888
-0.0759345375279
-0.00637160202497
0.100778270022
0.0882770475159
0.0531419783503
-0.0217453582768
-0.0395732922802
0.114593075135
0.0379134184855
0.119259209676
0.103633493168
-0.000262427664558
0.0833223527632
-0.0505657167862
-0.013436574631
0.0063584461857
-0.0918017193641
0.0965388405345
0.0505679911976
-0.00595376642177
-0.012321725626
0.0657311253617
-0.081213792988
0.00875268686371
0.0980709780776
0.00830221335681
0.13785937316
0.0666253541525
0.106215133799
-0.00950312581737
0.0108534714357
0.0145129501941
0.0309303803744
0.0673036347962
0.105650242063
0.101494195498
0.0749685585691
-0.0144513663541
0.0292641457952
0.127972110616
0.115507248077
0.107893888155
0.0459663655476
0.0706436089497
0.0293299867763
0.0157246509006
0.0659069531773
0.00485177096653
0.103023981137
0.0473217123077
0.126327722722
-0.0143733835959
0.118934883216
0.106184014536
0.114650836035
-0.00742342057447
0.105462265984
0.0232850478875
0.0707798476025
-0.0172063140912
0.118901917545
0.0663008146082
0.0248809673472
0.0265069681622
0.0674028969606
0.128405840338
-0.0773072233665
-0.052002331118
0.0392715052269
0.0604050446169
0.0425829390038
0.00022242178417
0.0628987939993
-0.00143105637316
0.0427270445772
0.0141660996055
0.05944563335
0.0126443275195
0.114135235989
-0.0180023525191
0.0601430251602
-0.016710146793
0.0321416963408
-0.0560480100148
0.0102080877337
0.0764288240219
0.0457280478395
-0.0480087323468
0.0721013934251
-0.0802776671518
0.110068990006
0.0439216589062
-0.00971270880486
0.0791851063407
0.0823414665251
0.0628709318984
0.0567496095364
0.0601510838052
0.117035270769
0.0175629323209
0.101335616775
0.0830124883997
0.00636786522529
0.0536107308536
-0.0921040955137
0.0940953538107
0.061410657728
0.116459902917
0.00410832063804
0.108030299024
0.0227668184119
0.0707153056671
0.00507863848557
0.011928485959
0.011441899289
0.0801972671939
0.00791031527222
0.0367210605555
0.0729590819779
-0.0187544795613
0.0827169507383
0.0240389191302
-0.109181631369
0.0759356906682
-0.000766310963037
0.0452520192266
0.0750875394951
0.0408065687213
0.104453212137
0.0029594813885
0.069762032815
0.114963412551
0.0876235750021
0.0473766193347
0.106256230021
0.0236815200199
0.0281589596584
-0.0246727759553
0.0754006285968
0.00991279066183
0.0830143360104
-0.00576549566005
0.044770373751
0.126757961138
0.0615221338456
-0.0538492315159
0.0216826657536
0.0980501250084
0.0652421986068
-0.130205671501
0.108814795021
0.0777427575449
-0.0351293536801
0.0617355343741
-0.0037200014767
0.0302304072684
0.0568386650707
-0.0410567574779
0.0789103593581
0.0729050393587
0.0383945379761
0.0430242031994
0.0805360337658
0.0242105611795
0.0639099417915
0.00707510083668
0.100709037293
0.0380891305392
0.0702279031763
0.0808505524749
0.0864112994052
-0.0264056463304
0.0535212375602
0.0439351583706
0.0490304133099
-0.0418294941804
0.0175525646787
0.0194372433355
0.0307278780706
-0.010105438098
0.0408664033557
0.0465446900248
0.0748596442022
0.0526255105002
-0.112166379322
0.00111939441731
0.0347133108556
0.0726140258322
0.130735948504
0.119003052147
0.0208983086296
0.0194749382772
-0.0261083250749
0.0496605141562
0.00849286978043
0.0516425430798
0.122053714408
0.0263601897813
0.128532109216
-0.0391931628072
0.0419610699399
0.10359850758
0.0123422957387
-0.0140243292944
0.017075321289
0.0175677194957
-0.0213214578537
0.120052452156
0.0298788030919
0.0717790372958
0.0531032891458
0.0442486485879
0.0141787278554
0.0537327080623
0.0841411740602
0.0432466337901
0.0163719825351
0.074856100482
0.0358743720075
0.125940521925
0.10096894696
-0.0267502318146
-0.011327201268
0.0154102964031
-0.110696042817
-0.0284845208374
0.0623163870207
0.0798705825973
0.074986688185
-0.0273784205089
-0.0320685114339
0.0520937761767
0.0719473341738
0.0122176146829
0.0755738938919
0.0324854484159
0.0146454419181
-0.0524565579254
-0.0635412779334
0.0401033016076
0.122504279505
0.0197425323518
0.0712072562224
0.0872776441387
0.0798551756902
0.0314785815677
0.106415358193
0.108546046258
0.0651244801964
0.0988647657332
0.0808129092628
0.103518613387
0.109653835374
0.0716089449387
0.0613348826606
0.0695351881726
0.0660605356644
0.0623832925998
0.00258670191224
0.00555264868377
0.0462699210432
0.0623332639026
0.0253460054406
0.0397260833033
-0.0144428014273
-0.00486353902463
0.0304321822863
0.0769854351831
-0.00172586396551
0.0913342239192
0.0779012455241
0.0103506461281
0.00953663210798
0.108431487805
0.0186507896946
0.105694157794
-0.0231629130958
-0.0332932565915
0.109223869118
-0.00802265820657
0.00186783166244
-0.00500520156667
0.060550913609
0.0969919532
0.0792238090927
0.0774616102657
0.0550593233287
0.0109455946008
0.12847101289
0.0863377194585
0.0598022784384
0.126936003391
0.078882402152
-0.0103258054118
-0.0225923161156
0.114360162242
0.102106651202
0.0868873385118
0.0631365048876
-0.0196202228598
0.0747836879142
0.120718650595
0.0321024549155
0.00383111185921
0.0248193123481
-0.000640605104316
0.0394438953884
0.0939730747452
0.0263007199857
0.0728166677074
0.00222054504435
-0.00202289603486
0.0359528773901
0.0229598047657
0.0589745463654
0.0275890690804
-0.00884099928686
0.0315431854839
0.131723204475
0.0990855977416
0.142575735763
-0.00696467098788
0.0341436960354
0.068107956103
-0.0450847622722
0.0922194192532
0.0589197532938
0.0848503685174
0.0409039832408
0.0457965036987
0.05147432685
0.119980991893
0.0409577480232
0.0975839008632
0.0367713381936
0.0720859379354
0.0408630425598
-0.0143660093625
0.000678191578631
0.0821879750794
0.0141080885206
0.0173855935791
0.0950848267628
0.0476438877462
0.0661551905875
-0.0036491373739
-0.0332988305501
0.0398187913767
-0.0263631642528
-0.025958166992
0.0969289490542
0.0810622562477
0.139654019655
0.0343107049747
0.0564555329566
-0.00216361034915
0.0513199149898
0.0929871564957
0.132039990885
0.0506757458842
0.074475646207
0.100852562442
-0.023288716569
0.0224071860878
0.0240854648366
-0.0333082168688
0.0972168620722
-0.0363228465045
-0.103149534003
0.0609013146742
0.102208774877
0.0325916543181
0.127538500644
-0.00966904832657
0.0984922740435
0.0565137647707
-0.0313571911711
0.0367453903663
0.0813352399564
-0.043968895047
0.0793961090496
0.0674106547656
-0.0406346002749
0.0277507207531
0.061653436228
0.119329785918
0.0262879415874
0.0073370939779
0.0140383817153
0.0362198900458
0.101458237773
-0.00451918393655
0.0938890703175
0.00815161456536
0.0644366493343
0.130896762648
0.00862611802459
-0.0273793659034
0.0199425785433
0.0245259019711
0.0996029466781
0.0450849870856
0.109512660029
0.071367374846
0.00809257619762
0.0459337967563
-0.0537272906695
-0.0372867245788
0.0477170211686
0.0620077126805
0.00327218567364
0.095208784781
0.0618456266082
0.0382233672752
0.0650306619025
0.06300301075
0.0742436971343
0.0258170707279
-0.00134704924924
0.096288776046
-0.0169920063916
0.0870384446519
-0.00720481522656
0.0102797532755
0.106259115285
0.105274314572
0.071537922535
0.00934465608391
0.0124653866009
0.0208989413338
0.00967971020548
0.0884699314157
0.0250441448031
0.0150963960204
0.0484818956234
-0.0786829657842
0.00998597330064
0.0339287141564
-0.0506948159904
0.0697345103482
0.0582892698992
0.0136323541847
0.0438863119221
-0.0260386455476
0.0819362640589
-0.0161255706134
0.0748288794463
0.000111419765471
0.0624759152861
0.0484355093659
-0.0445724777141
0.056902950863
0.0530282502913
0.0576194534107
0.0784069351854
0.014862869418
0.100630759934
0.0312779843793
0.00626227437963
0.0581667134213
0.0280381804376
0.0659378368271
0.0464932431395
0.112594059055
0.0139355099436
-0.0184807054834
0.0893913375
0.0594968162116
-0.0269323231198
0.120186964754
0.0034020606104
0.120231311463
0.109552705566
0.0103104027992
0.0129541695964
0.0346691822691
0.0465653539065
0.0654902571883
-0.045340050109
0.0225541005119
-0.00269314420377
0.0176481547705
-0.0537745616184
0.116360917167
0.0221692049866
0.0418736645304
0.103722041395
0.127787860391
0.0802299835365
0.0790266501153
0.0559375569508
0.0602866009912
-0.0489272793813
0.0377804378643
0.0156781352187
0.00203046236112
0.0694567490997
0.0988108052116
-0.0161179743825
0.0135188022786
0.00759974363018
0.0798662886222
0.025624721673
0.0131064214535
0.105538832278
0.11971748244
0.128645478163
0.0244240854148
0.0895217761217
0.059410505921
0.0644983241484
0.0817249618398
-0.0103315559864
0.0538421924272
-0.0961489766986
0.074219391233
0.076655820225
-0.00386764701519
0.0223679395632
0.103701017762
0.0205156574112
0.0951060238708
0.101925195585
0.113776802978
0.0459839319826
-0.0334646354782
0.0673767064703
0.0310172190596
0.0520938460315
-0.0154841243899
-0.00356463484063
0.012507512392
0.062737362324
0.0280395413584
0.0456863982706
0.0656964480273
0.0636382826
-0.0445468635613
-0.0132581114084
0.0461577154397
-0.0481423832249
0.0572634665428
0.0848734902549
0.0710144364807
0.0294895785573
0.135203764366
0.0958166545369
0.0763627582646
0.0160425419091
0.0578000998564
0.0280951268158
0.14600578606
0.0532466693514
0.0078224922641
0.0749450168635
0.118457886835
0.0529554992624
-0.0055805212957
0.113216235665
0.0445540870975
0.0480358759916
0.055190661848
0.0293886786888
-0.0172189929665
0.0563013219892
0.00516526797585
0.0138969326675
0.0476850249953
0.0248961375996
-0.0495377269326
-0.00971927311425
0.0688484470083
-3.76305154361e-05
0.0864317529498
0.0606196531833
-0.0334072143256
0.0888946946175
0.09215902278
0.0522985204152
0.0113208156892
0.00320781023115
0.0992747398248
0.0247401444126
0.0557417163285
0.132832009285
0.0156124595223
-0.0114263485151
0.120201274155
0.00317938729262
0.0643256291439
-0.00247592022782
0.0534898521086
-0.0354317656309
-0.0129255821027
0.0421674212575
-0.0212011205932
0.0465860601794
0.0922583609831
0.0602929435503
0.0911468075449
-0.00762927896679
0.100968725712
0.0873571433671
-0.0264141857694
0.0999569383238
0.103657646079
0.0894452102738
0.0370876769073
0.115756707643
0.100240690961
0.0770732142802
-0.0049832870314
0.121427020557
0.0400444056957
0.0578842772868
0.0601443687446
0.0566351061631
-0.00871279784454
-0.0417666737123
0.0834445953385
-0.0551191660599
0.129569959607
-0.0157989349943
0.109005884418
0.0297208377367
0.0964467105515
0.107808636421
0.0488346474938
-0.0948445073989
0.00368973520941
0.047613136529
0.0110601838016
0.0703363274642
0.0790126411093
0.078395948431
0.0341384467432
-0.00346496515187
0.0427163487269
0.0299772276934
0.0161115851126
0.0452061293652
0.0377834229884
0.109009886737
0.11477318043
0.0624248335338
0.0803617376748
0.115225688873
0.012456112523
-0.00881211883424
0.0693987026244
0.0839595434452
0.0235718337172
0.110587374493
0.121079343609
0.0719067796847
0.0660998498436
-0.0520586454981
-0.00243806051753
0.039952354754
0.0761233124177
0.0136450680438
0.0220457994693
0.0462342238601
0.0864887524908
-0.0340128092822
0.090919557883
0.070458655514
-0.0167824464894
0.0569023583107
0.0970194102011
0.040705690861
0.0229036299203
-0.0186158149711
0.0471187825306
0.0875573571656
0.0213898333127
0.10043922368
-0.00864923237765
0.083959814359
0.100625873985
0.0270284857498
0.0285207987988
0.0538033756835
0.0541045301262
0.0505955066726
0.0499790931355
0.00633530214328
-0.0402134492443
-0.00888963112216
0.00745347530329
0.0422392990965
0.015586814227
0.114075905734
0.111157147329
0.0649568708929
0.0816027228557
0.0370882708881
0.0244248989779
0.0817033550424
0.0935247384413
-0.0254587780856
0.0547281702773
0.126520957152
0.00810646265043
-0.000206206043882
-0.0022101660623
0.0263552168365
0.0129023799945
0.0452250917316
0.0389366409086
0.109875099744
0.0205468001948
-0.0208084252331
0.0655946776794
0.0236254708959
0.0203377316053
0.000614575945954
0.0473023206838
0.0684310523242
0.0956249796059
0.0583354360466
0.0117961408251
0.116671750491
0.0195585353011
0.0569107108221
0.0361181911851
0.080425232166
0.0931614446106
0.0811923584325
0.00526960618354
-0.00232772818866
0.0455937552024
-0.0342250282975
0.0442340195546
0.114352543791
0.111564980047
-0.00457720084428
0.0162782199248
0.08096390135
0.0721399373796
0.044101064852
0.0674816703688
-0.0210035402532
0.0599748843095
0.0252326874506
-0.0726100049727
0.135414566414
0.0188857744071
0.0320458160035
0.0547378326821
-0.0292780501069
0.0297761284014
0.0614143631734
0.0513806920301
0.0525223340441
-0.0313139591408
0.0950597065753
0.10599470302
0.128258628814
0.0547909397826
0.0946841643834
-0.00173949966906
0.0491914683186
0.0725037186738
0.132031054596
0.0888792146143
0.0340522626182
0.0822179456843
0.0625162196856
0.0804718591919
-0.124902564987
0.0280475180999
0.00492134251313
0.0532695913828
0.0175549431883
0.0349852530075
0.0528293334641
0.00929621556109
0.0670337831176
0.0659809997772
0.044859883526
0.0645457318811
0.000576213586299
0.0391993026102
0.0665630935674
-0.00868332392451
0.087446031234
0.109767784781
0.0927001603578
0.0798305757879
0.0514388899425
0.109177068208
0.0637740096758
0.0325139160946
-0.0113739407117
0.0626771454927
0.0526349702284
0.0436744631263
0.116780075831
0.0240189512247
0.111232946339
0.0489455052407
0.0648061881252
0.0712499223742
0.0845304366573
-0.00292705950839
-0.0627445300519
0.0574735205688
0.0222743598447
0.0782846144465
0.0715781325702
0.0205393802891
0.0555327201029
0.0414410360223
0.00973842122999
0.0250549395285
-0.0122104231017
0.0592555169359
-0.0325191021879
0.106770630631
0.076665901849
0.0714052670866
0.0448491296051
-0.0769290529081
0.105625585687
0.116524438752
0.0606348953122
0.126662509198
-0.0632760376296
0.0787331448643
0.0721386556213
0.0972615021216
0.0847424986027
0.0812701344387
0.0840916702472
0.0719646568522
0.0440712363556
0.0827299946795
0.0160483302955
0.119210553677
0.113862693116
0.0688666478474
0.0339350432826
0.080510142591
0.0834630739247
0.11463516582
0.0698520391787
0.0358953079466
0.0590126416627
0.134860597761
0.0411440697359
0.138142494087
0.11353421815
0.062573344349
0.132056722063
0.00647696352985
0.0142877835992
0.0946854890123
0.0334687577627
0.0515468311154
0.0904097371461
0.0661213518697
0.128192821694
0.0276931863332
0.140907661603
0.0474835210532
0.0953768167517
0.0066429659695
0.0402719655973
-0.00758332194196
0.0309423760526
-0.014149566308
0.0326581657574
0.0425300455603
0.107553392202
0.0869426179511
0.0398762415625
-0.0676534632767
0.0322661919803
0.104396787171
0.0564446623108
0.0885789022753
0.00621051101711
0.0587425946559
0.0186502968077
-0.0898802512573
0.0559512910363
0.0572128895244
0.0676374698522
0.0186854124051
0.129492935714
0.0678579041785
-0.0138895451309
0.0757572678358
0.0312684074476
-0.0751856098487
0.0631499152342
0.0920680779562
0.0996942037176
0.00726219931264
0.117286402888
-0.000996816354426
0.0875757497173
0.129922946332
-0.0928555883449
-0.054810910459
0.0913471082896
-0.0263129691143
0.0451150334875
0.0865774150672
0.00854641923189
0.0796870464756
-0.0571214395072
0.00751380324816
0.101757812625
0.10706627987
0.0633473733316
0.0600088331055
-0.0769030494788
-0.0761617931806
0.0744355406084
0.105064154781
0.0171636980773
0.0399367396048
0.022871894541
-0.031132147243
0.0673613454842
0.0219404346011
-0.0650057584918
0.0508072668743
-0.000740059814849
0.0405818603001
0.0382552877177
0.0176029515576
-0.0298323104758
0.0296339761943
0.0598417916909
0.10534401474
0.0125809034029
0.00134677937534
0.105534531299
0.0605273228187
0.130419344283
-0.0274415865967
0.0806552906277
-0.0119924894675
0.0405478963401
0.0814926665534
0.121164572885
0.0647524449864
-0.00317012439511
0.0512090749952
-0.0299695733093
0.0635093197053
0.0327793940154
-0.00503534989826
0.0057700253415
-0.00324711769958
-0.0404317676491
0.0110104392276
0.0970660961161
-0.00216589825272
0.106710614582
0.00769056956858
-0.0799462348503
0.0270860025888
0.0248360990042
0.0988163580618
0.0394881445369
0.102578831806
0.0493073033356
0.127788775897
0.0184794205032
0.0836882935798
0.0510555188696
0.0521795387506
0.0434160533439
0.0863624557074
0.107361120314
-0.0142108593354
0.0261806542303
0.052968661625
0.0461552943911
0.0756273718346
0.0377091150263
0.0617254561994
-0.0655049471263
0.119460232837
-0.0267627120131
0.113122940397
0.0645376045177
0.0795179297534
0.0990911927164
0.0433531050431
0.072026867338
-0.0491898682492
0.140322393515
-0.0118377725054
0.0621479406283
0.0812356372565
0.0232871706072
0.06182413306
0.072448124867
0.125277341106
0.117435162665
0.106093852516
-0.0041740190943
0.0994485216967
-0.0268004846606
0.0752138793532
0.0552238113013
0.0555415692996
0.0996775534597
0.0457704228709
0.0517356847461
-0.0144417426265
0.0157343207606
0.116780767352
0.0668376358157
0.045079360051
0.130015903652
0.0745308252624
0.00369406545447
0.0779749318449
-0.0236538523198
0.0494327453191
0.0114337206106
-0.0122253031159
0.117358655871
0.0754734948284
-0.0451073998103
0.0175819759933
0.114005365776
0.00837797037892
0.070369783029
0.133553580807
0.107010952133
0.0449533997382
0.0891436913259
0.050326977218
0.0201721276255
0.0851358756711
0.0574989194609
0.00283306050085
0.038460247187
0.0788487288125
0.00711592164155
0.0695844529019
0.0766626428368
0.0408312436017
0.0646216511211
0.11436254674
0.0598488823499
-0.00954036905183
-0.0184549773475
0.0577283156279
0.0890306132142
0.0236528390429
0.0421347397082
0.0514626597792
0.0124461159424
0.0568406251107
-0.0204521860419
0.0455517871522
0.0731289006836
0.0685882320255
0.0258584216217
-0.0146501462407
0.0262390646905
-0.0137512765135
0.109281270878
-0.00132569746364
0.0742447002486
0.0382886437281
0.0783181596886
0.0604990209383
0.105794473573
0.0907749365621
0.0949047102024
0.0389134228588
0.0663714489166
0.043315842829
0.0104367450779
0.039688677886
0.0457890400006
0.0740819013498
0.065724513777
0.115522513089
0.0508322126344
-0.0266479718967
0.0790976874282
0.0988972625797
0.0107542281544
0.140591236237
-0.0570285884879
0.0366356045184
0.0610400556173
0.0746650790915
0.0143298693833
0.0131364842043
0.103312996432
0.0358938697683
0.00969000674178
-0.0589909674833
0.0364178443616
0.0720646925765
0.0372530613232
0.118342367251
0.0428086923765
0.0921447274032
0.0905816393951
0.0926157762785
0.0136024053336
-0.0488401147782
0.0286453957808
0.139349933837
-0.00549527559001
0.0620484840549
0.0712657226641
0.0519786400621
0.042504626906
0.00762510874861
0.0761453132493
0.0413277445746
0.108908483599
0.0929801535457
0.0402178876719
0.0611494373537
0.0909633701896
0.0412811043339
0.0567789833485
0.0142448434253
0.0587366074628
-0.128759762314
0.0258036248804
0.016497559735
0.0251756517161
0.0648622844854
0.00901582799044
0.0496864637275
0.0330581273592
0.0535345478902
0.0548647183265
-0.042736263112
0.0259275186287
0.0977037386632
0.145222721592
0.113143655301
0.103381333008
0.100124934857
0.0166056326617
0.0549453947724
-0.0482418423606
0.0771365812182
-0.0661875230419
0.131842896529
0.0671598071146
0.127921940908
0.0391308767292
0.031195115676
0.108098727306
-0.0276191346669
-0.0540959307686
0.0761464253119
0.139014672447
0.0760707521514
0.0128804066693
0.1105011502
0.135517011172
0.0375049344373
0.122754820703
0.083057098928
0.104990042724
0.0667080952562
-0.035189109723
-0.0285883457643
0.0841902747267
0.0863535558121
0.0298529249465
0.0902553542154
0.0558041185547
0.0304332586148
0.0624589419296
-0.000653481658022
-0.0242202093233
0.0741808197168
0.0534768401822
-0.060037713935
-0.0572483003421
0.0295812085566
0.0121457032731
-0.00796041227873
0.0522798339805
0.129041524593
0.0393644478493
2.61202488669e-05
0.0071139883898
0.0588082470057
0.0374193781617
0.049553613517
0.122062313143
-0.0157775204529
-0.0147489373069
0.0497146407627
-0.0643218567642
0.0904959301825
-0.0520648564574
0.0816422168722
-0.00919974784705
0.06374518718
0.0582767820123
0.0804647452371
0.0683015418013
0.0294840128239
0.104909677702
0.0518878048904
0.144516418322
0.0069433648869
0.112915640228
-0.0034789334288
0.028136089961
0.079002890942
-0.0337449933687
0.0141256833191
0.0749250369155
-0.0124295685958
0.0508758027861
0.0304651029525
0.0701282883238
0.046185340765
0.106101884128
0.0293903550402
0.0385179424198
0.0714512473383
0.0169603690032
-0.0141267024064
0.0840672676427
0.0809058286672
0.114196687272
0.0583872184689
0.0231090384162
0.0570167381633
0.0383317772453
0.0921847608072
0.0526670837583
0.0547613685495
0.149270549681
0.0795833863885
0.0995968986895
-0.098831895552
0.103036593287
0.0992372305553
0.0429069053925
0.0202668553898
-0.144821052632
0.076980230728
0.0167211400199
0.0914635890976
0.0127611993721
-0.0384120837467
0.0142486514495
0.0778416550123
0.00951697339697
-0.0374306742332
0.0910112529705
0.0547893140465
0.0431199647904
0.0298495065296
-2.74140995913e-05
0.023671492056
-0.00511004402258
0.0641292779897
0.0895314121502
0.0116942639445
0.0841604305655
0.0887772259779
0.0503200835181
0.086818874195
-0.0241375932272
0.128211568904
0.00795960638321
-0.030708311753
0.111257751937
0.0441402457078
-0.0352341615142
0.0146698188411
0.00263361406852
0.0160734767056
-0.0214647040115
-0.10174630842
0.11490819091
0.0524883741978
-0.0511770603054
0.00600861876571
0.0406963253498
-0.00284526201161
0.11505754209
0.039119743627
0.0233001211936
0.0153454978564
0.00300331769078
0.0187297170053
0.0783920500436
0.0102780496189
0.0851098228084
0.0939770898444
-0.0456231516314
0.0921397664037
-0.0894685963475
0.086876524537
0.0885006209747
0.0746968047295
0.038451023607
0.100601110299
0.146431153175
0.0823193605766
0.107924492064
0.00177312742999
0.029151682729
0.141436404357
0.0814493873228
-0.00398181700469
0.106458452204
0.0924975140699
-0.00872532294384
0.0178514852896
0.0923760131092
0.0639846269509
0.115070454356
0.0766086189684
0.0802942730899
0.0696561574438
0.124651568048
0.0760364761777
-0.0130597066201
-0.00572459377218
-0.0235843466613
0.0976662827114
0.041614384106
-0.00676273246184
0.105897590977
0.0938164498497
-0.0103751981914
0.125910563864
0.0337071779375
0.139231367179
0.103527667755
0.00335488664863
0.0736276084523
0.0272222747889
0.0686953065513
0.0307749481621
0.0565794667786
0.0243326393722
0.070677860145
0.0120911892358
0.0276100760867
0.0519724121163
0.00962156516286
-0.0656096624487
0.0698312931592
-0.00679842009885
0.0459233413249
0.00772117159858
0.104357385452
0.0916833717714
0.0383154133196
0.109900104629
0.139901088024
0.111868457737
0.113676331148
-0.0121658521178
0.0834766697044
0.0490000605098
-0.0500843911546
0.0963012324181
0.0516802220813
0.0347673956493
-0.0279178599108
0.0135595806461
0.0652903392847
0.0872824846788
0.0137441517968
0.0659659708916
0.0753168593724
0.0238191137336
-0.0227971165176
0.00647498309001
0.0729216451386
0.0875258991344
0.0192785943265
0.00733370836837
0.0441289625592
0.0046981625996
0.0738135984569
0.0887185720256
-0.0385241698614
0.015952895999
0.0333900234295
0.0418636521124
-0.0193237305236
0.0415043695093
0.0842303827135
0.00682807965231
0.0482626993999
0.048630767674
0.0425900496495
0.0137423748075
-0.0795550731792
0.0776674611809
0.108225196437
-0.00573352299515
-0.00898410740364
-0.00536953490404
0.0034616674133
0.0368445463495
0.113932345387
0.0742377490522
-0.0469282922109
0.0489658928888
-0.0102330854211
0.131673469056
0.0646885031719
0.0402567577744
0.100076793129
0.088408684775
0.0350796857497
0.0755853541228
0.0371856862338
-0.04516057897
0.109269631071
0.0626674527497
0.0689510074917
0.0714084067116
0.0906499841513
0.111635083482
0.111844411283
0.0931356472341
0.0323438122947
0.0752476281625
-0.0363773789942
0.107207296486
0.00473757488638
0.124375557412
0.0670107336889
0.0506802577723
0.102212330303
0.0829199216146
0.0966475937548
0.00137875501142
-0.0186774288438
0.0840556957174
-0.0137912504713
0.067863044545
0.0926473128393
0.0675073006054
0.029900066384
-0.0732586526004
0.0434376851564
0.0693100083256
0.0499451873069
0.0144437373137
0.0681595761541
0.0073087080865
0.0287864930052
0.0365641072622
0.0028871627609
0.114702485855
-0.0294119960735
0.00286975749141
0.0360643129768
0.0129173147959
0.0421602239007
0.0796818857834
0.101044167082
0.0853887763207
0.0773782100835
0.0229789990904
0.0974987371008
0.0183374774412
0.0279692355285
0.00314411987553
0.0482955931688
0.0735829635806
0.0186971349021
-0.0124231808714
0.093164489027
-0.0445802816932
0.0402501619384
0.0270997072019
0.108983546176
0.0467157349592
0.0637480607408
0.0470721331425
0.0310884036217
0.00115768295837
0.120776707541
0.110625275569
0.0069656452623
-0.0243814124462
0.100952548
0.00961215639748
0.0625518332052
0.0447862279899
0.0934946192472
0.108450055304
0.0513769713585
0.0574982932864
0.061237105536
0.0404469685495
-0.0302303510462
0.0165500087955
0.079150070784
0.0942631653167
0.0641253154121
0.0694203213501
0.133348862392
-0.00752241360998
0.0464172092859
-0.0173299607292
0.038402863368
0.118643324303
-0.0136938582226
0.14875822446
-0.0387366526758
0.0479643085503
0.119629160181
-0.0046531574617
0.0661924698377
0.0587099086563
0.0642234464259
0.0109958382641
0.130115727218
-5.01781833595e-05
0.0446731928333
0.0750481339994
0.0859950377481
0.0296556797183
0.0608451922586
0.10842035278
0.0192366555622
-0.018367620105
0.1488087033
0.0790689650433
0.0460509954239
0.0981764817926
0.00491270382214
0.0562281078556
0.00483480367053
0.0198118726305
0.124792861816
0.102011277907
0.0822107854555
0.0490304162543
0.113710387241
0.0484192224368
0.10606487582
0.0275952145002
0.12405641859
0.082107175083
0.0585530664839
0.0408733826598
0.0219854558784
0.0354771757655
-0.0149646068563
0.058669987833
0.0831121745286
0.125940052857
0.0307705574677
0.0663311406519
0.117287921405
0.121331797445
0.0425501495376
0.0950459104933
0.112057107132
-0.0802480535761
0.10359899937
0.0489681595018
0.110714673186
-0.0401150192112
0.0626634523067
-0.00978918400146
0.026807189827
0.0563826674898
0.051006555987
0.0945809338728
0.0773965292473
0.0314350993018
0.0521150986001
-0.0458158671703
0.135126799157
0.0439340347301
0.115196078094
0.0666390947169
0.0797506084334
0.0885674580791
0.103777538024
0.0315312550321
0.061522353809
0.0792755743379
0.0472774483067
0.112718309652
0.0759500301387
-0.200060340124
-0.0137590022384
0.0259454784693
-0.00774200139654
0.0396461456701
0.112880726382
0.0806379065375
0.0637055626982
-0.0178006989438
0.0975244308178
-0.0115472609078
0.107907314588
0.0879412650928
-0.0461971039751
0.000918042236998
0.0177968875281
0.034176074039
0.057784225586
0.0216818250889
0.0820803238765
0.13819252523
0.127593195738
-0.0358295698137
0.0506860451111
0.0987254010794
0.114753626147
-0.0656149214874
0.0897718123977
0.00878309148558
0.0665868176449
0.0485121238276
0.0981546989472
0.0199139170673
0.0316234974811
0.0370693362688
0.0500023158121
0.0579788865465
0.0527989027515
0.120091248128
-0.0186382364902
-0.00338582778595
0.103174676845
0.120924824952
-0.0287708122982
-0.0363444762409
-0.0534037906078
0.0446667847391
0.00344129565878
0.0663769314131
0.111600339044
-0.0662010977884
0.0536571754347
0.0861922025682
0.0839769076926
-0.00975100672905
0.0391297461579
0.0145977552986
0.117110895631
-0.0340030043435
0.0790429098108
0.0894042359492
0.0323764503083
-0.00203917163288
0.0808207205601
0.0747159531714
0.110877752192
0.049809804011
0.0964556698321
0.0388653143031
0.0760221549865
0.0331688583778
-0.0158405561022
0.0275049712618
0.0148951517408
0.0102370192783
0.0704658841641
0.0998225771942
0.112089424896
0.0893741338042
0.0252983031392
0.0864601494367
0.0479178369051
0.0978115120724
0.0875869805431
0.0124057908407
0.0606035721871
0.101699414556
0.0228509026067
0.058142635163
0.107145315844
-0.0011147414086
0.0826956154234
0.00148005904056
0.0856842178196
0.0491664795175
0.104941226134
0.0878275209032
0.0719720086214
0.0938191027719
-0.00903273608
0.0516745836827
0.0679699956888
0.00489241860905
0.102002103445
-0.0473478665799
-0.0268120329723
0.0755070776313
0.130207365006
-0.0552962931071
0.0691703835165
0.0415429628192
0.0224645960212
0.0148698676305
-0.00244405798689
0.0790157959223
-0.0333612206582
0.0792450418013
-0.0394946982685
0.0767651812548
0.0737983733982
0.0649613216566
0.111747011136
-0.00815593934891
0.147701500075
0.0252048976534
-0.0608600719754
0.10148273735
0.0578616559402
0.0879918877307
0.0810771182311
0.101688534424
0.0400566373984
0.0808493498526
0.0425606784563
0.079953501223
0.097099979649
0.118519003481
0.0698341241507
-0.0642184048845
-0.00987096353632
-0.0220904011795
0.0204270062622
0.0716902056453
0.146522908286
0.035467947278
-0.0602189059532
0.0517350411079
0.0754802184357
0.0184559518413
-0.0179108833436
0.0831091468271
0.108488721008
-0.0193207149913
-0.0160129484225
0.0267922914749
0.0337881170142
-0.0124273394406
0.0824674394518
0.00406095962073
0.00291158658626
-0.0657969187758
0.0671135453813
-0.0457281507074
0.0688680030803
0.0294665504569
0.043017617187
0.0910168826315
0.0980567587907
0.115567338898
0.0847303094447
0.13129035039
0.0973338481502
0.0599125526215
0.0208103236543
0.0902518907396
0.0435361463796
-0.0875350378913
0.047654955271
0.0703757950509
0.0118359257706
0.000737629197659
0.0888440454469
0.0661655468156
-0.0629410392984
0.0780501895442
0.079310634874
-0.060850195959
-0.00220105746485
0.0244293567167
0.0252604094109
0.0586797958703
0.065580744286
0.0831765140429
0.00105813817282
-0.0520337174053
0.0100049685364
0.080278876053
0.0410376848988
0.0230024367074
0.0613578948296
0.0611305316792
0.0181606774809
0.00395695746661
-0.0184954360297
0.0446415418091
0.0855922949969
0.0653209689826
0.0462630412761
-0.00553241959708
0.0393884465275
0.0213669823843
0.0476537491994
0.115872954987
0.109838844622
0.0552452621083
0.0416832976982
0.115599392228
-0.00655018385204
-0.0138983077716
0.112700571283
0.119982558719
0.00711175014223
0.0119408715471
0.0213807321589
0.0170269305501
0.0242312024814
0.100321243439
-0.0259369815718
-0.0235264814023
0.009082888955
0.00998603660271
0.106291692566
0.0189873757027
0.105978236933
0.0164252945549
0.0336287017384
-0.0227142021694
0.0166726333739
0.0453360664878
0.0428953393651
-0.0758207444972
0.0872215210257
0.057288211411
0.086642661844
-0.0553699900153
0.0296675421609
-0.00671945663104
-0.0540469951079
0.015574712184
-0.000546668060257
0.0100321966892
-0.0481865953229
-0.0607261031856
-0.0662997324661
0.0139650861129
0.0979994166409
0.132586754748
0.00913052754169
0.00306062158002
0.05252775888
-0.0041425921404
0.0801424973345
0.0813462187075
0.109968954699
0.084024882782
0.0339669950831
0.0606110569938
-0.00402311977503
0.0371694640284
-0.0129485311623
0.0574879206322
0.076293278114
0.0776629546579
0.106057835858
0.0874082471592
0.0970630926409
-0.00867925847021
0.129070412497
0.0510658821004
-0.0290365132746
0.0244094904952
0.10227418495
-0.0122988601973
0.108129335581
0.0653724011741
0.0751923807032
-0.0172470067631
0.137427515229
-0.0050086916347
0.0601268589301
0.0667247194097
0.0324341243478
0.0353545703802
-0.0138866158786
0.0858516180492
0.0399647667903
0.0836070269041
0.080978435341
0.0767199432818
0.115233341304
-0.0221328148076
0.0973743389625
0.0451372859231
-0.0120786870184
0.0150384703806
0.0630143296121
0.105892187619
0.0351359655694
-0.00973996566676
0.0889387775636
0.0887429638132
0.0340187387344
0.106103247737
0.0417773585105
0.0216746155514
0.0809501751693
0.00261755729235
0.0757478983586
-0.0190052557161
0.105738393475
0.0250989552354
-0.073807725541
-0.0349779347422
0.00505862334633
0.0618431405295
0.00385929322116
0.139875205646
-0.0288338572488
0.00776822195269
0.0945206522901
0.00541998248623
0.00872036648286
0.0855992761024
-0.00981174399455
0.00790717934146
-0.0357568242999
0.0985449697379
0.0688508905186
-0.0402505600386
0.0289025628227
-0.0532019036377
-0.00977488440261
0.0516795145968
-0.0585044882634
0.0663899029199
-0.0138801680023
0.114283656993
-0.116760812326
0.0747974471906
-0.0802500621685
0.0596188795626
0.0244800308766
0.049885064154
0.0926218435088
-0.050062172281
0.00122573029083
0.0814338399653
0.030746491971
0.105150337957
0.0664757707257
-0.0239869715288
0.100489304466
-0.00993538184997
-0.00726231982794
0.0140214290934
0.0539159164088
0.00923536702679
0.110307052342
0.00727568182753
0.0550570792863
0.00155639429074
0.0484341839238
0.00812897179452
0.0505646792823
0.0722315583849
0.0258413522184
0.0722926613615
-0.0197061020775
0.083038148781
0.052574319499
0.0433950837986
0.0300025994078
0.100401823767
0.0659726612373
0.0924788404395
-0.00230874030536
0.0106709255196
0.067857443795
0.0379183891497
0.0501625642062
0.0350870942788
0.000191708504026
0.0460370400048
0.0781774524606
-0.00282250920649
0.0352688906352
0.0523677195278
0.0513850439084
0.0778912551751
-0.00686726100353
0.0931014326634
0.0284978066449
0.0452101495401
0.0958083921077
0.0405511808867
-0.0270770590783
-0.0180632280568
-0.0103098570496
-0.0450378780997
-0.00953456242759
0.128414048737
0.0516662236354
0.00526047219084
0.00323938568865
0.0372228880425
0.0929059917243
0.0684207393074
0.0732726495108
0.0256607031915
0.030771572585
0.0517800911442
0.0507232581983
0.0230603280077
0.0781354837806
0.0674170759141
0.003534658211
-0.0800259112552
0.00460010409739
0.0897257471295
0.0485335595263
0.013020877546
0.112824072645
0.123315048999
0.000547145799551
0.0667969021155
0.078595666476
0.026323560073
0.0692513739447
0.0272606779564
0.0516577082017
-0.000172025778457
-0.0295837181081
0.041826956248
0.0457247909925
0.0453582920656
0.00964917624892
0.113893931204
0.0654759335953
-0.0324861877742
-0.0263163933873
0.113074086198
0.0182151154164
0.0455447798403
0.0388030860582
0.0107559748977
0.0608674750824
0.0853555260191
0.0435711706733
0.0850979529654
0.0501611898867
-0.000667159779206
0.0897933033457
-0.00128997172813
0.0388420756844
0.126222301936
0.0320277961938
0.102951144001
0.0803309594433
0.0795732426206
0.0648556176854
-0.0363493274273
0.0168363106842
0.0574067167005
-0.0445822090537
0.0733429144382
-0.00480972986119
0.0998779670656
0.119994648023
-0.02164946853
-0.00893556800779
0.130276789816
-0.00469398690072
-0.0269096090484
0.0480174264374
0.0022937484419
0.0270184026123
0.0869561637673
0.0499966274851
0.0561894723679
0.0578817310593
0.10321847677
0.0678027059883
-0.0129766580224
0.131109924251
0.0599803441716
0.0950131039399
0.115033445199
-0.0190574633192
-0.0388147737446
0.0144163590761
-0.00327597250284
0.0446069563151
0.0189053324689
0.019116164911
0.0900638639619
-0.049616837592
-0.0371295980857
-0.0205649897906
0.0780972722139
0.0831279543161
0.0827957419285
-0.00579965522043
0.089689040515
0.0586245403218
0.102227767301
0.0784569749411
0.125243460279
0.102376097103
-0.0353965216852
-0.036578682765
0.0640222281693
0.022111786182
0.057655168324
0.0278145812731
0.0460850684308
0.0386649102263
0.0141137055111
0.0394853228527
0.0913482922868
0.104094589335
0.130637352946
-0.113624509218
0.0133286244557
-0.0158081369219
0.0670928796241
0.0722649187941
0.0868468315075
0.0027928226741
0.0726671568869
-0.0678685982887
0.00145426043365
0.126325194488
-0.0129666467935
0.141423139268
0.016849416267
0.113412106813
0.113229290152
0.118341937287
0.0380425744294
0.101812642939
0.0249727266236
0.0940408887989
0.123124847071
0.122721888184
0.0251596131268
0.110929105431
0.028264567276
0.0246877042509
0.0919752549826
0.05519447084
-0.0100103033356
0.0721638745959
-0.0010327727676
0.0149075353172
0.117624365831
0.0850812304772
0.116108553499
0.00864029704509
0.0438936971915
0.0257677193763
-0.0765639041785
0.0374628690443
0.0710780069015
0.0625964839799
0.075496507774
0.0378964296066
0.0224374362826
0.0379300651444
-0.00543550464796
0.0412922887573
0.132056439621
0.0155316010315
-0.0212323125056
0.0910839074141
0.00335697233623
0.00543097035937
-0.0184705076699
0.103847680272
-0.143135112487
0.0501546366168
0.0411465785389
-0.09159513858
0.0349846309748
0.0225519377539
0.0288684373072
0.0508272899126
0.0623198460197
0.0123915335874
0.123054026259
-0.0391987684096
0.0307155025295
0.101033858237
0.0437767945062
0.121545637489
0.0864628215199
0.0205846082433
0.0894008560857
0.0581034095199
0.0180245392269
0.0926312230191
0.0653961265219
-0.0444775824189
0.117611419384
-0.00210204030519
-0.00285016633218
0.0687299889229
0.0073961777512
0.031363431085
0.0631924537758
-0.0177237713654
0.0549497951157
0.0736706914286
0.0538966138524
0.0489942568007
0.0811955685348
0.102088582179
0.101156094148
-0.0115662011511
0.116656110641
0.0197701505964
0.0650228082224
0.0380896876243
0.0647404337018
0.0768349900025
0.0962996487496
0.00780287089288
-0.038283223104
0.0420638207021
0.0765906557759
0.00244869823134
0.09856074938
0.102996233572
0.0761899712812
0.0515719083185
0.0644632997861
0.0149595537187
-0.0331377736658
-0.0869543553535
0.124369483276
0.0391945001239
0.0718887213737
0.0799525992152
-0.0600290900684
0.0514588907941
0.0698959887473
0.104504691422
0.105983666656
0.0519368398596
0.0588720370509
0.0578012855487
0.0758684302072
0.0457157407531
0.0976055884999
0.0181588674138
-0.0611622170172
0.0394803141126
0.112940769873
0.00803871661486
0.0988207790296
0.112155501899
0.0837353183586
0.00139980922445
0.125262712201
0.0252008602775
0.118887146637
0.0100727013225
0.145959948018
0.0426764565773
0.106417373062
0.0361897873176
0.111016442315
0.127909004838
-0.0665825881889
0.0683001883461
0.033333279532
0.0536214706742
0.0805674371197
0.0538135080006
0.0441739060675
0.0570200187051
0.109152481922
0.0120773012471
0.126367408416
-0.0408630973739
0.00112028982859
0.0333545758469
0.00177850093548
0.0824310647035
0.0542639339631
0.125250093682
0.0549954756964
-0.00455854306443
0.123438511778
0.0395952574478
0.0157706798701
0.124765179455
0.00305027623448
-0.0272303697877
0.125993490398
0.0932348109031
0.0857882567087
0.00655892079525
-0.0494110867795
0.0758986291136
0.0480061097858
0.0192370358119
0.0334224996303
0.057019117383
0.0170515131596
-0.0443089547396
0.0449707714104
0.0197589979235
0.060267554345
0.146604661973
0.0579178162442
0.0672821013992
0.0130403764909
0.0972200755024
0.145668524727
-0.00561987512818
0.0521413894808
-0.0272002979189
-0.0713316387794
0.0641124740359
-0.00063333371475
0.0106077598606
0.0665569669637
-0.0187702590732
-0.018756332983
0.0807833142999
0.0349688364986
0.0978319678477
0.00673885331682
0.11325189934
0.0552523129801
0.118304429536
-0.0632310330225
0.0782668171084
0.0984947675462
0.0669609250747
0.0287803219157
-0.0743399021424
0.0179899585309
0.0591744576879
0.0395478380847
-0.060662441867
0.0780009753489
0.0800481548934
-0.00560336099329
-0.00889072480795
0.130399313177
0.0410218652059
-0.127232244324
-0.0150125608466
0.128676720439
-0.0782098476421
0.0613253035864
0.056354634318
0.0211509040903
0.0499403331237
0.00750821362845
0.00885433582991
-0.027742994497
0.0962788010619
0.010229149682
0.00900690335368
0.0177840609379
0.0317365282187
0.0732759724382
0.102331376952
0.103217259442
0.0338118004717
0.0696764347408
0.0242679439468
0.0115734012677
0.0941539922799
0.0756006535396
-0.0375681258282
0.0865973136834
0.131135571206
0.109766637581
0.0155962619025
0.0236692098466
0.043304683178
0.0611482254037
0.101087893356
0.0821813792156
0.0333752197997
0.0476506552987
0.00119650987883
0.0524161195035
0.0129845567587
-0.00396161872848
-0.0546538065889
-0.0594697380559
0.108040003059
0.128432957503
0.102522822703
0.107336562625
-0.0329444238705
-0.00140349505941
0.100796120168
0.0213952889228
0.0721124415711
0.00181834697569
0.100808279729
0.0766308225856
0.0174293355215
0.106954647688
-0.016854596046
0.063542426215
0.0855865194627
0.00711623894084
0.0740803343012
0.105341706032
0.0711411222245
0.00789105641729
0.0191000308034
-0.0291801659974
-0.0191859701991
0.0582370450491
0.140391520231
0.0171220148391
0.0777786123447
0.00434524367568
0.0201465730946
0.0799606121827
-0.00121796330989
0.0145544673569
0.0168115852968
0.0551986873346
0.0832439196268
-0.0140780911635
-0.0436551913656
0.0786550757218
0.0159094921501
-0.0050504054586
0.0425315520732
0.0694554099585
0.123456139574
0.043432231053
0.146372341636
0.033208333991
0.0378318878006
0.0464326495214
-0.0187771473208
0.050533499544
0.0409944589001
0.0130514201135
0.118249415977
0.0183767751012
0.0602144791523
0.0561588604573
0.0646987093521
0.0463328379129
0.0404816888196
0.0675518639188
0.0805240336586
0.032581664182
0.119264610323
0.0475302618912
0.126756438605
-0.046064394614
0.0821222707228
0.0953589485655
0.012987355806
0.120720695536
0.091693695316
0.0316287863924
0.0909738174855
0.0615832249569
0.0991879622508
-0.00200973995855
0.00623567088901
0.0268355934851
0.111544921861
0.0795523765307
0.109764476039
0.0538229538935
-0.0130877233159
0.0392342990659
0.0821366976229
0.0106206635015
-0.00383766527822
-0.0241729395393
0.038389859913
0.102466303486
-0.02459914748
0.0979057968048
0.0895556640736
0.106011250549
0.0545272096911
0.0974753758158
-0.0371648202119
0.0754788122109
0.00147246480132
0.0752308143688
0.0142972668732
0.0621371861468
-0.0129355411533
0.00134033919269
0.0894110555269
0.0879173352587
-0.00787528471198
0.0855052614377
0.0135667814099
0.0646540370661
0.0433506691494
0.0509473390417
0.025267158908
-0.0059229046701
0.135840193117
0.0480416524465
-0.0199425597335
0.105847388999
0.0858280241684
0.0198653799034
0.0992498540518
0.0893495544702
0.0444972365542
0.103363838922
0.130854049163
0.056699711166
0.0318462318148
0.100348544255
0.0441374427094
0.065297956185
0.00379193114318
0.0499426732036
0.0359946178501
-0.00259554869533
0.10586893521
0.0700119487314
0.109596117729
0.00547755248017
-0.0238520539607
0.137280169271
0.0350452608692
-0.0338637070483
0.0988024332433
0.0327629175983
0.0190750127748
-0.0148200866707
0.078375757729
0.073008280972
0.0409957847413
0.0934244636768
0.0822635273096
0.0527895560894
-0.120630311338
0.023069879734
0.0621370401061
-0.0418286724535
-0.0102354797295
0.0827726224298
0.102493591329
0.127819768113
0.0328479513749
0.0179764567202
0.0818369140285
0.0377935407369
0.138615214179
-0.0352314106688
0.00556434992481
0.101061163571
0.0633566495662
0.0490737025542
0.130871353404
0.0223756323028
0.0373716940477
-0.0113149567443
0.0635499796503
0.068356074549
0.00967660197067
0.0663325080209
-0.030483070079
0.135986504174
0.049655828176
0.0767036150282
-0.12782002707
0.116642904892
-0.0611284530029
0.0973231842513
0.113913726081
-3.81542910777e-06
0.0181364536407
0.0209975847092
0.127805421045
0.0805140466643
0.0636128878487
0.0180515712509
0.0357100971895
-0.0172476448138
0.100570016039
0.00807431625046
0.109511601988
0.0651110551465
0.119852832948
0.104829348153
0.0815608350364
-0.00163026635084
0.0779846509936
0.0956362631395
0.119718839226
0.0829216499943
0.0102665850639
0.0851653524463
0.0194850902827
0.023280677887
-0.0803345594816
0.00666539539994
0.0309862198508
0.0538748288271
0.0391679426546
0.0835716868187
0.0064366142395
0.0359098123952
0.0461945375129
-0.018932390422
0.0726733089191
0.0560829629475
0.0776660470771
0.107329131009
0.102227911548
0.085045738378
0.0512465078329
0.0952678816436
0.0979717536446
0.0397109577227
0.00104225384146
0.0114143791951
0.0636497009584
0.0234620274397
0.134532210542
0.111029188618
0.0822602060881
0.0335413073086
-0.11280035706
0.00138746582689
0.0673982936744
0.127914348276
0.109766227543
-0.0370015218182
-0.0216464596595
0.0911079882361
0.12404180534
0.121289588384
0.119705679973
0.129641117571
-0.0546401523399
0.0755905512205
0.0962591113982
0.0771430862717
0.120720062486
0.11833822733
-0.0305611279763
0.13358402369
0.0889791021296
0.088074637247
0.0383312345979
-0.0213055914891
0.0538496865944
0.0731049972819
0.0678810052428
0.0681322197658
0.0778349956572
0.0422459984543
0.0102932129474
0.0890810924271
0.0486107670408
0.05777600009
0.0722437610868
0.0656347733874
0.0483598000369
-0.0238084776937
0.0905879275705
-0.0316497476838
0.06115067659
0.109263572086
0.103457457463
0.0671757434421
0.0650181486061
0.0524218871789
-0.00239493792655
0.134802942122
0.0601741493332
0.0280862400018
0.031465166294
-0.0052399811083
0.0265797018824
0.00254041717848
0.00352310403634
-0.010336977248
0.00294413768866
0.0275536330727
0.124724216047
0.0759729156894
0.121094996179
-0.0432695466867
0.018815669307
0.105473568998
0.0843747014731
0.0362895489642
0.0841502945677
0.116004769131
0.0408252556679
0.0831349179611
0.0736504749476
0.115474765431
0.0213826430536
-0.00684612190901
0.0925677524105
0.0154023690801
0.00631071923076
0.0858396240282
-0.0502681386939
0.0608258326844
-0.0768011102698
0.0021379958439
0.0834337271287
0.0432134322112
0.0815115690124
0.0941536473777
0.121140245364
-0.00450054095028
0.0517773809293
0.0386383991449
0.0378162924431
0.00526290801662
-0.0566894965516
0.0603944245816
0.0473158552966
0.0416281295081
-0.00145718174948
0.0605268384293
0.0753920892025
0.0885443111722
0.0608562672638
0.052876731157
0.0140344636757
0.0479247885242
0.127820779254
-0.0169481808443
0.0349652993642
0.0321909618478
0.00613600823622
0.0184819805059
-0.136832751971
-0.0428970440426
0.0602704278277
0.0304200515383
0.0222919115564
-0.0406985022741
-0.00578370894483
-0.000210487997577
0.102310593076
0.0931588441594
0.0026372513324
0.0478666101028
-0.0403251036649
0.0770461242994
0.0258471888083
-0.00354166336361
0.0740732447804
0.0665858719672
0.0875201645197
0.0677778206571
0.0160716190113
0.0036591805735
0.0311611745195
0.0977854678846
0.00917760520768
-0.00181123813063
0.095479984046
0.00592476475061
0.0934868241864
0.0579699031854
0.0470694460662
-0.00535844068473
0.102249165031
-0.0645410654046
0.0110136279894
0.00511140112868
0.0527855648985
0.0613620517555
0.0536109823884
0.0870012693245
0.0351996919658
0.00447903144248
0.00480889557809
0.0559323463088
0.077565425233
0.00965828894494
0.0535377537632
0.0822927376307
0.126864763461
0.0655400609732
0.000925120746225
0.136530175898
-0.0169873057157
0.0198861024852
0.0892195612095
0.0257704827289
0.0374171689395
0.0249761348816
-0.000117176085389
0.0436491280627
0.0124335650125
0.0775041778824
0.0801064647452
0.0449228905894
0.0691800797822
0.0310134330668
0.0365738326032
-0.0380565072992
0.146113834397
-0.00692308057803
0.106690347959
0.0844306387795
-0.00541932543519
0.0423702312645
-0.0303949800486
0.0702837551109
0.0836214565826
8.16118704252e-05
-0.0864458380465
0.121516271312
-0.0498425608208
-0.0217330438661
0.111214490964
0.0423623947028
0.0658469303237
0.0568033106226
0.00109448599424
-0.0211596823902
0.00540481604832
0.0493384051948
0.0513365987252
-0.0409228669865
0.0165014303348
0.0498530990619
0.063765634555
0.0950004722486
-0.00275421608429
0.0222052423167
-0.0614731476333
0.0402236513002
-0.00275553239875
0.0936091221356
0.0401976809357
0.0317224013245
0.0224731219257
0.0578529552409
-0.035425163313
0.100617391195
0.0424661194559
0.0580545386885
-0.0468426781141
-0.0715654305466
-0.0292919674897
0.0931663592968
-0.00611892972867
-0.0570409601836
0.0274727073018
0.03381976429
0.109324619676
0.0885915269143
0.0490863259173
0.0910942146847
-0.0230016495666
0.0423584977344
-0.0317092894668
-0.115594640822
0.0411035727915
0.0664974718909
0.101920780193
-0.017236136041
0.111411133278
-0.0400355296257
0.0630814364397
0.0870349518137
-0.107805167638
-0.0462615072811
0.0874079430555
0.0753765206672
0.0138397193111
0.0758302250962
0.0085402551909
0.0137127599981
-0.0899966870299
0.0713024435539
0.109070124869
0.0927045309045
0.0850963142056
0.03567208633
0.10269756878
0.0263538155857
0.101337588429
0.0981655193487
0.0699686170074
0.0763319249461
0.123892792592
-0.0383246626352
0.0729672083157
0.068114921562
0.0478557046512
0.0762184085697
0.0239079779438
0.0767238839594
0.0897086252457
0.116628535467
0.0159523023948
0.0473206189795
0.0199626421891
0.0494987256408
0.0481352889829
-0.0387182775874
0.109426632385
0.0813807944666
0.00307360631193
0.0997394341534
0.0414574278795
-7.22722816757e-05
-0.0136243027163
-0.035135250976
0.00869640718131
0.000803482745424
0.040356242509
0.120018346245
0.0548954378876
0.110714725303
0.131460471956
0.112222390931
0.100975225893
0.0579690275943
0.0412711954251
0.00235312211458
0.0297669367619
0.123548255332
-0.0343680752998
0.0429682276903
0.0539761009612
0.0330157918794
0.0542796330305
0.100198999602
0.0705435691498
-0.0149772701715
0.00158581800467
0.0272888497525
-0.090997026264
0.0680840557097
0.0343150079494
-0.0513577199567
0.0213943441053
0.000944391759043
0.0569116356257
0.0916398746039
0.0861617622099
0.0978960838999
0.0520624300332
0.0902194074448
0.0247804779472
0.107982333615
0.120378067277
0.0335618391941
0.0581761066254
0.11155285167
0.0618802828421
-0.0239818902009
-0.00734244493216
0.110097116306
0.122230741985
0.10088162018
0.0474093878436
0.0368861345761
0.052368562627
-0.15450278898
0.0731040506137
0.0918546488204
0.126878419464
-0.0249827066874
0.0105370945595
0.0861106970689
-0.0495937299297
-0.00864661934759
0.117864906677
0.0254900630211
0.0557609840094
0.0286598993344
0.082700440568
-0.0196174578152
0.0370761032534
0.0443563604378
-0.0170878024643
0.0846534468056
-0.0117726383806
-0.0259782619579
0.086961416832
0.0127055154282
0.0469492036319
0.0457626127671
-0.0304459073288
0.0989405713069
-0.028577381354
0.0770214885893
0.00448514959284
0.040577846386
-0.00325740987588
0.124824088263
0.0320164790581
0.0149346928843
0.0633034808424
0.0526426907951
0.0788022899161
-0.0149386708174
0.000730837705419
0.108904002077
0.0640182842233
0.0695961035309
-0.0316006474111
0.0648434293237
0.0250746202862
0.0443103269315
-0.0397053436845
0.0343252046326
-0.0269275351871
-0.0149096698357
-0.0200404684686
0.000628843939682
0.074796023984
0.0490460085053
0.0603479222737
-0.0096487367505
0.0708627692575
0.0873378373554
0.0051490582637
0.0278774660454
0.105711884038
0.0387396078252
0.0772046871025
0.0895701694715
0.0562833895579
-0.0559835553865
0.0268246251986
0.0966411124226
0.0924431050335
0.116547688987
0.0283722628049
0.0629244152481
0.0347074102634
-0.00812946206966
0.00618560287184
0.0597112393424
-0.0566117990314
0.0092859051024
0.0911781140241
0.0603234835797
-0.0279240968078
0.0647817812862
-0.0248087478992
0.0696890914754
0.0151338676074
0.0308642333499
0.135025212468
0.0980649060473
0.0750596687356
0.0775367305365
0.10186663888
0.0080602210664
0.00117771129892
0.0322828322433
0.0810233053656
0.0861949232811
0.0153140112804
0.0448240000056
0.0923224674881
0.096544789723
-0.0476344527719
0.0321768168049
-0.0742115797253
-0.0234604367439
0.108492459404
-0.0550164453025
-0.0722454092596
0.0886338145407
-0.00119263342204
0.130981296817
0.0233637626473
0.0494796264877
0.088241735788
0.0144050287124
0.0130151813162
0.112366659704
0.0291471525973
0.0959903086496
-0.0783827478521
0.00450400546227
-0.00907659974266
-0.0346829058727
0.00702956416557
-0.00518415202832
-0.0665488090226
0.0435465372063
0.0436950296781
0.0823004623359
0.118928224619
0.00896275622313
0.00884741554643
0.0774991348975
0.0587620553834
0.103403512718
-0.0032419235395
0.0529865207363
0.0539208291718
0.0629817183008
0.0616411844811
0.0734002453182
-0.00681069306179
0.0265100990324
0.0595944041534
0.0249922948077
0.109177092834
0.0597214243397
0.0773074177666
0.0564114023041
0.0378177195967
0.00485048913927
0.129577524426
0.0651297805834
0.0610015125654
0.0574283776099
0.033302667677
0.088375675102
0.0419483312307
0.0715461360955
0.0441511915494
0.00326070382322
0.0313506308523
0.0327534973463
0.0442423320517
-0.13477445147
0.0365892305014
-0.022406883611
0.0640318907002
0.0211230780445
-0.00345373418623
0.110522533078
0.0350135192104
0.0777875459559
-0.00783084385153
0.0373689114365
-0.00421156410054
0.0777944346756
0.0445583461376
0.115106115569
0.134629668562
0.0178875528948
0.0257164865581
0.00370195942169
0.112328034338
0.089359369178
0.110951512623
0.109864037896
0.0646089193297
0.115938116611
-0.0227929642245
0.0928614921339
0.0613315175128
0.0966813274336
-0.0240587830157
-0.0437664932927
0.015563077416
0.00705697044227
0.0073143838774
-0.0471924868063
0.038165741933
-0.0551432849254
0.0386042412795
0.106577938093
-0.0305112855998
0.0354595122789
0.0211253623554
0.0354604329345
0.117993932345
0.0517297875729
0.0577537864685
-0.000189985428124
-0.109633280713
0.00521922487707
0.107944678671
0.0316266396482
0.0945231119574
0.020442085668
0.0105609718903
0.0825578117248
0.0919466735457
0.0430469720873
0.12489695291
0.000249326329322
0.00594044706683
0.129187316703
0.0648522100367
-0.0264121505587
0.0689275947607
0.0501279921692
0.0221226162486
0.0307089081646
0.130407393057
0.0905743129849
0.00667019785097
0.07126172673
0.0445406622166
0.0234183765643
0.0538201276845
0.0782251140925
0.0264991600284
0.0830648045524
0.0759172943123
-0.0506730251669
0.0680054601163
0.127048777706
-0.0279161411673
0.0520583493107
0.0451813185083
-0.0617078131275
-0.0691281703502
-0.0316067727693
0.11466470186
0.0187177670932
0.0619098366769
0.0634538541075
0.113107482512
-0.0768638387566
-0.0374386898889
0.0769715347338
-0.0608446491113
0.0516506130677
0.0340318418808
0.0897577425832
-0.0472042028579
0.0267158346921
0.0709648506259
0.066171713241
0.0574201887786
0.0225365125064
0.0665724335363
0.0526526374102
0.0559803483872
-0.0363394297877
-0.0371637443008
0.0509921868774
0.010600918553
0.0727541697164
0.113674409747
0.015283901563
0.0637561895148
0.100603136849
0.105327329662
0.0580373885955
0.0891471611063
0.0523301033717
-0.0620424319349
0.0609195576476
-0.0500827702875
0.0248106894987
0.109918065955
0.0987762306089
0.0751716332747
0.0944891004173
0.0448447575882
0.128937124012
0.0520408601822
-0.039866086046
0.0722300905398
0.0768077686596
0.118304468072
0.038825912357
0.0903970165993
0.0692497291208
0.0843017306725
0.0205281939087
0.077035570288
0.0782356078937
0.0902285583657
0.0154208995316
0.0547662956217
0.0366289731287
-0.00786611378568
0.0557865350011
0.0717861828414
0.0980685088831
-0.020692885806
0.118676245828
0.0118836420731
0.107536656323
0.0600354426399
0.0962232643604
0.043211781816
-0.0134029754751
0.0935206160334
0.0891786159824
0.118576005074
0.0528559977563
0.0173083819455
0.136027928472
-0.017206633609
0.0523397858269
0.0921451522475
-0.0372876433057
0.0689384836409
-0.00720065111115
-0.0182006398662
0.0607056337595
0.0493349181283
0.00921611162621
-0.0483154299283
0.033304729256
0.0846361180314
0.0757116073359
0.113480133715
-0.00391357312628
0.032881926649
0.00152538713475
0.0500035176191
0.055639942619
0.0405471365695
0.0883456842729
0.0727884802632
0.101315530966
-0.00819778297386
0.0980934569306
0.0633995608714
0.0745368370549
0.0513898069918
0.00698462781419
0.0562253102144
-0.069370485939
0.00687692050453
0.0465867374928
0.0644023757366
0.077001607596
-0.0264702023863
0.110660221041
0.00414299375852
0.0600063718875
0.0051382164717
0.0816621055804
0.0640407506027
0.0346536502739
0.0350477022558
-0.011231353606
0.0624453627521
0.0898933695799
0.0743180577405
0.0221533834312
0.0740675562214
0.0010556173016
0.101034128527
-0.00499916233231
-0.0161643709008
0.0814152885864
0.00772966185932
0.0148234734293
0.10346464419
0.0740391273266
-0.0140441424103
-0.0387895427543
0.125585206357
0.0112558033305
0.0430659839074
0.09770528792
-0.0118860683765
0.0717687243727
-0.0074981815527
0.069728297394
-0.0160120611586
0.0657966473875
0.00195996884366
-0.00398325198502
0.0387611001462
0.129539096746
0.123701524234
0.0549330440342
-0.00569892346395
0.0261948841345
0.0591124935089
0.0222793659378
0.0341233517475
0.0777363214638
0.0281902382891
0.042028511778
0.097699264672
0.127200480649
0.10489359396
0.0358885888544
0.0451926424051
0.0945430870579
0.035245048103
0.0451579507215
0.017349805523
0.0668637085821
0.0588296804584
0.0191557582009
0.0135284073842
-0.0194421163631
0.0154064967408
0.125519138027
0.0712812439339
0.0237531236735
0.111365378021
-0.025619582189
0.0303706335772
0.103618953227
0.0626771179231
0.00147327418981
0.0343420222553
-0.0349398334553
0.112433831383
0.00351696541854
0.0483923175411
0.0606816089244
0.0178176998891
0.0226597399102
0.0485921075944
0.0499582421602
0.0567451590178
0.00537687903388
0.0225678075124
0.0413129049877
0.0431323224497
-0.0267229842332
0.0467017017668
-0.0443979892053
0.075385256359
0.0417479962444
0.0130497376412
0.0217926782465
0.00392973788196
0.100636239385
0.00225357219817
-0.00994234502309
-0.0439941474424
-0.00183426374692
0.0355169112961
0.10540472839
-0.047263161121
-0.0858811669601
0.0958719117688
0.0831707704781
-0.0313618544103
0.00760616144871
0.0305806084748
-0.00611082213227
-0.0522045431964
0.101124886558
0.0536169342381
0.122549970976
0.0835842592991
-0.0319396445833
0.116123994644
-0.0442837763991
0.000879279650609
-0.0281085096903
0.0669290637563
0.0497325968452
0.0448724676031
-0.063577623234
0.0152447213828
-0.0684889561858
0.111008763723
0.085993604495
0.061692119943
0.0416507513541
0.0989116401638
0.0337028899069
0.0695418445711
0.0292519102909
0.103790071856
-0.025494084432
0.050116901816
0.1169612401
0.0373980768873
0.0271683633104
-0.00429154607192
0.0606439859293
-0.0203494566378
-0.0264225914317
0.0645415722928
0.0781366468847
-0.0602428156259
0.0873506073751
0.00411414969809
0.0346451575454
0.0348838548401
0.0413674895578
0.0639305216427
-0.0385417979754
0.0015340191022
0.0140976387734
-0.0354721134511
0.0876443161797
0.116130762697
0.07643312302
0.0276965803069
0.0716416572621
0.120667158519
0.045991784869
0.0583881777559
0.0735165644759
0.0511751745656
-0.00115499789208
0.124170880451
0.115260523421
0.0471455798062
-0.0271344529028
0.0638362496181
-0.0114282593032
0.0433779843176
0.0342531982986
0.0314098046496
0.0348995657644
0.0407450160237
0.116503063253
0.137114896902
0.00029333665505
-0.0229153806079
0.10175898362
-0.102900108429
-0.0289767445935
0.0650480866589
0.0276725360545
0.00363672937269
-0.0940430655023
0.0972783446368
-0.0589265147666
0.104401771849
0.0567004186434
-0.00143817631041
0.0379623197432
0.045401682956
0.0861494892522
0.119167433197
0.0659801987576
0.147811207739
0.062989818228
0.106016890523
0.0572586386516
0.0628764058024
-0.000459956735937
-0.0494592195063
0.122196821164
0.0554659320502
0.09941453564
-0.00385967619405
0.119265242951
-0.00186371297011
0.103300524898
0.031680825471
0.0749003557569
0.114918639553
0.102019099097
0.0543010190205
0.0118253108401
0.0428610057257
0.126539847908
-0.000214285641348
0.00774741447893
0.0611336085792
0.00872216667722
0.122821554951
0.103859382424
0.0867937791222
-0.0112848169863
-0.00290815456105
-0.0272467955052
0.12004692817
0.135929173456
0.0101044079364
0.097961017883
0.0466413246198
0.00477468871275
0.0844145719694
-0.00600389701321
0.0639670961255
0.0765476384051
0.0899468422598
0.0928680911987
0.0106255367933
0.0120931399976
0.0717489462934
0.101045151923
-0.0596226719312
-0.0505206317075
0.0686293248234
0.093901525011
0.075878151789
-0.0208538581796
0.0402110511764
0.0896318829001
0.0441589701768
0.110657841963
0.0506986415581
0.0135781396678
0.0404346103413
0.0494131828382
0.0720216885117
0.031178850864
0.003096755708
0.0520180212422
0.0174380645834
0.0748943917783
-0.021501451193
-0.00338895986205
-0.0209143240404
-0.0172389358301
0.0535369606056
0.0605308888202
0.0798564633086
0.0846599617787
-0.0101638913556
0.0841422847501
0.125172365361
-0.0190180075964
0.0740280293145
0.1168914001
-0.0354101716312
0.0862983024127
0.0130588840801
0.125603119372
0.0737162080486
0.0430560971302
0.0290104299836
0.0509097084234
0.048494014166
0.0605447788811
0.0735529840676
-0.0355719882947
-0.00131673587192
0.0657444739946
0.134543182913
0.0364058577645
0.0170305572727
0.00515930021605
0.117284635
0.0416783722107
0.108502493917
0.0224896017257
0.0850946167912
0.103946731631
0.052274868816
0.0339453201075
0.0899020151054
-0.00267918544772
0.116142055981
0.0349889975637
0.0560863284323
0.0962641767039
0.119850329254
-0.0158711860756
0.0479589877174
0.0916276074631
0.0208789391184
0.0892685885924
0.0548113452153
0.0157910772768
0.0827075129231
-0.00979685238861
0.0374374802416
0.137765722547
-0.0329119487177
0.0854118792271
0.0436805167651
0.0424341835479
-0.0530458448867
0.102820275083
0.0540707917232
0.0648601657857
0.0740408455047
0.0211717346444
0.00283179164941
0.0185202496422
0.016790974334
0.118926704531
0.110079127049
0.0848236037878
0.0736497230517
0.0949079540507
0.0307812837995
0.0743311922098
0.0496509696482
0.122251641438
0.0102647058572
-0.0573606639234
0.069999498593
0.0179761612122
0.0281261616637
0.0319041316975
0.0281452196474
0.0714181036612
0.00425932013248
0.030384675384
0.0282826247577
-0.00773203388228
0.0606187670236
0.00464610330273
0.0970888605436
0.0554186372096
0.0977706397189
0.10765662754
0.0514031692329
0.0682620133321
-0.110781720888
0.0590312315414
0.0164888195207
0.0688373090563
-0.00612934622795
0.0760515444182
-0.0171757976674
0.0480453966453
0.0216878523226
0.111764159879
0.015374212493
0.0858847400161
0.111565504802
0.0435070921025
-0.00397062373416
0.0418184938713
0.131058165413
0.109227232284
0.0374371412126
0.110017117927
0.08040243769
0.117575429042
0.0325001672476
0.106833640406
0.104615131158
0.101096597895
0.00790280253066
0.115266834722
0.0743709583523
0.0260680227112
-0.0138225349032
0.03849236789
-0.0498025389951
-0.0389994831314
-0.107212523482
-0.0450040833012
-0.0575352278507
0.124050596574
0.0254036689675
0.0952125215755
-0.0143297891339
0.00896652759234
0.140391569534
0.0718978693259
0.0141677780811
0.131945009282
0.0644334432192
0.0897571598681
0.0727224055185
0.00881988247803
0.00322526419236
-0.0595102519708
-0.0605027802725
-0.0537443316995
-0.0579384965036
-0.0408687140005
0.0274420930715
0.0571132027161
-0.0220417489867
0.0436272538711
0.00731424298296
0.0741689064876
0.0967342602756
-0.013875915502
-0.0628740792718
0.0403185147739
0.117163740279
0.0763462709936
-0.0273558280758
0.0745997529849
-0.0686556303326
0.105861201815
-0.0398793522289
0.0455186716381
0.107543267907
-0.017100015048
0.0427360990403
-0.0934921503594
0.0392207591382
0.0675385604066
0.133137441256
0.054976849422
-0.0231824287105
-0.00690129413822
0.0654686186318
0.0721019986773
0.132072867973
-0.00409201686252
0.0794003194296
0.0355078279264
0.0941269890962
0.0920534092846
0.128339620017
0.0560916525636
-0.016690969619
0.046470700388
0.0981025126255
-0.000409393336559
0.0859582820458
0.0871324103706
0.050777694302
0.0243624261695
0.0336114192871
0.0349015269105
0.113199207395
0.014062592944
0.000193371369761
-0.000552022934076
0.0560513191347
-0.0364422375723
0.100685417591
0.0517042803023
0.049411901805
0.0194162930167
-0.016320832926
0.053549145904
-0.00607402059365
0.0772977681768
0.0539162092703
-0.0138471590742
0.0212740639563
0.10979568201
0.0522487726797
0.110252291514
0.0144000173631
0.0594624929805
0.100310602809
0.0677194886547
0.085293976336
0.0214051980054
-0.0857435973608
0.0502133464693
0.0883679575834
0.0312134430683
0.0992768471822
0.0694362750373
0.0997128146301
-0.0174859770143
0.0308720542886
-0.119025671775
0.0540153745373
0.106785890126
0.0379922312109
0.0141481812035
0.0226076722339
0.0588751364449
0.0852415547641
0.0669097004579
0.0330088494875
0.0864508977734
0.056779509828
-0.0396868039508
-0.00375202533361
0.00674868028053
0.064015448621
0.0422869172637
-0.0584670396768
0.0810864441887
0.0491769758792
0.110744161069
-0.0582466975691
0.0666481372316
0.0406637945599
0.0876757546583
0.114912081641
0.0911553894922
0.0891963093586
0.0119945508177
0.0366332514934
0.00824515634331
0.0661362204562
0.0779442004524
0.069249732337
0.101966755371
0.00940591863888
0.0241763682843
0.0175895927323
0.0256306357987
0.0793497008612
0.0528143756004
0.0928499169967
-0.00189541606469
0.00623325371226
0.101150143404
-0.0428035542932
0.134678745965
0.0982562612954
0.0821161314338
0.0574271171026
0.0916185978755
0.0148457538259
0.0664952962987
0.0569347484304
0.0912468257559
0.0925830622191
0.0921097923786
0.116861458967
0.0118519128134
-0.046001700561
0.105367596872
0.139891189956
0.141047862612
0.130292673095
0.105646764494
0.0580064291563
0.0183411618015
0.0165398866142
0.0898848879161
0.0479425257361
0.0543931725727
0.0446714715242
0.0333029847804
0.119630149497
0.0281363863363
0.0679137463609
0.0709470171305
-0.0162440081718
-0.00831983414836
0.0577749780265
0.115629678596
-0.00304545048495
0.0612077061821
0.0510165717741
0.023404427401
0.024050863893
-0.0475028431678
0.043626650981
0.0793623523885
0.036600284921
0.0983511131457
0.018460439301
0.0432902529644
0.0665565222779
0.105790881429
0.0631336947241
0.0368570873897
0.027262704087
0.0358012898143
0.109184290613
0.0347051372521
0.0843794180886
0.0048395665481
-0.139358636746
0.062676242962
0.038590331563
0.0309187005816
0.0930557810986
0.131693669086
0.097435359604
-0.00386983071925
0.0160641405059
0.0802101832276
0.0923905502786
-0.000644116705272
0.0365799941355
0.0461307186269
0.0261961887049
0.145555439844
0.026095331601
0.0917451608127
0.122319721392
0.0250465920204
-0.050239669976
0.0924940985064
0.136407169741
0.0639710281287
0.0994951636731
0.0332780346446
0.0507568471057
0.0274599795355
0.0753974983483
0.0769392888504
0.0226177811267
0.0562397794383
0.0506731455048
0.0410994446192
0.0661188276199
0.0684262153461
0.0347735820555
0.0178042683495
-0.0318475909378
-0.00472599677443
0.124228744174
0.097449697929
0.0328635876887
0.0271630093579
0.0993695102109
-0.0815895492878
0.103218604717
-0.0463077740076
0.129752330454
0.028295950302
0.00372802757301
0.0573659582246
-0.0451513064403
-0.0109214296361
-0.0826480106441
0.0459819518181
0.0445337423381
0.0747433815089
0.0182777032531
-0.105013876876
0.0101192667959
0.0341414432633
0.0883015080852
0.0341605321605
-0.0136552486616
0.108404317713
0.102478118462
0.0660467569556
0.0287182929984
0.0468221722541
0.0744002366334
0.100232264353
0.0673945597629
0.0665909324817
0.0679068161975
-0.0151771787737
0.110900992037
0.117426936992
0.126581332903
0.0884133897331
0.116604066302
0.0140031992336
0.0391954667067
0.0409879387028
0.0628670944264
0.00389159337461
0.0830880789764
0.0835796152021
-0.00464309860525
-0.00347252729345
0.120036410798
-0.0231123582536
-0.00319676534002
0.0839677547365
0.0514059587838
0.0584208593912
-0.00553873014123
-0.0229517243342
0.0218605487014
0.0905120064859
0.0439611605287
0.0151017392394
-0.0159723488073
0.0814578234755
0.125239793743
0.02917219252
0.0520719953013
0.118166485539
0.0427216338063
0.0221317265186
0.0412719103226
0.00390687976826
-0.0240591693402
0.0160512183278
0.104982531343
0.0380174189313
0.102801215253
-0.0374631782886
0.0504531608469
0.0405380519172
0.0396944823223
0.0981873797727
0.0249950224321
0.0231512199947
0.0173755234972
0.0904461103098
0.00677996321919
0.0033587554279
0.0271605229003
0.106066213032
0.0353341220966
-0.0269374333739
0.0521356786873
0.090705054078
0.0229852230694
0.122355779102
0.0111203675074
-0.0398982765415
-0.0092031651691
0.118561325509
0.0245603359131
0.134936362495
-0.0155038591906
-0.00871651015127
0.056134811454
0.0699290601073
-0.00907464605106
-0.0519633118151
0.0710789628106
-0.00830668536899
0.0121089031177
0.0842188668617
-0.0176500801956
-0.00344607167855
-0.0116642600895
0.0236981534686
0.0688573553543
0.0409382554047
0.0403223653896
0.0656241363141
0.101657134511
0.0511296780124
0.0792080416971
0.053322428903
-0.0617664761222
0.0679242552047
-0.0263813989117
-0.0141888442479
-0.00429066752231
0.0970886177444
0.0438286842431
-0.0529199569693
0.0785564602092
0.0599067566707
0.099523618708
-0.00137556050495
0.00184235434846
-0.0347928287098
0.0923225710717
0.0446834308019
0.0331414617423
-0.0130819437261
0.0226188871392
0.0130537338806
0.0832978431801
0.0310082366156
-0.00050839987365
0.0555566533364
0.0443090735839
0.0824701799104
0.0509432701512
0.056566219044
0.100709881483
0.00899560621251
-0.0148033519755
0.050184306615
0.108911823343
0.0863395449808
-0.0468428682744
0.00476678103553
-0.0501644995494
0.0412908812518
0.0415478181409
-0.0482361547527
0.0261318402294
0.053488005552
0.0409344594936
0.0932901280924
0.0914576304047
0.000151721100685
-0.0379320075955
0.0575556403046
0.0914455591819
0.121444104837
0.0274127742133
-0.00185450953537
0.0524126623127
0.0982488273759
0.0702418078935
0.0118402926748
0.00928629942425
0.0541030703745
0.0488209544842
0.0230690722734
0.115267553445
0.10215249743
-0.0169287427365
-0.0359903784634
0.109721071241
0.0408496529018
-0.00134253268654
0.0258439152796
0.0477709341516
0.0341176004477
0.0512101835878
-0.0712416899237
0.0308870291974
0.0210268500146
0.0382204491738
-0.00236337279111
-0.018799660356
0.0657910310729
-0.0103998253742
0.0917500661781
0.0276385333767
-0.0437460086489
0.053099261874
0.0079721232771
-0.0338879686817
0.0118794169688
0.0469782122455
0.0417508488722
0.107981906434
0.00478442900171
0.0286545719765
0.00225291832633
0.0566822695966
-0.0133688456659
0.017024929795
0.0578276567661
0.0436832234962
-0.0117777274299
0.0216474910426
0.0999944898156
-0.0011410812723
0.101481129371
-0.0660185735546
-6.42428700992e-06
0.093267841087
0.0109836191395
-0.000695455685622
0.114558429925
0.00515099545654
0.0230517998995
0.0785436080936
0.0828651626308
-0.00719300718023
0.015826632816
0.0371619562781
-0.0150183696097
0.109182465963
0.0302108870866
0.0912877778835
0.0501131435539
0.0609747462079
0.0519244743419
0.0932392094495
-0.0903101624503
0.113724520755
0.0233719889451
0.0317840198103
0.0371716780389
-0.00847606830589
-0.0183680888061
0.124990058021
0.0201853258888
0.0145717234778
0.0729999301601
0.0466877855565
0.0642224426958
0.108852160525
0.0481780222687
0.102904838684
-0.0379485936679
0.02933201558
-0.0657628840333
0.0888195107724
-0.012029779761
0.0792536314085
0.051271595772
0.0108443243381
0.092079094009
0.0227391232325
0.085956600495
0.023019862599
0.0534221045058
0.0184026347682
0.0813608303289
-0.0479752686724
0.0245040346085
-0.0260430406159
0.106092784929
0.0187127185471
-0.0209364556749
0.0207127132078
-0.00101627839259
-0.0662361316019
0.120331588214
0.0279068014594
-0.0297585440446
0.139705457213
-0.0278454106542
-0.0172595921808
0.0434520722379
-0.0298497207425
-0.0348599303938
0.0873938411566
0.0191929158608
0.108677550426
-0.0680306039628
0.103666667664
0.097556926471
0.0248727849782
0.0720004793413
0.00742187968454
-0.0457671492652
0.068310001557
0.0864046091955
0.0492939842566
-0.0116713564138
0.0846206877555
-0.0142037339456
0.0423609145838
0.0547707067897
-0.00402051186826
0.0771777219581
0.0533861573492
0.125806130759
0.00368816378755
0.0467856503987
0.0717717999226
-0.033644412403
-0.0234106668504
0.0371394952915
0.0935338135513
0.0225497003662
0.0553052719556
0.0524511033042
0.0277991367863
0.0327641902556
0.0371694950248
-0.061719865501
-0.0068940677803
0.0669608948181
0.027685738946
0.0538967552319
0.117146521382
0.0609653232023
0.00687938309065
0.080142337339
-0.0674478562145
0.0884406512913
0.0675734932926
0.0863498397887
-0.0662249481599
0.067532935064
-0.0153653143087
0.0395112109356
0.0494589978073
-0.00651935475102
0.00361449461896
0.0366868891097
-0.0132080078218
-0.0120083791589
-0.0590439829584
0.0465799538961
-0.00280441127974
0.111820072543
0.102418607138
-0.0731794016263
0.0288070288373
-0.020563054901
0.113204794718
-0.0120017210056
0.0482337084369
0.121484864676
-0.0650582633894
0.00844004842849
0.067234898428
0.0242064287396
0.0397436344399
0.0649904974309
-0.0443614471152
0.00154083272615
0.0744736548367
0.0573043601147
0.115207331713
-0.0417028024758
0.0544668311903
0.0332998746656
0.0115638476793
0.000800137568035
0.00766669324675
0.0245687684343
0.0369089742626
0.0422645126257
0.114169706106
0.0435287188543
0.100551340529
0.07016700912
0.022292675682
0.0387196917909
0.103083493787
0.0699458940009
-0.0237974154076
0.030213132106
0.135724270203
0.113774316242
0.0233234651674
0.0481727257595
-0.00577491375232
0.0494217264142
0.00793028631368
0.0994526479065
0.0899519983799
0.084122151122
0.0756590263677
0.0594291533684
0.00861231876419
-0.0157927194997
-0.0114760941579
0.0734888825684
0.0631727774266
0.0524963870411
0.0931452255287
-0.022676967879
-0.0944305571034
0.0963351173997
0.0726175760956
-0.0609290713481
0.0387409959805
0.0384336381567
-0.0047054925283
0.0289926034027
0.0953474099944
0.0381795060563
0.0927410398364
0.0869922253122
-0.000703036868684
-0.0297762985011
0.0852720849504
0.0696756111054
0.129427719438
-0.000528075188396
-0.00985258037563
0.0725020769979
0.0187582540152
0.0626393200559
-0.0930008111977
0.0590781728726
0.042215991416
0.0325254580787
0.05007945579
0.00868074422924
0.0994322766532
0.022330705374
0.0800613791502
0.0577212897957
0.0551841017915
0.0183792594835
-0.0145853140304
0.0758431664774
0.0923547546495
0.0695336978743
0.106766226135
0.106277730843
-0.0551788176516
0.0734105033586
-0.00568744325232
0.128780362206
0.0613666892929
0.0294974400488
0.0751547635399
0.00465402920312
0.0214955410194
0.0317833489061
0.0945729555017
0.086990068513
0.0122488087906
0.0443070134049
0.128813434386
0.0401533403873
-0.0383225005763
0.0776834760321
-0.0151382728006
-0.00646922146733
0.0267960521465
0.00229776217991
0.0428784655949
0.0937464131447
0.0975984359318
-0.0189944154066
0.0973225746707
0.0754186873994
0.0618986623834
0.0333230080665
0.08026363147
-0.0325949328918
0.135203705811
0.0830413428747
0.10688914078
0.08632574869
0.110130514754
0.0286063758402
0.0361976319586
-0.112885620779
0.0370216280054
0.0568634162743
4.59985114887e-06
0.0132758411382
0.00943220973295
0.106002032222
0.0367346726109
0.0241558531153
0.102519177888
0.0349336753917
-0.0507108455176
0.0400140554205
0.10883062274
0.0469881096775
0.0952919132492
-0.023864734725
0.104232194658
0.0157926045292
0.0179988286004
0.00840920408926
0.00439284245392
-0.0224593311262
-0.0426036623272
0.0517030221373
0.077546817493
0.114270398749
0.0545020431931
0.0529860640318
0.0675323542173
0.0755771731651
0.0373578401405
0.0732279622697
0.0955398941963
-0.105346137749
0.0438905950086
0.0874325415168
0.0455747161319
-0.0161347039103
0.0356485186564
0.0923088123426
-0.00703680061406
-0.0209646453016
-0.024966490432
-0.103121281271
0.00720057244604
-0.0224669183266
0.0159172649428
-0.0149130133088
-0.0293152673651
0.126859039392
0.0859348852712
0.00274262743466
0.051893909614
0.0284301527942
-0.00686393571501
0.0690221329826
0.0858293757729
0.0530909885371
0.039381306357
0.0871820384973
0.0856676168053
0.0548240161679
0.0396616982994
0.013940076964
0.0382293571558
0.0622667385511
0.0318512006272
0.0843469741389
-0.0879050082497
0.0652770378256
-0.012623562788
0.102802802142
-0.104637023859
0.0584214209997
0.00374782954797
0.0898973681273
-0.034974393276
0.02224223449
0.0088227919569
0.0472703313893
-0.107921534217
0.062899289414
-0.00523101491379
0.0286517884802
0.00560534218026
-0.083174048144
0.0529695855724
0.0712432888911
-0.0295089307243
0.0722901944406
0.0776873412545
0.0963129386984
0.0440695315761
0.0322721460294
0.0727039235741
0.0579550351595
