0.069160990175
0.0850630094862
0.0547147810936
-0.0812773511566
0.0308243060414
-0.0110830447042
0.0633154112718
0.126600173346
0.0647380404453
-0.0176177878992
0.072697733811
0.104015772794
0.0685223170601
-0.00122003547042
0.0481992114722
0.0441842792298
0.00348888274576
-0.0569129799645
0.0280118876829
0.0409211944947
0.0939196597721
-0.0199404019334
0.074299497587
0.053027036142
0.0699577630158
0.0827633778507
-0.0337026588326
0.0768297726483
0.00927866852746
0.101386459815
0.0454816313563
0.0880139453172
0.0440809091372
0.093002491376
-0.0508121013665
0.0530340520514
0.0981055255333
0.0991161809216
-0.015661471238
-0.00887399238869
0.0613688503624
0.000524780457352
0.00492098865
-0.0283660316883
-0.0357471509905
0.0168335113821
0.0968346035653
-0.0125326052819
-0.0156283214084
-0.0216646596202
0.0887447333077
0.0311022024497
0.0282744107832
0.114260499893
-0.0261056000872
-0.0060584996345
0.088624532332
0.0827368962704
0.0516483646294
0.0207815563738
-0.123072366111
0.00186258824921
-0.0564045908379
0.0447667236934
0.0945216856451
0.0661053730274
-0.0210373364009
0.139574129489
-0.0572512819511
0.134267328785
0.0723269437716
0.0224521417143
0.000209057416462
0.0237204440171
-0.00384848308307
0.0139488026451
-0.0134057861694
0.0372368122433
0.0599996885217
0.0115209376768
0.0620591270297
0.129870490972
0.101840370557
-0.0600523518274
0.0359741985841
0.108944311193
0.0318540148245
0.0451650114771
0.0622504566346
0.0963075794152
0.0445607673045
0.0442414428817
0.103651022088
0.0199517841596
0.0175836798658
-0.00464561535093
0.0358900766148
-0.00923164455584
0.029625027072
0.0401025048161
0.0644649043713
0.037924774989
0.0369065303526
0.00297831984871
0.090071026669
0.125460954542
0.000806633899469
-0.0265754718292
0.0767573005099
0.0982525799009
0.073255455201
0.0166925597835
0.13239111011
-0.0156446528181
0.120716123785
0.00622475653541
0.135055605452
-0.0571633964329
-0.00499070288887
-0.0341847082586
0.0741112969518
0.0342219529874
0.112685556003
0.0200564602342
0.0418213877007
0.0918050844609
-0.0858789696985
0.0777269047917
0.0504672145125
0.0882505047371
0.0028283664727
0.104389826496
0.0601193420231
0.0576451742383
0.0995607598404
-0.00773954129906
0.0764292878336
0.0884147388238
0.0414732619768
0.0178579736916
0.0673163397026
-0.0170070963317
0.0524981229422
0.108389716944
0.0100697738179
-0.00448242839357
0.0990817350025
0.00260786846379
0.0846622815583
0.113795377558
0.0567004284243
0.0112284650119
0.00605919775642
0.0517222418365
-0.00654499892248
0.0464878315624
0.0362423458928
0.078279994006
0.101127975318
0.0277694508371
0.115847674996
0.104730357978
0.0829266950315
0.0508384331486
0.00814458307754
0.0416137730229
0.085236971512
0.091391447374
0.0978765993045
-0.023775123487
-0.0165696877859
-0.0387453643918
0.0106869335386
0.114644429955
0.128528566667
-0.0231299121489
0.1044273763
0.06124970602
-0.0131810573022
0.0842351953483
0.109186540861
0.0902856073471
0.0340140368969
0.023334023734
0.0847307218302
-0.0144999327241
-0.0656945965369
0.0620514596517
0.125704355944
0.0774860634622
0.0401065962226
-0.0204238175249
0.0847582060628
0.0272436589403
0.0826449394563
0.06963150244
0.112525724108
0.0758459398679
0.123830265852
0.0743425277861
0.0181815428373
-0.0719293799123
0.0646368304251
-0.00291987451232
-0.11286344506
0.0873778494211
-0.0616338288154
0.0778244853336
-0.0485659694041
0.030479625805
0.00258699618524
0.0552069847939
0.022392658475
0.0318169232289
0.0339972204106
-0.0872019635948
0.0816395464714
0.00195894712737
0.0602121659657
0.0822730612818
0.102443513221
0.0143522568833
0.0370565121532
-0.00431383639923
0.106661611872
-0.0505905580062
-0.1182032468
0.117752500774
0.0711723594967
0.0679096533954
-0.0244490407133
0.00882107919959
0.00754626899443
0.0878748208346
0.0170730899637
0.0400129360915
0.111631846964
0.124008128825
0.0239093339211
0.0930729119711
0.0880870601733
0.00293153361006
0.042242258287
0.0303379282116
0.103397142706
0.0288292386286
0.0247121803299
0.0435552030666
0.00758222763752
0.089646592657
0.045765789454
0.0713665118974
0.0899549383657
-0.000719229229901
-0.0132418616433
-0.0151728309012
0.0586993883413
0.0847232089451
0.1009871969
0.0245594983656
0.00075273451784
0.00143067215392
-0.0344717914317
0.0398473896649
0.0313757845043
0.0860197610425
0.0180938549831
-0.0298272652157
0.0292333255195
-0.0129137971331
-0.0975075182532
0.124311211223
0.066721322092
0.0562095906417
0.126184714389
0.0231284011674
0.0493060544435
0.0927143562387
-0.00620229461718
0.0167704452825
0.1070932682
0.041194761368
0.129855674419
0.00939074259601
-0.0125187981373
0.0163526590654
0.0740564795847
-0.0225487976122
-0.0778521772411
0.0939263266686
-0.00178344852984
0.098417330271
-0.0168044988787
0.135350822994
0.0313561177648
0.0564491086215
0.0327128878293
0.0326040281798
-0.0500662583244
0.0988705899014
-0.0498518356609
-0.0124068764961
0.0636535436119
-0.012832475334
0.024168895275
-0.0571308505747
0.136880176244
-0.00295633611494
0.0213605197627
-0.0462706938203
0.0293495834388
0.00566033870016
0.0764995342078
-0.026193210964
-0.00349138007337
0.099178760725
-0.0472195770357
-0.0557208521822
0.0737644096258
0.0614171743112
0.0179843750018
0.0682959644314
0.11744728767
0.0255032458413
0.0840812857639
-0.00656093071037
0.0277689226592
-0.0030899006704
0.094268283876
-0.00594575334663
-0.0380157202189
0.103061271059
0.0422465646445
0.0742426844689
0.0411220841412
-0.0277228808182
-0.0283808277741
-0.0144511989382
0.0321714399205
0.0692292111694
0.041006321314
0.00282217466998
0.00358548064639
0.000122812027206
0.0778226446157
-0.0509327750507
0.0879671883077
0.0316655056586
0.0842046526883
0.0631260912808
0.0113559195681
-0.0258589611914
-0.00803961991619
0.0231218649125
-0.024869684646
-0.0602726641901
-0.0459614829411
0.044931110277
-0.0427956852493
0.103814235031
-0.0130840915172
0.109207129658
0.086568145968
0.0590818685315
0.035233435998
-0.0478836336933
0.0726145629202
0.0563163127084
-0.0209984602303
0.092305376566
0.00143288209604
0.0470289723468
0.0886422789966
0.0909430024198
-0.012504758671
-0.0264356823033
0.136510500248
-0.0431473326444
0.0362067760925
0.00361020243038
0.0391343703262
0.0187827782408
0.045801538136
0.0244059044632
0.0188519773745
-0.0414264208825
0.0648538448781
0.0612439467819
-0.0147924748188
-0.0325359920497
0.140787660194
0.0788372097444
0.0763622098708
0.0631461341049
0.024110794882
0.120119278724
0.0559019608953
0.0302248435131
0.0819133182127
0.0442536552843
0.00261421854213
0.0558598838358
0.0192723075664
0.0671677283978
0.0181911579259
-0.00149115167641
-0.0188812880703
-0.0173494642846
0.0543170914873
0.109689620882
0.0445537698391
0.0518839188748
0.0191037911261
0.0317539912774
0.059958534965
0.00193371856557
-0.00231995897975
0.0857464554633
0.054857246234
0.0261225955983
0.0183971119978
0.00717104132207
0.0601719863982
0.029148721927
0.0916853022156
0.084818815774
0.0370824026997
0.0273211812037
-0.0354389729952
-0.0177519171792
-0.00803218880362
0.0353403363346
0.0600653575275
-0.0396485055183
0.090524391116
0.0761668336538
-0.0867826934107
0.0718254752679
0.0920808083912
-0.0547054159374
-0.0424670811609
0.0737351522279
0.0906784451108
-0.0595817455971
0.108150204144
0.00729074441575
-0.00477136061872
-0.0173074260546
-0.0285039199994
0.0498442214403
0.0379731919971
0.0340260755181
0.011672849878
0.0803857734603
0.0819192571552
0.0695369552844
0.0101696551665
0.0758171517112
0.0171412009825
-0.03056392112
0.112922586385
0.128864756154
0.109417845354
0.0148048938203
0.0815081051977
0.0656578155786
-0.0162928459657
0.0700523965744
0.109833390714
0.0338858835504
-0.0177603842506
-0.0141672597502
0.0460220447628
0.103226974606
0.0631268108183
0.0601191991829
-0.0412079122576
-0.00236150223504
0.092246115261
0.0728417729479
-0.0102710723207
0.0158786549974
0.0790047018817
0.112303615838
-0.0827991540549
0.0562940260048
0.0828073526891
0.0100615884331
0.059721422136
0.00209896123321
-0.0799938628809
0.0904609523326
0.116556927942
-0.0510917288474
0.0949373899268
0.00561921157247
0.0430578974601
0.100192898894
0.116717192171
0.00223583713269
0.0971158937687
0.100594380934
0.0851935445138
0.00706322841173
-0.0310070656877
0.134623304475
-0.00507076912697
0.0765081989055
0.132127817158
-0.0359145141821
0.0913924312707
0.0306121794527
-0.0277691217818
0.123890964873
-0.015897686924
0.03062998644
0.0443980935082
0.0758793635733
-0.00289148063617
0.0764748867163
0.0723108373076
0.0148432203028
0.00996445904047
0.0466046665294
-0.0127513294496
0.128015436696
0.0663705571986
0.100980457756
0.0422327592097
-0.00183260723707
0.0971521020812
0.0600818648946
-0.0671279049857
0.144100985282
0.0894680551099
0.042658738152
0.0305924634486
0.048057120212
0.0872401166528
0.113785747335
0.0638142104275
0.095298523994
0.104227444732
0.0603385512216
0.0824801251606
0.0191313689537
0.0404575895709
0.073826802029
0.0828443522254
0.0755931078359
0.0736736298175
0.0890993332476
0.0987407065034
0.0183673162365
0.0183204729087
-0.0099911489856
0.00373081146258
-0.00286822528374
0.0255263018159
-0.0308402532545
-0.0103619689744
-0.00118246846893
0.104055144604
0.0210028408347
-0.0288885125388
0.111729083285
0.0591976198199
0.0509501004572
0.132783365618
0.0722376138835
0.0324694716621
-0.00682982510802
-0.016569732381
0.0714214350791
0.118355938819
0.0461701597763
0.00656459632021
0.121565046067
0.0814730787757
0.112803715878
-0.0112468114623
0.104030296669
-0.042411441542
-0.0127729902036
0.0255360527732
0.0550727774031
0.0347073724725
-0.0167605300246
0.0095211728138
0.0369453911881
0.00114525132795
-0.0595694194077
0.028104778047
-0.0261514337506
0.120322224812
0.0318436284768
0.0407405463227
0.0667627798056
0.0424779422383
0.0531954698397
0.0324891237428
0.0102036749091
0.0150486783536
0.0478546652432
-0.0493867671139
0.119270405123
0.0374428730933
-0.0496921941552
-0.000358698868926
-0.0558906820305
-0.0200235917308
0.0380007650642
0.0028779340192
0.121261380435
0.0138604205894
-0.0334274993298
0.100520463903
0.00260996988983
-0.00676955713261
-0.0843698231253
-0.0164090741785
0.040473310295
0.104854535625
0.0776800691251
0.0117682176667
0.0738582218501
0.115341781411
-0.00347270577937
0.0869723205535
0.13439058795
0.001057991212
0.0191736274615
0.10292777658
0.136497796774
0.0715051797217
0.0932718765089
-0.0368417707733
0.0671672877363
0.110398317913
-0.0323936224198
0.011742553671
0.0119950251022
0.0180893880988
0.103207672964
0.051020752826
0.0891253911095
0.119407484459
0.131912067429
0.0731285609447
0.0593286641439
0.108358733337
0.0244838340048
0.124682944632
0.126571083247
0.119549455765
0.076713255404
0.0419528881257
-0.00807647713001
-0.00679523113114
0.0953827544611
0.0271897492243
-0.0235141754043
0.0343187224791
0.0364336129209
0.0872880186836
0.0426336366919
0.100413677947
0.0926389092138
0.00317936533976
-0.0840379830445
0.0719974748527
0.0391859321535
0.0868793747632
0.0535960773363
0.0938541401557
0.0458202605771
0.0351823917401
-0.0297341628147
-0.0348385049244
0.0241114425183
0.0444224376157
-0.116835833552
0.0475205021772
-0.0969525168313
-0.0310740612272
0.0156561199014
0.0466715288739
0.0871191845536
0.0623239520982
0.145195765864
-0.0384937202635
0.135323933506
0.0396572417988
0.00585495829889
0.0655021260634
0.0742298909164
0.0899344191262
0.0536440151843
0.0494086100546
-0.0597318109979
0.025240841632
0.00339031365407
0.0591664738522
-0.080253657079
0.0517200383848
0.0210792494437
0.0292127854468
0.0646333136366
-0.0225998186235
0.013343413859
0.0607717334158
0.0248873503795
0.100359043284
0.113004041464
0.05918823692
-0.0583722172804
0.0717002429722
0.0404836759688
0.0882002531099
-0.0157577452148
0.106154394658
0.10694253907
0.101453902306
0.0315412115935
-0.000636492155843
0.109462225181
0.0914716239488
0.0947762992644
0.110102138634
0.0991780572468
-0.00631112967701
-0.0108134717798
0.104172290883
0.0460344170844
0.0060816333084
0.0241062941603
0.0453846873763
-0.013369119114
0.0362511356563
0.0282784787423
-0.0666026163758
0.0407023605234
0.0486157552974
0.12728093923
0.0760718675007
0.100769092501
0.0668276400301
0.054502895583
0.104884569253
0.0534325090954
-0.00516382365413
-0.0317018216616
-0.0403853697925
0.0269626628188
0.0544569668453
0.11105447316
-0.00763132808448
0.0656747772167
0.038751710369
0.0682104723073
0.122306634302
0.0216400585166
0.0418475235177
0.089833575526
-0.137413353262
0.141038050208
0.0647410171811
0.012002337521
-0.022675297341
0.0714501286809
0.00411798871805
0.0717230544433
0.0486207440218
0.0677544231139
0.0981768882915
0.0817678571983
0.00218303978916
0.110529002939
0.0483148061137
0.0680966991254
0.0149041285702
0.00257194836934
0.0813686957147
-0.0351156940283
-0.0107535187025
0.00434685602363
-0.0848673177686
0.0324320514547
0.0670989743875
-0.0167891152055
0.0650797369523
0.0656646187851
0.0062992382872
0.0998198956277
0.061938395923
-0.0462161421316
0.00559865484392
0.0755263530666
0.0458308865545
0.0961070093971
0.00178895073419
0.118563539047
0.0975566010269
-0.0172259840716
0.0290894957803
-0.0214976885926
0.049082521849
-0.00169367600767
0.00148455048587
0.0815213240444
-0.0269044954382
0.0399178934345
0.110478914973
0.103711896765
0.011526259557
-0.0157751128869
0.0253294156952
0.0757255659439
0.120988695819
0.0580505085914
0.0626025981765
-0.061785027536
0.0265513944864
0.0611855121146
0.0438131460134
0.0791603308634
0.0297524187742
0.0254201657039
0.138335446327
0.000167282995632
0.111434099032
0.0641028320372
-0.00810342306469
0.0152277111413
0.104524045555
0.0221206966999
-0.013521619524
0.0574534059341
0.0149861232973
0.105839640864
0.0579548202024
0.119264011064
0.00740358814885
0.0441638348353
0.0867714737436
0.0920556781675
0.100976625886
0.067165147662
0.0312596674421
0.0382792304156
0.0178139626722
0.0275081534417
-0.0754048840334
0.0819342482839
0.0386361006864
0.0105033404723
0.0600115473988
-0.00860757054364
0.0609140717469
0.0524651207332
0.00612801256042
0.0486931359524
-0.0215996325873
0.0534884956271
0.0907592841183
0.07306831662
0.112746680348
0.0256385637306
-0.0755553875163
0.0461629075765
0.0447065685385
0.0312295380322
0.0259577017049
-0.0491054856778
0.0717154785893
0.0268731253402
-0.0020723507208
0.0296974476542
0.0980878340492
0.0567420153333
0.0835243230126
0.038042007147
0.0410167299557
0.0594089776607
0.0915275727737
0.0116734102273
-0.00521887402264
0.0744384923528
-0.0691668876671
0.092617147931
-0.0334542904835
0.0326021304646
-0.00699269098487
0.0128324898927
0.0449862668092
-0.0195115426785
0.0742007628036
0.0684438062617
0.00375718780382
0.0579572056604
0.045393073457
0.118070897267
0.0457891905328
0.110104307214
-0.026218762924
-0.0327279503663
0.0813122858593
0.0438252972355
0.0864486982317
-0.0262220818821
-0.00743210849087
0.0636794796539
0.0256593708416
0.112411801734
0.096189637325
0.0703783528395
0.109228377397
0.108007932934
0.0288989398133
-0.0281364087893
0.139152236696
0.0725421640643
0.0933042672571
-0.0404487707082
-0.064758566144
0.0727034145323
0.132593937252
0.0313500605058
0.126063413271
0.0421092973595
0.0336168517265
-0.0135864175542
0.0805819589458
0.0795527310233
0.00526016618161
0.0119378473768
0.0869677837165
-0.0186979014697
-0.0222916735964
-0.0317241407658
0.0112473689357
0.0894094180469
0.126118593909
0.117251742701
0.0959000429393
0.0828854408484
-0.0169771493125
0.102307722715
-0.0850260159171
-0.0985172988224
0.0119225705374
0.0620644768955
-0.0141628511491
0.0178687571325
-0.0117948529378
-0.158757231227
0.00198241797793
0.0385403240188
-0.0667979724537
0.0654982220378
0.057628930098
0.00551903535757
0.105149253377
0.0736588556768
0.0423161214467
0.130518215687
0.116531288162
0.0661688333419
0.125573295437
0.0293874633477
0.0366654249
0.00685864627185
-0.00957145654343
0.0312886163551
0.000180833516914
0.106420839391
0.00881623185806
-0.0522580679933
-0.026916343242
0.0314481084653
0.108996646249
0.0675757426873
0.0957687590011
0.0653988567727
-0.00620542914749
0.102532123073
0.134339745042
-0.0911462004356
0.0996444452077
0.126725234354
0.0266754660921
-0.00758842070608
0.00258657021978
0.0911413573748
0.0302307762822
-0.0683470899426
0.00616599353227
0.0747733082328
0.0766237142955
0.0621157122537
0.030051724662
0.0245712616678
0.0438401014729
0.0744690994069
0.133375725203
0.0710703930792
0.0149679434717
0.135785009001
0.0290274377768
-0.019940772246
-0.024815291488
-0.0411774109516
0.0864474707772
0.0379618627978
0.0312707318595
0.0894663502427
0.0978485861086
0.0470283303831
0.0690341477109
-0.02795936644
0.0340342886857
-0.0252762028219
0.060209959037
-0.0551086427342
0.0810930188527
0.0164254258729
0.0867218492412
0.0491623690594
-0.0180570036096
-0.0360017884763
0.0454790528717
0.0345491347117
-0.00502574856744
0.0855193249467
0.0662247244297
0.0136083033413
0.0945208209001
-0.0404547704894
0.0517995188194
0.032194802175
0.0300683092491
-0.034806757058
0.0212682467662
0.0954909408995
0.00992710901845
0.0414652146241
0.00769777077615
0.00253781705491
0.0033993014638
0.0211580252135
-0.0153636378277
0.0562500716699
-0.000458026565751
0.0138628750157
0.0191191767302
0.0908624285169
0.0726740994986
-0.00527730899508
0.109373148162
0.0273048328715
0.0874342136653
0.0344844657048
-9.21461515899e-05
0.0918171280344
0.130664585658
0.0988552051063
0.0297230231604
0.00622838107456
0.0716756823747
0.0178898050962
0.0664768414389
0.026281992815
0.0631147283807
-0.151193710863
0.0392443528457
0.0307889472985
9.37798089859e-05
-0.0145350055525
0.0529672763272
0.102449341461
-0.0118341208694
0.0404393709702
0.0900052984147
0.0241384792904
-0.0252155770642
0.0403192228109
0.0533393281128
0.024037876493
0.109498694719
0.0313201286568
-0.0338624283461
0.108961969813
-0.00137971589295
-0.0197814107761
0.0850935912873
0.126830074313
0.104688072465
0.0922511069607
0.0530425013628
0.0915809828713
-0.0366558051393
-0.0538512715208
-0.0163465259841
0.0479659409523
0.0493477745608
0.0916153746459
0.0114135900532
0.0982844776279
0.0910207273762
0.100918684569
0.0157602109788
-0.00989062076196
0.121529669901
0.0323430165161
0.0579881171377
0.110027417114
0.0250432592992
0.0316252894751
0.0582214212296
0.0288304659215
0.0234933976422
-0.0679241120836
0.0458162175435
-0.0514995821924
0.0462331580254
0.00811176609552
0.0587466539488
-0.11859095149
0.0390594382454
0.0381585113906
0.0956147249383
0.0533284560653
0.079140259673
0.047931880884
-0.0343167394187
0.0743503653221
0.0830352443383
0.134327891413
-0.011021730204
0.0549760016492
0.0358017599288
-0.0251137874971
0.0677783514073
0.0142737198467
0.0586127717084
0.0127035003686
0.0834610119847
0.0317349319888
0.101763929212
0.0883516662351
0.103672236188
0.0153057022384
0.0749714953387
-0.0140336639832
0.117245234944
0.0455911357193
0.104533935183
0.100523647809
0.0388565698462
0.0479740914487
0.0353631630337
0.0313879688669
0.0385890216615
-0.0763669572085
0.0886292269745
0.0280128474472
0.0480047949553
0.0247174600815
0.0734038542147
0.0392532922486
0.108942705114
0.0525034017989
0.0875974639742
0.106538587305
0.0411635703458
0.0436675989612
-0.00855010674676
0.124776072611
0.101449111066
0.0303617092635
0.136498309478
0.0488580021184
0.066470683883
0.109527405908
0.0698847041887
0.127383194088
0.00989651111691
0.0889175941525
0.0877046399829
0.0165524111766
0.0851129752588
0.00393036584861
-0.00212066062379
0.0819769034974
0.0379139652649
0.0494270762215
0.0418871423073
0.0452116793581
0.0875521251711
0.0899713721967
-0.00317825661877
0.0544146239921
0.00320394416535
0.0512912480064
-0.056723757723
0.0391476455788
0.0979888175618
-0.0326650067227
0.0731583399983
0.0604190865538
-0.0461656155444
0.124167313292
0.10854895186
0.0519181401028
0.0826945875912
0.0364798418219
0.0465412999668
0.0636582069253
0.0390538396678
0.125248748484
0.0667474521714
0.0515098316999
0.0484939509077
0.111350499563
0.0590483849044
0.0501437986726
0.0418518168645
0.026866758035
0.100259657747
0.0377219591349
0.0725242568993
0.00416202123702
0.0159652677518
0.132352094638
0.067393320722
-0.0142004691418
0.10213626276
-0.0172325260359
-0.000471365062123
0.00714732164435
0.0447353997367
0.0467051340085
0.0108169329869
0.035971578156
-0.0094641222469
0.0424108423619
0.0450499508439
0.120750833322
0.0619073344539
-0.0450723579463
0.0188011453493
0.0400244506513
0.135480076854
0.0532285022866
0.0987992505794
0.1153851219
0.0493144810981
0.00872506492018
0.0181540880765
-0.0310722212618
0.0303046694422
0.123258851569
0.0325558252802
0.0571520039848
0.0872136918186
0.110639203695
0.0979351128225
0.0823768336042
0.030342537267
0.0306669374288
0.0523168221668
0.049451642859
0.0386045882016
0.0873177032906
0.0677005639615
0.00815605549989
0.0520721967427
0.0750037628488
0.121693142179
0.111999707327
0.11012412239
-0.061894516409
0.0916062020814
0.105672317484
-0.034326468587
0.0762202664802
0.118880707303
0.0367449158267
0.0490781751538
-0.025880722898
-0.0967593516335
0.0743145894335
0.0553192924583
0.0731478520414
-0.0437038559248
0.00159582941057
0.0518361603086
0.138108083916
0.0797221060897
0.128704061899
-0.058934179591
0.031935383283
0.113031262132
0.0575233891926
0.108433861332
0.0123940433188
0.0105454665849
0.0649585016607
-0.0286150842538
-0.0281803643609
0.00750416489841
0.0385284777851
0.115862950402
0.120039135735
0.0392443248022
0.0430812260683
0.057975091905
-0.0208798533864
0.0976115984224
0.0737909151603
0.0749945034632
0.116007224269
0.0483069670509
-0.0204648867238
0.0582197160806
-0.110314087127
0.0283890544719
0.00381279537469
0.0585089292375
0.0571069202675
0.145812747276
0.0182698538671
0.134611406149
0.0112231545759
0.0314664629616
0.0993394256027
0.0467277160492
0.017273756422
0.0958369729671
0.136105423819
0.0407268828562
0.0125687346919
0.107061356438
-0.0128068073269
0.00202517147731
0.0437088960334
0.0276687616397
0.0307805548503
-0.040921812613
-0.0825078928473
0.0293975997851
-0.0530540047312
0.0700967977674
0.0890638731556
0.00422965121881
0.00281290781092
0.0926091052971
-0.0428645519208
-0.0217318412917
0.00680624279615
0.133021539548
0.0439436580887
0.0416861445935
0.0506664295691
-0.115029419363
0.047729228635
0.00116093397251
0.0702605449177
0.0214469266414
-0.0216235021247
-0.0128096809616
0.00267865475188
-0.00883432682864
0.124662063865
0.0690056009172
0.0708047381281
0.0927142264976
0.00909010181309
-0.0721637141827
0.0268549365803
0.00886891442108
0.11723535333
-0.0131593860418
0.102242601007
0.0983306852205
-0.037791684516
0.0152774871184
-0.0903540445699
0.00158278393
0.0343681827162
0.065784022402
0.0319448350536
0.091248757381
0.080004836472
0.0799060899292
0.0314767881776
0.108169395995
0.139469505545
-0.00513543564729
0.0298410442417
-0.00910298582
0.0289669163981
-0.00725540266823
0.0475787301126
0.079130888843
-0.00965823805025
-0.0401660275694
0.100933479238
0.12169102255
0.0328001955252
0.0375991910584
0.0377189633565
0.0259302012643
-0.0162280538864
0.112725240249
0.0469875611476
0.0827701972662
0.0204672593023
0.0220733371616
0.0689087730737
0.103841087026
-0.00473104593382
0.117170900512
0.110311194507
0.0300086937453
0.0813361529083
0.0174569504579
0.0979529357804
-0.0240743830101
0.0733310513929
0.0852524885317
0.0747443841505
-0.0453409728154
-0.0732956288162
-0.020595919404
-0.0912643444973
-0.0196377240899
0.0359278259081
0.0812022166864
0.0600410838748
0.0734256457983
-0.0343954407597
0.0801275909364
-0.00424381431249
0.0546419791267
0.00860797421586
0.0370258511696
0.0138481676285
0.026409905542
0.101529557448
-0.00595409717925
0.000760936205874
0.0561127147302
0.0690694460432
0.0502129384814
0.0818331487275
0.0283276969815
-0.00913657506756
0.12758071726
0.0501400710424
0.0136781811277
0.0452881562149
0.0799111157166
-0.0365181227714
0.0163261109536
0.0394923513674
-0.0131482939274
-0.0144698061895
0.0825503518784
-0.0149795124812
0.127125531851
0.112961276102
0.0463707083924
-0.00771368010644
0.100659758251
0.0413270254282
0.0643913949986
0.0445916327775
0.08061724341
0.127453852431
0.0469792578809
0.0105565856273
0.0843261541886
-0.0182839978695
0.0778209936044
-0.026729499264
0.0812435173875
0.0656389863732
0.0511935944715
0.0214809905159
0.0129825157113
0.0183905674617
0.110885433156
-0.0302571922671
0.0640512452651
0.0713037975279
0.0498270923889
0.0919747417025
0.0557184703584
0.0360406375369
0.129976436486
0.0143241669445
-0.00231994830473
0.0873494122458
-0.101403335985
0.0908951602099
-0.0287935049278
-0.00407157804092
0.0654849913938
-0.0178769936554
0.0489206315917
-0.0223662400092
0.0823077004558
0.107102410976
0.047993372577
0.0299398556019
0.0887030891322
0.0429574582196
0.101164584162
0.110894109868
-0.0177171004237
-0.0332029278519
-0.0177905248475
0.107583078197
0.0579921322708
0.0757945846499
0.114352820162
-0.0418319322102
0.0229343620853
0.119211073107
0.0934312422196
0.101992693643
0.0354254129248
0.00626426298477
-0.0559114122849
0.128281010494
0.133352142616
-0.00612287609308
-0.0167174519049
0.0153147753084
0.104237679678
0.0905835428541
0.13969165394
0.075685448783
0.0480732336392
0.0518535280768
0.00706699307965
-0.0313222608284
-0.0158840591047
-0.00640660401362
-0.0708569595887
0.0315361673846
0.0402646903136
0.134157522084
-0.0134077059557
-0.0245536233082
0.0110608954649
0.0205063134801
0.0612490441196
0.0570697919807
0.0600546611461
0.0736169986644
0.0595721574564
-0.0313995966869
0.102745039476
0.101469670259
0.0622860048056
0.0320855911234
0.0951385293825
0.0912682921208
-0.00389514933907
0.0163588721504
-0.0214646866002
0.0972849631049
0.0995915762128
0.0803271758679
0.0624216098065
-0.00824272830385
0.00548822470386
0.0308718135855
0.0697343043421
-0.000448442179768
0.0532030414613
0.0477383528015
0.0776666699615
0.0127750408259
0.0366389691399
0.123575870467
0.0997707308423
0.0704554118224
0.0609581277166
0.0301517207033
-0.00766607652991
-0.0114742302009
0.106171796477
0.0296029929537
-0.00325005974835
0.0683396588394
0.0469953158944
0.104189463731
0.106555756541
0.0190294174202
0.0356001358482
0.118469534783
0.0987219371959
0.0428620337918
0.00749029428944
0.0815089270138
-0.0277746586535
-0.118863140624
0.0100920503263
0.0725848796907
0.107387644231
0.00905137192495
0.0970975306685
0.0109527643811
0.0497957139315
0.0451972268036
0.0462712131104
0.0118214935578
-0.00676357046108
0.0371648327263
0.0854027829333
0.0373998012761
0.0640898424534
0.0628201005481
0.0811359269176
-0.0595461761662
0.0289236828833
0.0201638699655
0.0743520701767
-0.0440257346892
0.0739190149272
0.0169422262312
0.136944954525
0.0558543126276
0.0613429720147
0.0937297182012
0.0837272059519
0.069941822102
0.0796411874082
0.0602056335266
0.0517264557521
-0.00492654725346
0.0521957532646
0.103003505189
0.0384515611189
0.119046755509
0.00843051558612
0.0646955089134
0.0346569251685
0.102701958301
0.0102872310623
0.00148475313209
0.0614825885957
0.102033067994
0.0254714908364
-0.00643024719162
0.0393919997646
-0.0137478769642
0.0354918508512
-0.0130742044077
0.0764819546883
0.118547072718
0.0491148402393
0.124901243549
0.0373097161499
0.0234464317101
0.0467032300921
0.127577791775
0.00365432826943
0.0768070866296
0.134842419882
0.0553458340256
0.0953353155895
0.0473278349868
0.0961618992371
0.0128236800885
0.01413934443
-0.00294614051577
0.0408458563146
0.134583406503
0.0566776664482
0.0972875175296
0.0362092915744
0.104352649752
0.0694684921088
-0.0286779929184
-0.0291564331614
0.0408820559383
-0.00097832410081
0.0685086612774
0.0399552298768
0.120515310738
0.0780464648501
0.0832273655945
-0.0413429858276
0.106905635552
0.0816431121606
0.126074748418
-0.00534786947645
0.0776354778151
0.101906246245
0.109769156092
0.102395728946
-0.073326269844
0.0702045770469
0.0863043003817
0.0747291383211
-0.087351217987
0.0359997312492
-0.0363500591636
0.115487665544
0.0422833499732
-0.0141873786732
0.0893885476148
0.0126133811004
0.015603766602
1.75128516364e-05
-0.0136290885011
0.0244671059739
0.0611760604476
-0.000268066046393
0.111512771075
0.0831099469821
0.0969862634057
0.0368696263495
0.090744896502
0.0254358351942
-0.00929874197142
0.114758130952
-0.0199963276776
0.0694722305017
0.0362434168143
0.107003602755
-0.0316779173075
0.0637232410226
0.0330688303622
-0.00499625963533
0.0187600442494
0.0798152649061
0.00709528133489
0.112786179219
0.0994033428016
0.11651882395
-0.0312580261619
0.00500654809931
0.0975813227314
0.0283445422181
-0.0893523423877
0.0717910665797
0.0185606720558
0.0908185839087
0.095061853262
0.0737505042084
0.0386604785209
0.0388764314833
0.118990700533
0.0779175884176
0.0550080248889
0.138032226004
-0.0267564192408
0.0998850700682
0.061060476593
0.0683444850685
-0.00119576672247
0.00797068935971
-0.00557049264037
0.108946914266
0.103956293641
0.0356685555871
0.0137759475163
0.0425388353097
0.0817172617909
0.0264555616493
0.105276240269
0.0970732942918
0.102654409504
0.0458812619437
0.0157462107252
0.0541094837731
0.0564175298812
0.0907026146149
-0.0171090034536
0.0979272428662
0.0301903479074
0.0035692170344
-0.00141284559954
-0.0181286240934
0.00637374843559
0.0899149852707
-0.0127983550336
-0.0132441455734
0.0761158255875
-0.0821644249595
-0.0367862278594
-0.0408105078558
0.0614021058787
0.0367271849257
0.0555113205292
0.0963108024468
0.0409331939494
-0.00592408532203
-0.0124424191221
-0.0167133353881
0.00103705655414
0.137682123207
-0.00538454809362
0.0542766430241
-0.0327294017206
-0.0430163200756
0.0213324960275
0.0456789396988
0.102895900166
0.0445274822488
0.096052239553
0.0105410524638
-0.0352738721873
0.00874844124666
0.0525508623053
0.0150707690585
0.00504432000854
0.0541320283229
0.0572198642239
0.135058860457
-0.00347071016893
0.0772012985394
0.0889282476379
0.0184212412438
0.00141630793056
0.111483619776
0.117070047748
0.0033643991041
0.020198003098
0.0100409569769
-0.0490154436418
-0.0401704337454
0.111551349225
0.103653236161
0.133273500547
-0.0346271882452
-0.0264992981339
0.056331578096
0.10544774127
-0.0752045045039
-0.000747813297883
-0.0108148212617
0.0821795001265
0.0583198011646
0.101710012813
0.114308828294
-0.134789330181
0.040608506212
0.0609718106937
0.0387352813031
0.12332496422
0.0605140574796
0.0837058779116
-0.0479666303651
0.0984592184615
-0.0817665374954
0.0740972087129
0.079469628741
-0.0180372166964
0.0685245157894
0.111998683863
0.0925222811601
0.0691399338252
-0.0176806871761
0.0443049873353
0.0244540660274
0.0325212649961
0.115159122522
0.0402005791383
-0.0250338455983
0.107726616401
0.0488885652839
0.0883775239447
0.073054492283
0.0543951515497
-0.0119714692589
0.0543509530815
0.0966844452489
-0.00487911084462
0.0533027659599
0.0229248601729
0.037155866965
0.0384797684972
0.0167790738123
0.0547409742923
0.0764135987571
0.0522474224488
0.0655612715287
0.0530527224852
0.0649714015206
-0.0261993345306
-0.0275689564342
0.00515267226457
-0.0304634536991
0.0728678279688
0.0987708757876
0.00967820259434
0.0794652011979
0.114595000958
0.0122564269115
0.0470703637521
0.037108454174
0.0191803722916
0.0721230550717
-0.00685561263252
0.0844175507195
0.116422939126
-0.0747391452698
0.124838355793
-0.0388254981388
0.0705077996528
0.0024198592532
0.0845777180841
0.0714283548306
-0.00810417305739
-0.0275196903894
-0.0651875563769
-0.0310371861884
0.108869408646
-0.0990855967377
-0.0535252703555
0.061178745233
0.0571132606289
0.0351965840602
0.0302082158379
0.0162863380068
0.0318913549834
0.0582417546871
-0.0634564855864
0.0221818755058
0.0703656450147
0.048628974347
0.0417787416878
0.0143845352544
0.0913196125161
0.0484626564654
0.0123559335794
0.0876348855584
0.0529417936009
0.0127249530257
0.0927792247777
0.116045797549
0.0737947126402
-0.0791834140178
0.086685657284
-0.00126198408484
0.11147997034
-0.0190277558921
0.0623797866474
0.132907785077
0.0150396758347
0.090376471402
0.0211067524761
0.105124138025
-0.00602068337355
0.104412369276
0.0867680913127
0.0789533579485
-0.0312988778722
0.0297316742948
0.0184881860318
0.0795079715665
0.128494052671
-0.0870062138905
-0.0126625984549
-0.0332706696721
0.0500248643128
0.0713358016786
0.000978540643508
0.0723445003482
0.03688430775
0.0608739375955
0.0577928975177
0.0460303068212
-0.00382711493786
0.067410841972
0.13403671722
0.081502932355
0.0821441410921
-0.0210545431654
0.133067791437
0.0491419190255
0.0811977187911
0.0597917899315
0.0742332382906
0.0686171227648
-0.00443209243507
0.0840775078688
0.00147060218963
0.0693774435338
-0.0125604817001
0.0872615868902
0.107275902906
0.140626355883
0.0986234278153
0.0825651608487
0.0676409624365
0.0971693751776
0.0286447877134
-0.0420361214868
-0.0232441806224
0.0334669034137
0.0398456421315
0.101055597161
0.0371272159733
0.090795078497
0.0216515378186
-0.0668294423631
-0.00887882786535
0.010283447136
0.12465725493
-0.0304923929717
0.0232577426504
0.0671844751174
0.0369981191364
0.0701420847542
0.0778661035236
0.0345717371038
0.0381916419794
0.050336627479
0.0266062543812
0.102586611811
-0.0485871949545
0.00547793417197
0.012196527069
0.0408196126176
0.054841134709
0.0335810120077
0.0775365542558
-0.00267489222205
-0.0186746421528
0.0299045763821
0.0548032969732
-0.000838509942985
0.0868400660727
0.0889126689392
0.0683990261869
-0.0649725337157
-0.0105152143364
0.0771335916802
0.0854740796301
0.0703297502841
0.0686653481318
0.0729219088248
0.0855454485248
-0.00758566680423
0.135677813507
0.139417818941
0.105679465471
0.113055672595
-0.0364265697244
0.0386363623629
0.00437329284645
0.101697031948
0.0680936664227
0.0533740954382
0.0911237652946
0.00825865895475
0.0180234507689
0.0355215916531
0.0320688953735
0.0501319447088
-0.00933306744403
0.127275715242
0.128631520788
0.0583955352002
-0.010753341686
0.00411950502382
-0.00873488544245
0.095887753836
0.0836602506878
0.0234155798146
0.018285457624
-0.029492705394
0.063676894944
0.00459495629458
0.0815173415432
0.046232412889
0.000421957960142
0.00532920672418
0.0769426012125
0.0889220054216
0.110183492954
0.032095337641
0.09697436249
0.0786430719071
0.0741989284572
0.0249912089721
0.0886315665622
0.0784006578151
0.029509146713
0.0412453403963
0.0303712671508
0.0305936208134
0.123108691157
0.0383389858081
-0.00611766878575
0.0886912150275
0.0693045430948
0.0268526124664
0.0759499959395
0.0722467493035
0.100591980844
0.0801936290905
0.0612841902626
0.0190303631156
0.131005058884
-0.113974904807
0.0442423502788
0.0387686952139
0.0712642361745
-0.00327791399286
0.0839274208572
0.0654769712701
0.102762246433
0.131590397341
-0.0429112243119
0.023711158593
0.0733521310349
-0.00481862711977
0.106832765373
0.0443037953654
0.0980122498166
-0.00619984737357
0.0827970288229
0.0589190516812
0.0455342573436
0.0101150419068
0.0591562251971
0.0744036658212
0.0109845118903
0.109475682491
0.123807490966
0.0659301781607
0.0373712201953
0.0828041282662
-0.0666453169166
-0.0586426127443
0.0665531198806
0.112764978595
0.131151217999
0.00202938307788
0.0864712766623
-0.0238498691699
-0.011501925161
0.00499807294029
0.0224080170584
0.0703443186546
-0.0710012203707
0.124237712801
0.116474655492
0.00352681340342
0.0964753492127
-0.0110202852034
-0.00362700556291
-0.0589014830144
0.0869149607033
0.0971817749916
-0.02909756525
0.0502142879088
-0.00519594300826
0.0410128457295
0.0587989305842
0.0691713513751
-0.0117804236394
0.0585067435368
0.0689688974496
-0.0470907522039
0.127239039508
0.0375797352441
0.0565711630798
0.00809056075224
0.0197087040278
0.0422967602343
0.0138358703878
0.107477130009
-0.0470028286265
-0.0559581189377
0.0210939655258
0.12334734595
0.0905287538073
0.112553987333
0.0140705167168
-0.140368517169
0.103677037183
0.0887172391144
0.0662196068498
-0.0621853860863
-0.0100941616993
0.142146562215
0.0268207774194
0.0311484836345
0.0280663245209
0.0245112354171
0.0962195850937
0.0403927501856
0.0603356930994
0.114897131104
0.0446560357106
0.00391472151061
-0.0638930707123
0.0939095320733
0.0676691612125
0.0926505252862
0.102542300097
0.049621880598
0.0525701945188
0.00375376086299
0.00681826825839
0.0301158836442
0.102917579913
0.0315005836747
0.0440301086527
0.0141809358603
0.102678366009
0.104821306772
0.115186965166
-0.00300538861088
0.0487132317377
0.0244643807713
0.00388947470931
0.0919365992549
-0.00113677730349
0.0923525395818
0.128941384888
0.0389942279193
-0.021234793615
0.020047341472
-0.0895355851618
0.0461802445902
0.0561552254916
-0.00522449688537
0.110048406673
0.086955255211
0.0843678491612
0.0345688550121
0.0411834958117
0.103703702612
0.125112981721
0.0335334464321
-0.0777438460284
0.0935553127118
0.122603909529
0.0105479886203
-0.0425484803925
0.0785324147574
0.100349414584
-0.0485607680542
-0.00766337270767
0.0482707285413
0.0601170617902
-0.0325726117375
-0.0235498648219
0.0659848745009
0.0258592355102
0.0941557406002
-0.00482811338282
0.0272143454456
0.072695994056
-0.00422123778
0.0501242459005
0.0492137634243
0.01791383429
-0.00846154651729
0.0275374103126
0.0112371429785
-0.015931817915
0.0688114934928
0.0137595038187
0.118083709576
0.0267345614685
0.141385951938
0.11180005759
0.0393229744457
0.0799487448352
0.074110467305
0.0902127496727
0.0902719377574
0.007511402383
0.0319763459265
0.0633517732705
-0.00408656077146
0.0494241289371
0.080663517612
0.0400674025577
0.0723462688633
0.0716608245168
0.0813459852193
0.0190885063206
0.0806432642266
0.0957107313728
0.0318849693768
0.0927968171886
0.0753787965739
0.00167457341591
0.115485941248
0.0830699212828
0.026657421995
0.00969708561646
0.0994809604868
0.145160935065
-0.00265765449288
0.0340200950814
0.0152054557337
0.109784270043
0.0984640289905
0.058996787885
0.0895953341667
-0.0152629808244
0.0166715387257
0.0806213788557
0.0936009672392
-0.119851868816
0.0192964908722
0.0969039894058
0.0959189050863
0.0939835539802
-0.0152910009586
-0.0379125662229
0.0785807350901
0.061562391852
0.0337513697976
0.0645186586363
0.0349832774823
0.0249198752914
0.0614426465328
0.0515667311918
0.0335704185982
-0.0096122348336
0.0284000826964
0.0218601800999
-0.113988429644
-0.00285972564375
0.0797732232031
0.0689432934194
-0.0260046000263
-0.0231128581636
0.0953391714504
-0.0540025585254
0.117572414544
0.0258935749027
0.0534842386305
0.0418523089937
0.00362630535564
0.108561740504
-0.018809424768
-0.00308395929298
0.0173266930113
0.0241346761085
0.0844609640708
0.0734677824576
0.00905412102388
0.10384693859
0.013251824378
0.0287854838957
-0.0756027647584
0.0857275462939
0.0900586787207
0.107565084905
0.0935628579757
-0.00644033467334
0.0315456901659
0.0828486023165
0.0217325832102
0.0284782227506
0.0758241344933
-0.0526810123776
0.0328201717121
0.102634009743
0.0745046676894
0.0372824750445
0.0446965668267
-0.0278035116755
0.0578159883636
0.074453312213
0.092166788137
0.13523407406
0.00459459687658
0.0279741253583
-0.0128036482527
0.0554712244954
-0.0156919332291
0.141649502468
0.0225782981917
0.0609531843303
0.12016307689
0.056812645047
0.0141900896918
0.0770343703126
0.00939341359373
0.00431604580659
0.111266254493
0.0517847777932
0.079403434062
0.0594445874334
0.043275328431
0.109835556154
-0.0170284553584
-0.0155411858037
0.0889398960887
0.126431214867
0.0920459136864
-0.00142221752887
-0.00457219624923
0.0504996202206
0.092826469794
0.0259565677274
-0.0116277739518
0.0536341299332
0.0429937517537
0.0921919600435
0.0933903017716
-0.0032631562496
0.0675718256196
0.0316771695015
0.108815498026
0.0639891104092
0.120670785287
-0.0338331085087
-0.0105892561769
0.0727249062448
0.0732691522648
0.046630199612
0.0418559279056
0.0604867740936
0.130322741945
0.0929610788027
0.111079195813
0.0347776405748
0.0559152288883
0.0344662955168
-0.0287827106229
-0.00460160369768
0.0976993401878
0.0287527190318
-0.0143950698766
0.0979996268112
0.00934512497058
-0.00600921109569
0.0539430875526
-0.0623485249286
0.088455094554
0.00991993299569
0.0379258742601
0.00395948395208
0.0140536906957
-0.00392395661138
0.0903896483961
0.0731739143548
0.104628504026
0.0692045917973
0.0896409737236
0.0889861104761
0.038425979717
0.0123267723076
0.0869268028143
0.0278846415288
0.115923477443
0.0801244672968
0.095166186619
0.0179109728627
0.0500042979204
-0.00911533216475
0.0118171409294
0.0104273200491
-0.0602820966658
0.0709342760635
0.123539536912
0.0412471363698
0.0440779840282
0.0627049240849
0.0910634749053
-0.0427854930913
0.0868952324836
0.0494109100888
-0.00495364312326
0.0541088953215
-0.0307104423188
0.112009860136
0.0961005761305
-0.0888749164628
0.0528304690667
0.0971522173316
-0.0258740178596
0.0196775318095
0.0197607701528
-0.0161043240283
-0.0525969619653
0.108715177709
0.0269402620956
-0.017763371721
0.0472415803981
0.101798030248
0.0656771756969
0.0782701433763
0.105639299403
0.0432884665538
0.00934689906063
0.00430827797353
-0.0835191303508
0.112540732643
-0.0290985364491
-0.0574407656203
0.0363186395481
-0.0377736046255
0.0425173439275
0.0786221467661
0.047205922719
0.0505635425817
0.107461213171
0.122461001743
0.0903372169198
0.0270873467888
0.07520849371
0.106261958475
0.123901178076
0.0164039411782
0.0275758445892
0.00683018514337
0.0685849408739
0.019429714103
0.0605734277434
-0.0881359149408
-0.0314005178997
0.0145790146087
0.0174773119674
0.0215049778623
-0.0237652006841
0.0410665607502
0.115723018977
0.0145875545223
0.119296204387
0.0693996085509
0.0453552809535
0.00314870675105
0.00104359380613
0.0602857234713
0.0637752816341
0.0835749010339
0.102752045421
0.00807848906853
0.00493329465907
0.00352604539945
-0.0494909691609
0.106668490734
-0.00678973768835
0.0109953936967
0.0186115691649
0.00918177274961
0.0201591415881
0.0925813326683
-0.00955456608627
-0.0134717496529
0.0077131599735
-0.048263698511
0.0857596325234
0.0936064022121
0.062983328933
0.0989526503923
-0.0959563310566
0.0698833300841
0.0292777719287
0.132070562696
0.0595272305614
0.117185070193
-0.0220416153061
0.0901225145453
-0.000329578057558
0.0146691753876
0.0522515160871
0.0610235140615
0.106209642344
0.109921062294
0.0412046475862
0.0573900205373
0.0925530721254
0.0844836985663
0.0318642944317
0.0912794181746
0.0957054235836
0.0929335444796
0.0038328776549
0.0723413210354
0.039413196104
0.11689221276
-0.00208421754265
0.0329494276034
0.00524882551595
0.038196879573
0.0302692355244
0.0149581007659
0.0185502033936
0.0690527795766
0.0307662779107
0.0948870821872
-0.0145863313679
0.101095615817
0.0435139283426
0.0174628812839
0.0234325546224
0.00886395866935
0.0787701779559
0.0553963701026
-0.0400755400002
0.0618446870889
0.0618702193289
0.113175793127
0.0923726706969
-0.0165923522578
0.109310517401
0.0569285246633
0.0440328899899
-0.032879179371
0.0145140174667
0.107303007056
0.0906446215605
0.0695900231025
-0.00870340950372
0.0610672687807
0.0110105327864
-0.0211909559728
0.0923348190231
-0.0229234224271
0.0184545909397
0.0137895396682
0.0147333130328
0.106464606408
0.0140914818598
0.0136525177057
0.0828765752056
0.000728367088694
0.0501747069448
0.0889529377699
0.0181104615404
0.0268212529006
-0.00755698084483
0.00543069734909
0.063598594857
0.119408282202
0.100813351625
0.0593918165359
-0.0497458353635
0.0659852028876
0.04177097676
0.0672293309631
0.00101241861322
0.0405450131622
0.0354923158619
0.103891693808
0.094867147411
0.0484522176627
0.121487329372
0.0131650177166
0.00731722724557
-0.000653209466406
0.106869982909
0.0270958401909
0.0699003266056
-0.0338891132139
0.0343599654128
0.110241237198
0.0789670046681
-0.0169015825457
-0.0272740193147
0.0922303847424
0.101526736756
0.106811972102
0.0471990645034
0.0406607660634
0.0556737675597
-0.0287538083547
0.039448888201
0.00902057379154
0.0593189859374
0.0640982298326
0.0873177388889
0.0637223102612
0.0676542033191
0.0512336798104
-0.0495706800712
0.0683359700895
0.0157984173182
0.0334460445564
0.0353917686454
0.0288464377808
0.102715701874
-0.0109021952186
0.10930957724
0.0467706368087
-0.00680791634058
-0.036332371515
0.120594025691
-0.0378932600574
0.0221068797848
0.0487222253748
0.0827203655129
0.102093291272
-0.0269808402108
0.0181007571337
0.0224203389486
0.104514730805
0.0236351111475
-0.00278660346435
0.0242608824331
-0.00460610351774
-0.0551137530499
-0.0450368118553
0.0916285616353
-0.025445410392
0.104630144985
0.0606771438364
0.0491025913175
0.080969857542
0.097041567631
0.0469474304942
0.0151276911469
0.10591768233
0.0671710091959
-0.0158982407994
0.0389468737636
0.0676918796
-0.048479987247
0.0439871116125
0.016439091821
-0.0486126550171
0.0234025658449
0.0171718793508
0.0532269863438
0.10388462054
0.0660426030059
0.0116601941386
0.076386668563
0.033135603585
0.0477974967536
-0.0262722712962
0.101666347728
0.0735014174441
0.126922285526
0.0312810992716
0.0908901517804
0.121263796707
0.0967015730524
0.096982553411
0.0951481377302
0.138369204623
0.0828706250343
0.131196607386
0.0798494254268
0.0723200412798
-0.0170022992482
0.0669806843093
0.108189722157
0.034392186
0.0279005456898
-0.104426665437
0.0760931626737
-0.00795140974713
0.061214517288
0.0556781368508
0.0391800588993
0.0577110395918
0.0057201426972
-0.0577332120765
-0.015612972946
0.0163933535165
0.0306022452451
0.0213522656147
0.0990923320465
0.0579357433508
0.00870426521812
0.0691977679369
0.0685643179738
0.123110959145
0.129373377533
0.0668620764554
0.046266972225
0.0151602736049
0.106662921873
0.0501507715732
-0.0165361468968
0.0301381385015
0.0295632102808
0.0369226496696
0.0870829808237
0.080699158303
0.0482949554914
0.0640779093445
0.02700299668
0.0401076595274
-0.00588782079328
0.0562847705291
-0.0192990558049
0.0800566987488
-0.0131486671047
0.0474579473767
0.0334212542998
0.0516645877704
0.0614877227905
0.0133903244467
0.0618156021112
0.0529347615042
0.0449897092635
0.0838619041186
0.0732470067507
0.0914489424724
-0.007773978359
0.108010379698
0.0673093408354
0.0218341882181
0.0638680027274
-0.0904674673603
0.0379978888564
0.0951918251959
0.0877958134696
0.0133710729508
0.130896783991
0.0171331597635
0.0481329872291
0.0879354904855
-0.0372954069399
0.100920794692
0.0414402403515
0.0646628913895
0.0545509405032
0.043807520407
0.0146139663679
0.0686872632075
0.013663971264
0.0479024325196
0.0177075726767
0.0190202377682
0.0478791668337
-0.0619476442471
0.0828182560852
0.0234491614029
0.109352897601
0.0752213052691
0.137417571747
0.0317892124275
0.0681878410107
-0.0871267231734
-0.0626303504569
0.0948568503328
0.0243586090389
-0.0807230062125
0.0507075329364
0.0521326653443
0.0157642551824
0.0141246477825
0.0594279565051
0.112436249811
0.0907286438559
-0.00604736172922
-0.0391765916168
0.090687037849
-0.00795871707481
0.0716771387338
-0.0041777387467
0.0405942506963
0.0801073955353
-0.0198959053148
0.0151842901871
-0.0461298322581
0.082565599282
0.118522406957
0.0502081220545
0.0563758028623
-0.051212844661
0.125247172621
0.00305949734258
0.0805461355679
-0.00133534687494
-0.0944225952473
0.0143504455582
0.0621601360775
0.00426729866434
0.0144611226488
0.0711755893133
0.0961907380018
0.0788145481176
0.0604883594037
-0.0449486916842
0.113030413379
0.0989939721439
-0.0356716468077
0.0274063515521
0.106585913207
-0.00573824890357
0.00810736861756
0.118025742605
0.0343862507995
0.0142266087451
0.0596180936387
0.0880074198706
0.0460112549864
-0.0141641901425
0.0699545262704
-0.00693261922635
0.0723039719181
0.121982504629
0.0719479216
0.0599328299437
-0.0296893079681
0.0371421784998
0.0755531523975
0.0992035582744
0.0139432970864
0.121636986915
0.0628563969044
-0.0194907973735
0.0409842321986
0.0870456898794
0.0325950432704
0.00898755839741
0.00887862281448
0.136032113892
0.0237332788121
0.140132001584
0.0574422222061
0.0532241192555
0.119628391953
0.0802477775126
0.0629808864698
-0.00455840163793
0.0713326162038
-0.0477660954884
0.12825924341
0.0220681679022
0.0176507175515
0.0148123862715
0.0754552227564
0.0410581511832
0.0490206667604
-0.0191792037621
0.105643549694
0.0716335045746
0.0667459298025
-0.0014312315608
0.0595153415449
0.0368142357788
0.0899449447567
0.0924112125564
-0.0133852887969
0.0737178322428
0.0353683128838
0.0849873187506
0.0479536471613
-0.0166548667676
0.128425509452
-0.0119683116809
0.050329461036
0.069868563012
0.104346974871
0.0971754477863
0.0265445800117
0.0700441048199
0.13824468802
0.0542570496398
0.0838131032067
0.0207787339618
0.0263612122575
0.120814068807
0.0399965926157
0.0282746527223
0.0350947188807
0.0775898096054
0.0952289619316
0.110401021461
0.0582075011305
-0.00945089235476
0.00329926491648
0.0508989971957
0.0533351140836
0.0368455642796
0.0585518569397
3.68501754568e-05
0.107942410803
0.0292224478227
-0.00117509383067
-0.052730287496
0.0563651449602
0.0362806862963
0.0712430641906
0.012276788474
-0.00358642091944
0.0374238690957
0.0472469403939
0.100718346566
0.00584322307577
0.0622331040726
0.123054822572
0.0240961190555
0.0706823557838
0.0689724546592
0.0290753963163
-0.0506950376946
0.0118648595522
0.0801052174272
0.0645494789215
0.0350449293174
0.0900241213167
0.0386649966442
0.0221071513359
0.0501745432587
0.0295774229542
0.0452017662514
0.0842727533547
0.0585783207954
0.0220341136628
0.000934414830723
0.0985691801568
0.096059834578
0.132944678207
0.0225176262065
0.0825376958552
0.118430337687
0.0934315036932
0.121060796641
-0.00956042686489
0.133600046505
0.03107870596
0.100528179133
0.107586428781
0.0546614515538
0.112626234646
0.12884133173
0.0863234529478
0.0230707812759
0.0673224917279
0.0810084090115
-0.0701336430883
0.075275383425
0.0501303449639
0.12095780099
0.0704971798185
0.046057581568
0.0401101250222
-0.0555972999324
0.0307208552978
0.0754466519299
0.00521397219322
-0.0875407965662
0.00295420081343
0.0415586085457
0.111007435822
0.000772914684599
0.0573644397027
-0.000244165729312
0.0808766996018
0.0957355337935
0.0623937250767
0.0868257814913
0.0787460254532
0.00506468210582
0.126580504809
0.026560796971
0.0216787767898
-0.0430305237103
0.00347016222731
0.0636358429239
0.0881783829314
0.0728335160637
0.0397639738299
0.119376877617
0.0142767457752
0.0500895309213
0.020686979918
0.0683066726569
0.0936787628461
0.0353925090277
-0.0370494459034
0.0363666245809
-0.0116134580941
0.105243953723
0.0893474271975
-0.0325795054485
-0.00260668468872
0.0851266683828
0.0653837427525
0.068015323907
0.0349096849866
0.067426424623
0.032771339488
0.0278162893094
0.0922110316826
-0.0185830507989
0.0232682805705
0.0237108644883
-0.0340656475458
0.113751691938
-0.00526429371064
-0.000439760684473
0.0809851645581
0.0371807100013
-0.00294510065952
0.0479753209652
0.0771055360859
0.0147906824992
0.0798662737558
0.0400399347622
-0.0600146290017
0.118964036114
0.0163068774426
0.113797360733
-0.0456944151642
0.00684591963504
0.0980090545332
-0.0717035685872
0.0850619307773
0.0792889130712
0.042300895662
-0.0668270865474
0.00195436433709
0.0408539210302
0.0493023940075
-0.00425648774517
-0.00900007740855
0.0655249283019
0.0775326239765
0.102256713362
-0.0545861669599
0.0448761242423
0.0429311387819
0.0212439615795
-0.0381039840291
0.0718812783985
-0.126945910979
0.119605852443
0.0187373721529
0.0683369089225
0.00216481203483
0.00810760416734
0.0310072093773
0.0585983747478
0.0078096513207
-0.0304715444104
0.0899161716812
0.0801899437128
0.0482467069778
0.118847198832
0.108986579334
0.120242718226
0.0662649969923
-0.00628957062023
-0.0865866977547
0.0574850902108
0.0530740984044
-0.0375637135308
0.117216578274
0.0717351618069
0.112953193753
0.108835275657
0.0094454572493
0.0366871600576
-0.00115595829785
0.101100972645
-0.0174193868983
-0.0504447316909
-0.0340212576522
0.0573881323328
0.0690458919142
0.0626803786892
0.0547242405534
0.0471280795209
0.0588108664221
0.0512246028695
-0.0109328675175
0.0279784062748
-0.0122582551569
0.0541569668227
0.0532971751731
-0.010809100438
0.0237413140425
-0.0928652919518
-0.0675260070579
0.0411955738632
-0.0259325474919
0.0216867091081
0.0409615785779
0.109558919359
0.108798908862
0.0622352413585
0.0582900274251
0.0202210776705
0.00349135654339
0.105034991427
-0.0322330173747
0.040771852188
0.086929515218
0.00369794315877
0.116660564544
0.105795010024
0.0984038118224
0.113976972933
0.0707833591731
0.0408007690237
0.00243011045119
0.0688394823793
-0.112051067271
0.0967926851728
0.078688850966
0.0632015350294
-0.0220470092079
0.0640187633313
0.0509901338105
0.0161615387673
0.0557504138549
0.0111918084941
0.0443765721826
0.0571481269478
0.0856812029562
0.0894616918933
0.0187367655954
0.0854985271835
-0.0961285701035
-0.0690121528201
0.101158112148
0.0980521032274
-0.0198856229451
0.113910754615
0.0808196416957
0.0778445331583
0.0578922411544
0.129184072325
0.0592466270181
0.00275806795663
-0.00117839187995
0.00801680520154
0.029245088427
0.121466078107
0.0702805621418
0.0531684004204
0.0155308989246
0.0993285373789
0.123438917619
0.0551542851967
0.0607630790741
0.0917127713975
0.0381945073503
0.0662370040571
-0.0848456164634
0.0718254376018
0.0178046514369
0.0635626233981
0.0896931408197
-0.0396218642869
0.105745009138
0.0205617342066
0.0556163534877
0.0713319404275
0.0198612547041
0.0412947318946
0.0726039704921
0.0302612047531
0.0613354946192
0.139504669257
0.11659616317
0.0481029833075
-0.127982974156
0.100917881522
-0.0176760739356
0.00144629116412
0.0161517354871
-0.0436870627865
0.03614936053
0.0694976637967
0.0746254340214
0.0335703131544
0.0610055215637
0.0356538954034
0.118974354961
0.0455024298019
-0.0100079814125
0.0603679884748
0.0943045721015
0.0747166554643
0.0744954605566
0.0227220431793
0.0973364871446
0.0549966619684
0.0978207662014
0.104866127924
0.11050159644
0.0298952844856
0.0509175406173
0.105796311249
0.119962787533
0.0730666045118
0.104306046604
0.103130371863
-0.00304988436975
0.0607132548363
0.0111920207839
0.0757667139289
0.0812470694577
0.108676073801
0.103705805356
0.114815538088
0.0944217563477
0.0406369052131
0.0839973267825
0.084080740258
0.0131349437658
0.083639586929
-0.0167976045488
-0.0271724402079
0.0694958056775
0.0766996946295
0.0940836685424
-0.0250735952007
-0.0254511411484
0.117305399183
0.0071274832843
0.0315392829172
0.055758073818
-0.0257001674458
-0.0230223599647
0.0498735616955
0.0797351166362
0.0052693590197
0.106697185778
0.0227222656089
0.0335852562233
0.107641174437
-0.0111713097981
0.112472319001
-0.00831049913726
0.0610423221972
0.0787128001298
0.0705493696006
-0.011320173673
0.100872033454
0.0223336987248
0.054306334648
0.0860314957627
0.00443042801236
0.111802412474
-0.00990998184083
0.0953591964602
-0.0290135716733
0.0174606480425
0.0499540249999
0.0975085778331
-0.00741014117006
0.0364254477222
0.0409211895605
0.00286911625611
0.097548612729
0.00215174744933
0.0174145135227
0.0924785549839
0.106180570904
0.0585947481815
0.0641781699786
0.108783611197
0.0619961488459
0.0338266322318
0.113331824833
0.0915354015918
0.0426083102312
0.0511272499383
0.062123300395
0.0278407336944
0.0436700052463
0.0142166595232
0.0278724216686
0.0657509067169
-0.0172750100834
0.0886436559218
0.118237523898
0.0338181350779
0.11487222489
0.0948888888904
0.0867677123765
0.0304063718811
0.043975735039
0.0483464344512
0.01114536421
0.00216598223928
0.0240877190551
0.0417197259644
5.22249589698e-05
0.0156243591781
0.0757792524252
0.0444397247222
0.110393314533
-0.00185639668588
0.0379160278221
0.0805048521879
-0.103715443875
0.127905871473
0.10948041163
0.00174757553262
0.0165751454076
0.0372560752466
-0.0356416507292
-0.00423070591024
0.115787859899
0.0913045332642
0.0866912027595
-0.0390252146933
-0.00753615888561
0.050737183291
0.10838423707
0.0833539733568
0.0637662861982
-0.0403924915209
0.0375455912365
0.05523383978
0.0446809690962
0.0608310550412
0.0394799040123
0.0600982532026
0.0650466158047
0.0318906170951
0.0485022179132
0.127773878898
0.0358313371139
-0.013326306381
0.143024773058
-0.0459043946412
0.0764543570563
0.0142206100616
0.064058024398
0.0572047364418
0.0862613141344
0.00165973476622
0.0833528085057
0.1101819303
0.0454150809075
0.0996063198235
-0.0396437930596
0.00307178015068
0.090477633461
0.0538268064831
0.133240999766
0.0452121021093
-0.0350793652004
-0.013304265808
0.0281697709532
0.0968399989364
-0.0159904097971
0.111501014728
0.108666681062
0.126622383105
0.07363686693
0.114007754618
0.0363684546032
-0.0196689307726
0.0283120237906
0.0308286450943
-0.0630751468596
0.0703113783553
0.0415547912697
-0.0146443827058
-0.0993985241979
0.10037639427
0.0897363891515
0.00835606047468
-0.0647890890641
0.0285618805169
-0.0660091539391
0.12257854908
0.0884080803922
-0.0381918611593
0.0818290504204
-0.0736377311008
0.0288568895752
0.10807089526
-0.0647249315557
0.000507741238707
0.0331956760886
0.0375434547886
-0.0204267423652
0.129926765771
0.0754796608462
0.14118608295
0.0176930106349
-0.0519449601522
0.0765370983113
-0.000546179866483
0.0367090241809
0.0389809856081
0.0782540513392
0.0678221210305
0.0917538777787
0.120834728311
0.00702759840966
0.0858510779047
-0.0242365985804
0.000315166399475
0.108284925569
0.0241511013632
0.0381637247253
0.019387999299
0.0583836916354
0.0520022681277
0.0494307964753
0.0149619157368
0.0678504038296
0.0918268278382
-0.0436797460764
0.0454179745608
0.0447581183235
0.109550120374
0.123586219562
0.118362896208
0.0251070948649
0.0266565447403
0.0752794139004
-0.0468015793477
-0.00108870085076
-0.0459788151226
-0.00456715941073
0.0103368534041
0.0733621155524
0.00614319930164
0.103008312847
0.0619208625678
-0.0210754944866
0.0927367132664
0.076627460851
-0.0468554245107
0.0886440963163
-0.02700233006
-0.0591857355431
0.0338005632723
0.0338305594259
-0.118868111607
0.0858313190131
0.000458794050984
0.088954858316
0.0579284961947
0.0750210660261
0.0452271358952
0.0936653255804
0.0567511324433
-0.0145861480742
0.07673119577
0.038165049898
0.00302654158162
0.058147203674
0.0996661675707
0.0961564771987
-0.0166426216667
-0.00665925440263
0.0606280956907
0.126525152608
0.0543087954595
0.0293231520572
0.092834935664
0.0622431711168
0.0614682958119
0.0597378358559
0.112134075875
0.115131085864
0.077236763438
-0.0297957954984
0.123421785259
-0.00560795603868
0.0298321364876
0.108071632482
0.0664344014386
0.103215753828
0.0132659733232
0.0835920384356
0.0791760011287
-0.0300184668004
-0.00443265506547
-0.0207434754569
0.00165159868155
0.0166255803657
0.0327386448633
0.0345477256442
0.0161442771336
0.0488631545483
0.0753518233897
-0.000230065900246
0.0323278573758
0.0251091065666
-0.0303582868599
0.0151169141185
-0.0390577108755
-0.0608932025147
0.0431892621511
0.0431064366959
0.131755071207
0.0472463149834
-0.0963975298655
0.0490093901567
0.100186793568
0.0475033775266
0.0525063326742
0.0026357642232
0.0706591913555
0.0709088183329
0.0356175600679
0.109032710143
0.0786519902323
0.0300673726717
0.0675161392004
0.0197707344668
-0.0769002633925
0.0525596409452
0.123839505489
0.126612166785
0.101263503856
-0.0635580132422
0.0168114475088
0.0308834174397
0.111524997575
0.0672293417557
0.00821021094587
-0.0833277635392
0.0843215929662
0.00111033548718
0.105700682371
0.0336139535124
0.0746868291452
0.0424778026653
0.104200277201
0.00626710979745
0.00656335523561
0.0679340201028
0.107324837135
0.00810438389738
-0.00571633410455
0.0940263615265
0.0614229487244
0.0757328941815
0.118640747727
0.10841139513
0.109106200472
0.0256934604794
0.0789559746584
0.000440145576249
-0.0423205142745
0.120611277155
0.0484175477985
-0.000657625580563
0.0449803418538
0.135597524389
0.0443297456196
0.0181908282042
-0.00647956234222
0.0226588230637
-0.0651284246007
0.103384349325
0.0238569230563
-0.0114208197664
0.012679701368
0.102991687622
-0.0102902658017
0.0343756835071
0.0943420810832
0.0392784486331
0.0258978100733
0.0127133127961
0.0553788197609
0.0566474666135
0.0867151587052
0.0128394589751
0.100515312185
0.0451903421466
0.1210262509
0.0991475097621
0.0172472549596
-0.0613955484391
0.0727955633698
0.0526813751765
0.0572763179612
0.0771320972514
0.0268695811419
0.0757394031422
0.0958786304838
0.0318670298505
0.132970144403
0.049819404754
0.000821911617671
0.0773782526071
0.0168953718508
0.0909039865698
-0.0108908585721
-0.0118832873383
0.0551764973635
0.00616003913084
0.0817119317591
0.0645703203717
0.104688931273
0.0502922273507
0.101663386944
0.083511585095
-0.0367424197907
0.0739253950588
0.0775659783059
0.0346855219211
0.0629592781322
0.124676550372
-0.0303663663174
0.0290328554878
0.13646130041
0.0620961341903
0.0703291718723
0.121063686368
0.106666684464
0.0482526816742
0.11669931825
-0.129132647344
0.0407296468403
0.0362189346999
0.0180292251511
0.0488559327551
0.0940662929245
0.12486902577
0.0485531084189
0.112732109517
-0.0476969499801
-0.0502771279732
0.0509889220228
-0.0654993162711
0.108006024324
0.121567670687
0.0207475953256
0.0334435745733
-0.0186129076859
0.0404015693198
0.0306392754189
0.123615899484
-0.0638628274389
0.0866497290449
0.034729609651
0.064303317446
0.115157152111
0.0294332390815
0.0938688400887
0.0165652364288
0.010458817991
-0.055734265083
0.00128643008132
0.0336955176965
0.128085691748
0.119461820558
-0.0175775760862
-0.0199193288113
-0.0317841885813
0.0734253403253
0.0102696806214
-0.0128985419543
0.0833495604439
0.00482575702246
0.0372801228352
0.114880042506
0.0267793239976
0.0200747881929
0.0781812097791
0.0216490548522
0.14283492283
0.0536990523785
0.12964799393
0.0227557351957
-0.0477022296457
0.110348531857
-0.0282100998076
0.0507322273735
0.133185495893
0.0180815487491
0.0447668175884
0.101780794036
0.041715443318
0.0484228909724
0.0519989047199
0.0657088617805
0.0761479832721
0.0728625909276
0.020572908222
0.0651531840416
-0.000508887867488
-0.00312132539585
-0.0231642830982
0.0391304831974
0.074570758507
0.0277480231532
0.041042393679
0.0649102935335
0.0587562315333
0.0298266702961
0.0573087097007
0.0416284968881
0.0744570606275
0.108773215812
0.0525989731014
0.138440456507
0.0780867550034
0.000831904783472
0.109006901796
0.0741685437819
0.027957279884
0.0220572619072
-0.00996390993123
0.0591944304066
0.0765833175651
0.0299751715001
-0.00537047892427
0.0379416791476
0.0738833715795
0.0474476873862
-0.0500673395734
-0.0489933848723
0.0494434956816
-0.106473171245
0.0474135743302
0.083526656667
0.134332572129
0.131075425645
0.0267439620862
0.0703475322057
0.0965365019727
0.0280650053432
0.00780221492487
-0.0301347875762
0.00644994432008
0.0201128457025
0.0136741648766
0.0466518329611
0.0488308047557
0.0414856394342
0.0152049974778
0.0310557063504
0.0786226924701
-0.00245886925105
0.0554008301927
0.121156273392
0.0526325740382
0.00434924652687
0.00400110808472
-0.0321319946336
0.0258816498189
-0.0774657013555
-0.0657553489719
-0.00363719565507
-0.0194625517741
0.0268323054057
0.0801954467861
0.0531865448588
0.0440952801417
0.0809920194649
-0.0115906741752
0.0834391882652
0.00752379566426
0.0407122347341
0.0850508459086
-0.0844600560047
0.0588935052943
0.089653120147
0.0798999882865
0.0507322021661
0.104900305576
0.0631234629872
0.0957462827007
0.04980227559
0.0358111610768
0.0695945259096
0.0825980148765
0.0133679731637
0.0611474099921
0.0670668937093
-0.106041635439
0.0816412400163
0.133188425859
0.0285016892739
-0.12180909544
0.0577332922205
-0.0427412732764
-0.00972187679085
-0.0498772040197
-0.0224162771893
0.0183770322011
0.0680148164794
0.0238719539142
0.0734267861787
-0.0161541900678
0.0887951525461
-0.0558263396377
0.108143377281
0.078532532693
-0.077098771029
-0.0118517182123
0.000865330239162
0.115977193384
0.0789729584545
0.0498948791925
0.0529858267706
0.0672918270843
0.0407353068299
0.123164421882
0.112968624134
0.0335117194958
0.0841264398666
-0.0591476658519
0.0104930182412
0.00917630405276
0.020792055725
0.0342758143442
0.0689997270322
0.0765370135887
-0.00994354334057
0.0182714565719
0.00946412776368
0.060813829405
0.0991388233612
0.0380856645382
0.0258909770038
-0.0418822626216
0.0547640462996
0.106688197862
-0.0904226187369
0.120398134018
-0.0223854387456
0.0361716812723
0.00204321564671
0.093203352049
0.114889270921
0.0570203704308
-0.0259032788928
0.114906800186
0.039830823568
0.0226773042618
-0.000872499953575
-0.0130149728999
0.0786211017404
0.049637671442
0.0779596039647
0.120487661632
-0.0192942815933
-0.0199952123375
0.0454015797992
0.0991117319626
-0.00435358468826
0.0701166946239
0.0835711283117
0.0585480710687
0.0286158235555
0.0490527681519
-5.72220794437e-05
0.0225780597006
0.0553871127848
0.0191955096916
-0.062350728166
0.0671374486727
0.0514662002263
0.119674008652
-0.0267434310268
0.0034980741828
0.0336384892447
-0.0091249137916
0.106702810553
0.0996554155983
0.0226167510463
0.101671279165
0.128267074413
0.00443060958121
0.126402667926
0.0272244464509
-0.0393827369621
0.0362555780639
-0.00232165173417
0.0616041920995
0.11522176089
0.118238656737
0.0503510528272
0.0455119020228
0.00856726559961
0.072776935803
0.0335109347909
0.121372677924
0.00522423003869
-0.00944692297468
0.0146515167101
0.0299034376269
0.0973554785765
0.0718391471146
0.0660504407731
0.116298940768
0.0760979186072
0.100325729507
0.0788148109155
0.0295911665259
0.08515760773
-0.0262396064465
0.142038563979
0.0593291443083
0.0872557894079
0.0660980832314
0.054408171741
-0.0527439947057
0.063715721827
0.0215884206895
-0.00768822843596
0.0446144242309
0.0448692227754
0.0741812281303
0.0420985621895
0.032733977821
0.0965918500947
-0.0011997134868
0.00933966607008
0.0784099891198
0.0149239418599
0.115913281926
0.0893857696371
0.111858626372
0.129929933505
0.139604179253
0.100089985337
0.0820794072596
0.0858705073493
0.0863869654643
0.0313297199986
-0.00161003651364
0.0147565754541
0.0477812656991
0.0787166198124
0.00730832159965
0.0395853264761
0.0580572963503
-0.0622638317639
0.0764122677144
0.0949368975709
-0.0164630195902
0.0170562873868
0.0195636402534
0.0531721247216
0.0831199914061
-0.0642954370318
0.0475225736729
0.0547106431579
0.0665549460524
0.0940620670125
0.130551189841
0.0623365169624
0.0343532460259
-0.0599027503436
-0.0133046208659
0.0680075029214
0.0707201539854
0.0184606539265
0.0853846070554
-0.038384743276
0.126724720356
-0.023407435071
0.102718804299
0.0270191897477
0.139693462158
0.119256216889
0.0788304878294
0.0683342762023
0.0465515773991
0.0359388585228
0.0358654739803
0.0743407023619
0.0453747264875
0.0313396913472
0.0976424576668
0.129304072286
-0.0396768723361
0.0606644180787
-0.0101058996224
0.0296826467526
0.0345702233565
0.0563790070455
-0.0296925665035
-0.0198207273893
0.136407433727
0.00852327981615
0.0271206190246
0.137157160531
0.0763480666293
0.0684615999709
-0.0241844963689
0.0202144524901
-0.0144596740347
0.112791673709
0.0217095092921
0.0564897416027
0.0812413891262
0.0377732516247
0.125912408124
0.09893624361
0.0611559387864
0.0545873893991
0.0838842187233
0.114291007726
0.109954876835
-0.0278668455627
0.0124488684731
0.0135750098883
0.0989122652631
0.0392382142181
0.0864836305795
0.0428874861741
0.0410301663425
0.0472874336962
0.0710733700731
0.00453614653311
0.0341078701495
-0.0417959399399
0.132022110293
0.0815759074523
0.0774778836276
0.0562737581797
0.063230977588
-0.00909549763941
0.077716112681
-0.094994899521
0.0463638877724
0.0941419540194
0.0533884867011
0.0771489430914
-0.0203423863137
0.0403709649534
-0.0271380973669
0.115173175252
0.0835223665955
0.122092712612
0.0814216462347
0.0643858747982
0.121334720047
0.0877964070844
0.113379176846
0.0555873944852
0.0529328485275
-0.013129692678
-0.0516594892439
-0.0324374080828
0.0536345882586
0.0970141064918
0.0953864804552
0.0395467805072
0.0473833531948
0.0886621505578
0.0085054291054
0.0898632908689
0.0476107484237
0.0548348558828
0.0396987921364
0.109376711765
0.0260801845334
0.096468613439
0.000709085902838
0.123353522559
0.00268258609244
0.0330592829592
0.095499864844
0.0454186616781
0.0178227717715
-0.095469379564
0.0736024513155
-0.00674350577105
0.0126541397868
0.0198542934397
0.0408636510436
0.0563685204442
0.0903273438994
-0.0575670441206
0.0707702045187
0.0414248967566
-0.00195201449875
0.109105092719
-0.0582652708434
0.0983358301901
0.0944798968431
0.117952481391
-0.0173812590092
0.0626354941436
0.0395753123734
0.106463232004
0.0859471360278
0.0298138085744
0.0271996931013
0.0198141646744
0.0778744456026
0.0806371983142
0.0427507432096
0.0633706641855
-0.0328583610498
0.0323937818111
0.0135538481263
0.0743373987548
0.0602170527244
0.0244206029676
0.115714777554
0.0789794442877
0.0814929257671
0.0452019144296
0.125046809081
0.0458520635649
0.0678618115505
-0.0012971322433
0.038989684955
0.0489753655447
-0.00323971121253
0.110689818067
0.0332217124659
-0.0181858179212
0.0217511402905
0.0974385651015
0.0343101536464
0.0347086385009
0.0182881315419
0.033451054417
0.0133668393937
0.00511034842239
0.0291254411966
0.065769555052
0.026762019534
-0.0410597472013
0.0246455726705
0.0685143627018
-0.023943400425
0.113004878259
0.11729745199
0.103306323585
0.125711314833
0.102971563866
-0.00261024920106
0.0388315729769
-0.0173901247641
0.0646256759677
-0.0292450320569
0.0447957057282
0.0350065295681
0.0888655956698
-0.036724385611
-0.015533189932
0.0540444768449
-0.0324425164015
-0.00480045430773
0.0235434259863
0.125371514147
-0.0426505199864
0.0636741577181
0.0422091256465
0.094086946308
0.017816110475
0.10653991219
0.0942308003791
0.112255266314
-0.026820276655
0.0259517026294
0.0913846341855
0.0815797111331
0.112453841504
0.090672958488
-0.0153084309506
0.0229986732764
0.0155205936602
-0.0266487281663
-0.0411847002973
-0.000770877820642
0.0468574335409
0.129946551262
0.0779427279573
-9.93205542068e-05
0.0278902918391
0.094725408145
0.0139449994484
0.105998927366
0.00675701010993
-0.10270362066
0.0822472370348
0.0127538256173
0.109607328819
0.0818291457068
-0.0718550780426
0.0214851306814
0.0860029001336
0.00316864155976
0.0332604054793
0.0381973421882
0.0413802584472
-0.0149838874372
-0.0089614764073
-0.0263597272352
-0.020719736056
0.0816264530961
0.100049512102
0.069184280347
0.0797397150508
0.010791381397
-0.0193283717081
-0.136978304305
0.0218970070147
-0.00293134048613
0.0345791876136
0.118120313346
0.0235064255753
0.0402106466611
-0.00391228809294
0.0540684640947
0.0648606757444
0.0516891803192
0.0838060941928
0.0295571035445
0.0211447971422
0.0668500790131
0.089338732395
0.0181397550531
-0.00525219226744
0.0416088570973
0.122875373232
0.00199560731222
0.122492364845
0.00611838213726
0.000189480483309
0.00622487539184
0.0125289107237
0.0534854330696
0.0011268146674
-0.00904893305997
0.076540116418
0.119578881091
0.108709455784
0.0705214964685
-0.0574746053372
0.0520175049781
0.0963442541147
-0.0239347785907
0.0962015965021
0.0786808784874
0.109075410568
0.0771713365705
-0.0458819836498
-0.0124219364299
0.0726474949265
-0.030691642023
0.0762411806966
-0.00734286673764
-0.0013026870111
0.0888207894769
0.0357326538002
0.0820894019602
0.0683736585258
0.0691865198345
0.0270183805504
-0.0469702450484
-0.0363513811598
0.103244978624
0.0616214587773
-0.00369166213218
0.0765340516971
0.016361487036
-0.0368760252407
0.099844710513
0.0886500041849
0.0689974708339
0.0450674141635
0.0068686346428
0.0593494696373
0.0376124585133
-0.0135570364114
0.0125772710448
-0.148768504366
-2.84335833589e-05
0.0273795192921
-0.0533443552757
0.0281349300893
0.124599047401
0.0990593193278
0.032943715587
0.111286369508
-0.0716832436128
0.0481254085344
0.0300668931379
0.114751899464
0.0314680173609
0.065831091212
0.0688916390168
0.00732699546949
0.0536648300957
0.0444241485799
0.0396566076513
0.0511288397493
0.119348979282
0.132898778701
0.0485003965971
0.00860662223698
0.00981952702966
0.0973858618413
0.0692334077954
-0.011451895311
0.0825621636371
0.00465819420044
0.0565256465213
0.0203674272567
0.0381035925065
0.0396069448706
0.00887463057148
0.0231386321324
0.051533323519
0.090440981734
0.0683304282785
0.00607281071905
0.0547921488138
0.0541712120084
0.0257031516685
0.0133572117641
-0.00327724930041
0.0459657616423
0.10311933381
0.0754262549912
0.0233542722167
0.103382179363
0.010221657912
0.0755056650299
-0.0104203289144
-0.047288570356
0.0422208845858
0.055220501739
-0.0374070548563
0.0539642930909
0.145776572184
0.068924659402
0.0352975876927
-0.00641215928549
0.0315539821664
0.0539476479556
-0.0253959945902
0.00138529118133
0.134359378286
0.125881866619
0.0562011223708
0.022006812194
0.0326496511221
-0.0174791928114
0.0726265755882
0.0604941632849
0.0866387522503
0.0305208230898
0.102210583754
0.0193446366068
-0.0338365831357
-0.00766157334295
0.0657102901917
0.0524942882933
0.0303232452021
0.0309122664089
0.0573712322253
0.0942799459154
0.0280964524772
0.0156822991489
-0.0163576120746
0.120124726617
0.0283095872466
0.0220834199626
0.0628971563568
0.105753538144
0.0600966064121
0.0413680399939
0.0212440832769
0.0190758161699
0.0501098041375
0.0835897600287
0.0733644844214
-0.0230943298543
0.0927475180625
0.0460762499532
0.0293867292351
0.109830827666
0.0410277590797
0.0500120717354
0.0494031934585
0.0981094424746
0.0297974348774
0.0358205938568
0.0612784204757
0.0762802830182
0.113450870951
-0.0331701982721
0.0429514383327
0.0204875132545
0.0739827901137
0.0293764248289
0.0043561871858
0.0337117666017
0.0549291001914
0.0514556405868
0.104229874058
0.0565249831563
0.0880744367126
0.016036646776
-0.0175150053851
0.0579468143229
0.086151646303
0.00841459376958
0.039806467232
0.141664531264
0.104872609806
0.0314236675912
-0.0190218525989
0.0715933191741
0.0623095831328
0.0590471982738
-0.0154761625746
0.0244843391087
-0.0612999811545
-0.0378918730083
0.11277399862
0.0171260885233
-0.00673469272953
0.0464752874572
-0.0726195018085
0.048253983432
-0.0678035587539
-0.0442723227297
0.0316639696041
0.015603377814
0.0149321168144
-0.0410388610117
0.0066199905179
-0.0149117129476
0.138779328073
0.0932578950934
0.0907375097168
0.147779171899
0.0828972282564
-0.0452050481165
0.051396567951
0.0335938498642
0.114038973808
0.0590156037715
-0.00783700710031
0.046014481158
0.0915969318929
0.0774766802037
0.0121243051966
0.0425091484104
0.097354843855
0.120452197166
0.0881457054339
0.0287014899851
0.0466632438688
0.110183113303
0.0510383186592
-0.0221028931584
0.0519797438277
0.0477921923002
0.0731942004179
0.0674277193106
-0.026847578986
0.125900055414
0.0682741422996
-0.00766686909131
-0.0400250674685
0.0121541106431
-0.100510020063
0.11259019716
-0.00468127722617
0.0883096031503
0.0158666599174
0.0649641629335
-0.00791305906433
0.106693925599
0.0297350105613
0.0648296255882
0.0551280743035
0.0291856326898
0.0510726822229
0.00699627077062
-0.0593325592099
0.0733453482385
-0.0190363159227
-0.0144986197983
0.0458466458731
0.0857355224687
-0.00383511019558
0.0154279220222
-0.0183206477409
0.0023732990839
0.0599733868759
0.00666337932609
0.108801024879
0.01561531622
-0.00686569101112
0.0854074591584
0.00793607355611
0.0616930485232
0.00264605001933
0.0705190596835
0.0312686151194
0.0652823955268
0.0909709593145
0.120579208235
0.0548606938428
0.0816015394728
0.0833921715985
0.0840050723413
0.0672621777145
0.101247306053
0.0352354272783
0.0524004856886
-0.033999313178
-0.0305911140778
0.0310068190987
0.0556202904604
0.0524898693557
0.109716406947
0.0611076779467
0.0438662810757
0.102352696595
0.105998348914
0.0680428406455
-0.0486222998973
0.117150478787
-0.0468101014695
0.0935243288539
-0.0124005116799
0.00289585967781
0.0148098591049
0.0893312984851
0.0550181341316
0.0748860433717
0.0336972873261
-0.0195718653696
0.0329218888896
0.0155264829296
0.048486926409
0.00875737870024
0.0403207850007
0.028685232809
0.0641699665401
-0.00872878294765
-0.0136472873791
0.074163831775
-0.034562072551
-0.058944492332
-0.0180720509799
0.118586112619
0.0292282538153
-0.0100905388715
0.0613274645298
0.0651125919745
0.0481290901347
0.0459352742345
-0.0321131570119
-0.0378476148672
0.101653921743
-0.010607730394
0.0632958861671
-0.0850627966065
0.073094254594
0.0560673632279
0.100983085742
0.033753200652
0.0880516787943
0.0478818048285
0.0555120411762
0.0420722632687
-0.134173312019
0.0584793174608
-0.0043060325795
0.100315197306
0.102903404092
0.120073893557
-0.0432848824231
0.0257111999567
-0.0220082213924
0.0990242995877
0.0159350274705
0.129123960651
0.0234604286582
0.0311181364982
0.0236680524961
0.128249351406
0.0117360972082
0.0714771875195
-0.0412612524661
-0.0272085231585
-0.00320107731692
0.0613018465943
0.00640276145842
0.0567244861106
0.133718411239
0.0618683403303
0.03346131579
0.0505595189439
0.0480134832318
-0.0275102278999
0.120508065129
-0.01562401312
-0.011032402784
0.0673403035068
-0.0473268295077
0.0399043852322
0.0128254218812
0.0958991448066
0.0460877244621
-0.0698358142463
0.0536132481665
-0.103544731633
0.0545394291635
0.00985994239196
-0.0574523089869
0.0744088550676
-0.0457203227068
0.000100083774517
-0.00158614214287
0.132584145482
-0.0626599544374
0.0295798482972
0.0421678450219
0.0368514675201
0.111516439801
0.0366896711048
0.0311435632232
-0.0112197995351
0.0458316302155
0.0216873971281
0.025388783684
0.107633127043
0.03912002455
-0.0352524725022
0.117667817262
0.123707062183
-0.0589804071633
0.111709085105
0.0350127475567
0.12569081141
0.0648074712666
0.0328829411148
0.0863166438293
0.0977954020612
-0.0197514483427
0.075818004627
0.111502263536
0.0678039916187
0.0713117726905
0.0487462843933
0.0903559353833
-0.0652386089139
-0.0367262369787
0.0757392644383
0.145251783249
0.089937777155
0.0528104445142
0.0139309618886
0.0128030653928
0.129606016051
0.0970935910559
0.0394001158423
0.0659541224432
0.0681144786895
0.0692866150585
-0.00968226792697
0.0790778434601
0.0626421748027
-0.0529856376381
-0.0152377754805
0.0943349905463
0.0943410560627
0.0104370610757
-0.000620282959186
0.0989327747311
0.0837720764076
0.0345628793271
0.0755861643284
0.0918283313191
-0.0400891318912
0.0424881046564
0.000251476930311
0.0556081283891
-0.0184794152693
0.0456158987231
0.077445012641
0.0936572328231
-0.0261039279879
-0.0402229257279
-0.0405001336825
-0.0190087104945
0.0399071970252
0.0306454820778
0.10664540291
0.10158294935
0.0174384737379
0.032354249545
0.0757195877363
0.0591864297891
-0.0202770347288
0.0917753758687
0.0396784207898
-0.0170121353296
0.0656254017373
0.123106990922
0.00119732610034
-0.0659692673278
0.00821274970118
0.0835748881525
-0.00932295076288
-0.0376769439711
0.00859345105243
-0.0150584273606
0.00777780869977
0.122246938852
0.0145722823787
0.00858996398722
-0.127577079246
0.121920944204
0.102020298502
0.0208947281581
0.0506756007693
0.0328740593563
0.0919874187674
0.0132950285525
0.00768836564635
0.107566855282
0.0601253535823
0.0665569819521
0.0672408566322
0.0403328208722
-0.0139093214409
0.0742992534047
0.123077583751
0.0970700539786
0.0858924767133
-0.0507274761874
0.00136179409789
0.110435844596
0.0741262838
0.0241438740118
0.131333294985
-0.0200522188056
0.0708631847825
-0.0399861609759
0.0993155419782
0.0114546732764
-0.0646752987489
0.0517110489929
0.00789452735401
-0.00137493813172
0.0688054105606
0.0566144504822
0.10830933219
-0.0932593681752
0.13868932848
0.0267584052159
0.0780917686095
0.129951706357
0.0136077814679
0.0158743896005
0.080721907443
0.0459345348402
0.0683809660495
0.0453755764168
0.0532768251728
-0.00112302649879
0.0483825058126
0.052621760851
0.111647252661
-0.0641213126883
0.0893099542406
0.0515905219927
0.0974385239179
0.123568968563
0.0906591020943
0.046541979327
0.126068790353
-0.00549340854846
-0.00857067347486
0.0356153683422
0.0467922807464
0.00964014234147
0.125578637605
-0.00473944059832
-0.0257300441774
0.0950752838206
0.0760438159719
0.0471897654915
0.0395384557978
0.0152931982885
0.0606541316916
0.0599619461098
-0.0136277034531
0.0183706962628
0.0490528203451
-0.0316484918913
0.122594548732
-0.0358074824614
0.0693891980811
0.0533395460736
0.0647059164225
-0.0491374813636
-0.0414693508491
-0.0342634008762
0.0972690630713
0.0146300007175
0.0174388950625
0.0626392940362
0.110891759908
0.079954262485
0.0238891426476
0.0879256085554
0.0491799115727
0.0542515499725
-0.128814061545
0.0376438431221
0.0178494227952
0.0671273323607
0.0928318523582
0.026185299782
0.0707448242077
0.113365114496
0.0857681658645
0.0738908960119
0.0629071654666
0.0487156944713
-0.10393091021
-0.0724178151338
-0.0197368448557
0.137716758611
0.0404831486115
0.0721473435332
0.055289880814
0.0448216902695
0.0499860038726
0.0412465414518
0.0294593784988
0.061715096184
-0.0177851643111
0.0831273000216
0.0442358392162
0.0566541790917
0.0469363369124
0.0564428623943
0.100015460812
0.0702499188943
0.0794393275233
-0.0250914432634
-0.0490626720221
0.0402380118549
0.127004623932
-0.0385462209426
-0.00583483867861
0.0397141952629
0.123389144671
0.0516437278517
-0.0100569855396
0.0101627418088
0.0131179413875
0.0969045984713
-0.000605196427937
-0.0587975605158
0.130071247584
0.0647129144877
0.0596233628516
0.0639460607746
0.0295693668167
-0.0443927839367
0.0936704512406
0.0511583921375
0.0913824277833
0.033483597851
0.0734142822746
-0.0595427281715
0.00473704529178
-0.0425407058405
-0.0388268122744
0.081861338147
-0.00309668731735
0.0751438369998
0.0448069497058
-0.00128785969197
0.00991705732751
0.00426611074818
-0.0351094657604
0.096016832969
0.0484401739586
-0.00381563729896
0.0689532499984
0.041160352333
0.0147499721689
0.00986921963275
-0.0337445334266
-0.0384147139222
0.13089777237
0.0828330250099
-0.0180196219144
-0.0930580876204
0.0757623017844
0.0343136233777
0.0587687517448
0.119422024183
0.0442239471549
-0.0260640163816
0.0083486111016
0.0620978369212
-0.0134097226493
