-0.0854646290395
0.103073553165
-0.00303480122623
-0.013646940363
0.108176707659
0.0544499412917
0.0406055636144
0.0992839289563
-0.00924103183598
0.00295505465775
-0.0298953321436
0.00501204743998
-0.0806791363582
0.0436397440089
0.0190940244224
-0.00392770287283
0.124816315943
0.0992923060824
0.0399912439725
0.0306313823982
-0.143206998378
0.029684280321
-0.0058524363258
0.075583436465
-0.0143354716115
0.0464037820426
0.11346139183
0.126904533454
0.11651306758
0.018399689391
-0.0150198474487
0.124794346714
0.135801610648
0.122005099348
0.0286810725939
0.0748132703276
0.00486038052914
0.0713690740656
0.0723457406985
0.104153435796
-0.0292034270691
-0.113016686235
0.0306748715361
0.0811695023031
0.0429844086885
0.104826303647
0.127714944631
-0.0696209842707
0.0738010221998
0.0471084864605
0.0869666160126
0.100934569145
0.0487848053801
0.0954777570468
-0.0242973679454
0.0502067526101
0.0522364710227
0.0454198897992
0.00815145726137
0.0591158627108
-0.112455203312
-0.0511070934012
0.107444871723
-0.0561749356544
-0.0819283308364
0.0152887925213
0.0803538543329
0.0410399133945
-0.0759807470169
0.0622881888089
0.128573347197
0.0754944500205
0.0339365918095
0.0922360911833
0.0936614931151
-0.00216546677665
-0.0410914187689
0.0983382261851
-0.103495243132
0.01439794784
0.0614804567695
0.065755612703
0.0604048942929
0.0362884006342
0.00290066914606
0.0565593248057
0.101624508141
-0.0493165295929
0.109602793365
0.033985582818
0.0893978448951
0.0458356942422
0.0813062179559
0.116608231015
-0.0533327284088
0.00245856555291
0.0474184596165
0.10914775584
0.0718395809167
0.0661549468668
0.00582944601675
0.107265468424
-0.0385954466493
0.124946787818
0.0299098188687
0.051191934489
0.00697379890362
0.0470450596682
0.107308470607
-0.0312976358902
0.110930314338
0.0711226617455
0.0964924769132
-0.0721399125374
0.0838268898401
0.0444538390812
0.0992542338562
0.0546480259082
0.0382183499671
-0.0364767494109
0.0167334236596
0.0764900497181
0.0812487729367
0.014611883483
0.00220548647252
0.0455671975492
0.0230189952083
0.0895741847461
0.050986449021
0.0770490314706
0.134971305442
0.0650394504171
0.0949628896498
0.110120985357
0.11877944749
0.0250540670414
-0.0343798657466
-0.00725935097713
0.00622967883351
0.0948130866434
0.000589552943203
0.0644793075133
0.0932814781134
-0.0670622617738
-0.0365428537529
0.0123141466739
0.126908890809
0.0773522132948
0.00144807478963
0.0355589952562
0.0250302579537
0.113135799475
0.10372335551
0.0495251068419
0.0234220192994
0.00238764255339
0.0930652322402
0.110374144269
0.0565779590032
-0.0170359650315
0.0848744757428
0.0964147100276
0.0906023101466
-0.0243817777916
-0.0208054002556
0.0723591141068
0.130773480916
-0.0900493118601
-0.0504567134473
0.0823101966629
0.0456090160566
-0.0209852839313
0.0592885369505
-0.126700689477
0.0928128573164
0.0407331618342
-0.0875899398951
0.130790538682
0.0233825577965
0.048428870732
0.0557155267884
0.113354240021
0.0318048018301
0.103939885034
0.0031132729976
0.0852465408478
0.0929907205622
0.114472125281
0.100377986628
0.0361390990596
0.000927305747564
-0.0529469032423
0.0683664404321
0.0968218702659
-0.0189041992133
-0.00538201747958
0.117085532589
0.0791059682931
0.0083280868077
-0.00986066376423
0.107915985755
0.0834616698192
0.00989240734481
0.0941281407182
0.0608114221567
0.0228813970418
0.0503159714292
-0.0235458422984
0.0611304963034
0.109074110903
0.0249644073014
0.0231053342028
0.0793573766155
-0.0144458987156
0.113723776697
0.078319449753
0.0503140887682
0.0197852006644
0.0079556977579
-0.0646483809106
0.0573442679891
-0.0123217648409
0.106587095144
0.0801642568725
0.00163457965834
0.0953141112577
0.0552160844342
0.130281374898
0.0272094593736
0.0902746608969
0.101670153165
0.113360793613
0.124856972589
0.0412507453831
0.0333131784061
-0.0152847452939
0.0115692729338
0.083098827776
-0.0176522137617
-0.00782680329765
0.0897843295108
0.104716434466
0.0843309173904
0.0566284184621
0.0449019970213
0.10547986967
-0.0576099933367
0.00938075269291
-0.0328623405115
0.0425108402021
0.132065488605
0.0643778656558
-0.00138054032903
-0.0377565208215
0.0643460168064
-0.0752300854419
0.0321806494982
0.0197633733305
0.0738887887708
0.094630170271
0.107170554162
0.09279104357
0.0110838297284
-0.0178524677428
0.0822194832786
0.0946920154651
0.026323699598
-0.0315574631734
0.0367234131502
0.0303776080115
-0.0261683005212
0.0931287794333
0.0373809431104
-0.028016223532
0.0343974576655
0.0711249115651
0.0948922154412
-0.00346342895411
0.0139451071684
0.00905466346787
0.116152535846
0.0183052475841
0.0645633948203
0.0358987746607
0.128841771093
0.10905673099
0.0619398143443
0.0681625931721
0.101314254443
0.0738440997511
-0.00952959098089
-0.0706826151702
0.0662673371952
0.0509142737208
0.11291280045
0.0669477097488
0.0418272441399
0.0188427424281
0.0486048371038
0.0558538538254
-0.0361369227965
0.0305399334995
0.0666649717196
0.0764629618062
0.0403864434431
0.0583509361103
0.105405731016
0.0687314580047
-0.00564218086882
0.0644775664544
0.0858636861084
0.0962899331616
0.0878480306325
0.107831880774
0.0143691486537
0.0245782889992
-0.0285309818948
0.0780276461251
0.137079072547
-0.001366083942
-0.02206285991
0.0796402617891
0.0730358770771
0.100263962927
-0.0419945819626
0.00093294542567
0.107426929262
0.00227269577229
-0.000898723536989
0.0161963051539
0.0685953492649
0.0296118696183
0.0146411939933
0.0581752208286
0.0249528564658
0.0558332918016
0.0617999258227
0.0910370022191
0.109397571376
0.0990183964236
0.0482176490104
0.08956973185
0.110145860321
0.0564600213276
0.0075607143472
0.0817520707999
0.130050649511
-0.0310675446522
0.0365803949632
-0.0113595565889
0.0329244443934
0.075495259132
0.0143499623236
-0.0279003312341
0.0975004149402
0.0463626148757
-0.0302041097991
0.0862286074517
0.0376682554735
0.0177470502819
0.0260854686446
0.0499618465509
0.055588029343
-0.0890361584713
-0.0201436207393
0.12352524452
0.0180370598908
0.0475117148261
0.102538497962
0.0797701681212
0.0396971120116
0.0733863090383
0.0133365441069
0.0384269418981
-0.030220596101
0.0464696202402
-0.00338784638693
-0.0581813395101
0.0673384021065
-0.010021926534
0.0192207446194
0.0636652869768
0.0498542528502
0.0809004015966
-0.0372385835187
-0.0212192023855
0.129804182239
-0.00246626627096
0.0458189633327
0.126355049556
0.0215903007493
0.0616523009941
0.0480785382583
0.0270284434204
-0.00681305670148
0.0656702392024
-0.00120213622942
-0.00178537414617
0.0706873208826
0.0584619927234
0.0461034049708
0.023961602087
0.0425948098328
0.0716310413055
-0.030901285356
0.0542441231291
0.0627196796949
0.10338073295
-0.0150996925985
0.0179025018667
0.0265730383979
0.0900745394567
0.0600144048059
0.0421103371338
0.0387642734443
0.0305720853479
0.116016938778
0.0391117624383
-0.0427909663651
-0.0490216445254
0.0937366788955
0.0346922126614
-0.0694926437699
0.070313028481
0.0250717041802
0.125251824654
-0.000121650951435
0.130759507261
0.0111747566084
0.127202388341
-0.02676290798
0.00200435941436
0.0941567956329
0.0226251181302
0.0625876872126
0.10729504974
0.0276016064731
0.094655467017
0.0913082291318
0.0961287748914
0.0266916913674
0.0699457824164
-0.0369016135961
-0.032638290078
0.0871840636647
0.0572544429205
0.101485242297
0.112897287706
0.049867565997
0.00996760213276
0.102828536334
0.00387117377535
0.0647600720946
0.0554568076831
0.0882184984709
0.0610091610152
-0.0253415844501
-0.0177537145135
0.0271105158868
0.0574045161392
0.0581692987424
0.131090458347
-0.00783095892823
0.0255364014279
0.0449974522748
0.0281605736203
0.0999244632324
0.100703645782
-0.00603358642962
0.103813233809
0.0788989822477
0.0792412654891
0.117893480166
-0.0873132120276
0.0269260300969
0.0585536651718
0.0291963526918
0.0754967201339
-0.0603448253638
0.0816782581982
0.0685664203008
0.0915664305403
0.106366053388
0.0651581917502
0.00877010179421
-0.00331412641141
-0.0136372816699
0.112078290901
0.0527322424817
0.0107975182578
0.0941798834793
0.0968557846648
-0.0334559805085
0.000645840210651
0.0781114820657
0.0326576028161
0.128385735968
0.0877519643408
-0.0619214983146
0.0789942903849
0.0362048247733
0.0901577113904
0.0634573200321
-0.0426288863837
0.0449531359373
0.102774527637
-0.04005633527
-0.0354603705817
0.0444498379338
0.111957228647
-0.0895301045201
0.0509137385542
-0.0945350019208
0.0690372175925
0.0576694711593
0.0889586593371
0.0242147891035
0.0513468425381
0.0830488622347
0.080737472559
0.0575685706465
0.0894417531913
-0.0662546602818
0.0365043448714
0.115679723717
0.0707314882364
0.1079012854
0.0984455337044
-0.0241494039176
0.0262699024276
0.127285445072
-0.0435653216804
-0.0658337991841
0.0875510292721
0.0452728741757
0.0135368486607
0.103138686272
0.0748643968739
-0.00612133924494
-0.0233649235765
-0.0787678390444
0.0936078609996
0.081810814421
0.085217378824
0.123010365482
0.0657030547728
0.0187354903278
0.0827768773422
0.0347806616667
0.0820506765371
0.00417083166908
0.0311074115331
0.0512815866046
0.109878529742
0.0176006459211
0.03196349934
0.11571475449
0.0143412842828
-0.0288097116628
-0.00538557235106
0.0112798401173
0.0331996856912
0.0417816757971
-0.0236862664715
-0.0522737860875
-0.0616287626461
0.0494813776789
-0.0276317775863
0.0490535251388
0.0989766737482
-0.0744644405197
0.0595166204306
0.03410402417
-0.0202665578258
0.11547340512
0.0840002356879
-0.00560911246427
0.000452504074406
0.107733799379
0.0721905233541
-0.0316394277004
0.0184971606152
-0.0258849046637
-0.065842563632
0.0337433600909
0.133799093714
0.134642549543
0.0986421203573
-0.00810785124076
0.0660416194573
0.0849627320708
0.0716779455423
0.0171444092832
0.0328788483662
0.0481837451987
0.0886250375974
0.0970004148936
0.064945318502
0.0336616870804
0.101234762857
-0.0745903351732
0.128457659102
-0.00166668838638
0.0879216099522
0.0400552018003
0.0209967327329
-0.0675369357777
-0.0210866673424
0.107938462486
0.0552071182222
-0.00695953854551
0.0627944147296
-0.0333147927896
0.125631877687
0.0691677754335
-0.00852571275531
0.0506465647431
0.0519885857935
0.102643346574
0.00807127340066
-0.00892954040009
-0.0031129921512
0.00314198717993
0.0831592728722
0.0976345196039
0.022287692135
0.0836173725122
-0.00619913959182
-0.0862863984497
0.000543232220108
0.126875222118
0.136662785474
0.0450090561882
-0.0481196361553
0.0144650633787
0.0501006039069
0.0232544597154
0.0642755201219
0.124513535143
0.0534355091948
0.0463587923608
-0.0750677692561
0.0737415741111
-0.0579623179278
0.0503664157252
-0.0325283967396
0.0752056597984
0.0349171925832
0.00862846494583
0.0431515525465
0.119415793274
-0.0134420110336
0.03265688648
-0.0403509256552
0.0498339419536
0.0017184956881
0.078537371363
0.078132846983
0.0295575141401
0.00481588758484
0.0467850644999
0.00704714734583
0.0910842445157
0.0560867824324
0.0186888836914
0.0715019267098
0.0820979073649
0.00452958318431
-0.0281607449675
0.0721700895406
0.0520919622442
0.141429831785
0.0221192968514
0.0576251129296
0.0824622055018
0.0982095363642
0.0629202209776
0.0425100812897
-0.0811000404913
-0.0149649507605
0.0754775380681
0.0365229888322
-0.00302361242334
0.0477446716885
0.123019758022
0.130109347841
0.0162080104119
0.0452189033517
-0.0593938251888
0.00196918868927
0.098302788237
0.100570279664
0.121190627959
0.0178563686324
0.117340419047
0.0565566399687
0.0623136170642
0.0777482440009
0.122444386439
-0.0384183823876
-0.0762731400312
0.0864577378697
0.0665056766583
-0.0159803360155
-0.00262108131964
-0.00476795172782
0.0865757133308
0.0703491537678
0.0184144818162
0.115064694543
0.0621080140112
0.109256287638
-0.0383938887242
0.0180893563216
0.00252691208735
0.0494080430667
0.0159402778817
0.00484051293866
0.1217338512
0.00881768106794
-0.0302865621896
0.0344117978114
0.080019190227
0.0523881533899
0.0624158728406
0.0242384996883
0.0580452442513
-0.0123290365138
0.000164198052333
0.0526285126841
0.10554578885
0.000124292374861
0.0463943170199
-0.046879751829
0.141829325285
0.0503547827255
0.0812919535355
0.0594437540911
0.0675944631832
0.107129473917
0.0634867786624
0.11600030107
-0.0320361131835
-0.0128092335286
0.00333646875216
0.0810830822969
0.0392034604293
0.0166364784048
0.0417895101811
0.0325201793162
0.0132205945802
0.0792796864987
0.00325712354116
0.0215990641947
0.132891114976
0.0349275184248
-0.00712583938267
0.0307667877073
0.0697557722953
0.0412209580631
0.0761926270511
0.0670212007294
0.0261598708566
0.0304651854748
0.060757515102
0.0131157346885
0.0158151182519
-0.00900085533818
0.132353270989
0.0830505948138
0.0511044520261
0.109659304003
0.0853945449603
0.0107713651048
0.0979526282314
-0.0172117957126
0.104918276228
0.0691182315229
-0.047022004452
-0.0516850206998
-0.0226397782758
0.0287811678453
0.0591416353973
0.0852873499602
0.0549715818634
0.0659059298618
-0.0209460364043
0.0117892760176
0.081511166534
-0.0212317578867
-0.0414409141565
0.0723603219518
0.0428991056322
0.065607861388
0.116980498925
0.0500596469203
0.0834905670349
0.0316812948121
-0.0414078613696
0.0476915700095
-0.00582401213021
0.0919220691457
0.0348079371923
0.115683016733
0.100810136292
0.0241433056132
0.0799760772662
-0.00973725958591
0.0815634872138
0.000791972984005
0.0340273972821
0.0210490110762
0.0651078039638
0.00163395634511
-0.0017129723247
0.0567824233956
0.0638087181659
0.0373168269668
-0.014937351307
0.0966976673916
-0.00500495443385
0.0392102819016
0.0428648717802
0.0732726256326
0.0157777934629
0.0823215281204
0.0112301223431
0.135068753007
0.0703138536857
-0.134398781233
-0.0147842631304
0.0695715789005
0.04767314268
0.0188981480847
-0.00834286910738
0.0544669334829
0.0937281587436
0.0501854483013
0.113173808713
0.098190362406
0.0659906231885
0.0978878637998
0.120821929378
0.10397304258
0.100666030378
-0.135371030825
0.0432802913656
-0.0113559827886
-0.0623516810324
0.0471710850686
0.0707781588117
0.0786052463322
-0.0319909406678
0.0657662980168
-0.00386165172939
0.0779517731297
0.089118949604
0.0809352337004
0.0353807508367
0.0285558223262
0.12469986862
0.119111511005
0.116448796486
0.000862312245134
0.0521397892543
0.0732579136562
0.0232966322448
0.0661246862583
0.0306894403817
0.0385250722444
0.0537291580205
-0.0133007918193
-0.0437230080928
-0.0067382489385
0.0514489407252
0.115841482621
0.0727037474009
0.138107368384
0.026451632285
-0.0861627641327
0.0890185247077
0.0464931299441
0.100720645797
0.00838995983386
-0.0214128583307
0.0269694653151
-0.0292836285934
0.0372992297303
0.0831603015931
0.00516836026155
-0.0568128020288
0.075928362324
0.113604634647
0.0636531681691
0.0245211454434
0.0440405535508
0.037160384029
0.0854655603378
0.115268195376
0.0399099144077
0.0706673367584
-0.0428390506961
0.0491316820372
0.0381491140319
0.079865981981
0.0977138703062
-0.109428384096
0.0728600852626
0.106267193533
0.0994213150026
0.102807253284
0.067718732487
0.0405033766296
0.0368992643766
0.0871704902829
0.0691844096789
0.0924610291837
0.140527608974
-0.00964931502494
0.115748752721
0.0912590673198
0.0994688315042
0.0775636412769
0.0509514499915
0.0193462758316
0.106447442044
-0.0701820824883
0.0202259736423
-0.0536327672562
0.0978429600922
0.0569006494866
0.0220910841143
0.0343252484029
0.0139270802594
0.104664307921
0.0858957920482
0.087031078794
0.0268097232452
0.0464684818858
0.0289421130624
-0.0125833053116
0.0782852607192
0.0344028350171
-0.136890766631
0.0561760071314
-0.00417368540397
-0.041926788426
0.0587313371727
0.0150957190154
0.0662060322684
0.0327269379114
0.0502340691146
-0.0027707308725
0.124622285705
0.0268185916757
0.0318373097538
0.00233371221332
0.0363973950545
0.0692030079818
0.086623860141
0.0264375585811
0.0885849737777
0.042901629571
0.0511732283902
-0.030123178273
0.105168498667
0.00213005782236
0.0453764157498
0.00284685772386
0.0346521526358
0.0665655534047
0.0263826804692
0.0272573714175
0.0992694909652
-0.0417345782885
0.116472383564
0.0594294074698
0.0343794880596
0.0655434248232
0.0182996860011
0.0557054352907
0.098713989442
-0.0554557324235
0.0256093592351
0.102520358693
-0.0289157744136
-0.00583282409865
0.0418455933087
0.0844975895984
0.0275084598164
0.0757069472723
0.105135678957
0.0772750656348
0.0405076226787
0.0924938475374
0.0698164625489
0.0748282741459
0.061052981422
0.0155225426321
0.0186111123988
0.0847963645948
0.0731436019266
0.0139104509376
0.0381197549117
0.0299204289756
0.0732761840577
0.0858609267339
0.0761765398145
0.0613351921774
-0.100942067509
-0.0654049338453
-0.00141573986992
0.101809310848
0.0341113198939
0.117387138663
0.0267679028902
-0.0624459388775
0.010188618961
0.0953655068244
0.00456937232614
-0.019143321133
0.110508452391
0.0785422004844
0.0431622508175
0.0304089553419
0.124439144333
0.00550191996143
0.0381222277381
0.0280839329324
0.0252985068627
-0.0193466858212
-0.0549954951416
0.00976705249069
0.0608931963531
-0.0192520499388
-0.0115041056595
0.0764509849298
0.0593954993332
0.0666506125301
0.00947542128394
-0.00306034379048
0.0669094777143
0.065566595709
0.000703133020985
0.0338884590788
0.0388295992416
0.0633327610141
-0.00932428670366
0.0805161096388
0.052585413426
0.135035581684
0.0222284550802
-0.0509222930907
0.101632750748
-0.00464158788076
0.0233542117688
0.111541843956
0.0539782353514
0.0155898721186
-0.0650552330287
0.0573851398871
0.0880293283324
0.0688085617446
0.00718273516826
-0.0524352122808
-0.00444056512224
0.0173930872459
0.029821965684
0.0125049319343
0.049183747234
0.0507161269617
0.0942726752434
-0.0330109228978
0.0217629653581
0.0161809078684
0.0993016786636
-0.0208312004276
0.0302208488218
0.108269596857
0.000154265231932
0.0739380759839
-0.0705141969526
0.0249713321352
0.0666270385078
0.0655975748233
0.000279343385548
0.0148325054416
0.0129771508065
-0.0195941152868
0.122086808718
-0.0681264458474
-0.0446043879755
0.140687699389
0.034307057014
0.0848274007393
0.0400275844816
-0.00868755022729
0.0396011134377
0.0436960652257
0.000836692683134
0.0187394797572
0.0797654872298
0.0504369480394
0.130937129175
0.0807640726661
0.0977401025561
0.0979919840332
0.0352925015416
0.0125757005259
0.00516565540816
0.0448215425962
0.034901300924
0.0565589806501
0.0282607932546
0.0718138246053
0.11752580794
0.025134078223
0.0383991926802
-0.036081330076
0.055922990556
-0.0165900022973
0.106067026681
0.0898266031934
-0.0396567323971
0.0982610813804
0.0425666382358
0.127098997429
0.0318430535584
0.0658732504645
0.0357026631579
0.115377146067
0.030842401328
0.0767674016227
0.0226413834907
0.0806546769717
-0.0395721592035
0.0628871758236
-0.0262831758165
0.131344059918
0.117784708614
0.103374092079
0.0269711798682
0.0629305095763
0.0823401345235
0.0350108259185
0.0460645575504
0.107408732902
0.0887395371821
-0.00933715191156
0.0384558629823
0.0570687555516
0.0359120416547
0.0515209917265
0.00594234041616
0.0709682487001
0.103027055388
0.0253564695543
0.0276150452039
0.0401989256476
0.0210876952101
0.0624867994527
0.0392435482852
0.0276766016286
0.0747782962523
0.118830182348
0.0125379364849
0.0530896612287
0.121563552013
-0.0368262686178
0.073211846545
-0.00597849261323
0.0177791493776
0.0425095852936
0.0627164208511
0.102824491412
0.0269257637301
0.0918965111016
0.00423497769668
0.0593586435275
0.0414679412686
-0.0247023443284
0.116627059978
0.0136060969647
-0.00869589641787
0.0876546415673
-0.0483890016771
0.0442027025738
0.00148966570359
0.129901364051
-0.12907153185
0.0705656246064
0.013514260492
0.0304783393085
-0.00966668347075
-0.00540928796538
0.0188611323212
0.0986393820814
0.00135580320576
0.102493109775
0.0787062260402
0.0880786127693
0.0569876967382
0.0685506010935
0.0467892243953
0.090998604998
0.0200375902257
0.0229767446867
0.0575830606139
0.0664868863437
0.0208428448293
0.00340288512382
-0.120741096653
-0.00913663949244
-0.0828134773931
0.0524059678698
0.00622777393653
0.0656965838551
-0.0277274061458
0.0628534378427
0.0156235420818
0.0838744275527
0.0465285141219
0.0357051912131
0.00952341078592
0.0750577767025
-0.0156251797722
0.0225376906112
-0.0677489095072
0.00767233391853
0.0721103580577
0.0728943296026
0.115105028156
-0.0191358703865
0.00436170717582
0.0891487134966
0.107034410437
0.012589051513
0.0339994546054
0.0405621062874
-0.00363610640362
0.0124765399871
-0.0531412588708
0.0328532430245
0.0761546087159
0.0954571266195
-0.0863506205763
0.0332662954767
0.0632844623498
0.071021507263
-0.0041628775565
0.0681097990515
0.0629721415263
0.0525285577221
0.0193181245548
0.0851293126152
-0.0553303108185
0.0284701001429
0.0716949242297
-0.0354223081686
0.0870806299559
0.00580659443717
0.0604831804813
0.0398608870765
0.0429235575996
0.00199544638211
0.0691323221335
0.072293615544
-0.0169823708004
0.106754842702
0.0322784139555
0.060523828519
0.0949955546364
0.0619558055855
0.00764438644398
0.10183815366
0.0379447344148
0.10117485818
0.0234691769308
0.12573445771
0.114111087533
0.0365437354766
0.0582421019433
0.0300916514963
0.0552279804786
0.06192719367
0.0485014223594
0.0985344707499
0.0578549656991
0.101645852893
-0.0440442856717
0.0545440282988
0.000308214491149
0.0581011246634
0.115621930214
0.111176196543
0.0784198586721
0.0455848947984
0.00163338262519
0.0799757983468
0.0848797771158
0.0299786227352
0.0489122795288
0.0614496412251
-0.0228824847596
0.116073648421
0.070653502311
0.0691908473562
-0.00329840234041
-0.0258806094991
0.0384977682851
0.112967584452
0.0999059596632
0.0811140445026
0.0262175637023
0.0662546130189
0.117577431331
0.0276739900594
0.101090786686
-0.0447393648905
0.0587330177303
0.0723679619857
-0.0228692746377
0.0422070164616
-0.108291836726
-0.0490508933712
0.00839651715349
-0.0155842845442
0.022687784037
-0.157320598109
0.129874748776
-0.0111518067734
0.0810275210057
-2.15404393007e-05
-0.04186268129
0.0522255725946
0.0673550498711
0.11086477166
0.128837888912
0.0516427900804
0.0345095371755
0.0484747857029
0.0474764549961
0.0979859820821
0.0506314095794
-0.0715551632491
0.0999564472694
-0.00292425545554
0.0637963274599
0.0546281205925
0.0866470233798
0.0459893052347
0.0142295427772
-0.00222003480591
-0.0198530435753
0.103183243939
0.0169131636598
0.0843603531387
0.0097555413712
0.142192905841
0.0512944921366
0.109933569725
0.0705180683904
0.112929057616
0.112309043702
0.0872497843013
0.132671267233
0.0241039860465
0.0383322376399
0.0818472790936
0.00803158757566
0.145829909122
-0.00714023065377
0.0844494133225
0.019932734322
0.0538517729755
0.00891056561054
0.0478383440053
0.0969448532091
0.0621865304332
0.11382223849
-0.00538671513974
0.0321716493192
0.0489851659613
-0.00328394171917
0.0543257530401
0.00536729116142
-0.05296926492
-0.00152963086202
0.0199605735839
0.067375603115
0.0789472423568
0.0166426124349
0.0295238167814
0.0581614530281
0.112741804558
0.0227325091535
0.0428030330179
0.124937627545
0.128122673577
0.135748193978
-0.0124491536692
0.030419696123
-0.0178485865623
-0.00140049846592
0.0313983198313
0.0446367383272
0.123682171287
0.0981809560619
0.00769152923053
-0.0483874810906
0.0447750058973
0.118331656366
0.0171938569315
0.0796088721606
0.0687699453933
0.105916239378
0.101431898162
-0.03495795
-0.0530729890047
-0.0023762983876
-0.0383338125858
0.0223306880675
0.0233349154191
0.0502265724814
0.0410183954763
0.0419404662166
0.0974266184061
0.0383480479005
-0.0210985160586
0.0136169008796
0.0709171744092
0.0374376023438
0.0283075093116
-0.0657984323489
0.0726467295239
0.0412943405267
0.0836927774189
0.062810974437
0.094320158266
0.110816942653
0.00724162119445
0.0369866760082
-0.0266799529932
0.102073177257
0.0669472878157
0.129676105032
0.107427550837
0.121147927181
0.0564958228329
-0.0896412710658
-0.0158438801816
0.100662701903
0.0916591744217
0.0796691498563
-0.0170030768634
0.0571015280127
0.0859766916049
0.0533058755455
0.091417520417
-0.00999466530356
0.00990175562048
0.0386311499776
0.0494801265635
0.000861629903905
-0.088458439887
-0.00197263184149
-0.00947475497607
0.0488340480263
0.0515004350921
0.0496139912587
0.0883047881149
-0.0574924742142
0.0488903783299
0.0231860448565
0.0681299202121
0.140739819557
0.133436914679
0.075235557403
0.0986068830046
0.030543943348
-0.0183956595672
-0.00483859590284
0.0348257335369
0.0506262582403
0.0763574688379
0.05642518988
0.0919566803825
0.0787326623874
0.0373211514392
0.0689494721036
0.0696444989083
0.083211616933
0.0942264983557
0.106062445017
0.0283595186797
-0.0621401788541
0.123727562656
0.0153149862313
0.0233606535225
-0.0361826856661
-0.00281979596847
0.0661280153112
0.032015444022
-0.0980841451578
0.0987174039662
0.00488338080661
0.0325626103874
0.0228065381211
0.0929686009416
-0.0451171424161
0.0368769037906
0.127937742924
0.0684223091728
0.114318926527
-0.116416235744
-0.0103909665555
0.0518429262585
0.0111397867371
0.0236048207077
0.106646116564
0.116729501827
0.0327224437331
0.0867735755935
-0.00593748442282
0.0500904102517
0.0907442696069
0.0272256064071
0.0335098923102
0.0785337847645
0.101640436169
0.0688520079814
0.0929190057153
0.106061594663
-0.0949095807058
0.0922434637734
0.136353454846
0.0441676383217
-0.00828824644006
0.0360610428791
0.0105268694768
0.0958394849563
0.0485486608358
0.0346959999097
0.0887172420534
0.0603937858489
0.103426489415
0.0291849781414
0.0635594403715
0.0495573216399
0.0174026704434
0.0320831222631
0.102761667327
0.0670513930069
0.10041958105
0.0749001432328
0.0936424839418
0.109218277491
0.0682629164596
-0.0836986357346
0.0669451117332
0.0202406074423
0.0331393142792
0.085212345854
-0.0279824837341
0.00396829199353
0.0336730514561
-0.0106675852948
0.100700468776
-0.0908724359309
0.10302959134
-0.0849739034334
0.110342605482
0.0225237794968
0.0264887075327
0.0350953523895
0.105511912429
0.00519963533291
0.0197084831551
0.044550664027
0.0758894961987
0.0124901471177
-0.0169944361003
0.0871420500622
0.0985799869589
0.0342115878472
0.0119037583765
0.101979099368
0.0372148684974
-0.0599017689644
0.0631517782786
0.080276628878
-0.0339034117906
0.0200916209229
0.0785076706223
0.0208954320831
0.00985388170064
0.0076147043709
0.0263873876996
0.0160200432217
0.0476183468546
0.0622291813717
0.0934946450546
0.0617316415634
0.0501503062916
0.0929793410816
0.00724736373714
0.00782948290663
0.00283334515014
0.0783252026225
0.046813650681
0.0832190405704
0.0653749585123
-0.00983899373148
0.11835721344
0.074854596776
0.0444699857562
0.0110800738103
0.0167724888338
0.0682868200845
0.025097868546
0.0472751389164
0.0665200116147
0.0303666577333
0.0284487350257
0.0759898676285
0.0602651316254
0.0538162719994
-0.0589850550418
0.0590236969622
0.019424223026
0.0518828668638
-0.00638949977272
0.0399806977696
0.0679843611105
0.0313432891136
0.0596546441897
0.0548771556124
0.0737215037287
-0.0312826852045
-0.0884913485709
0.0341991862362
0.0659690210287
-0.045726827716
0.0149809528549
0.0195923301986
0.0724545668157
-0.069669273741
0.0734396746396
-0.0138380065878
0.0160356320745
0.127691225645
0.109835656275
0.0604896473097
0.0687780388675
0.114784982067
0.0168059659879
-0.00876642373097
0.0514435691869
0.0621394436327
0.0580116623657
0.0363903583336
0.0454789096815
0.0603462898208
0.0106792577105
0.0667236830553
-0.0806009610826
-0.0386492546257
-0.049247289649
0.0191612402819
0.0278311782959
0.0617550212087
0.0156665313554
-0.0309322986454
0.0293021411546
0.0735282844959
0.00765809856803
0.0977203637076
0.083601832061
0.116378057821
0.010563088436
0.0981144236538
0.0255923543573
0.00678722390152
0.106362574485
-0.0387372434802
0.0791283609856
0.0973455615097
0.0229763167438
0.11473004017
-0.0515018625079
0.109844572877
0.0814757038207
0.0149104393731
0.069445810897
0.0604335910146
0.0909001576976
-0.00888072223976
0.00233672864534
0.083672256927
0.0214384321179
0.0887652273552
0.0192755594008
0.0298011406133
0.0976774935639
0.0526389563396
0.103144245615
0.0389721453447
0.0877698875166
0.0569499071173
0.100071604974
0.0852695893249
0.12575109986
-0.0307542544709
-0.00905363567086
0.0984169244541
0.0186363512503
0.0967905788092
0.104073005199
0.00602206912251
0.135470679199
-0.00379024441862
0.0936301220797
-0.0227683691668
0.0877486508041
0.0086544922312
0.108901742262
-0.0214338680298
0.0426676830099
-0.0465592936889
0.0454227427347
-0.0250011947396
0.0649742861339
0.0149154236154
-0.0177561473237
0.029918718407
0.102864990142
-0.0271841167334
0.0191359455658
0.0681493648438
0.0782440668177
0.100754094475
0.0154646466029
0.0567550480994
-0.0161171517488
0.0819000533457
-0.0125832634554
0.0121380317864
0.0397184096954
0.123167241111
0.0405647640883
0.0708491675553
0.00064555896164
0.00277691957893
0.0406129750357
0.0992175134835
0.0763484167511
-0.0281685925986
0.0854809912206
0.0749956278339
-0.00405601849515
-0.00101013506994
0.0735246175888
0.135486865573
0.0968253318459
-0.0357976522146
0.137834959482
-0.00867837017601
0.0715862393568
0.0722747597177
0.066227315918
0.0026125098864
0.0667702798915
0.0249341466607
0.0264348360766
-0.00191631989677
0.0822561796991
0.0229174721549
0.0375742054971
0.0736485242074
0.0949273106363
0.129117225412
0.0319674777341
0.0119298696926
0.0273427495781
0.0503860845539
0.0102469584956
0.0847898503813
0.0521446839281
0.0813141532049
0.0648088763156
-0.03141581144
0.0953292529324
0.0785487240619
0.0291321552571
0.0512448716416
0.0449765174185
-0.00126166841412
0.00360635570857
0.0555465903773
0.124290851684
0.113042209932
0.0587117271983
0.0311678118162
0.0996874691541
0.000838830794922
0.0449386817474
0.00628451043845
-0.00472311616742
0.0544568029947
0.0985308475348
0.116058410345
0.0485608321625
-0.00436243543082
0.0318599382399
0.0311508813727
-0.0805177986244
0.0314867163133
0.101483677704
0.0688650823978
-0.0618801092064
0.12098633285
-0.00988617541724
0.0337330659167
0.0392146049585
-0.0130394625077
0.113229627255
0.0771224675104
0.029564868918
0.060131615307
0.067697267788
-0.0633075943118
0.0991659825921
0.0416498626986
-0.0633660207166
0.0210980460015
-0.0317945671626
0.0784410815659
0.0199661954978
0.0486580658968
-0.00265739335348
0.0648948166952
0.0908033543954
0.0515957774323
-0.0601552855118
0.065647451935
0.0934945990189
-0.0118680972557
0.0557689153577
0.0444523554083
-0.000837639676407
0.113757931378
0.0511546097203
0.0778089339361
0.135372263724
0.113096605963
0.0109857897885
0.0230418540965
-0.00787533329014
0.0389728316774
0.0506609091819
-0.028312579226
0.0909415446807
-0.0874655612105
0.0669704862613
0.00852752636804
0.0447101998146
0.0860484187814
0.0953656872251
0.0340656083013
0.097907220014
0.039993295797
-0.0199017991503
-0.03043679821
-0.00861945338063
0.0345012424205
0.0809166763792
0.08762310884
0.0496980839384
0.00573261153392
0.0737759536107
0.0500293263115
0.0307122780563
0.0177038552078
-0.00886940125108
0.103178207787
0.05262275311
-0.00264173024229
-0.0108944047875
0.00118912034499
-0.00385813353172
0.0103798337635
0.105354041697
0.127882691431
0.0793845958778
-0.0296448846013
0.0520599292648
0.031447467242
0.103342170375
0.0716144509842
0.0515090268494
0.000634629547215
0.00450678164936
-0.0040776949826
0.117205971056
0.0464670037989
-0.0507203413049
0.10080124002
-0.0265118241219
0.0470390785649
0.00628277418849
0.0151368403389
-0.0567839513521
0.0426029325281
0.0956859160783
0.065268407588
0.0336111997235
0.0271554643202
0.0248067542923
0.0582902612897
-0.00921823370068
-0.0573543813708
-0.000502825404756
-0.0078572704402
0.0889218665707
0.0543827091162
-0.0567212416767
0.0717351168307
0.0271439867704
-0.0216581305421
0.104552693591
0.00539555517763
0.0383309391653
0.112112337801
0.0537928177224
0.0668942552803
-0.0122868603018
0.075144703351
0.00570113792288
0.034474812268
0.0555782744135
0.0774298984317
0.0824037648437
0.0635285539083
0.091071869734
0.102475097519
0.0250166270987
0.0699446426641
0.0802170384189
0.0553247259868
0.0923230860555
0.040703459439
-0.0430225037619
0.0398297553304
0.0185234255624
-0.017415851822
0.0321298876814
0.0927795691872
0.106050136689
0.065793615442
0.086398612222
0.131132259851
0.035360523397
0.0446374888822
0.0223588340749
0.0514072682387
-0.0560964823594
0.0346337386512
0.0954516802012
-0.0281590001876
0.0492682005167
0.098946379477
0.0803500266012
0.110719679087
0.0305754396352
-0.0275648485851
0.089206266233
0.0396294611359
-0.0243268543648
0.0878599417416
-0.00526263931301
0.122256157083
0.127182554153
0.100862539156
-0.0148861091522
-0.116136449367
0.0288754630412
0.0381848516908
0.0592233468057
0.033935428712
0.116217693456
0.0510720370543
0.0602733337637
-0.0466023743373
0.0915738218883
0.049015678315
0.0455818760712
0.0275354581122
0.0926292111367
0.0992404984746
0.0655055245984
0.115442284736
0.0533802221787
0.0039698054597
0.0764787939358
0.0425210057619
0.0410215857688
-0.0148800500168
0.00908673634582
0.0329463840269
0.0650688015033
0.0752127993985
0.0609659455842
-0.0538670918198
0.0729052887382
0.0333889905579
-0.0555951049915
0.095204860284
0.00377168254606
0.000201449237272
-0.00138627438337
-0.0213293275219
0.0351636015032
-0.0205627656015
0.12145456591
0.00753341593906
0.0717024073756
-0.0101190282641
0.0355148690869
-0.0229873283331
0.0601354150305
0.0677541706348
-0.000483326580781
0.13058792206
0.123133416197
0.0538561963054
0.0945515964415
0.022878188687
-0.00665962655737
0.0112850852069
-0.0272372518037
-0.0129014250649
-0.00251084313182
0.110422171919
0.08528017013
0.0570212813462
0.0346611816063
-0.00412633095779
0.043923444034
0.129968989023
0.0214393464138
-0.0607606818099
-0.00993204540869
0.04546858176
0.0848936352608
0.0986042891755
0.0436499743079
0.0952411994701
-0.0829385980061
0.0802494908721
-0.0195497131029
0.106209621337
-0.0884899212962
0.107603812494
0.0196436868326
0.111548685988
0.0278278550409
0.0280228995693
0.0321780185693
0.0772779692458
0.0244738552725
0.0796793845051
0.0334707579824
0.0864109166473
0.0384511412902
0.0619915119385
0.0368285306146
-0.000356489738045
0.084221314185
0.0308875554914
0.144508189621
0.0261934639367
-0.00474905202453
0.0731643030291
-0.0780542014719
0.0720260456214
0.0501807034761
0.106826277263
-0.0757963558164
0.0439968626967
0.00576410051788
0.0402586340368
0.0940398070177
0.0929229503601
0.030872310702
0.022123934274
0.101605246521
-0.00629884353101
0.0440118283018
-0.0890333889195
0.0578457310725
-0.0224973923113
-0.0410624782849
0.0415602877282
-0.019849718132
0.0928797842396
0.0802359386617
0.0830856817977
0.101257537353
0.100584844892
0.0784300834097
0.0788052524895
0.0750323130373
-0.0190046450044
0.00480341222759
0.0354118491293
0.0339172526353
0.0310434774284
0.101786553816
0.076990314066
0.0162877956829
-0.0159192573751
0.00109125310016
0.122659035356
0.0828961889865
0.0746118719386
0.0685264417983
0.0553863838054
-0.00476072768722
0.133650695175
0.096039331966
-0.087028155754
0.0617578353391
0.0387813643697
0.0621040725195
-0.0224400260647
0.108964630226
0.0376544412689
0.0429818662498
0.0263606791428
0.0521284731671
-0.0140711601449
0.124389456375
0.0200048852765
0.0758456377239
-0.0240358233985
0.0742391762248
0.0605216932198
0.027823624664
0.133859156484
-0.00204020193989
0.0788388559594
0.101111260259
0.139792588589
0.0772171357651
0.0578605982728
0.021328459876
-0.0057836881552
-0.017853618347
0.130047237494
0.0729306555852
0.0524605855859
0.00684388153199
0.0586249394197
0.044405770696
-0.0200136665297
0.0185083812474
0.105037085574
0.0782922639929
0.0162908845829
0.0377870692574
-0.01517642625
-0.0476682001611
0.0800087641217
0.0687376511349
0.0594794634
0.0254430578431
-0.0709141081998
-0.0192339093673
0.0424404568532
0.0516334148979
0.0255355227636
0.00549569856713
-0.0204587287598
0.0249542117308
0.112795993674
0.0849449327099
0.0968121522947
-0.147309589851
0.063931226552
0.0361332088874
0.00643437583848
-0.0341010914488
0.0795393997145
0.0983930504593
0.0357372631809
0.122611843682
0.112184013568
0.0765542619133
-0.0608110158118
0.00815800651554
-0.0104813078075
0.114621998749
-0.00247430929919
0.0747987118762
0.0976871122744
0.121698217625
0.087229304384
0.0321460832322
0.0653533570849
0.0251124811534
-0.0404011330743
0.0964840550692
-0.0334372347222
0.105932992921
0.00350713649586
-0.0045736959665
0.0883383306167
-0.0517822602186
0.0946741892084
0.0999518411298
0.00740906966604
0.0451531247271
-0.0129915118654
-0.0231511111002
0.0659490257197
0.0502951458005
0.041965162612
0.0114471495417
0.041123805001
0.00020644323733
-0.0661219428741
0.0269848160078
0.00191072120827
-0.00992063363265
-0.0343783040522
0.016034307112
0.0581798510748
0.0757114975276
0.120735510117
0.0183611609344
0.065630612312
0.0290503177703
0.0286061484896
0.096103662634
0.0147739510082
0.0829608245098
0.0642302487374
0.0082090007404
0.0778212349439
0.0329034003484
0.102105137738
0.0602863665015
0.0560427699612
0.134085802378
0.091792538873
0.144765333306
-0.018352295431
0.0575703039917
0.0862220929637
0.0703815639983
-0.0822163568172
-0.0051323934772
0.109756594268
0.0756165594358
-0.00289141809358
0.0666238138661
0.0740567454031
0.0606611841954
0.0961637968537
0.127905535457
0.00126314967958
-0.000745371519097
0.0503196383215
0.108760553777
0.0742728521825
0.0447834879678
0.0612535819953
-0.0734759944887
0.100519357844
0.0325742925031
0.0324897584596
0.0104114448998
0.0807687508083
0.125121458125
0.0359215201552
-0.0365908129224
0.0637255576489
0.0299475311798
0.114202067914
0.0763193620273
0.1112511841
0.0233433392509
0.0198775253212
0.137212385519
0.0105167052845
0.0775158588119
0.0524735561993
0.00945479813346
0.103737829678
0.117207495194
0.121578231097
0.0281755907421
0.0221616128056
-0.0760315323084
0.0424943372724
-0.0342358752658
-0.0382784399996
-0.00163712734208
0.0423450361309
0.0190373640591
0.108557577995
0.00175024143972
0.042599041309
0.0586635213973
0.0953948230624
0.0876941505173
0.0905040959838
0.0670534299537
0.0302693574774
-0.00471041302671
0.0836231885487
0.060631142423
0.00113302089402
0.11472284789
-0.0127998574097
-0.0310219559852
-0.0368627437325
-0.026113488143
0.12213088711
0.0127827045385
0.0481861780971
0.0629714203829
0.0995256787953
-0.0836727795394
0.102438434908
0.0623910941537
-0.0722318735381
0.0224419439804
0.00663311170496
0.0292017626817
0.0217644244993
0.0219215095558
0.0021764742428
0.0801005925686
0.0764158100491
0.0685370289258
-0.0585519497543
0.0447915615352
0.0777367989284
0.106406583383
0.127678911992
0.11671528593
0.0708547961485
0.0569278368211
0.0311140995251
0.0818265105214
0.0609953516836
0.093075759661
0.0327037921547
0.0456764736366
0.0468867513688
-0.00873712326253
0.0928307717032
0.000285866879732
0.0342808414761
-0.00369526226346
0.0081348367848
0.0660644419742
-0.0577020675805
0.0767087077769
0.076272639257
-0.0282238535997
-0.0150777913285
0.0201453976812
0.0873015650575
0.0221128987185
-0.0162581813572
0.125257402494
0.111963514433
0.102841571879
-0.0593297923466
-0.00337694445193
0.0926063395135
0.04135133374
0.0138424815496
0.0289096197342
0.0561769438941
0.0837006119433
0.0266661260661
-0.0268244099575
-0.0192653271424
0.00472856938298
0.0504189539728
0.0961239485022
0.0996187166148
0.0156951656205
0.0716458331053
0.140117577635
0.13157851202
0.0405272847351
0.0612706328442
-0.0497151534859
0.0371263564934
0.0284580298364
0.00854219778852
0.0387044928107
0.056285862165
-0.0411825979766
0.0957121557165
0.10161361
0.0160050945369
0.118348561759
0.0114479475678
0.0896298249803
0.0805758514756
0.100109772319
0.0765126851729
0.0188401119116
0.0387102450688
0.0369233126301
-0.0437198641537
-0.00420988141385
0.00159475739697
0.0493942414314
0.057989067196
0.00661098771487
0.0665401374525
-0.000892136600259
0.112316853467
0.0142463028319
0.0453747697814
0.0129929212947
0.0575468649245
-0.0794780056764
0.0696480076976
0.0642059388261
0.0410350698201
0.128608773939
-0.0585608217289
-0.0628909042928
0.0773326781362
0.0468163432947
0.117827838524
0.0888212796193
-0.0157979164282
0.0845139797673
0.058367981585
0.0794900502002
0.0594535081648
0.0178062322318
0.07719837369
0.0517887741744
-0.0874973794325
0.052868141489
0.0350397901844
-0.0261363130639
0.0564049256113
0.0812579230824
0.0468536885274
0.0107178786079
0.0267710292671
0.0115064228944
0.0305940221073
0.0129613972463
0.032451696814
0.00347188293829
-0.0154127138681
0.0153437149386
0.0387871117299
-0.0139372519294
0.0535959619676
-0.00864635947216
0.0618019612414
0.00840416708866
0.0649066414745
-0.000966472651902
0.019602869136
0.0936465526688
0.0846703522514
-0.0328989494882
0.0888274280458
0.095162100706
0.10182639735
0.0240253695282
0.0917292841981
0.0940419177103
0.0137387270857
0.0505821893714
0.11072130759
-0.0221023224752
0.104215171393
0.0882730681694
-0.00588844451906
0.0383270371058
0.123949709806
0.0210914632758
0.111696710892
0.02866988149
0.100711519891
-0.00541923301506
-0.00921123079085
0.1017015145
0.0207460183915
0.0165629988907
-0.00923152045527
0.0406093665197
0.0714828164107
0.0964445941107
0.105371516676
0.0473244005549
0.126530083951
0.116148371682
0.109503161522
0.0250013799628
0.0485770681989
0.0575480404856
0.0416951025286
0.105913290322
0.0166802421321
0.0279276503658
0.0411298509409
0.0280231784044
-0.0055919331773
0.0950161323424
0.120445412161
0.00398117354881
0.120085379184
0.139333830272
0.0426933204155
-0.0270555853277
-0.0121017124806
-0.0107989614441
0.0945245494756
-0.0339017741478
0.0298416336392
0.0438161516003
0.00221620649662
0.098733270671
0.0627507622228
0.049912143101
0.125551424305
0.124211275319
-0.0186830125283
0.0867085205522
0.0759879407422
0.0837124157896
-0.0475426883688
-0.0840942621711
0.000858777221216
-0.0282263959525
0.013050077926
-0.00781903010359
0.0168705403745
0.00127190499017
0.059860520365
0.0397187858026
0.115491702146
0.114041871263
-0.0700922318429
0.113906422615
0.0880059057419
0.0570047877441
0.0436142384168
0.00677804289899
0.0872391422638
0.00289947895673
0.00963550286459
0.0541158977035
0.0866433397561
0.0795732406063
0.0335522509425
0.0452545248026
0.0405484487936
0.10252010108
0.0309506011821
0.0334255650928
0.0769039936131
-0.0265650829018
-0.0148854824701
0.0799932292503
0.0483943753268
0.0296511915604
0.0614718911059
-0.00240320041393
-0.0163792454443
0.103530068458
0.00232581118226
0.089442893055
-0.000415231568437
0.0476224647791
0.12125648779
0.0368658012817
0.0246197978037
-0.0676612648809
-0.0219054351346
0.0377738582629
0.105780744798
0.0313687236821
-0.0109567562852
0.0705417628392
0.0189153598596
0.0923931550532
0.125500235375
0.110915158276
0.0119810702009
-0.00537933434988
-0.102179236982
0.0373169456405
0.0304320353097
-0.0336946680547
0.113240322479
-0.00466593843411
0.00936704395166
0.041438672028
0.0536783814028
0.0144719269911
-0.0181862104744
0.0284998736602
0.0676674380847
0.0353436355838
0.103053333813
0.0243776710625
0.0762237749899
0.0964452626454
0.00315592028995
0.0788475351151
0.0339539738272
0.0862868969032
0.118719162072
0.0822746384886
-0.0313787615186
0.036926351717
0.0168176122193
0.0196079933273
0.0483277367347
0.0157434313503
0.00965932931656
0.0455508516794
-0.127977672215
0.122480093307
0.0455995062976
0.0188246506366
0.0815089815226
-0.0202925160069
0.0297123673794
-0.0103767756147
-0.00984776984921
0.0267335137474
-0.024503976001
-0.0518830564445
0.0917547183188
0.0187477404493
0.0488382803002
0.0112244140567
0.112765171966
-0.0647656030885
0.00211624146036
0.0300845263174
0.0534454796516
0.0707571003466
-0.029719114533
0.0645793660826
0.0831864426982
0.0689969427781
0.0414870317188
0.0675612835525
0.0353539993318
0.0129875131424
0.121639766577
-0.0456019133306
0.072095587136
0.0461177519762
0.0875793805774
0.0990769750074
0.108215147601
0.0154245866811
-0.00528389524141
0.121005357346
-0.0422448307645
-0.0196961416059
0.0779958589315
0.128497217813
0.0286912707071
0.130117179847
0.0263248598578
0.10418137382
0.0203305072592
0.0903373431584
0.141775414615
0.00024566496201
0.06155964486
0.111843102514
0.0553032772291
0.0198025151651
0.0394225041163
0.0973137141688
0.144926177522
-0.00906644659353
0.0474921659473
0.0476516410418
0.0602834736472
0.0232933566547
0.0494253900336
0.0271181075214
0.0701602938371
0.0406582724302
0.0279620441396
0.0395894711335
0.135603287405
0.0150286849268
0.0496944509779
-0.106743127005
0.0644946305236
0.0396094878624
0.0353629637098
0.0806727242202
0.0628575326019
0.0635626882735
0.0558177734725
0.0598460881479
0.0797898822449
0.0469971046766
0.0531643841273
0.128766927763
0.010095035067
0.025422100391
0.0557588080106
0.071623172881
0.0976746776119
0.0968208300835
0.0958675352127
0.013790867756
0.0923848821473
-0.0997219271967
0.0118110876902
0.00309893911581
-0.0387293764598
0.00506511740594
0.0986377360396
0.102376987651
0.121723919764
0.0833860551699
-0.00899965951098
0.0685732018467
0.0382752082675
0.104230452192
0.0328249404607
0.106632308953
0.0526214586513
0.0877973575927
0.0321258924563
0.0900001674111
0.132483259763
0.135417963294
0.0399959414103
0.0615549958461
-0.0299409324587
-0.00816783657764
0.0679032878411
-0.123742277895
-0.00202243815391
0.0913677003385
0.041565694049
0.0818414867964
0.0241116402248
0.116079739232
0.0274228701849
0.0698440387378
0.0331741989673
0.0739392092551
0.0782504074532
0.0403400396684
0.0639924053704
0.0687511315547
0.0715815550406
0.112141808669
0.0817648002621
0.0424297669419
-0.0350304057209
0.0123610884269
0.0568924137513
0.113825007221
0.0320905948368
0.104185193491
-0.0917300772244
0.0344351402662
0.0645596513307
0.138270413004
-0.0208141789093
-0.000824353763169
0.0175121977066
0.107056043885
0.0595194728649
0.0372634958616
0.0944396371871
-0.00442298427539
0.00559563012508
0.00939457871107
0.0751459595454
-0.0385553563739
0.0784683091711
-0.00148038568664
0.0347145058333
0.104714828861
0.111246817252
-0.0382490539647
-0.00668894054002
0.10187464646
-0.040037063448
0.102680463541
-0.0517509102721
0.121794015789
0.0815156479565
0.115644586318
0.0203378973532
-0.0176983973148
0.0748836045617
0.0794252035108
0.0102574957177
0.0458077077323
0.0316290814528
0.0358905442314
0.115415305306
0.131607633135
0.0864492111974
0.0702884866869
0.0200129561769
0.00950178100516
0.0473641927492
-0.0122802765243
0.0029062176411
0.0430925625793
0.0715234685533
0.0280810163245
0.107519413835
0.0214488977757
0.0525019720723
-0.14662667455
0.0508875205276
0.0152811890124
0.121616102473
0.0449664078164
0.00148935880787
0.086650054554
0.0495856793137
0.122935778275
0.0875246688394
0.0428912727091
0.00896443464855
0.0153221640685
0.0696571912895
0.134117120008
0.065963969165
0.0434281784257
-0.0354457657459
-0.00575442416035
0.0897271440784
-0.00705815046526
0.0941871673178
-0.0118224116245
0.108014052611
0.107096758426
0.0135660822838
-0.0527633637339
-9.29549530424e-05
0.00803386860566
0.0623839318582
0.0686507632049
0.0859703865297
0.00588450080075
0.0871532908163
-0.0134867922948
0.0874562567242
0.0947322387518
0.0548982457418
0.0502079513827
0.0924585677523
0.0708028983752
0.026192466318
0.0182327947513
-0.0470249339743
-0.0132817630033
0.0122924582623
-0.0221974730555
0.100814215474
0.108088464476
0.00242068024897
0.0505235364904
0.0126967851099
0.0843018617407
0.0927669433864
0.0290951544957
0.0366160592515
0.051061787368
0.0372648099482
0.0443485238604
0.0601173489402
0.121286834793
0.0219355228294
0.0780549308633
-0.0315465753861
0.0800860016035
0.0310454832655
0.116362055063
0.0754134112285
0.0249362156499
-0.0051203784571
0.0781206460019
0.0242957458942
0.0133076455632
0.0595653017582
0.0944242386327
0.0636645539537
0.000334515378423
0.0222589559433
0.0275563654916
0.0334303531843
-0.00124749462177
0.00803077045796
0.0455162932031
0.0308982258826
0.0707871371799
0.128355382849
-0.0344585797961
0.0150897020436
0.00358193681533
0.0175528960266
-0.0523365445194
0.0344493540373
0.0402795782151
0.0193949944667
0.0617028547502
0.0896840744025
0.0530892789014
0.00920979036432
0.0749554501162
-0.0315466381327
-0.000996621317793
0.0700830043341
0.0566786851788
0.0314524073013
-0.0339236288355
-0.03769648655
0.027823343042
0.0892442419599
-0.045220846483
0.111226601025
0.044372290043
0.0296069507768
-0.0320408569161
0.0911009921337
0.00955236650114
0.0758774600547
-0.0148360699974
0.0421680820314
-0.0566382073426
0.0734600780724
0.00487067146789
0.00296335082232
0.0506590330621
0.0578778346455
0.0999110868035
0.0521844805159
-0.00048927989536
-0.0280513021685
0.0272697577909
0.0588361537422
0.0411342470178
0.0249851081362
0.0730910413058
0.00331615888574
-0.0141677169141
0.0115943938575
0.0520118493923
0.0208805343583
0.00999286664012
-0.0426762630154
0.00328834567997
0.0785357057511
-0.00465362185476
-0.028579172865
0.0709789315409
0.029899993675
0.0557017179024
0.0545211561979
-0.0035409722519
-0.0194407195474
-0.00809138619074
-0.0655818817089
0.0695502696797
-0.0148521863846
0.00734268428945
0.0428280163714
-0.00219118240931
0.0782075781098
0.0430733069198
0.118616942606
0.0634699231449
-0.0323329599737
0.00907787878299
0.0424289120601
-0.0292807674342
0.119591334237
0.075025984584
0.0408932146913
0.0424708033232
-0.0206696043102
0.0120270245402
0.0597601502625
0.0974282746225
0.11805605727
-0.0464001424873
-0.000447947079348
-0.0207858891271
-0.197407430039
-0.00887834318293
0.020817868993
0.0929030065504
0.0214296457138
0.0741376893357
0.01312913861
0.112295053553
0.0241881391173
-0.0221717198546
0.00405718419224
0.036096180603
0.054875716786
0.0639944703016
-0.00998817258276
0.0101271740363
0.00996206251276
0.0263703236508
-0.0276093717632
-0.0407324059148
0.0678497378269
0.103109923014
0.124970282747
0.106150705872
0.0260005251747
0.0622123699247
-0.0954284230836
0.0300733936581
0.09734948303
0.0168832211158
-0.0240686469304
0.119179402702
0.0177844099523
0.0871270462196
0.0463066771228
0.0672286024532
0.0168694276357
-0.0543729336848
0.0602473341961
-0.0173003088006
0.0730114735665
0.0521363114239
0.0965834500671
-0.0687177258091
0.064164038476
-0.00647712266793
0.0687884248627
0.0630034986042
0.0119969501722
0.00675497934892
0.121528282048
-0.0389490231693
0.0136361862459
0.105004993866
0.0295047688294
0.141076411884
0.0613709391324
-0.00362393885732
0.0523931931502
-0.00745758873355
0.0510118399966
0.0197087604243
-0.0204225072962
0.0587989231314
0.093568151177
0.0690885157967
0.0867016984957
-0.0117156845977
0.120319945701
0.0152324560809
0.0546013692281
0.0390620345877
0.132332882335
0.0979455459035
0.0557455683574
0.0803936447111
0.113620154516
-0.102361929969
0.070960833036
-0.0450421840371
0.110290874957
-0.0431594261111
0.0517969708278
0.0786135876301
0.113057668824
0.0396752347891
0.0369170947397
0.0338934658385
0.0784805667981
-0.0114747209693
-0.0108606847722
0.0248991206888
0.0674099086813
0.0492718065905
0.0859038483337
0.0993898938659
0.0418394402416
-0.0106084044778
0.0342134511457
0.0149372639364
0.0640062211828
0.0671360832753
0.124670758418
-0.0728798269547
0.058570413624
0.0405157987937
-0.0490453601085
0.0837043534217
0.10751923284
-0.0019846201388
0.0493496941635
-0.0137533690543
0.0184185516454
0.10604049084
0.10947829708
0.0935180586059
0.142327982181
0.0772504781777
0.0670226322736
0.0231496096788
0.0674840811008
0.0958135090729
0.00373623922
0.0183692047311
0.0514291899415
0.114930319745
0.00443994862279
0.0393594699253
0.0545929320223
0.108630991244
0.0400949313721
-0.00261288738507
0.0652496789471
0.0369281391353
-0.0115210064454
-0.0916480523459
0.116223543301
0.112149427384
-0.099641526559
-0.00154361835045
0.0368851506728
0.0376581759909
-0.00350145199162
0.105188834636
-0.0824697104535
0.089149655691
0.0935048131616
0.0598199909312
0.0352060766746
0.090195464282
0.0876936531149
0.0840991531296
0.0735136802341
0.0113032113063
0.0470505448721
0.11484500872
0.123885871444
0.0723746250686
0.0421636009182
0.0369596703309
-0.0767398690234
0.0321005516497
0.0129877435801
0.138398884302
0.0558451619054
0.0842668297353
0.0481073127039
0.0643621588561
-0.0104519870135
0.143947005053
-0.00545337341108
0.141289575713
0.0391963978455
0.0319436358319
0.0115568065372
0.0429787430331
0.0728916825967
0.11222450754
0.0303411494885
0.0746799693271
0.119125861106
0.110166701493
0.0452601170268
0.114523633523
0.0159052799147
-0.0697009011968
-0.032571553701
0.02730937789
0.0652641463065
0.108403061957
0.0427570396977
-0.00808412117902
0.123437072508
0.0409316388789
0.0867316598064
0.0480152713509
0.0418519381569
0.132578817504
0.0451019186761
-0.0317371073358
0.0561467919735
0.0163980563141
0.0272385524329
0.0751700299374
0.0509901823953
0.0193449236434
0.0836817856252
0.0032983040825
0.0933468513336
0.0236395474498
0.0214899451181
0.0299073337369
-0.0516101841089
0.0710306633189
0.0636392982907
0.0245623463373
-0.0511572245447
0.106655802886
0.0510753117529
0.0877973309468
-0.015893403734
0.11209461876
-0.0100330126217
0.0326736405092
0.120341116823
0.00338211897161
0.00177213070448
0.0691452214219
0.0306417630883
0.0791819446937
-0.00202872273021
0.112805036447
0.103720437727
0.0693825389497
0.0125318497985
0.106281411229
-0.00926999623012
-0.0159822582552
-0.0369356361999
-0.0341344552447
0.142910892005
-0.0247426885621
0.0303253069347
0.0719647248068
-0.0951305678965
0.0662461707441
0.00895900373524
0.0347096030481
-0.00019076042162
-0.0100101687649
0.0253918553768
0.0563952121558
0.0282384910217
-0.010423565581
-0.0357567226472
0.0615546873816
-0.0576236465446
0.100826269275
0.0116251801092
0.0366722955133
0.0661778347688
0.0799917678775
0.035663645511
0.0936068478505
-0.0366194920198
-0.0246215923706
0.000923848990428
0.0430293739938
0.110030736843
0.0679276123536
0.0341593518882
-0.123497958968
0.016420833063
0.072945836823
0.0310826260925
0.122706821481
0.0754673861086
-5.53979768911e-05
0.036701106601
-0.036243328886
0.0248444279584
-0.00220956640576
-0.0266488600349
0.0479130826565
0.0638722687586
0.0526503320655
-0.00532254320058
-0.00236983646798
-0.0316197212176
0.0782812025963
-0.0442031508836
0.0536577233796
0.107527376337
0.0544447523497
0.00421148453391
0.0133443273101
0.0617587860376
0.0759133983042
-0.0448676630414
0.0440206956183
0.0498983575191
-0.0123257740491
-0.0077749826933
0.037174985149
0.119952369765
0.105356750667
-0.0424015273968
0.101741546841
0.0871972011963
0.0384726955583
0.0737021447158
0.0480912827602
0.0271756079684
0.017519894829
-0.0169801498349
0.0622159878322
0.0995073132631
0.102676073755
-0.0279782463519
0.111403801871
-0.00526890135696
-0.0229141109093
0.0570846581986
0.0811265769238
0.061694411799
0.0986239730801
-0.00265568335575
0.0204277541948
0.091511852322
-0.0481420063652
0.111755647583
0.0569240858994
-0.0382992204385
0.0537789666024
0.0428467065308
0.0548736053663
-0.0517664878545
0.102604046703
0.115324441983
0.0730424231057
0.0621719459924
0.0235452911899
0.0109957620772
-0.0295182526844
0.0808893528735
0.0939205791528
0.0108462353925
0.0560333951091
0.131113556692
0.0411261539238
0.117923135165
0.0738088378524
0.0902022670639
-0.0158201984829
0.0312851513231
-0.060788425342
0.0403222984542
0.0616187176879
0.0697671304741
0.0116080449258
0.0268463078077
-0.0326459195039
0.0186521319309
0.0404082453146
0.0369147518799
0.0873150244656
0.0795659658035
0.100976631349
0.0999327528527
0.0908618217088
0.0286324037247
-0.00692153270381
0.0962788970745
0.0581389593621
0.0344560973231
0.0840708118249
0.107481357232
-0.044685363253
-0.00317298147251
0.0244233635149
0.00901413382971
-0.0947833728434
-0.059287670405
0.00709677983623
-0.0127640941274
0.0467786897766
0.0806449516103
0.0747684825774
0.0925488520463
0.127613614232
0.0399106714894
0.0887012753283
0.0481363396069
0.0293984636179
-0.0527514171946
0.0917370138889
0.101036851387
0.00922589195518
0.0187036533848
0.069433283586
0.0909060576317
0.0213745940957
0.000660061632613
0.042371828301
0.0013575500235
0.0984538416437
0.0902272641614
0.0267003242684
0.0249854995697
-0.0816158790853
0.0805041951082
-0.00881892879812
-0.00938337206606
-0.0206865554113
0.0434249633582
0.0743988499409
0.103292959942
0.0861215710855
0.0399646114185
0.0577892879254
0.0382375565637
0.117588208906
0.106015669696
0.00503102352731
-0.00373064502253
0.0506466333403
-0.000138292482839
-0.0298112038038
-0.018113549763
-0.0846710289488
0.0236082334178
0.0494946755128
0.145587355315
0.0613275049852
0.062069980789
0.106240972474
0.0502864036751
0.0370017978263
0.0247414620603
0.0892879974339
0.122116920035
-0.0978171891539
0.0429946317345
0.0446371969668
-0.0378911515373
0.110321760677
0.0723476897806
0.0333151625603
0.0704966951305
-0.00638033413771
0.0714439201442
0.0523356365257
0.0784903362508
0.0208389321521
0.116345360893
0.103139045882
0.111073370403
0.0364164703637
0.0873299752318
-0.0211086192603
0.0550626467065
-0.00157976279701
0.0605226621971
0.0737902243874
-0.0444658650477
0.117403053683
-0.0614394723667
0.123649631762
0.0694014534179
0.124804752743
0.132743917293
0.0629615463753
0.0538975758073
-0.0421496130417
0.0468464758879
0.0442353472972
0.0175573893602
0.0682766719443
0.0673201808252
-0.0333052501582
0.0749063769507
0.0196647463887
0.120212263811
0.0247760923402
0.104301734545
0.0718323412365
0.0139060639255
0.00727467126334
0.0805919937803
-0.0504314912181
0.0881283223155
0.0786197407016
0.0337768439367
-0.0518026415239
0.0651905748078
-0.0231876765559
0.0431237748666
-0.0037351694747
0.0830210818422
0.0346030287366
0.0624459390732
0.0236295606379
0.0579072384502
0.126695623037
0.135593066638
0.0665094590252
0.0426894536974
0.0327565130133
0.0872285805333
0.022641323642
0.0524338816732
0.084183658042
0.137253755534
0.0382483046677
0.100096501044
-0.0133719322088
-0.0487172367868
0.0619561117576
0.0457303326951
0.0464869575845
-0.120980486041
-0.00521485158428
0.0187911353544
-0.000701040186794
0.0165072256945
0.0713957093016
0.0464541301078
0.0398275323537
0.0364311899849
-0.034007919254
0.058571137452
0.0520634738066
0.0592597481707
0.121565071166
0.0390579140056
0.0456109170646
-0.0400066769644
0.0245734395148
-0.00371247351032
0.0378821752015
0.00257809361738
0.00680727974036
0.0769705501748
0.0787077055502
0.082291208641
0.108947562648
-0.0225558795433
0.101551905112
0.0102118239594
-0.0174979534965
0.0190902319001
0.100384644141
0.00723863690243
0.00119149396139
0.0319409387201
0.0407894185753
0.0493872266793
-0.00830872541063
0.113785419589
0.0340704260774
0.0632234265271
0.00908854037571
0.0160426756958
-0.0197639809813
-0.0678932130458
-0.0395418699268
0.0177592808581
0.0152390466831
0.110654587405
0.00168990168012
0.0173407670915
0.13376321134
-0.040738120912
0.05285522888
0.0356125255732
0.0796677668083
0.0449118249121
0.0198571044546
-0.0389883939875
-0.0244825696295
-0.00305163144707
0.0892171447863
0.0167495628608
0.0765164356962
-0.0212459412418
-0.00601829520578
-0.0194855061562
0.0554935835857
0.0565477697784
0.0713952432508
-0.143524245225
0.130215253308
0.0695572833593
0.0359594439729
0.0676501147344
0.0294238005013
0.036575043454
0.0156741815039
-0.0120084008398
0.0635766393403
0.138363228591
0.0815296042607
0.0540567781002
-0.0280104136145
0.0881945440899
0.0564883538848
0.0446956712801
0.106678580803
0.0573542025301
0.127214171789
0.0444884688764
0.100963260646
-0.0276696345267
0.00397167433692
-0.0305930080614
0.0537269728984
-0.03148004785
0.0955803724913
0.0470954787437
-0.0557637752394
0.0426822866041
0.0593737982274
0.0714001879882
0.0449197060932
0.0176102613867
0.120329446241
0.0188684710497
0.0922432908939
0.0455810645409
0.113619196746
0.0777202549087
0.0813813510603
0.0864269393394
0.0210400385718
0.0684615369344
0.00958487140211
0.0639842385197
0.00906180536387
-0.0148674294164
0.100857018888
0.106671723403
-0.0291509788991
0.102200114114
-0.00986241183811
0.0328576729942
0.00815037844528
0.0392450364238
-0.0634687060332
-0.00839480475738
-0.0490111725858
0.0574356760428
-0.00733158658554
0.0872735823329
0.0619180982323
0.110711632888
-0.0223612909067
0.110181952135
0.107772267864
-0.0371924737477
0.142219895331
-0.00882897220339
0.0138907945457
0.0115756073879
-0.0263200476204
0.00329036490747
0.0841725278327
-0.0656292361025
0.100858924028
-0.00773275655319
0.0450081002039
-0.0652866418581
0.0163739635947
-0.0125733947645
0.100717530116
0.0660093408098
0.101704995675
0.0157373522843
0.0518795523231
0.0297074509799
0.0206518910814
0.0308045873188
0.100416785686
0.0114660143035
0.0875369736787
0.0184773098411
0.0252800795794
0.0199614117964
0.0706990680152
-0.013558662613
-0.0619547389916
0.0128678010377
-0.00422828657906
0.0339979685409
0.00932149376329
0.101458799606
-0.0240880086944
-0.0327050972861
-0.0226652709467
0.07170746516
0.0138295062544
0.0631661923033
-0.00639076212292
0.0820491796656
0.079504099545
0.0783361576147
0.0341996949323
-0.0129209769028
-0.0108183365516
0.0617355129329
0.114524961526
0.00821792724039
-0.0878532356209
-0.0297515157438
0.0368175346722
0.0678259441622
0.0222862524017
-0.0144809546097
-0.0115926194604
0.145897364801
0.0696631789774
0.0304991501404
0.0956574239248
0.0324119504433
-0.0092845662098
0.0312243252679
0.0498681704704
0.0271950753523
0.000547873603253
0.0016415078054
0.0345551016725
0.00794489720222
0.0672176927958
0.0528387737537
0.00430145317722
0.0362318053622
0.0994558694669
0.062023382954
0.0449552820384
0.0185992806045
0.0356148393103
-0.00394543774445
0.0936425850348
0.117099729303
0.0842252870163
0.0465317942051
0.0534381469184
-0.109768367051
0.0721966013293
0.0437200726054
0.0763170391826
0.0392620902442
0.0948242589354
0.0372462367189
0.0945089005782
0.0156210160339
0.031723158101
0.127739203029
0.0233925290327
-0.000792829998316
0.0197705237868
0.0584561915796
0.0118425519044
0.103545252464
-0.0528672677472
-0.0136339893983
0.0566675343545
0.101057053462
0.00787725283919
-0.0433044991107
0.0380902945145
0.0822110455844
0.0808648815613
0.0889661609563
-0.0403284387684
-0.00483187814191
0.0759346437848
0.0284135658716
0.0282497193668
-0.0235808812574
-0.00897294309859
0.0185408336122
0.0618705602953
0.0770828468331
0.00829998478272
0.00667759501561
0.0490445050331
0.0472471669159
0.0459135565683
0.06667661887
0.124558917648
0.0212176465351
0.0457656808179
-0.0218997790227
0.0435132386827
0.059615634636
-0.0111389707757
-0.034651153878
-0.0302452870013
0.0222947346916
0.0179015692459
0.0300743948064
0.134101999648
-0.00720711182552
0.127015470285
0.10560656267
0.0891790878899
0.00889570044126
0.0623947891666
0.026765690525
0.0545664064663
0.122376209235
0.116410179748
-0.118832281694
0.108287603143
0.0641285931886
0.0736183762977
-0.0271025554407
-0.0184867171794
0.014269329776
0.088586238911
0.0752329691462
0.0893234618484
0.016291040244
0.0961790436234
-0.048614056139
0.0210390211948
-0.00753844702402
0.0159696861828
0.0294843765006
0.0549008499497
0.00420420521969
0.0468425097067
0.138465447248
0.0250185952022
0.0567005798345
0.0825685293989
0.0373463162807
0.0721928112202
0.0319177631998
0.0793789097263
0.0680488040041
0.107307206127
0.0398574613497
0.100941868726
0.103704182216
0.0753205889201
0.0449017313784
-0.0705641839929
-0.0553488600231
0.0111750158986
0.0553563489032
0.0419042185836
-0.0159301338014
0.112068220476
0.0798750016694
0.09869467847
0.0784014560721
-0.0107154545047
0.00300955309458
0.0701301330578
0.0291051065266
0.0941033287781
0.121263354999
0.0894129531573
0.0449066654425
0.054992116687
0.000238851543283
0.0696338912278
-0.0791226358141
0.0545270294377
0.056879496898
0.0288935347662
0.00797937856258
0.0784874598947
0.0485468954546
0.0652452516669
-0.0710440953853
0.0260328325219
-0.0486147575158
0.0316545379247
0.0692111149826
0.0778229981742
0.0832332631509
0.0520457981123
-0.0524178612031
0.0561180364326
0.0701712379205
0.0119723880905
0.0219999914611
0.0288535239385
0.0911103670014
0.0374289949153
0.0901607503616
0.0922542486304
0.0783832184103
0.0748233246361
0.0814927348701
0.122168703949
0.0528762518246
-0.0223163882069
0.0423578557188
0.075402136116
0.123196249828
0.0382770431665
0.00297950580428
0.11478600838
0.084963602446
0.0985724855306
-0.0153388109222
-0.00699015596492
0.0721346524385
0.0253787332818
0.0220685671317
0.0104106503194
-0.00968808666197
0.0403873067741
0.133170324837
0.076734665351
0.048616978788
-0.0289357550423
0.0593734220993
0.128133701365
-0.0724677692893
0.0127132691665
0.0206516053133
0.0832822581402
0.09751616588
0.117693257086
0.0396865538339
0.0624215020061
0.0428719524568
0.0463523908776
0.102949387099
0.11801410665
0.0653343924704
0.000262208141725
0.125715322783
0.0446423800899
0.124404215498
-0.00873655862906
0.0299826953643
0.0425395646269
0.0621560916395
-0.0828191221653
0.123175279476
0.0884987293794
0.111225302158
0.102867383481
0.0406080924319
0.0546645014058
0.122002994444
0.110374413906
0.111162156903
0.0895048908944
-0.012792277155
0.00762089365749
0.0291993242575
0.0679439746665
0.0158042976291
0.117016079373
-0.0156046085862
0.0511005387667
0.0848609307511
0.0544260821011
0.0554190594872
0.041464422824
0.106246221033
-0.0524773078034
0.117012224885
0.0720697737056
0.0353586425001
0.0966961821842
0.0413656605901
-0.0208485321446
0.0380369478829
0.0226620199213
0.0859199627872
0.0464928767749
0.0632821988147
0.0675889264111
0.0500990144459
0.0306768941732
0.0289107925345
0.0172162406171
0.0500703631495
0.105864396342
0.083791523275
0.0179110852797
0.0385187515825
0.0898084631875
0.0403095973191
0.0712214883726
0.0426221312469
-0.00235912045286
0.00779045031804
0.0114917470315
0.0474598280573
0.00376904176842
0.0966638016349
0.0267768456884
0.0794657993056
0.0517330902822
0.107072210142
0.115831673168
0.0554008869172
0.124486556477
0.0528465514939
0.019419040453
-0.0612716656296
0.0230074984312
0.0847912307413
0.0415693640223
0.0401805825281
0.0507638174957
0.0222124958437
0.0853515227196
0.0835861566917
0.116167921276
0.0881048333403
0.00983281336617
0.0871542945204
0.0639198476374
0.0718665488076
-0.0322273327698
0.0703169866693
0.00530054591488
0.0903340732129
0.108858950114
0.0876513234686
0.0857068893576
0.00709151691036
0.0672208687001
0.0846687628929
0.0385981228175
-0.0496872711216
-0.0524788182503
0.0404604460738
-0.00164172259202
0.0162767570208
0.110667157962
0.0769209542951
-0.00574069495445
0.0172768512237
-0.00847477163169
0.00536851573608
0.115860534465
0.025285393993
-0.0334377524546
0.0915552542534
0.0619982155727
0.125364430351
0.0300380647857
0.104477884216
-0.0268108149082
0.0339306839603
-0.0507410211262
0.0517143651349
0.0350006170599
-0.0624326852848
0.0873700166528
0.0984809260029
-0.0619189296888
0.0382109208726
0.00230509499533
0.130889502669
0.0744431464191
0.0668727627514
0.0338833611936
0.0723705260978
0.108930982266
0.136208657903
0.0807312056602
-0.0373117854106
-0.0935176043104
-0.0299267038679
0.0981669214764
-0.00163329788166
0.0364945069555
0.0507524102839
0.00542588538617
-0.00617436228069
0.0436356020462
0.00869642533037
0.0978101659446
0.104503351924
0.00829602977169
0.0829279714524
-0.0641983110892
0.106905284355
0.0428268955588
0.0330552283976
0.110330609669
0.0739240663049
0.0175548097516
0.0159114968469
0.0321843383577
0.0918265660653
-0.0118988201543
0.103553959244
0.0366725650435
0.0442633527585
0.0139468120922
0.08167678994
0.0799816103857
0.0535195029996
0.0670371593772
0.00312559415845
-0.0480137737518
0.100770498414
0.121682435201
-0.0271936424121
0.10269689721
0.032766161206
0.0039754410756
-0.00631964914201
-0.00374994655547
0.0913470494719
0.116222607733
0.11709424911
0.0196863248592
0.0371090135989
0.0283521949186
0.132825258265
0.103740414439
0.0831762945735
0.0486247202077
0.0317826551168
-0.0918261228702
-0.0141546573303
0.0705064854855
0.104349034901
0.102223462357
-0.00744711572695
-0.0643542817184
0.073136598958
0.120542973532
0.0834468141934
0.0455626234169
-0.0517013432314
0.0894363518239
0.0295388834864
0.118545504109
0.0985844084302
0.0544205346223
0.0267042402912
0.0973193998755
-0.0139463184662
0.079908298656
0.0299448463398
0.0052500126527
0.113772751286
-0.0016952947347
0.112837155797
0.00817068280225
0.061776342341
0.106308484772
-0.0107370562966
0.087001098676
-0.0565668584092
0.0977498478463
-0.047967678187
0.0361818312018
0.0274001463918
0.0643154022306
0.0594810527797
-0.0140975431082
0.0488032310877
0.0324778568543
0.0992464934
0.132145228664
-0.011844179723
0.111021417897
0.130851965894
0.115240376283
0.00683710542584
0.0822840784043
-0.0621380444162
0.0582783641451
-0.0321130841092
0.0611009886665
0.0486529259681
-0.01876993431
0.0942733185859
0.0624657438636
0.0713083530028
0.115916334242
0.0796938033381
0.0613568257435
-0.0156290699808
0.0716241276128
-0.0591198445595
0.0833648214475
0.114231775943
0.0802004139212
0.0840164264551
0.0899404001509
0.0505844763747
-0.0551304578174
0.0569534800989
0.0929050655004
0.0897547862618
-0.0505983943047
-0.0217366401528
0.071555960633
0.0092740298081
-0.0495191332438
-0.0393025796266
0.0430665214837
0.102904434225
0.113164134525
0.0497028829106
0.0472227095433
0.0859109851501
0.0489185951284
0.104168150257
0.0183150407122
0.0448690166836
0.0806763564809
0.0503844777447
0.0343650238283
0.0622927149351
0.0399932097812
0.122221717197
0.12988149103
-0.00816949199666
0.0915754639078
0.0119383085269
-0.0471880615576
0.0347553767653
0.0864461960172
0.0725520632581
0.0240518335032
0.0602402296801
0.0109695962423
0.0413965205018
0.0799773917503
0.109916532998
0.0997373936546
-0.0213741940024
-0.101810862588
-0.0284359021261
0.076099784651
0.0937569079364
0.0829722546417
0.0366666375562
-0.0188320780957
0.0741478367791
0.0479396902358
-0.0178088098091
0.0453203320787
-0.0469886130948
0.0998519700618
0.129625769345
0.0323909369895
0.086209564257
-0.02546332267
0.0184020124267
0.122028356834
0.0928461038187
-0.00731882503747
0.0287191380258
-0.0142810034123
0.0558840484934
0.107207192079
0.119554766315
0.114247457398
0.058589952849
0.0400983101521
0.0237789833832
-0.0735583387274
0.0148376795436
0.0901900325745
0.0632655744114
0.0197619122656
0.0290223844921
0.013982249658
0.0661587994335
-0.0101607625136
0.0312807949525
0.0363462551216
0.0916897705613
0.0113863786954
0.0288178785622
0.0775684909392
-0.00313514950718
0.0467067559833
0.00100611195362
0.0905405709032
0.0275025996646
0.0733464098715
0.0898299351115
-0.0443955065083
0.0600386285118
0.122232587111
0.0804913175162
0.0370541828739
0.0527448817975
0.0237019662992
0.127128193318
0.0768865549999
0.0305010913425
0.0678885973622
-0.0224451456654
-0.00654220935651
0.101429365924
0.0917427373827
-0.0180162517297
0.00271501934488
0.109804283982
0.123052491237
0.085231686784
0.0761721079066
0.0400287374099
0.0858057811759
0.0272636735723
0.118670089752
-0.00871890532148
0.063326338482
0.104890445431
0.00866666568809
0.0896118744781
0.0822490268742
0.0716422196392
0.0722740477118
0.00545021798183
0.124451602117
0.00095204046068
0.0974309628349
0.081148984017
0.0485856473707
-0.0730640054204
0.0249999546136
-0.0650185992042
0.0449621555797
0.019452319637
0.0421846237364
0.00763942506598
0.0650892889107
0.0578969995218
0.0844150182521
0.059288689667
-0.0787524294046
0.00731763996605
0.0556744571458
0.0686975894601
-0.0316513150402
0.0359344165575
0.0838710827196
0.00569862013134
0.082729437081
0.0951319346158
-0.0819859961243
0.0671145766877
0.0514188394414
0.00186220385329
0.0361179386897
0.054534998477
0.114738458533
0.0454144434959
0.04748507665
-0.0513979785238
0.0240542253717
0.103141825109
0.0161250801193
-0.017259941149
0.0370225210683
-0.052275690203
0.123815935036
0.11510384703
0.099234669545
-0.0239069582129
0.0334041189526
0.0973127234757
0.0482969652616
0.107201129881
0.0514447516646
0.0360943403772
0.0537332941116
0.0651821562612
0.0317135071201
-0.0344856748124
0.119985426009
0.031348482211
0.0607787028697
0.0362588102871
0.0229925072095
-0.00279605575156
0.103603560367
0.0800285828741
0.00821071869448
-0.0399131635393
-0.0480202258934
-0.00702336390439
0.122300219394
0.0541471368267
0.0366965203762
0.027887648421
0.11957851633
0.0483061997221
0.0251821811156
0.0848125919808
0.0419192068088
0.0253387433848
0.0253097556751
0.0518574496387
0.0976831939134
0.0140681915961
0.111671968304
0.0948277669599
0.109169378732
-0.00194823040739
0.0367278026319
0.0268370304616
0.131215431289
0.0312622598891
0.00585005367078
0.0421808284403
0.086197452489
0.0822848029463
0.107368141428
-0.00973291949694
-0.0966111411092
-0.0171216886238
0.123992203844
0.0266112491858
0.0310605822962
-0.00212638341448
0.0314603258991
0.0963122533928
0.0642230946638
0.0404787749376
0.110199471168
0.0914457646382
0.0384107931527
0.135299583389
0.0412983182191
0.0978429233183
-0.00670557608783
0.0248523426105
0.0313422668159
0.0856937876853
0.101575089886
0.0374341440346
0.0703624081354
0.0133718944995
0.00347065245759
-0.00489487418459
0.0487555156856
0.0897613140816
0.125032210473
0.0546777712406
0.0753167679414
0.0351625949396
0.0607544885374
0.0373426203625
0.0741313361388
0.0577236192114
0.0494921299084
0.128627372789
0.0203062417097
0.0292512443241
-0.0330313057854
-0.0401911694384
0.108883991009
0.0411281643581
0.127440846502
-0.0344662519576
0.114655188832
0.101246469394
0.0409904253595
0.0419745278115
0.0367665923343
0.0651613822921
0.0412396676379
0.0302265957587
0.123986850774
0.059076717895
0.108322277025
-0.0179864824913
0.0843891059922
0.110777036038
0.06282036094
0.0800365509483
0.0348646163074
0.0783561108859
0.0735922306046
0.0171258975902
0.0258711124272
0.0679634507207
-0.0193539361777
0.0905978617306
-0.0379260177345
0.0664319905717
0.0691797585764
0.0724489172414
0.0287735767606
0.0210181320132
0.0627676866068
0.0520543124323
-0.0297954186921
0.0672538794509
-0.00374866255389
0.0113575258192
0.0371536510723
0.0468133435077
0.0875701447694
-0.0337522600836
0.07098363201
0.0502387443064
0.0326882932104
0.0784141275084
-0.0369294045655
-0.0625314253009
0.0750221123772
0.124389221047
-0.0140520131206
-0.0420360056796
0.0652305435544
0.0486743564688
0.00814244686983
0.0879269505932
0.108059858183
0.0906963667873
0.106051809299
0.0943067556195
0.122228218007
0.0600309465843
-0.0450000871037
0.0429513042975
-0.0841215281425
0.043175489753
0.0603313326394
-0.0865551205129
0.0807833713996
0.131456080558
0.0201934867637
0.0506109305754
0.101253122971
0.087887789063
0.0720795598572
0.00719381355439
0.0534611114947
0.0660576367566
0.0623670221192
0.0760813187306
0.0371277730088
0.0109015551455
0.0949727609708
-0.00722275135408
0.0169858177533
0.0608857379629
-0.078140826033
0.0891806092221
-0.0434811397064
0.0138055683563
0.0357762669357
0.002322000807
0.0631831955686
0.00400396853961
0.118934418566
0.0391722699601
0.0672233425854
0.123180940057
0.0329837304198
-0.0173341336356
0.114513393566
0.0132824394702
0.0167003435877
0.0123706738469
-0.0172877706459
0.0547657150031
-0.0286135230575
-0.0603436691712
0.103506894562
0.0406360786363
0.0730006601301
0.032136071401
0.0196095172871
0.0574199177237
0.0621539182357
0.0260300243539
-0.0521839833188
0.0859295449988
-0.00368382395095
0.00819149234673
0.0556788758477
0.119397049258
0.136328481535
0.0721009499072
0.0653012236062
0.0593487946666
0.0505153915748
0.048750299428
-0.00494940600832
-0.0296610097528
-0.0343034187974
-0.00220929827442
-0.022796982887
0.062821663817
0.0331036823773
0.105537185293
-0.0250829354486
0.114693487435
0.0514502931948
0.0604671486362
-0.0860744476723
0.103571901962
-0.0421036524842
-0.0126379749146
0.019912039629
-0.0140545017515
0.0529092594182
0.0442337906357
0.0166643261486
0.0914405542938
0.0764165950498
-0.0123838634449
0.0638948977002
0.0546052225706
0.124148371214
0.0675801220721
0.032928665026
-0.050683225125
0.0749654360113
0.0643172035835
0.119837024123
0.0892556711176
0.118789951832
0.126563938584
0.0575356497244
-0.0947672116998
0.117447810002
0.0988903383635
0.0773904674898
0.00609998717665
0.0414835024256
-0.0756051855189
-0.0175358294369
0.108111389613
0.0538993425343
0.0389594012293
-0.018471874869
0.0104223493883
0.110701337833
-0.0591255774062
0.112106296493
0.0311733339584
0.0472454854806
0.0975469250334
0.14228328717
-0.0279350789131
0.0261759649271
-0.0357033171435
-0.0204664448421
0.057415779867
-0.0381605195327
0.0236420673091
0.0291794731366
0.0645969178427
0.105808827281
0.0548826876719
-0.0518232215864
-0.115089708729
0.0633652167527
0.128389982389
-0.0575350028326
0.0943321228391
0.0265352701174
-0.0156870000298
0.0779905078506
0.0266644569261
0.0644471521857
-0.00761792877866
0.0844534160462
0.0347591620932
-0.00862177819558
0.00415596802439
-0.0287533617805
0.000867696799747
0.033757743507
0.0797729554376
0.0628295763094
-0.00160439564022
0.0120436514121
0.0166084345609
0.0435979414256
0.125449634904
0.133786604888
-0.0133001106906
0.013002921273
-0.019255042998
0.00277762249699
-0.046454906528
-0.0396332457847
0.036520406121
0.0596589839804
-0.0192602394705
-0.0264651300212
0.0620022017146
0.0534284607849
-0.0894013737102
-0.00491682648729
0.022388252649
-0.000331089036282
0.0347885019054
0.0201044070431
0.0175668452616
0.0153145564895
-0.00306762160634
0.0115668999407
0.0391476742962
0.0294623384713
0.0663660333838
0.0145159081369
0.00481919601062
0.0856985838504
0.109127712449
0.12682094455
0.0050632527221
-0.033108650919
0.0738540762829
0.112009593553
0.0577008748984
-0.0172414482966
0.0308288189929
0.067512684305
0.03672183073
0.0921951166902
0.0657618200763
0.0381130339154
0.0473311884855
0.0450123448275
0.0235449679097
0.0529057174053
0.00801559560834
0.105339472992
0.111025254971
0.119320062314
0.0190327315629
0.00313204572478
0.0844489548704
-0.000897423207097
0.000722525221563
-0.105847079128
0.0909651286724
0.0840923656728
0.0496845859796
0.0905503670999
0.0682677981973
0.0758626088515
0.045599949323
0.110108037615
0.025977313827
0.0692855583007
0.106107344018
0.0900000892022
0.0123086495117
0.00415349667743
0.0456815446427
0.00243083345639
0.0591301492862
0.0981074643674
0.102291031466
0.0974681296168
-0.0130008485291
0.0440445030752
0.0761958954157
-0.0380204135426
0.0879567591748
0.0119511754198
0.119188101716
0.051709105719
0.0574317505028
0.118849253865
0.00172708015953
0.0913024740849
0.146770666175
0.109488785365
-0.00774762407266
-0.0868434302231
-0.0174876914154
0.128435472862
0.00734117047722
0.0887089062987
-0.00748637291406
0.0638834316746
0.116260711448
-0.0910705432232
0.113600218547
-0.0591099519462
0.108172792792
0.0336430590991
0.0882158742049
0.101540453193
0.103806359019
0.0838093044607
0.104795030884
-0.0656989661049
0.0011270887989
0.0794273360914
0.00580582812542
0.0429337800803
0.0469933454011
-0.0443058264507
0.00448806169667
0.0966845530035
0.0957749528601
0.113951346409
-0.00883290961866
0.0663543179609
0.000695472241487
0.0434430003305
0.127598535229
-0.00651919514633
-0.0398876010149
0.0127672686117
0.0331468591022
0.136565063988
0.0447181823933
0.0711469864268
0.0791312102542
0.113103310923
0.0913518796958
0.0789056744315
0.055390171655
0.0795740940033
-0.106669914309
-0.00867395895958
0.0950871270371
0.0680293391072
0.0396406712662
0.127033582696
-0.0129958102542
0.0999190676367
0.0551958455259
0.105624271165
0.0717438143098
-0.071374160778
0.0371174486558
0.0212465840032
-0.0735933552475
0.0376927066225
0.0507119880298
0.0194329360727
-0.0335690695957
0.0268093815911
0.0314324059723
0.114827992708
0.0721515972967
0.0774939255586
0.100751502604
0.0639842291795
0.0135325566264
0.0398791096555
0.0742563148599
0.0848607350961
0.0877664792236
0.0628831981413
-0.0272015205002
0.0374167081118
-0.0125493821335
0.016808835746
0.0354890600338
0.0999142380456
0.113194281759
0.0904659690114
0.0411137648299
0.0567943970008
0.12887222832
0.113090314001
0.0124950695857
0.00653880503811
-0.0155560247091
0.0298523388244
0.0231390211192
0.104077975472
0.0124277998306
0.0551771795665
0.112888377846
0.00276957812678
0.0732454944036
0.0223401890871
0.0895752915882
0.0929795272504
0.095016928431
0.0759291193229
-0.0359558385483
-0.033074896114
0.114651021403
0.0957873482866
0.00331724335469
0.00341087411434
0.0765488605851
0.0665890265111
-0.0468907073205
0.0513291824882
0.0236866107955
0.0285037994936
-0.00933530666534
0.11578488686
0.0715424010115
0.0273762967137
0.115408420464
-0.00694198196418
-0.0659289245387
0.00648184265391
0.0924854793907
0.143193269279
-0.0712491618063
0.0643959845357
0.133330172524
0.0153186125518
0.0707286131485
0.0267084222922
0.0739260235481
0.0609390401856
0.040118677646
0.0728441981175
0.0674483800302
0.0472163570271
0.0829146209934
0.0712711292485
0.0826309956719
0.0440137277684
0.000791114931688
0.0541913303681
0.119188500492
-0.053521073268
0.0334846301865
0.0483618441789
-0.0259566892599
0.0686530358273
0.0715606670981
0.0365541881653
0.0437055674302
0.0806786173433
0.0681106481645
0.084663090212
0.0890234198649
0.126112605223
0.0889648151854
0.0666031754287
-0.0315708909483
0.0657510909739
0.110975853118
-0.0133699276211
0.0720122552843
0.0296645397373
0.0218686969978
0.0293812864656
0.0592753630374
0.101818135049
0.0678676391781
-0.0201126770901
0.100482560616
0.0153223882351
-0.028843867035
0.0687338416707
-0.00675532804919
0.0216752474926
-0.104008090394
0.00625475229642
0.0187422783564
0.0234040358991
0.0547959496487
-0.00524045123905
0.000260251381134
-0.0469227731148
-0.0739830592976
0.0407450349781
-0.0316901076671
0.0975116782747
0.0454785269786
0.0747261178092
0.080280475744
0.0610483564738
0.0845020618858
0.0914958504355
0.0222263719894
-0.0223371972479
0.0529621790067
-0.00228714938755
0.104562313902
0.100842151162
0.101343462106
0.136584843642
