0.0806743106873
-0.00276624851414
0.0305074622422
0.0363438545544
0.0159396675999
0.0869185574809
-0.031808560936
-0.0526408677364
0.00364147272668
0.00225875220437
0.0148375942777
0.0119543951669
0.102134365688
0.0864736500349
-0.0253257167269
0.0818940001579
0.0958595712194
0.11736063798
-0.051686290837
0.0590162552654
0.0380482981992
0.0539274504613
-0.0248370020773
-0.0472579541219
0.122757557752
0.0473415065096
0.0097190141931
0.0419242770391
-0.0162140804044
0.0189024319729
0.0756133057476
-0.00215012949415
-0.0330608397521
0.109351742397
0.0495425972505
0.00946740341544
0.0954680914143
0.102133218896
0.0084599641299
0.00703097162628
0.014180089129
0.0048659549867
0.0714547811446
-0.0595301163125
-0.0765426096756
-0.122063332225
-0.0484044868409
0.0827464480304
0.0302519291156
0.0796519157615
0.0774316809067
-0.061882738745
-0.0467017751588
0.0238012647608
0.00878019971008
0.0833747519012
0.00605016172986
0.101074422089
-0.11849749776
0.0959781117478
-0.0548465660578
-0.0945573542658
0.0175392272041
-0.0694687436168
0.0511158082987
0.101563972413
0.065096200293
0.0827721809841
-0.00144679124102
0.115955740578
0.114906448702
0.017301677728
0.0237740377497
0.0245154132492
-0.0222289419545
0.0372581850567
0.00874264914911
0.0104592672646
0.145108931189
-0.0140556182182
0.0276312029843
0.11197005499
0.0314881837832
0.0354300961044
-0.0331667817092
0.0148483466477
0.0632766644803
-0.0502987444085
0.0670482461264
-0.0106872422802
0.059386531404
-0.109116592592
0.097273684666
-0.0229308236678
-0.0241355628406
0.000165169037358
0.101629583577
0.0337324871679
0.0631543271042
0.112183695392
-0.0700508277416
-0.0528973574485
0.0128808297881
0.0401815699929
0.0583252004348
-0.0517309200514
-0.0233990399605
0.00839691517873
-0.0136090940954
0.0595178509445
0.00484406404295
0.0941072833625
0.0383148978159
0.0323227983383
0.00707514729713
0.0441815296909
0.0591990217181
0.0592779781196
0.0804189084495
0.00284807880553
0.0915786617652
0.0541284246189
0.0295788581989
0.0334987668362
-0.00740439555629
0.0940381239459
0.0357051595333
0.127251021238
0.0357674560076
0.041001253474
0.0780349085237
-0.0183166813479
0.088514598374
-0.0616998645307
-0.0327285623442
-0.0291333157322
0.0715609900151
0.0199712800617
0.00176420810741
0.127403889806
0.110675186784
0.0189222880023
0.0725120887241
0.0896427664933
0.0409722648789
0.0456520962074
0.0318189665816
0.0317312754738
-0.0127398780022
0.0112256350672
0.106432203143
0.053431115824
0.11812558935
0.0880636906771
0.000457063093398
0.00980175951463
0.0992108899639
0.10864755128
0.0434244354454
-0.0242057979918
0.0120532847386
-0.0285031455581
-0.112759195661
0.0457461105073
0.101256260163
0.101513074931
-0.0984296641023
-0.011000903511
0.0378370795086
0.00696820143694
-0.0171390845195
0.0501280980472
0.0413924299987
0.085314152988
0.0182047395582
0.103310068871
0.0362536410132
-0.0262846780116
-0.0631070809392
0.0393150938421
0.0276216231909
0.0589696448649
0.125120669476
0.0194039006399
-0.0173416022939
0.0103654824332
0.0907329902467
0.0495191656781
0.0347613563173
0.0661578702291
0.0467692241758
0.0570618249748
-0.116384498292
0.000989575504443
0.00432476639278
0.0266251542957
0.102074787346
-0.0195181046743
-0.00842565502328
0.0370534004177
0.0634844126643
0.0952294406347
0.0868780240712
-0.109147046481
0.0512135760336
0.0102905909893
0.101772517369
-0.12897918227
0.0548555626289
0.0599155377161
0.0203354609821
-0.0114525470963
0.059383784891
0.0556416569073
0.00373165162328
0.0630792061568
0.100610893885
0.0607331584686
0.0717301640966
-0.0184106856788
0.106198354173
0.0241093929215
0.0146632868367
0.000649174613518
0.0301754089693
-0.0490512665848
0.0766190428909
-0.00494196591681
-0.0917604597073
0.0429346737709
0.0363937987756
0.0302252444197
0.0568497738602
0.0514825334085
0.0637105566805
-0.0835235089531
0.0397017365482
-0.00976174681079
0.0419528432917
0.0110077412034
-0.035696132284
0.114976134431
0.017498321206
0.0957232550169
-0.0180396518085
0.0850103157527
0.0264932047322
-0.0486844844707
0.00140978797782
0.0716253929951
-0.0192975925996
0.0798385030964
0.0934006350286
0.0418507611652
0.0447270310269
-0.0556110390711
0.0594051528266
0.1048134302
0.0803849811367
0.0398292218611
0.114519968132
0.0400024562881
-0.0318048560867
0.0326618329038
0.0701781485813
0.0373360071503
-0.084448711325
-0.000440792960811
-0.0165901196118
0.0202153393454
0.0512513219671
-0.0908643680555
0.0564356695903
0.0168912233155
0.0460931562787
0.079449385606
0.067508733783
0.103272095435
0.0790275607334
-0.0641676872377
-0.0327722574638
0.0882068365259
0.0233476677434
0.0217742845958
-0.0892029145189
-0.020445250771
-0.0449252231372
-0.00578988030109
0.0820919690753
0.0997657303995
0.0486329750958
0.0353605233195
-0.0996534629124
0.0386563507669
0.0461403919302
-0.0456701792662
0.0559646960208
0.135816082668
0.00239321256128
0.0680092121448
0.140447702918
0.121946929494
-0.0618363537751
-0.120574199849
-0.0183404767252
0.0237151271246
-0.0306337382064
-0.0955807309989
-0.00488064238129
0.0859742618989
0.0366879343889
-0.023577884819
0.0210375123925
0.0600114362763
0.140533994421
0.117496764393
0.016714766712
-0.00252323811868
0.0658105452778
0.0578945188151
0.0581791387712
0.0505620099029
-0.0353855188544
0.0797716724154
0.0396524561848
-0.0317559377472
0.110623637611
-0.00932137786785
-0.0977835060604
0.102069384389
-0.0222928548637
0.0157538544507
-0.02664197622
0.054182439269
0.106510186297
0.0638743014774
-0.0273190111937
0.0428872586537
0.0788973743332
0.069012528272
0.082262642331
0.0559192262948
0.0276922075702
0.0309982990975
0.0391837250852
0.0606037607987
-0.0771951079869
0.00460318758277
0.0843420393098
-0.0310502493963
-0.0281742354766
0.000512471124311
0.11883813591
-0.0213887709078
0.0027411234392
0.0104054141486
0.104539212641
-0.0646335116166
0.0310170230344
0.10919910966
0.121915905895
0.0624571557938
0.114280524522
0.0428205395892
0.0840589557387
0.00368040284201
0.0620874435734
0.0898536361507
-0.01309949233
0.0614942144526
0.0179714674988
0.0136013261371
0.117658181874
-0.0206886792194
0.0581159921197
0.091501255319
0.103723468827
0.0187392070078
0.11369157583
-0.0640862271959
0.119088394866
0.0735055082309
0.098425007662
0.03941854998
0.0923394093594
0.082243395089
-0.0249683189867
0.0571396117844
-0.016955966071
0.10425898713
-0.00397643758185
0.105236719537
0.112860747551
0.0617098224577
0.0928659457162
0.0345314503021
-0.162547845839
0.0810392373386
-0.0472362707943
0.0855231559108
0.0973844178832
0.0661894129636
0.0880949294563
0.0973426856248
-0.0920084220658
-0.0282019922864
0.0480755264091
0.0852949151497
0.048434836543
0.0726804971248
0.0161737957667
0.0442571646678
0.0969262118181
0.0606109281111
-0.000442107763162
0.00511669297358
-0.00808415114948
0.0260353049259
-0.0505927741758
0.0798638194651
0.0914239165121
0.0153633789393
0.0170426129393
0.00504036564146
0.0311835233713
-0.0196620825804
0.119145886322
0.0253491410441
-0.0480962072727
-0.0363170885593
-0.00847429309101
0.00251036249653
0.0887449266033
-0.0458987136486
0.143941778132
-0.0152250217589
0.037502007244
0.105141120012
-0.114639613992
0.0425397994101
-0.0388772119548
0.075314222696
0.109662198946
0.0459139753118
0.0729868919081
0.123649846947
0.0507480492354
0.0345670656606
-0.00566091798149
0.099522319189
0.113481619814
0.0793143436685
0.140594066084
0.073329127662
0.081379595924
0.0437315090235
0.00395796814776
0.0905268299736
-0.00311518779607
0.0988117510759
0.0595431985142
0.00826475252943
0.0621010508439
0.0222415125286
0.110284637258
-0.0378627105396
0.11108529726
0.00340893828772
-0.00530909379446
0.131433976007
0.0910313907985
0.00371533932046
-0.0146471278368
0.0381660825675
0.0208566724816
0.0463038908957
0.00131560566526
0.0910233297795
0.0620802263971
0.125174105212
-0.0726917347717
0.0115815755608
-0.00430954679214
0.0209349530173
0.0829019651081
0.0782498410236
0.0818233050374
0.0249505287651
0.0656551047588
0.0357677903863
0.0565065482141
0.0470020605828
-0.00627386344902
0.06020665004
0.035709516604
-0.0277427245839
0.0651159332985
0.0760984951325
0.00564572849328
-0.0131900485878
0.0908378536316
-0.0224585987337
0.0284415414898
0.0647674550751
0.021242315476
0.0427450956379
-0.0813959797831
0.0257204326531
-0.0896324849297
0.00446523648825
0.0554841670736
-0.00509197480245
-0.0146242747002
0.0166959681705
-0.0549182018038
0.114343561332
0.0756808247204
-0.00459139049806
-0.0521949940779
-0.0491813803436
0.021104106851
0.0386743628894
0.0513791688283
0.0710211083834
0.0529029523822
0.0661121922679
0.0703230148934
0.0462620521912
0.0788175875452
0.0949063089371
-0.00505939822384
0.0863213124157
-0.0677951645183
0.0572565586012
0.103289003357
0.0883961032434
0.0673477342049
0.00126928856782
0.0287712371067
0.0209074122379
-0.000366182723168
0.00367008320093
0.0334610134805
0.0789296081418
0.092857411215
0.0706507078854
0.0662418737486
0.0422470064563
0.0420090286418
0.12027657463
0.140279991551
0.0365043140847
0.0398091270214
0.0499764118702
0.0340544176477
0.131281953444
-0.070085186013
-0.0177586914553
0.0667175052817
0.0385404445564
0.0277628428317
0.017635755615
0.0238126227446
0.0764112048697
-0.0450016115574
0.0996515575706
0.0715118794386
0.0628304033289
0.00112538345735
0.0289126787679
0.0815702883609
-0.00848228585783
0.101555708758
0.0256225138079
0.0320850185702
0.0853810405262
0.0921589751973
0.0183507190213
-0.025271250657
-0.00515834640639
-0.00782104540405
0.0990024631715
0.00769503211053
-0.000554716977401
0.0406825404485
0.0289968333328
0.122720335175
0.112519001206
-0.00466190456668
0.0323762660333
0.084000513886
-3.47165561152e-05
-0.0441395105646
0.00735554116592
-0.0312406403435
0.120474008512
-0.0248954891448
0.0143723216528
-0.00296860484816
0.0450892297123
-0.0720111411328
0.11313862456
0.119062452466
0.100496156982
0.00412885940668
0.0128370262637
0.0825768124151
0.0135806016265
0.0285970442697
0.0840891336011
0.118019965768
0.0300537476763
0.0397590927715
0.115437081683
0.0978094175125
0.101832318613
0.0201470459779
0.0614082915071
0.0564689604204
0.113749360337
0.118592924553
0.0275137385651
0.0657454583804
0.00891108433071
-0.0104824941359
-0.0161107263499
0.0222891267373
0.0903119214071
0.0563967661582
0.054808505412
0.0660397272098
0.0588045652981
0.0151899866057
-0.00850943727097
0.0277430406998
0.0488620540954
0.0104348209318
0.0675053811515
0.0445363683249
-0.0879264739176
-0.163823755059
-0.0384888486553
0.00618926857089
0.0922019937705
-0.0412986245491
-0.0340450424936
0.0518642601451
-0.00135204033436
0.00318533691319
0.122189031864
-0.115648213871
-0.0407700043386
0.109783254736
0.000130750547989
0.0866786749684
0.0033558531804
0.0744485738193
0.0545883066303
0.0365808614969
-0.0651673454054
0.0847133923914
-0.0230461231309
0.0384321650329
0.0866347697741
0.141628848537
0.0377947003482
-0.0103098361836
0.0341722277921
-0.0958490098738
-0.000929107607701
-0.00895009766307
-0.0108915390607
0.0923673745481
0.0644382879174
-0.0109128444898
0.127464848814
0.0805826369436
0.0174548702769
0.0442233484762
0.0501211348373
0.0400858783984
0.0152721352088
0.0716049518567
0.0432838414354
0.042272805476
0.0278817218708
0.0629753348133
0.0376197685216
0.00406124224034
-0.00839204959015
0.0149561156038
-0.0140252930024
-0.0464590513084
0.122511478773
0.0878262937165
0.0361353216644
0.0577053032226
0.0288722272447
0.110566962698
0.00491926054489
0.0192741528555
0.0588557905772
-0.0243815410659
0.0613130997508
0.0301196074042
0.0541661478328
-0.0290267516
0.0358621799266
0.00131680648759
0.0209681172627
-0.0459263128882
0.00222107610506
0.0730864065676
0.1203672392
0.0804232989011
0.0126060223422
0.100250643227
0.0511741467449
0.0134634817732
0.0335838589407
0.00746790320995
0.0172450820413
0.00848977081954
0.0982276062967
0.103834842181
0.129232780826
0.0446361795994
0.0316967996527
0.0832852677446
0.0876278458817
-0.00619168494728
0.0466645642625
0.0413402023329
0.0595296831901
0.0782456354656
0.0299430309298
-0.0298430363345
0.0195774712128
-0.0476510115523
0.131279439944
0.110813938662
-0.00793308051792
-0.0897802983044
0.0539766363979
0.119111005057
0.00767849601973
0.0109968637658
-0.0107734860744
0.0276039418771
0.0654753360338
0.0222610345988
0.0451193573485
0.0422678427424
0.0873612684006
0.00179566570836
-0.0176604449997
-0.0810668119848
0.106890702521
0.0210306826899
0.0585810388519
0.0292002736031
0.00526689392189
0.0972860777614
0.0453709622187
0.0333667890334
-0.0281649121342
0.00389506391376
0.0798789794274
0.0155889191626
0.046060324829
0.00657033010876
-0.0595815966238
0.0264523285516
-0.0127266713226
0.0800283711186
0.0140725133935
-0.0464819367463
-0.0222027389348
0.0265476593213
0.100741694348
0.0598451283691
-0.0309746203292
0.0437599309975
0.0383311576809
0.00429765077453
0.111490139734
0.0256543568407
0.0757617151099
0.0801595542319
0.045256335821
0.026773058426
0.00725407787637
0.036434332506
0.0636421301986
0.00738465769095
0.0257353116986
0.119667366712
-0.106616521011
0.127044313809
-0.0340654610883
0.0931878023309
-0.00496561285388
0.0176613315669
0.0691236209398
0.0592812273742
0.0994646982931
0.126290572228
0.0668083529348
0.1208963934
0.0787193175677
0.0523084633048
-0.041111746062
0.0186271367542
0.106248253578
0.0113803918312
0.0556361580748
-0.0222149390337
-0.0360717190248
0.0471396543883
0.093930557946
0.13051043964
0.0742089439411
0.0714706952265
-0.1137335695
0.0566114108238
0.0619453380706
0.0103569059834
0.0494254438174
0.0292387899599
0.0153108617581
-0.0329625050359
0.0333453694031
0.0639039242599
-0.00349122062777
-0.0692801498245
0.0085255023656
0.1189145298
0.0536751878374
0.0889255469328
0.0244692321718
0.10135940293
0.0237569363361
0.00208134432046
0.0818375992104
0.0612432662321
0.090931453434
0.0526300318799
0.0749598827614
0.0814900551946
0.0658577944937
0.0116369513006
0.018960126328
0.0800528443483
-0.00603754672621
0.0481189054831
0.141677000232
0.0139913653663
0.0144728601866
-0.0236658483605
0.00192448710831
0.0790794965211
0.00734820437307
-0.0751655516051
-0.0060180049175
-0.0545564432582
0.0649320633895
0.105816041333
0.00919165110563
0.031317671885
0.0277670174721
0.0538447244587
-0.0307769785557
0.0118608343768
0.0153504855483
0.00915132410459
0.0686180949187
0.131360789223
0.0768164515388
0.00490204990849
0.025990199777
0.0489586779832
0.00336688339376
0.104061390348
0.0397727510532
-0.0539258357393
0.0715238303053
-0.00432917540021
0.074031024732
0.116990816905
0.101771242496
0.0180829789193
0.0218370830089
0.0266108177907
0.025021753753
0.0575979761692
0.00149716743137
0.0916105726469
0.118060929285
0.0627043625886
0.0067122420491
0.104433133109
0.0141843691523
-0.0891321752156
0.0168049388832
-0.0930054380254
-0.0250508966137
0.038038387411
-0.0139176881006
0.00888861187232
0.0320484442931
0.061794991722
-0.00564623080938
0.135259840919
-0.0280748840986
0.0142626822145
-0.0273179945433
0.0565654413447
0.0421842303121
0.138231343693
-0.0132074233876
0.00493631396809
0.125280146633
0.111574097736
-0.0837563070052
0.119724582252
0.0545395020313
0.0445692252182
0.130871742345
0.00311476605296
0.0033073766618
0.0813009558476
0.0642331219623
-0.00507373688277
-0.0330850687773
0.0759229473044
0.0769753969667
-0.0806047141255
-0.0430598223888
-0.0171150641166
-0.00994793114103
0.0351679962383
0.0569237376654
0.0444870547261
0.0655871436104
0.031778391236
0.0500010109416
0.0867131686616
-0.00789196024721
0.0550777050259
0.0845913538815
0.0461978549088
0.0816644603039
0.0211430886886
0.0284429341404
0.098647195471
0.00378560300934
0.0332531260797
0.00105509945421
0.0871408575272
0.143252259369
-0.0387548490374
0.0972577263921
0.0505107416195
0.0149227372693
0.0958295503372
-0.0334134553082
0.0652574925212
-0.0113681228641
0.0247949560249
0.0335821995741
0.118034800338
0.129133018421
0.0991665204326
0.0187434305808
-0.0317832583613
0.121139233718
0.0386428448903
0.0293552078131
0.026130895206
-0.0375553436912
-0.0109452754032
-0.067974409779
0.00384426884324
-0.00402301604557
0.0852209552519
0.0474766018048
0.00187599198078
0.0611431051105
0.0447250965874
0.0457744440373
0.0853307528157
0.00111371892361
0.0562450278936
0.00634623700327
0.00636112645849
0.0665567707589
0.00395651683229
-0.0194655350338
0.0694736946705
0.021083445187
0.0985042039213
0.0223879638448
0.0355606218231
0.0523105504528
0.0197384402936
0.0513819695762
0.0948343953277
-0.0126618100976
0.0220964629849
0.0358233249131
-0.00132816846535
0.0463080570349
0.000386372942031
0.0718221230863
0.0252732653519
0.102661938433
-0.0179517959407
0.0723232629292
0.0918773683963
-0.0101364075812
0.0562450934385
0.0712275828885
-0.104509612467
0.0382946871694
0.0782342187873
-0.0354165198185
-0.00146326020822
0.0929049155554
0.0533085818733
-0.0477891677731
-0.001892473961
0.0226211740683
0.0449989051762
-0.0199144280327
0.0517464174406
0.106564803489
0.0657746433917
0.0568139013174
-0.0516489699418
0.0248900832217
0.0623239502658
0.0313169959349
0.113356762299
-0.151627177387
0.0464190820528
0.0629808908944
0.056046770245
0.113202280977
0.0156282975074
-0.112961214622
-0.00410048486154
-0.0622965294631
0.110718440243
0.0283535746627
0.0366442396126
0.0567272790975
0.038483078304
0.10178647465
0.000327523736572
0.0929619293617
0.0203403225178
0.0190701327022
0.139065152321
0.0217198957188
0.0511212214295
-0.0498665291545
-0.0639927239878
-0.0433094384999
0.040528945557
0.0508969817327
0.0487816449348
0.0122403831543
0.0496367669046
0.0214859071436
0.0532128377773
-0.0723465751404
0.0936446241366
0.0171275499894
0.0143356546712
0.0425194055092
0.0936215811185
0.0249819273142
0.0105203256049
-0.0498571742249
-0.0265388342529
-0.0471143432754
-0.010199855145
0.103828865305
0.0815361494363
0.0884659450737
0.0406274682271
0.0881553943477
0.0311098779657
-0.00308033665173
0.0514629861653
-0.0113978964147
0.07581628119
0.0384742219631
0.134151730521
0.0372867573229
0.104419040455
-0.00569182673386
-0.00265941449711
0.00487671429674
0.0379010160781
0.130393422528
0.124063332045
0.12577346838
0.0210676496159
-0.068131274045
0.0478750197132
0.109104158799
0.0503615071957
0.111566834958
-0.0648359434299
0.0281183336789
0.0381152046529
0.0571756323357
0.0494611079463
0.00738897494668
0.0529922915231
-0.110619387734
0.133763929913
-0.014555064022
0.0937654659938
-0.0164032900994
0.0847595327806
-0.0452600150467
-0.0223845468326
0.0117606997236
-0.0357711437125
0.096334855731
0.0763995705798
0.0210655273365
-0.00644075574665
0.0508508618163
0.0736997066377
0.0385882585307
0.01098583721
0.0418358603705
-0.0500902865662
0.0710265232223
0.0760800210025
0.0573957461218
0.0570949899889
0.0315396951901
0.0924098630392
0.0205719230264
0.0568647767828
-0.0152385567047
0.136998492193
0.039843286873
0.0390173639022
-0.048861551148
0.0322602626762
0.0616693114525
0.133333300102
0.0984445836184
0.0619338535561
0.081695763658
0.0272601807616
0.013713797902
0.0515859413197
0.113122855338
0.0982820908743
-0.0478413221222
0.00957488924641
0.00163999346718
0.09506903046
0.0406166386934
0.00408885140499
0.0329539744088
0.0429915697001
0.0546321383579
0.0585643341913
0.0640023545312
-0.0129865453037
-0.0599300377668
0.0872039292141
0.0376626007405
-0.0012531839291
-0.00527541524945
0.116083145386
0.0626010528997
-0.00495356518684
0.053469100587
0.0347996183559
0.0967489511767
0.020850007905
0.0835552140459
0.0161823228558
0.0678423481017
0.047850212853
-0.0170920274472
0.0677191266656
0.0827793785691
-0.017707080631
-0.0216924277213
0.00374845705812
0.0426003855787
-0.017354874756
0.0862517669267
0.0932160857102
0.0693588119901
0.0615485897895
-0.12169156252
0.0846442558816
0.0762426342477
0.0786368216994
0.0804537609883
0.0631791458909
-0.0617242184257
-0.0829475759808
0.0305346867762
0.0700541175974
0.0811240864445
0.12018245492
0.058111082522
-0.00597637555084
0.0416960889321
0.0559232119448
-0.0143711259484
-0.0300541074743
0.0618571434407
-0.0465311284563
0.0333108780685
-0.0212239496284
0.0456025704865
0.0309677798254
0.0740158211625
0.0794632394108
0.0316377257262
0.00217279392857
0.123853974359
0.0297771403569
-0.0132472453504
-0.0234161669432
0.0385534061424
0.0794171390203
0.0640676965627
-0.0338858947553
-0.0621530441691
0.0491575653235
0.074963987596
0.136832103225
0.0809647156994
0.0597591316423
0.0759335423069
0.0568928884066
0.00945189115369
0.0605664311574
0.0712781137579
0.0906697497689
0.0528159663052
-0.0100968338902
0.108981707553
0.0084444497662
-0.0302515145653
-0.0445645261125
-0.0983770732965
-0.0322338510523
0.0186821270182
0.0194202936428
0.117562866435
-0.126072215213
0.0875641966442
-0.0390522612203
0.0730482462121
0.00590007813765
0.121408220858
0.0613769652196
0.0619905771918
0.121419158616
0.0716278486927
0.111266204037
0.0731140293897
0.00701165189507
0.0287799359176
0.103418390134
0.0866382027238
0.116328109876
0.0101723719497
0.0597625822025
-0.117154654705
0.0224632479083
0.0629243448815
0.116970603332
0.0977019757184
-0.0748969622851
0.0852689869189
0.00622106145969
0.0911646455253
-0.00491154991577
-0.00458069537193
0.131955237224
0.0495712267788
-0.0654659466425
-0.00864372457549
0.000571658994875
-0.00281871606728
0.000205439267764
0.054708270249
0.0737055096777
0.091747595493
0.0458380288433
0.00777460561664
0.045607862452
0.089666707147
0.0230683722512
-0.0685610171659
0.00365816063514
0.0964491881903
0.0323621504861
0.00562380263615
-0.117068877514
0.0815117228496
0.0635481372305
0.0729296180895
0.0587857869235
-0.0161410884303
0.0771372512692
0.12626762657
0.00968696774306
0.0423874144475
0.0691136675475
-0.121961228841
0.0248006594275
0.121813295316
0.0591145326888
-0.0699703344832
0.0413070327448
-0.0791196073899
0.0790633268687
0.0806502134663
0.142099497143
0.120054160931
0.0927671931784
-0.0570401295993
-0.0163347527648
0.0489104974748
0.130081683834
0.0180062632336
0.00205821487866
0.0719681064605
0.0837366825164
0.019930721567
-0.0170784639054
-0.0537759811855
0.0856113891231
-0.00523954562055
0.0221835290597
0.0652816761752
0.141815061281
0.0833911735251
-0.00120827566252
-0.0597901228604
0.0168044681468
0.0650620982431
0.0669632594667
0.0574015028704
0.00954340552918
0.0504843617367
0.0322182748576
0.081730178064
0.0779961179975
0.0851642932232
0.0300337074171
0.104466495577
0.109605033131
0.131642733109
0.0295822643993
0.0168805723828
0.00709062933268
0.0936192188313
0.0422821249624
-0.0676660777728
0.145891738633
0.0319322028693
0.0761822712119
0.046853106266
0.0681544038787
0.0384781912934
0.0534901701894
-0.0397925138678
-0.0560515199724
0.0639737475878
-0.0410426245471
0.0301831081154
0.0754652749221
-0.0299559414046
0.0198909199496
-0.123599815766
-0.036146330883
0.0398378177669
0.0639532694185
-0.0326291736224
0.0446395765677
-0.0093446898168
0.103360188963
-0.00768053042937
0.0334031244367
-0.176488804821
0.10395779004
0.0305420143427
0.0606867577308
0.0897068555059
0.0972030654616
0.061712534633
0.112921936525
0.0806259871858
0.0231691914959
0.0184117907018
0.0616543059909
0.0382376290895
0.0714418262987
-0.0330054635922
0.0116706574826
0.0908593335715
0.0492000603587
0.000409254725301
0.0895239239081
0.0773729235311
0.00554342397062
0.052117463498
-0.0408648354821
-0.0479558684673
0.0760770853172
0.0649493413892
0.128752877185
0.0535633486261
-0.019116940373
0.0948816194501
0.0744942390684
0.0712364960845
0.0946554418719
0.124935820935
-0.050555555853
0.0186886523418
0.0378568445457
0.00197109971973
0.110654293325
0.00826404394203
0.0150201126458
0.0706561711608
0.0141446968447
0.0523622732829
0.0227077688707
0.0996718926312
-0.0256173496461
0.0135634228212
-0.0229964134877
0.119249260651
-0.0502377827299
0.0268859994125
0.05731149861
-0.0301854781507
-0.00846886794482
0.102070707791
-0.0014646189153
0.133598194627
0.0759245438463
0.0544791037183
0.0483318033889
0.00214712051024
0.0386405215835
-0.080762756244
0.0383462984051
0.0577905392037
0.0397966861666
-0.0215261502702
0.0687784566343
0.087736443793
0.0878551834512
0.0844677739172
-0.0133043397625
0.113483573078
0.12143267891
0.0645094602924
0.0976047444533
0.0391888839893
0.00453845454592
-0.050380947447
0.0125990380811
-0.0199549641293
0.068301515601
0.0359950339454
0.0393307495736
-0.0585951213231
0.0349234249745
0.0361072646531
0.0932898091546
0.0142517733158
0.00705300865641
0.0255210106766
0.0335315141139
0.0412857944928
0.0743274896355
-0.0126391778122
-0.0171222547836
0.068383300716
0.0338649502008
0.0912579087152
-0.0220763045087
0.0109241969781
0.0874847399665
0.0599819417688
0.0846970688077
-0.0193822327287
0.0266792771769
0.0867232570794
0.12279721511
0.0434783904464
0.0762103892362
-0.00489066668931
-0.0017311392578
-0.0350172674212
-0.0662894509467
0.0017849384114
0.031992382865
-0.00409046249819
-0.0160166190534
-0.0494968815611
0.0667271651629
-0.0659566878679
0.0238110846603
0.0357991626406
0.113629309732
0.0586003098371
-0.000929558137336
0.0924939415642
0.0134280811813
0.12759922589
0.112089006299
0.0505694760164
-0.00548570618656
0.0553026804158
0.0842201538933
0.00127777982605
-0.0812327323171
0.098461243147
-0.0121059789319
-0.0654432336463
-0.0212373220915
0.0131011146885
0.0281244383732
-0.013238553686
0.104333971856
-0.0359471327496
0.0030708902483
0.0425500986038
0.0686336741396
0.0167265627505
0.0601890563798
-0.0106657347265
0.0729624525672
0.00917286803752
-0.0169754519173
0.0220029857493
0.0700946790517
0.0205426550726
-0.0233358605193
0.0135400398482
0.047833493453
-0.0472387396129
0.0845820772885
-0.00590525664398
0.0746374042778
0.0164024672827
0.00755632747518
0.0954147965169
0.0592112782076
0.0634633984021
0.0788611063113
-0.00880452470291
0.0198352128293
0.0844053802692
0.00319438343346
0.0577505544117
0.0693319808353
0.0399934945968
0.101297807609
0.0614484671657
0.104760711202
0.118919865947
-0.0659867349936
0.0752322371102
0.00320015828618
0.0828724372737
-0.00751242274155
0.0218694128902
0.0222840526007
-0.0108597903213
0.0603642701325
0.105091372607
0.0839976568927
-0.109400215013
-0.000869013233979
0.0998830180678
-0.0344299975889
0.0275370841597
0.0579131926792
-0.0400800097654
0.0460949932612
-0.0069540070947
-0.0498499078077
0.0963358242921
0.0646501836412
0.0526455689173
0.128769041277
-0.000686829742403
0.114791466075
0.0788458861724
0.00112148620431
0.0458232276164
0.0416179408667
0.101520431905
-0.104738939013
0.0514999453584
0.00238162982442
-0.0212724329716
0.0716935618049
0.0648299667032
-0.0432016639784
0.0286395935718
0.0656844773527
0.0638196849588
0.0811490131608
-0.0132439637062
0.0929834123541
0.0446925408702
-0.0897697735052
0.0739699650372
0.00816592274079
-0.0656902181904
0.0527035711099
0.0798956769247
0.0677086683044
-0.0273884168434
0.0540927745366
0.0587296773411
0.107537387187
0.034767346953
0.0758626780767
0.0421774151989
0.0458206655302
0.0574821950299
0.00727409842231
0.00959793438273
0.0828937560286
0.0370164968502
0.0577802450832
0.0772500599904
0.059583265867
0.0984486186515
0.051866330815
0.0767757297597
0.0133617933375
0.030857074123
-0.0043632640461
0.0940573074323
0.0685501314314
0.0305691824294
0.102987839544
0.0752849441528
0.0717549604403
0.0441143099987
0.0539492996262
0.0444957497468
0.0146753558203
0.0319903339673
0.0648486956559
-0.0559494404934
-0.000368211218409
0.0449654054849
0.0253533840093
-0.0305515966368
0.0636371810337
0.0333620334491
-0.0755186509387
-0.0948012667019
0.0200001365067
0.10145852974
0.0189568334853
0.0649937301273
0.0790386816365
0.100076891027
-0.0199139093966
0.116542893688
0.0812633233912
-0.0405824878315
0.0781704707275
-0.0324672080048
-0.00666148124436
-0.142949568261
0.0995319165777
0.0616286451131
0.0862282681816
0.0634369905148
0.02076658978
-0.00341152521108
0.0927766423231
0.0956326451442
-0.0335044342271
0.0524111300503
0.0653043141322
-0.0221356623657
-0.0568376522782
0.0113771804373
-0.0411664008921
0.042193691958
0.0142858320998
0.0812046041293
0.081113615867
-0.00369650455201
0.0636973457286
-0.00697357441601
-0.011817463886
0.0246794705417
0.0684253104704
0.0546069994857
0.0189554321538
0.0804437063986
-0.0202015758348
0.130292047465
-0.0779535130626
-0.0890642290714
0.0191192263369
0.0554203394989
0.0878970995819
0.0983506361109
0.0857853103915
0.0646639292333
0.0190332146436
0.123461091699
0.0362257633654
-0.160189103092
-0.0217144486342
0.079968949367
0.0349852902115
0.0188255027621
0.0719420769439
0.0788190225927
-0.0800661758114
-0.00285943218018
0.0896235160568
0.00678204803453
0.108584332647
0.0299630929455
0.0430913089215
0.0739222198853
0.0616018227417
-0.00922056503155
0.074375523931
-0.0089522681438
0.0213547314954
0.0700361290232
0.125769153597
0.0225948963447
0.0368038311536
-0.00654549576927
0.0734905072262
0.0684163355571
0.0329315600559
-0.0300616013766
0.032165699701
-0.00625439090418
0.0309131356534
0.0887920217533
0.0665769748417
-0.00384245273356
0.0347573583614
0.0531085891834
0.0284197140235
0.115294665322
0.0452541353118
-0.0470265362798
0.0264383091397
-0.0403971920194
0.0395274745296
0.0676666257173
-0.00552918970583
0.000866793389744
-0.0545576942436
0.0686193675644
0.0349746549354
0.0385937800394
-0.0551183949539
-0.00798307942797
0.0870590014653
0.0555661762329
0.0212933573145
0.114868087468
0.105376593259
0.0755183081287
0.050557557058
0.0240059257296
-0.0241508151957
-0.00883704726429
0.00819694666344
-0.00300946337385
0.0664639942785
-0.0378161835978
0.0800441866934
0.0560248969762
0.0501232604891
0.0295712564411
0.027764799615
0.0933940331937
-0.0767055558854
0.0587765182167
-0.00948869062961
0.0583698588635
0.0579461223612
0.0580157575674
0.014810281195
0.0286746905954
0.0155065450903
-0.0750508532161
0.0338429431863
0.0607463903261
0.0287539882403
0.0116367470804
-0.00964509491597
-0.058245385308
0.069922351796
0.0926032120009
0.0777449508992
-0.026477432739
0.0757579901439
0.0332526894299
0.100802331639
0.0858365456385
-0.000434313153174
0.060896624508
0.0189320475281
0.0723501666775
-0.0134052058575
0.136393459709
0.130286186509
-0.0898384661029
0.0441927205464
-0.0167121722297
0.0255808164518
0.122127917712
-0.0284554782426
0.0545891405555
-0.024736527875
-0.019550719422
-0.0875048286305
0.101581790303
0.0155859864091
0.11681297272
0.0803828543844
0.0908835115501
-0.0492325454881
0.0572516121323
0.0490859827738
0.0577436064401
0.0496000405515
-0.0396290325389
0.0519298864808
-0.0116455956475
-0.00158267693929
-0.072151060182
-0.0226306560937
-0.0309297705991
0.0819506943442
0.0829909133909
0.0621835068381
0.0896895217215
-0.0308570461078
0.0159692416889
0.126445992533
-0.0050208673673
0.0594134282883
0.032422611964
0.000714867883509
-0.00451617862802
0.0265980713376
-0.0249678037446
0.0751279805792
0.0377770480006
0.0778688255126
0.033440520397
0.0144277640638
0.131341933512
0.0475117637048
-0.0213347031831
0.00923189893024
0.107557651
0.0400562024277
0.010717406984
-0.00562599172021
0.0400933576957
0.084911444571
0.0230489374843
-0.0353775040366
0.0186117824563
0.0742979698634
0.0255241807115
-0.0588542284462
-0.031765431376
-0.0332317020252
-0.0410601467917
-0.0160542133132
0.0410000960977
0.0756738818552
0.0990409176099
-0.0145015376063
0.0911985310544
0.0881474107321
0.0974783097023
0.105639771892
0.0766936811303
0.0664980470113
0.00116956853263
0.0472660407261
0.101756534435
-0.0437790114826
0.0568342998809
0.108165820863
-0.00375184720533
0.115707459835
0.0494816958312
0.0572048623776
0.00218683373757
0.0860232007511
0.0458338624671
0.109535216543
0.0272594546932
-0.0434980460463
0.125211706972
0.00228717539907
0.00664557810533
-0.0825242460226
-0.0304414559135
-0.0567488249803
0.0064240833034
0.0308078200055
0.0718955337865
-0.0381704840837
0.035576765626
-0.115725991174
0.0391494665986
0.000315973947551
0.0780949680947
0.0760516887207
0.00630532565027
0.0503712372208
0.0915864104692
0.101994444296
0.0636818497429
0.0570766905787
0.0531088960495
0.12274790782
0.119196006998
-0.0310802788468
0.0607195608397
-0.0242568608757
0.0896452593033
0.124899195642
-0.0927043461058
0.102605808273
-0.0321925912658
0.0859343942495
0.0407840328273
0.102815449442
-0.022986042188
-0.0150748214123
0.0905271216134
0.0883684220023
0.111742998094
0.121089902008
0.0125702516651
0.0447420579275
0.114160037669
0.0371682425515
0.0809462753481
0.0240225220027
0.0158645486913
0.0313063336144
-0.00425425454454
-0.0446783416363
-0.0101351001935
-0.0521385425686
0.108462749728
0.109871910038
-0.00372534001647
0.100651964115
0.108816649268
-0.00150292223642
0.0986400741926
0.0501618340403
-0.0226704936185
-0.0297180902136
-0.0132961578326
0.0413583014729
-0.0913404189324
0.0115421331879
0.039247725484
0.0701104732331
0.0318246141778
0.020665909801
0.0360461637806
0.0458855547835
0.0588424261553
0.033622189368
0.0870542200794
0.0347267032523
0.0473362276734
0.0882900683269
0.071136338013
0.123320181745
-0.018193050704
-0.0301882919529
0.000439552185593
-0.0773570597356
0.0389182196766
0.112028958616
0.0423087733729
0.0234995795352
0.0296184784744
0.100700173105
0.0816124777097
0.0723014904518
0.0509471296883
-0.0305826055786
-0.0509869644912
0.119510663256
0.0632959662289
-0.0125644915321
-0.0504544923819
0.0988471551877
0.0542255151293
-0.0138040116007
0.103360884234
0.00543379973467
0.0213136859736
0.0455444811193
0.120639584759
0.0253349687039
-0.0405672571594
0.0732489962178
0.0490930722857
-0.0761309249241
0.103900745318
0.0221344782278
0.052402729074
0.0306721654876
0.0921536845581
-0.0341663321804
0.109253403982
0.0250605576888
-0.0177900288834
0.0603664409386
0.025738789899
-0.0160579538387
0.0185083318605
0.0230005984415
0.0444790234047
-0.130653263129
0.0994878726476
0.0146619345576
0.00050998743489
0.0232218687714
0.071396190361
0.048442505919
-0.0727865595467
0.0341085887108
0.0652000088161
-0.0108564676119
-0.00553949820808
0.0489264352912
0.0896461941531
0.0334184973719
-0.0215960840878
0.0268687471063
0.0529783748317
0.0162609041017
0.0550669013086
-0.0192353781837
0.064295690769
-0.0377006666271
0.0653556696246
0.0925138887667
0.0697783052906
-0.00714316439748
0.0726592356428
-0.0468379214595
0.0563591723412
0.0182861643531
0.120558327863
0.0594139041738
-0.0651798188526
0.0375970898185
0.0879564546601
-0.00949705997542
0.044732355507
0.00512581999977
0.000612703933873
0.0281418573425
0.0539617314543
0.0233717815151
-0.154855606748
0.0284639066525
0.123849557404
0.0169082593234
0.0786424511499
-0.0213883524795
0.00774825639223
0.0492713561363
0.0356442479823
0.0183231890701
-0.0431607861279
-0.00222241806311
0.0769702030577
0.0511427990657
0.113515741996
0.0627871766688
0.0165201680816
-0.0820984234953
0.0382460497858
0.11375647904
0.00082212327667
0.106387129752
0.0192517759795
-0.0111296988201
0.00541428898119
0.140822310424
0.0338467494333
-0.0254732494548
0.0760775864046
-0.0018476413819
0.101688962892
0.0475789437396
0.0860594019005
0.0174914070149
-0.0736863687984
6.4631976807e-05
0.0633777935342
0.0658574664145
-0.00314717243393
0.0439647825281
0.0511632867727
0.0307606206023
-0.068459375228
0.0719845621804
0.0180448687354
0.00938191714776
0.0839808990629
0.0834993051048
0.106081193373
0.04643300812
0.00578609063495
0.0516280787969
0.110452076654
-0.0845153622996
0.0654600943281
0.0194898858654
-0.0182671798211
0.133838738078
0.113038839995
0.0932002835788
0.0343086463323
0.0526554259352
0.024275273132
0.0164073884036
0.106469914218
0.0769032130901
-0.000496221872352
0.023869679363
0.0699195862729
0.0732350322251
0.0693556707415
0.100515766564
0.0554382084276
0.0555972475125
-0.047957597766
0.0445958254447
-0.0323355430065
-0.0499651969829
0.0538003302934
-0.0178336763607
0.104734134841
0.102619959619
0.0736716723396
0.0549184834539
0.125159174738
0.0688501608541
0.0380514112355
0.0752410695381
0.000974047009775
0.0476454473868
0.0890329387216
0.0538653048613
0.0602904817386
-0.100706328066
-0.112384135226
0.0734760183385
-0.038319568711
0.0818797724629
0.0582453810155
-0.0342304733674
0.0636867370585
-0.0679763227135
-0.030980045742
0.110666965301
0.00155501823208
0.00656098331692
0.0632701673891
0.00960939331663
0.0783168192894
0.146781006962
0.0146875263139
-0.021626156461
0.0579861275467
0.0622764039495
0.0563376017851
-0.0345436246116
-0.00235605146914
0.0572324178824
0.0413312912709
0.058140534482
-0.0719416957498
0.0875726787498
0.0713090571582
0.0534902634052
0.00725106548295
0.115344434986
-0.135948156891
0.0737402045384
0.115665103231
-0.0498040579483
0.0650664157805
0.0086975067948
0.0963819986203
0.0899579527614
-0.0700067869947
0.0624679800178
-0.00490924737421
0.0562288034144
-0.00138187215869
-0.116949712775
0.0226505155013
0.0110208102674
0.0487286155741
-0.0421621328128
0.0438731652705
-0.0490285446359
0.0779519293179
0.0217787983714
0.00556605413382
0.0272513438901
0.0634924651298
-0.0139446722263
0.0611201188723
0.0567489802707
0.0975556484681
0.0164630208024
0.00207721396621
0.106818141432
-0.0381312790154
0.0465981068237
-0.00932126920742
-0.0405952566494
0.112378598178
0.122289012504
-0.0469960366976
0.048742826139
-0.0205050604874
0.0378812673173
0.0989699878498
0.0413437007209
0.0261801854262
0.0685479629849
0.0196357839277
0.0101516744871
0.0809389759089
0.042504536145
0.10056033559
0.0251037231323
0.0366971896631
0.0702515988962
0.0896115130167
0.0525862270858
0.0512898095946
0.0976879760571
0.0160637668519
0.079099303186
-0.0167968566598
-0.0198902861603
0.0208050946457
-0.022507454494
-0.0227834319189
0.0687291558609
-0.0710243336211
0.0610086655834
0.0783327705438
0.0312137171377
0.0723731175006
-0.0495873626052
-0.0481155458992
0.0366707767738
0.0362884876493
0.0902248787448
0.0852702875105
0.0926025424249
-0.101050734832
0.00986030683501
0.0576544142897
-0.103870794395
-0.0216076298388
-0.0517118334253
0.0706957867931
0.0488420106142
-0.103985512099
-0.00153350034642
0.0473339048859
0.0641867981498
0.0999998390364
0.0962673461287
0.0802525424831
0.0416572675872
0.107547107958
-0.0492753070221
-0.0991648430174
0.0561759404248
0.0760674001679
-0.0103632174229
-0.00198320094793
0.0431147748487
0.0805759367634
0.0253574116979
0.0290418771495
0.0575960351614
0.0583195481958
-0.0112464754717
0.0999947309299
0.0860817486232
0.0137994740969
0.0392806315683
0.010312049175
0.126007056179
-0.084635030536
-0.0552491311264
0.0963143723303
-0.00174655167527
-0.0194004984256
-0.0262465575336
0.0109535676909
0.0186942393441
0.0646784878807
0.0137567669604
0.127262956226
0.126933786734
0.0254486345025
0.082677901032
-0.0636503344869
-0.0502855558161
0.0646206436305
0.0327650564705
0.0392832436499
0.140164935333
0.0281214469912
-0.00818186160033
0.00237062943847
-0.0725456400518
0.0229065039097
0.0579440571737
0.0335039559241
0.0671240719625
0.0915944819656
0.076999894311
0.00137621467232
0.0448712035647
0.0624063112068
0.0202941414364
-0.0205025380707
0.108599991299
0.0533592225554
0.0151030062946
0.0229043220985
-0.0142529156312
0.000259784390492
0.00587515015761
0.0813047423723
-0.022525998263
0.020822545495
0.0387475320819
0.100137540977
0.0286457218212
-0.0371551030353
-0.0186144218534
-0.014569136383
-0.0647008748482
0.0561649450499
0.0230396470581
0.0501964681809
-0.0604851057533
0.0266026663015
0.0641918791897
0.00313182028964
0.0319347350708
0.0263431528503
0.0913412563378
-0.0185446528158
0.016650644163
0.0985014367408
0.0173879951044
0.0520534890038
0.0707822910125
0.0653236728678
0.0103950157305
0.0385391212911
0.050020220621
0.00258389870533
0.0360748648674
0.0405324191401
0.0161690034637
0.0380665634043
0.0312747303902
-0.0076523091961
0.071044471185
0.129752660835
0.0139296847579
0.0232909001202
0.0173765769424
0.064595977348
0.0625880844438
0.0819301163319
0.0818365697427
0.0889602032993
0.00034240644634
-0.0540363970984
0.0724525886848
0.104575929994
-0.0149410042955
0.0171763141951
0.0557937993485
0.121339808082
0.121278046908
0.0837401523387
0.0753524130389
0.0190176394955
0.0839070677072
0.0686329496947
0.0329606983224
0.0968914791988
0.0559175564776
0.0176601492075
0.0866633751472
0.103310323567
0.00309404518725
-0.0758165389038
0.0449158738603
0.036240520171
0.00517555364573
0.0612460205812
0.112670409354
0.0881755607839
-0.0451792842111
0.0151675625495
0.0173652797533
0.0523735212151
-0.104974856799
-0.00481324721956
0.0921837358296
0.081065641425
0.00525796535435
0.125369177322
-0.0301897253315
-0.0136983572287
0.00771071794836
0.0270641988794
0.0762068035493
0.070177141219
-0.073950634437
0.0380221525422
0.041854473233
-0.125856722966
0.00531521929743
0.0838628192729
0.0659726364507
0.0921964036492
-0.00429801228321
0.110326393065
0.0358147863379
0.101250177845
0.0637534639539
0.0751654799184
0.068117210836
0.0534585040675
-0.000647239207997
0.0221630727762
0.052947213465
0.0200439447925
0.0432000150757
-0.047073944313
-0.0310537139813
0.049707136765
-0.0729961844254
-0.0255953585009
0.0902917279092
0.0694664278586
-0.0794583684443
0.0821564114267
0.10422709651
-0.00886084218293
0.111293631055
-0.00886649640307
0.0978445816769
-0.00144182117327
0.0601640406747
-0.0122256665063
0.00642255173367
0.0355939042455
0.0641036581498
0.0973580675593
-0.0156551612586
-0.0243554875972
-0.0154358983794
0.0011915267659
0.014601223945
0.00484354958079
-0.0784739898346
0.0580499348717
0.0928592812381
0.0853127908604
0.0245446853815
0.00278010080335
-0.0286272945929
0.0379272923125
0.0958460437723
-0.0151978760517
0.0500272568545
-0.0246710164765
0.120106874471
0.0478729207199
0.0345962157713
0.047670156609
0.0472186966568
-0.0211406769451
0.0513490550017
-0.011057689136
0.120596586131
0.0533130072337
0.0821301575101
0.112325319563
0.00360029573356
0.0889288625703
0.0850720736161
-0.0197949554556
0.0194801541362
0.0234024346028
-0.0453817583423
0.00934667219512
-0.00575825499334
0.054396070854
-0.0502632650031
-0.0231257719811
-0.00536535329887
0.0867528447086
0.0787430341156
0.0507130635557
0.0916545547629
0.0294172920517
-0.0260129950063
0.0624522879735
0.071691457074
-0.00860522278725
0.0965598378003
-0.00702654756406
0.0456608985654
0.00559006610351
0.042280639198
0.0621726795583
0.128966168953
0.0490493751839
-0.0114501444001
0.0784265732898
0.120158316629
0.123326613041
-0.00633719471681
0.0437743724731
0.0714321488466
-0.018468805242
0.1186393195
0.109247566251
-0.00555714087961
0.0339139626209
0.120545869503
0.116920746098
-0.000784908934876
0.131576647699
-0.0137485972522
-0.0356374091864
0.0128493339688
0.0570762045469
0.0638431154221
-0.1002099519
-0.0367542898519
-0.0403112438729
0.0630452238573
0.134776842675
-0.00656884641836
0.120256317088
0.0595223911957
-0.0521716301978
-0.0310807655318
0.0442953893623
0.0207450921162
0.0603911321923
-0.0254729366266
0.0980325960473
0.0112174953236
0.027673233958
0.125912442171
-0.0314325655177
0.00234027232489
0.0231933217677
-0.0538847471393
0.00814180921954
0.0869203985797
0.0635485068081
0.00128423295734
-0.0451757173946
0.0459733586791
-0.0325527750118
0.0955261856231
0.0417119970681
0.0267853441448
0.051500112399
0.106923248289
0.108475606054
0.0345955870228
0.00412364933443
-0.0494806824974
0.0886571696636
0.092830482207
0.0548405965845
0.0743226173555
0.0328736222521
0.0687588319349
0.0956854812864
-0.0385518856523
0.0649186476579
-0.0747113781624
0.0661007373214
0.0438712759856
0.0837602555902
0.0197488941264
0.0740540537191
0.111763389167
0.0949209753644
-0.020692543685
0.103584095971
-0.0139944297084
0.0833088163315
-0.0268811400055
0.0609630784973
0.0378335289107
0.109322360635
0.0698729810516
0.0422879679894
0.113179444431
-0.00483027871426
0.0784113767574
0.013844798331
-0.0206823322863
-0.0099695437361
0.0600109623268
-0.0534968549958
-0.0188930354344
0.0369243541286
0.00207934136823
0.0971705847511
0.0196047805136
-0.0368121981281
0.0216585061654
0.072969691393
-0.0316516100109
0.0677142144537
0.0775099452026
-0.0350700165201
-0.0139013210998
0.0935005240437
0.102958824726
0.118529583745
-0.0571944374065
0.0841395131272
0.0715415777759
-0.0088804153408
0.00792166762887
0.0744297744863
0.0516018663576
-0.0289675536637
-0.0439877687167
0.0682873462808
0.0729891090825
0.105745540928
-0.00483417981051
0.0369577101525
0.00426725631813
0.124592258375
0.0428769992422
-0.0287570027531
0.0539476157137
0.100469368761
-0.0101268430239
-0.0455360688389
0.0202089341178
0.105093968251
0.0720658977239
0.113959295612
0.0227415770315
0.0736681069871
0.0900681784973
0.103468414172
-0.10286064933
-0.00251052220495
-0.0083678109983
0.0512878729459
0.0835133808757
-0.0354037750509
0.0465322919171
0.13108858982
0.0810877135836
0.0644405654402
-0.00209629891224
0.044287080776
-0.0293130852523
-0.030428865474
0.0842472819182
-0.0373930691901
0.112641725542
0.0795730104745
-0.0236431222545
0.0459737368069
-0.0520487067858
0.0786824785506
-0.0404630543392
-0.0310215367526
0.114324318455
0.0255458646815
0.0329922489385
0.091027458276
0.0396259459674
0.0214110788645
-0.0103837179163
0.00512914693575
-0.0344007844089
-0.0767723021582
0.109962905759
0.0176601677365
0.0235549674277
0.0187237593155
0.0183595043182
0.039687210116
0.0358836020878
0.0888072061826
0.0675585931307
-0.00410674673129
0.121657929447
0.0567134707658
0.0657820395946
-0.00272018384958
-0.0113340259369
0.0134124007603
-0.00531103269971
0.087371289481
0.0774850900725
0.083345720333
-0.0147522040064
0.133931414379
0.030079508201
0.123988943638
0.0551825179583
-0.0165029205437
0.0464402183863
0.107197496441
0.0313474091071
-0.00863061515445
0.00811070544327
-0.0513769455114
0.0964746790776
-0.0858982401171
0.0705187308132
0.0174444603473
0.0630464136737
0.0696861327676
0.0491804414806
0.0593573520094
0.0244243285398
0.031878197828
0.0457150039808
0.0449728001018
0.0701994954798
0.126053423432
0.0615195218457
0.00461566137346
-0.000429117666046
0.028642707642
0.109954444325
0.0751683328269
0.107461822917
-0.017578298845
0.0920649679573
0.0109630563964
0.00539038904914
0.0347820701221
0.0633347464467
0.031527903292
0.0191328583802
0.01659321402
0.102379492929
0.0299200926737
0.0484042461866
0.070326198415
0.0602235849977
0.0331146878602
0.0124897076261
0.0150786934983
0.0308648096162
0.0295537899975
0.0591051092357
0.0465218673579
0.00942881189289
0.0758540487313
0.132597946867
0.0289107173116
0.112942517348
0.0128614173239
-0.0634775887838
0.0585849328365
-0.0675547741159
0.0510774625924
0.061542285772
0.0840500991731
0.0668186504232
-0.0346597342368
0.0474651097562
0.0179952410393
0.00417113875125
0.0700944141849
0.0857867479916
-0.0178999700337
0.0118485168881
0.00962224461784
-0.0268249508363
0.12393652663
-0.0130567215633
0.112161266036
0.0112114326617
0.0225713565599
0.0406886716748
0.100053294736
-0.0051303471733
0.00641573453298
-0.0372462459988
-0.00328671499287
0.0286357078492
0.0943201861059
0.0349841593835
0.0615156258911
0.0560560755612
0.00403950995095
0.0667345981579
0.108212391351
0.0170674930416
0.104044595229
0.0278096310737
0.0830399231101
0.0409062836157
0.0852740169081
-0.00282056817847
0.0486680715267
-0.0127375934362
0.0111307761483
0.0118386390126
0.0433070413537
-0.041903060681
0.0249495109386
0.00336521297915
-0.00438370782703
0.0433899604456
-0.0147237825844
0.016272628796
-0.0754005136087
0.0576683286301
0.0180846203948
-0.00249523753562
0.0613155674677
0.082937270966
0.100979272135
0.146762620515
0.0133632430362
0.0343889922625
-0.0376693327845
0.0140897659703
0.0804088374947
0.114286231302
0.0505368000998
0.0355016416421
0.124523223301
0.00862505904594
0.0862109648749
0.11017894911
0.00968937911041
0.0566365957007
0.0178126059791
0.0580886840842
0.0836504291588
-0.0806130048073
0.0860363031379
0.0692052635409
0.0867967760325
0.0065305814891
0.0411217965569
-0.0127546769705
0.0910804338987
-0.0558171733159
0.000235632688884
0.104794880111
0.0771742730044
0.124951819752
0.00570313234846
0.0361408439642
0.0833525057531
0.0840268248713
0.133409261483
0.0276248610559
0.0224277824567
0.00294434248266
0.108171773498
0.0145485299454
0.0987536974111
0.0305189362123
-0.00961336518522
0.0168285846103
-0.00301977093762
0.0590431512596
0.0788259665889
0.115540712291
-0.0210371820959
-0.076074430736
0.0878101126431
0.0670615132119
0.075278392653
0.121556803752
0.0439930372236
0.0295622169075
0.0205203599414
-0.0945183042752
0.0258198249233
0.0327536459062
-0.0332653725348
0.0122363270535
-0.107039425234
0.0899474579419
-0.0132642058003
0.00627992310513
0.0304982402165
0.0928810772898
0.0492112421358
0.0980822823957
0.0501418386013
0.089385242528
-0.104461473746
0.0125535350869
-0.0939071178517
0.0455707528687
0.0514853637283
0.108651349334
-0.0517966453103
0.0177989151024
-0.0338246459378
0.0574001856431
0.00296863637082
0.00408020610442
0.0538557182475
0.00358818807991
0.0741262168329
0.0277373116509
-0.0380670161836
0.0426860435159
0.00134958939098
0.0435929486404
-0.00516191399531
0.0501212136543
0.121483748226
0.0478051494088
0.0753440606441
0.0147213297333
0.0271646526041
0.0275062947204
0.0477126128143
0.0596705845188
0.126280795178
-0.0181960825157
-0.0172736524477
0.0736761429497
-0.0169868078458
0.0167332913262
-0.0219657185247
-0.000699858774761
0.00884757643615
0.0586406909065
0.128163490575
0.0611427090719
0.0591674388623
0.107105572631
0.0228004295923
0.0752165631884
0.0379005730295
-0.0234151336417
0.00371481918068
0.131645041184
0.13659941663
0.0224722778921
0.103180529974
0.00661368707459
0.0621537352173
0.0802769064454
0.0727177303991
0.110947068844
0.0291954669421
0.0793546376711
0.0439426114551
0.0116204036206
0.0880699790357
0.0429294180387
0.107723630011
0.0904686730205
0.0227140885045
-0.0407572776021
0.0613491576414
0.0603477256802
0.0158236121693
0.072644849068
0.0244125897882
0.144808006319
-0.0505408303247
0.119603882232
0.0175806055575
-0.0220536569876
0.0215430897853
-0.00743448604331
0.0379209365955
0.0462417255697
0.0151903445144
0.0670803417785
0.104143950783
-0.00799349401147
0.0804733112946
0.085602824851
0.0127736944564
0.0740523290856
-0.0492407098852
-0.000955819223396
0.1112698204
-0.0175391953994
0.035747144966
0.0341114456707
0.0920929802141
0.0174960005347
0.054209666259
0.0641874174175
0.000366369338322
-0.052387776696
0.0762090762242
0.134295069154
-0.00536906217608
0.0213082161895
0.0635352687697
0.0696460619879
0.0387761533259
-0.00959798849427
0.0424286839019
0.0610379550516
0.0594021154774
0.0637995858096
0.0138050934871
0.0420817661836
-0.0223647931737
0.0919195224216
0.00925836393471
-0.00710501376945
0.0333488486263
-0.0308187254937
0.0107053927085
0.0799198008359
0.070463317116
0.0648162561062
-0.0407728928201
0.143830467122
-0.0332259552687
0.0809026287553
0.0234839666598
0.031649123886
0.081064924328
-0.00946124394367
-0.00403906053766
-0.00978579654009
0.0785963730482
0.0120691642772
0.00556605432994
0.104430803582
0.0124026684789
0.0829743617165
0.031736863047
0.0827352000835
0.0170401609263
0.0657930592248
0.0748873447977
0.0869820168584
0.0622427969654
0.0173666325848
0.0860615115172
0.00807104844486
0.0377105821666
0.0226590361985
0.0834231665719
0.0676044275829
0.000966543610876
0.067409694533
0.0625576157588
0.129275572036
0.0812509009217
-0.0367893421149
0.0876450315677
0.0931548767731
0.122147750746
-0.014943811152
0.0519492065294
0.00174459492482
-0.0117526466683
0.106596756827
0.0119777477122
-0.0667495486773
0.00500678726322
-0.0101552309003
-0.00691482559859
0.0468952997926
0.000378127095406
0.0757974441083
0.0285829372155
0.00776827238651
0.0136439642023
-0.081934018922
0.0793601196471
-0.0232602412689
0.103361092324
0.048295076271
0.0286909329749
0.0787434706681
0.0395010670088
0.0130721068881
0.0417157794809
-0.0746792675886
0.0544111035502
0.0835373830903
0.0107424962051
0.0870009464351
0.0120906754961
0.0464157728242
-0.023178758173
0.10075813233
0.0473022984652
0.0504136037621
0.113794562174
0.0882878246858
0.0631137892856
0.0798983841603
0.0847755152252
-0.0179038592455
0.100175058716
0.00879891781286
0.0423366174927
-0.00779329817918
0.106932021427
0.0624961590429
0.0746649008592
0.027445746623
0.0423847521677
0.0534786162472
0.0427044955663
0.0420990951933
0.0247816451556
-0.00180733823437
-0.0379527153091
0.0405307672417
-0.0431303700712
0.0454090204284
0.0123933659783
0.0700731612297
0.075921497154
0.00289850595842
0.0458601565363
-0.021391537378
-0.0759511334764
0.115726963541
-0.0672608798979
0.0428900021541
-0.000928831829625
-0.0642364828907
-0.031192468563
0.00679794277748
0.0339951641484
0.0977504644468
0.0592148490803
0.0349473676081
0.00278614215347
0.094432603694
0.0545243247185
-0.0818450223389
-0.0330535878849
0.0594016249863
0.0179647051089
0.115255028563
0.0135787880501
0.129314592289
0.0299373729565
-0.00150724127941
0.0971225177047
0.0756425144765
-0.0418298926021
0.0997739137168
0.0457278662458
0.0333209527823
-0.0153230632503
0.0389372045224
0.073629740742
0.0681744481502
0.0909856015139
-0.0324827788633
0.0472147492476
0.0268606661208
0.0468032374579
-0.0303327249091
-0.0217223808158
-0.109143520196
-0.101251089537
0.0145372056251
0.0365496035972
-0.055544028424
0.0584317816273
0.00772574990953
-0.012497845246
0.138732762939
-0.057543531791
0.00674224968642
-0.0632789524525
0.107624478927
0.0362599913562
0.0297811523732
-0.0442982988845
-0.0653957480843
0.0408975528375
0.0715860372095
-0.0317199772679
0.0381957122954
0.00468593542115
-0.0060506887545
0.0989932027251
0.0108243590086
0.000567770898903
0.0945401846257
0.0472842504028
0.026491163183
0.107428310143
0.0788909047264
0.00821593725674
0.0458414799628
0.0730048603517
-0.048432009697
0.065765952009
0.0429410313339
-0.00334193549086
0.00547155343016
0.0171730120581
0.00351378368148
0.0135580056544
0.0443013039054
-0.00391626216056
-0.0270584584319
-0.0304817397598
0.0805444003977
0.043096863519
-0.00979821122099
-0.000495875721422
0.115743007589
-0.148017315813
-0.0205140495025
0.0819458389099
0.0764050982646
0.108416115758
0.128978307892
0.120032530696
0.021784859116
-0.011040529293
0.0539081695056
-0.00647077326746
-0.116145397975
0.061746357391
-0.0103888897098
0.0781843063449
-0.00245273462852
0.0607334571395
0.0646670791956
-0.0219933190721
0.00318734180773
0.0475376166474
0.0261547112046
-0.002478120491
0.11363303716
-0.0885215694424
0.0622905666068
0.0138759080193
-0.0246603433632
0.107049593279
-0.0271713314795
0.0537484603342
-0.011996466194
0.0586227243115
0.0571104031859
0.128138295961
0.0510420116654
0.0866907117945
0.0566350509008
0.0785694648065
0.0932307396009
0.0427403621883
0.0154179741874
0.0285931245427
0.0877180362287
0.0904863029844
0.0950027781514
-0.0278318726782
0.0182332138905
0.101577946544
-0.0337826389417
0.0232358412532
0.044570218107
0.108890370977
0.0467809415919
-0.014163767336
0.0888818540251
0.0965242912988
0.0547640516613
0.0339599826367
-0.00643798288265
0.053910075966
0.0602239906709
-0.0334936079911
0.0232544328681
0.0608272657042
0.0501668328188
-0.00344350252035
0.0407062863999
0.0167774817258
0.0998483398733
0.0114740871746
0.10179009121
-0.0432868063535
0.1182246268
-0.0615064603349
-0.00112852286878
-0.0112780630424
0.0583366840226
-0.116834370779
0.135097901279
0.00495173941744
0.0719803070052
0.0250944578192
0.0417975861935
0.0580325390364
0.0697758869874
0.0780084197192
-0.00362588263974
0.0483100343106
-0.0480297918921
0.0508096733085
0.0706183969621
0.0488832920284
-0.115460192539
0.0844451371486
0.0866474074967
-0.0634303826562
0.040088878776
0.0375750820259
0.00505221560281
-0.0236091767959
-0.0377574308226
0.0489358728006
0.0474072077875
0.0338916127844
0.0707123207653
0.0793037196396
0.0235558796795
0.0482433810903
0.118751986063
0.0297656765289
0.0687999306968
0.0367658124799
0.0868363915239
0.0241553948457
-0.132146983313
0.0708944479866
0.087271924146
0.0239336822881
-0.0614375618301
0.106804997733
0.0378637285325
0.103562912198
-0.013031372712
0.0738483674409
0.0398176162284
-0.0452991578821
0.098017168168
0.0563834217904
-0.0177046162471
0.0800662935292
0.123808408136
-0.00424215861531
0.0452474500619
0.0818698827666
-0.102787909683
-0.0842252925509
0.0285134508345
0.0814212646434
0.00575314512612
0.0033679584665
0.0616059394224
0.0779879094671
-0.0234197968608
0.051841549627
0.0618538183325
-0.125403036672
0.0887175071302
0.02768425564
0.048822040677
0.0860630603877
0.0192033271985
0.102913976122
0.00126804016004
0.0693994716394
-0.0366573705679
0.0419473230524
0.0184646894149
0.0563356043305
0.0530104019041
0.078797142415
0.0365288265249
-0.0264416196061
-0.0485846606247
0.0579318564829
0.0465356371186
0.138716859928
0.0354145772537
0.0119182051084
0.111668796103
0.0510654671949
-0.0343166460156
-0.0314342421424
0.0499665685721
-0.0101144336874
0.0774725632171
0.0580798539144
0.0313531886099
0.108611823568
0.0516537617437
0.0150457392745
0.0547302801331
0.0448019464902
0.0837642665308
0.0494600525028
0.0329224349514
0.135423423331
0.116730638262
0.0151831824656
0.0728239965434
0.0515885134303
0.123524397191
0.0143659093714
-0.0651487343247
0.000279306622424
0.119468891288
-0.0219031350588
0.00957309371258
0.0792605080851
0.0211225359479
0.110675532898
-0.0314646872123
0.0798513083095
-0.0031367852571
-0.102565448509
0.102303128287
-0.0552325215448
0.104701641566
-0.0250305494279
0.00382824619073
0.112555796059
0.0645035735146
-0.0643339851362
-0.00308537915754
0.0556118299273
0.0228596035189
-0.0259348519218
-0.0189227219831
0.0705473207333
-0.000569655652636
0.0250699967228
-0.040876930873
0.115109773483
0.0210715752978
0.0625165290098
0.0245104932557
0.127351106656
0.0429122959099
0.048059204401
-0.005448671341
0.114333590503
-0.00950726756879
0.0255316717756
-0.0393717472442
0.026079862496
0.136200770391
-0.0112313744547
0.0585891152221
0.0842943435366
0.0990773556444
0.111615998175
0.0423865856939
0.103921271135
0.0524059980628
0.00862955229131
0.00696133372558
0.0423985773942
-0.00278113256677
-0.00994872215314
0.079258069025
0.0795103028936
0.00249555201141
0.0284815886181
0.0136425355922
0.0789034660012
0.0600489506847
0.034599435731
0.0213257240761
0.0794869801982
-0.0417836082488
0.0244560682256
0.0680889646714
0.0567300385584
0.0763450389511
0.0415790579268
0.0558829900601
-0.0255168846165
0.10603091074
-0.0168893262731
-0.0546820782488
0.0744169743149
0.0243343567536
0.0231200760282
-0.00255747282386
-0.0538586631686
0.040705782886
0.114082268829
0.111133836256
-0.000410268654345
-0.107594577854
0.0402680459999
0.0836298751178
-0.0446850871354
0.0611576387797
0.0527864641645
0.0316029009839
0.0317799425365
0.0525380650086
0.0396918639277
0.0440914603161
-0.0602770018477
0.0731342756944
0.0715967131107
0.106982756933
0.0357693438825
0.101002840228
0.0723314187572
0.0475502966329
0.0618299060462
0.0415094235032
0.0644059865153
0.00334783163648
0.0532348795986
-0.00390351423857
0.0583220245936
-0.0588728089542
0.0162074251957
0.080729165064
0.0839807924449
0.101597036339
0.0312894082663
0.00555036610685
0.0587322161625
0.0483506309198
0.0429665604697
-0.0292879934493
0.0829101350458
0.00466655537966
0.00213400888828
0.0300131365487
-0.00911701805933
0.128808625185
0.0865930476884
0.070398661193
0.107841003033
0.0713262197839
0.0565622303889
0.0948626576087
0.0309652433063
0.109796009429
0.0294940827511
0.0830197643917
0.086533251492
0.00599720347715
0.0269432378496
-0.0378951093201
-0.0181624023098
0.0539441351892
0.0663780786459
0.00302076220949
0.0787703235024
0.113545158295
0.0105204994816
0.0400586272113
0.07136263882
-0.0141462697401
-0.0541127937748
0.0690184440613
-0.0417930249149
0.0151802661252
0.01759536984
0.104813236175
-0.0282854885927
0.0269904067399
0.093656872931
0.112464887652
-0.122935265529
0.0641110936113
0.0893497599498
0.0767317464877
-0.00637852060697
0.00116514809209
-0.00592496784348
-0.00677440961887
0.078287712917
0.0734375716378
0.0702933038052
0.0812272774029
-0.00945213540323
0.11851115819
0.00993001938766
0.0813796598372
0.0324167351436
-0.120104018337
0.0626558560601
0.00184573670602
0.0316553640975
0.10228677139
0.00697561957013
0.0186487689809
0.100410533944
0.101195852805
0.0102083015258
0.071285585099
0.0778138302707
-0.033818848859
0.095539792979
0.0488534024438
-0.037456681905
0.0539589829594
0.0598681035976
0.110547779369
0.0749153345071
-0.00608658995869
0.0169214334017
0.0234623031385
0.133785453187
-0.0654660611279
0.0932072812497
0.00696828707765
0.0367271477747
0.0865293927519
-0.0513485905648
0.0944336160564
0.0272431989891
0.0295045885653
0.0254658205493
0.0395985394487
0.117231845781
0.0114166631324
0.120096954865
0.00774847879573
-0.0276736806745
0.0788532779605
-0.0333898281569
-0.000455731015171
-0.0116135699912
0.0735132019222
-0.0258524666018
0.112261764343
0.0137078953096
0.112447580131
0.0904499954663
-0.0145736705213
0.0200537180448
0.00548377434968
-0.0218599580344
-0.0271738050114
-0.0155163076295
0.00569011689761
0.0411233154488
0.134021041923
-0.071609961507
0.0503756395925
-0.00348185080836
-0.037521107346
0.086254673183
0.0527609170632
0.0258998751231
0.111075338987
-0.0336152027873
0.0903035812312
-0.0250402249055
-0.0374363188213
0.0646735718521
0.123701115126
0.042527375994
0.0296539867799
0.0802977668782
0.0786944073774
-0.0315190505112
-0.0957650079203
0.0156927146496
0.0227488881417
0.0547711220347
0.13244342904
0.0178919810476
0.0349610786847
0.0327276856189
0.0563478899742
0.0725214561421
0.0424951296753
0.061019600239
0.0507818101327
-0.0278303886788
0.0745107568221
0.0989470163436
0.00741537984176
0.0259347007917
-0.0137200595098
0.0759010067883
0.041321369859
0.126168972937
-0.0158374103763
0.0137353744679
0.00569048461581
0.0499450007792
0.0545003363628
0.0214225679371
-0.0196859676687
0.0661367030677
0.0974356262939
0.0195708179769
0.117150664833
-0.0104891844036
0.0434650909968
0.0805325933395
0.0669095803111
0.112317242557
0.0242515379913
0.066603551323
0.0868021796363
0.0650462525916
0.102370226082
0.0258672187372
0.0902647047407
-0.00189130810138
0.114861089326
0.0630811784669
0.00376997171523
0.031159876658
0.0768590598684
0.0603534946653
0.0200535567319
0.0411554313008
0.0692469851425
0.0961023905281
0.0167983057349
0.0263342557167
0.0709975306997
0.0214711333231
0.0330762471062
-0.0295870978111
0.0556714957373
0.0793617985794
0.0569855169258
0.0431741651148
0.114578702889
-0.01272601464
0.0297325765246
-0.023938372468
0.0955335572299
0.0206614874339
0.01291076644
0.027553217336
0.0749130929491
0.00218095034987
0.0347641991164
0.0580899831928
-0.0118582405801
0.116619144745
0.00387983605967
0.118221675743
0.0883655962893
0.0778450185259
-0.00600412513239
-0.0259886425837
0.082053782874
-0.0441592617023
0.0994363972698
0.120733661184
0.010661655461
0.047164065748
0.0786733898386
0.0427442638405
0.058271699952
0.0349250814631
0.0348914506244
0.0701016185063
0.0416747554208
0.101652525464
0.017125664614
-0.00146546601518
0.0529109364266
0.0108001261394
0.0474411336754
0.0354977430896
0.0170962098107
0.0905774501252
0.0781209954292
0.0721718506254
0.068815315164
0.0557786893282
0.026349569663
0.0765370421701
0.127097587429
0.0385203253235
0.0823506381567
0.0428449832641
-0.0122440331041
-0.0120364742253
0.0669020861972
-0.0140545337903
0.0474018072704
-0.00556396433786
0.00511108509717
-0.0752026359236
0.000822159171174
0.0363096547599
-0.0317558663564
0.0238389450827
0.12185847116
0.0763287287826
0.115141558179
0.0452753917735
0.0728259852258
0.0709195302408
0.0665285478839
-0.0497432403942
0.0231404559762
0.0770649633368
0.0261602806758
0.00497296679533
0.022629052901
0.0264898895446
-0.0168222388448
-0.0112728870224
-0.106589121551
0.0467471262977
0.0251959906388
0.0423488316882
0.0389263493071
-0.00370088566884
-0.0182701958178
-0.10353652289
0.0561661651201
0.0518965546893
-0.00595512970397
0.0255356644528
0.120745874992
0.0650288035164
-0.0253638752985
0.00903542311515
0.0983135597603
-0.0190304196505
-0.0600494592059
0.000906396075957
0.0450652100423
0.0284538930235
0.0968789662892
-0.0032418934841
-0.0429354070164
-0.0033297568463
0.0994990264598
-0.0357163836644
0.0735928745026
0.0635181132919
0.0702063587802
0.0768152099401
0.0488733115705
0.0510887257343
0.0722965884197
0.0238601745379
0.0152622491824
-0.0636041371569
0.0441057078116
0.0574844408365
-0.0305241950204
0.0728255146463
-0.0803229428931
0.00399692625791
-0.000911867477417
-0.014671177153
0.0197096542928
0.0738481408967
0.0669752060057
0.0291368446743
-0.0437965789818
-0.00976178419854
0.108722070437
0.103934430577
0.0855920019458
0.121342639589
0.0284215763448
0.0629370319602
0.0717948026989
0.0591250973105
0.00989221486616
0.0230363474646
0.0788765328664
0.121702167661
-0.00116364964355
0.00871311607735
0.128831344377
-0.0293384798099
0.0664445522383
0.107174379333
0.0361312097833
0.0396287543869
0.0230201468144
0.0163187081465
-0.0397399382084
0.067649015876
-0.0607004893527
0.0581972590368
0.120009044054
0.0546647717951
0.0266409261052
0.11493590861
-0.0196904229875
-0.0231997828984
0.0565679863453
-0.0457913862683
0.093287048755
0.111108265063
-0.0310003940079
0.0191940071455
0.0356014000263
0.00607753660204
-0.00423376892425
-0.0660032839014
0.0339665120415
-0.000993460610856
0.0422457745336
0.0979802129362
0.0321399291069
0.0591875834282
-0.00674635806387
0.0271128134688
-0.0296391494675
0.0878696742142
0.0756718578651
0.0833895964465
-0.0743501089224
0.0829150843692
0.111023973601
0.115706126266
-0.0239214206344
0.0462074885705
0.0673818831464
0.127768738128
0.0675868739127
-0.0319403592346
0.0832573785341
0.0289476612703
0.032123159094
-0.0361440918258
0.087746940165
0.125748706671
-0.0320952388363
0.0674823466664
0.0595837934175
0.0233981234775
0.0430560089878
0.109730575373
0.0950562189916
0.0349491324043
-0.103845262192
0.000393508987112
-0.095061105468
0.0545362843477
0.0329949599248
-0.107846361868
0.0236811840376
-0.000500179288454
-0.0461309459549
0.0862812998495
0.0490359313309
-0.104394026562
-0.120012346998
-0.00852396248864
-0.0111300727028
0.022458397741
-0.019291258624
0.0597110756852
0.0611378421096
0.0848241380267
0.0904104212738
0.0841631466438
0.0727738642262
-0.0153323955549
0.121077819016
0.103737043481
-0.0161191469468
0.0710973407566
0.0792423681768
-0.000939949831015
0.0172168628354
0.0331976110531
0.0134441898158
0.0570364716505
-0.0928905297054
0.0224276681433
-0.00605993169472
-0.0660821804385
0.0452414127585
0.105929169172
0.0287297387417
-0.0279128979979
0.0376789788912
0.0286614193098
-0.0257006983897
0.0132388716768
-0.000431491769164
0.132222496593
-0.0052546412701
0.0178073688579
0.0437523172472
0.0804688293925
0.0998882614956
-0.0250001373057
0.0212214305551
0.05655627219
-0.022282343761
0.137146633323
0.0556363655847
-0.05245309264
0.00843736592575
-0.0206094490987
0.129597905849
-0.0412386282305
0.050727574859
-0.0216737936803
0.100226583289
0.0366301942553
0.0957171520931
0.0289715448938
0.00925734546714
0.0248255821323
0.0500692810917
0.0901127747383
-0.0106562379253
0.0216777225702
-0.0600645595862
0.0935594077931
0.0802511642691
0.114127665649
-0.0655450497815
0.0503255887778
-0.029535207313
0.0426185255273
0.067682448932
0.106457195443
0.0226708275254
-0.00256882061758
0.0860670652409
-0.0583572791349
0.0401689495927
0.0664448092349
0.0949685536528
-0.0287187908727
0.0723175514147
0.0770862657185
0.0402479953952
0.0393168054405
0.00836488055073
-0.0642912637787
0.0552828393562
0.0439995335763
-0.0155841904975
0.0213499465798
0.0546861745638
0.0616442391838
-0.0181352317471
0.0218653924928
0.056099848848
0.0282646184427
0.0274215576957
-0.0826703981681
0.0236774237032
-0.0489754944117
0.0568884360914
0.0783560225854
0.0586009124876
0.01978280864
0.0588605939438
0.0182143239122
0.0705453400678
0.0664272694023
0.0462831612215
0.121240908305
0.0809587358574
0.035575942998
0.049129234801
-0.0131951575981
0.0142497647769
-0.0138166794352
-0.0441283927202
0.010313357202
0.00649615040048
-0.00532093998268
0.0298572824924
0.0738183800761
-0.051066324738
0.027463957129
-0.109104873887
0.0485066393693
0.119518453102
-0.0738153449061
0.128058007432
0.100682430759
0.0346991866799
0.0377495467951
-0.0980986385957
0.0152089713349
0.084422695493
0.0401117484134
0.121228441327
0.0297528938216
0.0999215644637
0.0144277845801
0.0804605872296
0.00201274857312
-0.0739342447081
0.0505899150592
0.0636910647922
0.031357531364
-0.0188874566948
0.0129456817504
0.119909164194
-0.0165781604966
0.0536215849688
0.0824990443291
-0.00105404898236
-0.00271372079717
0.0367186565736
-0.00754090419248
0.0941541414735
-0.0535474009661
0.0178876993883
0.0792129219588
0.0436980682087
0.069121489529
0.0423129768633
0.0764040459419
0.101272234227
0.0125881931137
0.0839111820428
-0.0659184367143
0.0478698886904
0.0884405517603
0.0685677769161
-0.0148648579807
0.0429161439205
0.0380256557239
0.0369958836409
-0.0135022764651
0.0107691663084
-0.0429875455255
0.0625751530109
0.0709905483911
-0.0828988109847
0.0299374942999
0.067613788487
0.00424325067032
0.0269591689641
0.109678551239
0.0627391438642
0.10666772761
-0.0365504715297
-0.000561882670524
-0.00471880097216
0.0476935770841
0.0784470437613
0.0556545044979
0.02524198091
0.0427655610648
0.12233361669
0.0906537659711
0.0564834741936
0.0355586563078
0.0580520455147
0.09187588124
-0.0253060960676
-0.0138010415399
0.0303774795936
-0.0576862346842
-0.0388631061332
0.103262872101
0.0453377489239
-0.109059440847
0.026291862552
-0.0369998617849
0.0625581512531
0.00518888001201
0.0679499976825
0.0245179359696
-0.0141705965096
-0.0294931035984
0.0351984794929
0.0841700185642
0.0495705422205
-0.051288648291
0.00100339883401
0.0410290658319
-0.0631284612003
0.0821449173307
0.0399570148106
-0.0339362981314
-0.00277793826892
0.0461913821965
-0.0661251333093
0.0693873595164
-0.00819285960416
-0.172298134484
0.0306978266046
0.00191747837018
0.135718941717
0.075809461388
0.130228679559
0.0319164218634
-0.0817920433185
0.0427819352591
-0.0187216056708
0.0488768289484
0.039283792397
0.0470165659423
0.0474058064821
0.0110115211336
0.0601026525167
0.118310022403
0.0331987130732
0.0813068221241
0.133235315715
0.065908404376
0.110498601697
0.0826448981565
0.0843910020081
0.0687392696489
0.0781157716658
0.0718257929092
-0.016939134778
-0.0184372835758
0.0336587240029
0.0180954785616
0.0239139901001
0.112272837757
-0.025689334755
0.00501989463744
-0.0912674230741
0.0564307116252
-0.00121396384368
-0.012583529363
0.0414114662678
-0.0565734802732
-0.0121618847508
0.0372340796495
0.0112186679412
0.090507075785
0.0786818967712
-0.0360990980649
-0.000364596245737
0.103415595863
0.0468178549534
0.0546473428785
0.0392527362785
0.0500635904554
-0.0558423353676
0.0830868769572
-0.0446675799608
-0.00861011748749
0.048811867728
0.067985257718
0.110482848868
0.0275487263958
-0.0503937020323
0.131625084265
0.0253640263391
0.0782653988933
0.0652684626219
0.120017897393
0.127376781228
0.128401557412
-0.0556933812098
0.0745508564688
0.0865587152378
0.0326370306891
-0.0358310048446
0.0532094305967
-0.0524458237752
0.0320418944089
-0.0300678457212
0.0274454257586
0.08706270245
0.0544841397474
0.0262770836688
-0.00610785753627
0.0108817320841
-0.0875944803184
0.0284141859796
0.13542004819
-0.0351292755264
0.119129753814
0.0434473914611
0.0519897539714
-0.0196250095264
0.135377909761
0.0593224688375
-0.0243943394136
0.0630469473063
0.00412136256323
0.0106943075154
0.0440667193307
0.00459102503361
0.00672297922413
-0.0598190368157
-0.0387461109538
-0.00324413756703
0.0269212028365
0.0534700880955
0.0726577803572
0.0180743491343
0.0760859243408
0.0971746058135
0.0557509361007
0.0194007325897
0.0311420537613
0.0457332276679
-0.00548990588083
-0.0190519064131
0.0503917137627
-0.115810092475
-0.0202699080156
0.0419635560081
0.0627606047697
-0.00780008774385
0.0401252258896
-0.0618477875864
0.0286812433761
0.118179656116
0.00854953725031
0.015030636466
0.0109803035559
0.0466814565339
0.0767590432636
0.0932153252357
0.0417625607804
0.0266286254352
0.0674957323868
0.00313875835388
0.0520025950471
-0.00991515515152
-0.0652486623551
0.056549746828
0.0952579889171
0.031840472761
0.0695529882192
0.00465180683204
0.0703232475416
0.0320397409087
-0.0909806835946
0.0312760189758
-0.0472992429197
-0.00693906927158
0.0886296866889
0.0584503586434
-0.0117141236786
0.0381511912543
0.0584415397682
0.0553870191652
0.0051578579865
0.0207473936636
0.0487405325092
0.0239118017902
0.128325563293
0.086398245265
0.0325793344093
-0.0177028949259
-0.00230117823046
0.0652603048781
0.0504523834444
0.0778928030657
0.10278863998
0.0253112078031
-0.0235919575692
0.048070353868
0.101748795602
0.0610023408213
0.0598886986941
0.0128942322443
0.0610123847369
0.0452000001806
0.0152891433805
0.0726388076431
0.00334344510497
0.0480457319574
0.0886015177559
-0.0106761458626
0.00187250451929
0.0388030294398
-0.0226475038913
0.0638703714568
0.0247746874067
0.0708950407989
0.118889345027
-0.0699168215931
-0.0537808563744
0.0770503032586
0.0772458352095
0.0313165327831
0.0229535659175
0.0646789882608
-0.00930704588401
0.045302728145
0.115635961639
0.0730468657933
0.0330088755899
-0.00582629122979
-0.00540451194419
0.0821015225955
-0.00896140504779
0.114897754386
0.0708699118942
0.0382828524189
0.0302535983364
0.0348415619538
0.0116524046045
-0.0608754210142
0.102572536022
0.097130840992
0.0654282300939
0.0545235839535
0.0711291439388
0.0692607938361
-0.034814985219
0.0181826715946
0.111391736768
0.0793685018509
-0.0218559382449
-0.0104869877647
-0.0453893757792
0.0421841837744
0.0708808886444
0.130095404295
0.0888283376254
0.0291336540405
0.0543142404012
0.108860546853
0.0555033888758
0.0535364826353
0.0159249605454
0.0787966197349
0.0692542731364
0.0713035635659
-0.0219370324316
0.110258186319
-0.0436672400003
0.0419505065423
-0.0514056421193
0.0423568434161
0.0578943878419
-0.0118642170639
0.0819445254536
0.118617163015
0.095233078632
0.100311829697
0.0216122808513
0.0605010421487
0.145467081225
0.0886707318584
0.0719712574887
0.0272969365417
-0.0677197461751
0.00701768252601
-0.0158163026744
-0.0452444109875
0.106587208606
0.0478309919727
0.0743161122048
-0.0344008951038
0.0149525318178
0.0611011220811
0.0292887043894
0.101605236776
-0.0113380202572
0.0579464443754
0.0166599721518
-0.0134907957338
-0.0112116190662
0.091417650421
-0.00305551966338
0.0257026786922
0.0681339246294
0.060527359769
-0.0316129249424
-0.0403361773881
0.0647044269767
0.0489590721946
0.0675632142832
0.0935641187224
-0.0409251547999
0.0963103863652
0.0563991213024
0.101179403539
-0.0549106936348
0.0808431817927
0.106038344226
0.0818345651013
0.131772059625
0.0972700644742
0.0276354896938
0.0260327656088
0.0441210601247
0.006002618754
-0.0655234573681
0.0448770166681
0.0938366293923
0.114763462428
0.000625670124777
0.0401717561878
0.101776568608
0.109090041572
0.00937709411958
-0.0534635616808
-0.00779752050079
0.0899973247246
-0.0793605681964
0.0956641396885
0.0299693416061
0.0955505843419
-0.000786491648235
0.0373544405252
0.0374263972071
0.02590084836
0.052781419019
0.00604944641729
0.100308791741
0.000258836379041
-0.0385693483367
0.086638415063
0.0602707095561
0.0265063061044
0.082543295271
0.0785147572553
-0.00851814042534
0.0193502459769
0.135180794382
0.0166912587667
-0.0230501886543
-0.00302527958093
0.0926994591634
0.029432170992
0.0644377151532
0.0460849066891
0.0119986170261
0.034310860026
0.0572311447344
0.0116878019744
0.0596373947106
-0.0607856164588
0.104045957572
0.0409562893429
-0.0219973029694
0.0256252455438
0.104705535297
0.0542043474865
0.016403673416
0.00486816259996
0.0880129078951
0.0239510602399
0.0430744791989
0.0829898128325
0.0578113660317
0.0975394684438
0.0442570612538
0.0189856443498
0.0156311546843
0.0257026765003
0.0170986572109
-0.0852993271868
0.115081014213
0.0463639453072
0.0289425252052
0.0799202103354
0.0512678933066
0.0909618002298
-0.00270744499089
0.103284959356
0.080601352691
0.0788173463523
-0.0583367862476
0.122092212964
-0.0121920907347
0.0831880793268
0.0869482941951
0.0155529193079
0.0625105235032
0.139147327046
-0.0315445595712
-0.0378016609488
0.0993693303856
-0.00872918002224
0.0451933867916
-0.0469407896246
0.0123522186506
0.0730842982841
0.0343559580932
0.0167926874494
0.0299321659184
0.0646761846863
-0.0701413999458
-0.068389628481
-0.0154534307959
-0.0311423134337
0.0187005138618
0.00738346677893
0.0415419405656
-0.00515828985322
0.0881006066671
0.120829994045
0.0633057592542
0.101291151659
0.0190072552641
0.126132628379
0.0528599425893
-0.0584798388579
0.0396504949838
-0.0935226830309
0.00126348878895
-0.0120635153275
0.118394262203
0.0969038085278
0.0385577002254
0.0378698545815
-9.24880852198e-05
-0.0882483255513
0.0064309953822
-0.0724606152604
0.0576405444558
0.0765233874913
0.0851267392802
-0.0555047025351
0.111786405107
-0.0084697562702
0.121673823779
0.100715026767
0.0468059367815
0.0848172290799
-0.0243812492096
0.054542925534
0.00793254878359
0.0619765004567
0.141824829856
0.0367745253954
-0.0125276280511
0.124547580927
-0.00299950036246
0.0245297264709
-0.0501031149891
0.111595253087
0.0641549140568
0.0344973287754
0.00980565152585
0.118312241179
0.00454233778629
0.0618558023189
0.128614292754
0.098722366836
-0.0348720121965
0.115486002578
-0.0765186990978
0.108023456872
0.0219763004998
0.0431258005777
0.0753016234347
-0.0731787260147
-0.032568502069
0.0312839763601
0.0613446502393
-0.0640330041378
0.0448395703528
0.00578785971632
0.0493796667946
0.0810010738275
0.120748732458
0.0811104471827
0.00543227253136
0.0787413148121
-0.01978630223
0.105117193962
0.10659534069
0.031891051259
-0.00148880668403
0.0409648225509
0.0181599032393
-0.0544443466262
-0.00463131866649
0.0694751028527
0.0453907179916
0.0102499891959
-0.0504038606769
0.0622108044226
0.00655371321898
0.116689098135
-0.0993189226544
0.031206093181
0.0742106968869
0.0500194594658
-0.0021096226381
-0.0025080633678
-0.0425667904352
0.0384370422468
-0.0480427603722
-0.0481933016023
0.0286156073076
0.0449403381622
0.0803615198997
0.0933762292298
-0.03737068318
0.0302736345659
-0.022055676894
0.00117917858145
-0.0646694789054
-0.0338459757069
-0.0688203991177
0.0492488676291
0.0133176999438
-0.0194671283113
0.0317932625113
0.0893459580297
0.103003708511
0.0221261923303
0.0896291046853
0.0031748732178
0.0142211899243
0.0499573285135
0.0963391644539
0.126172750141
-0.0402871761757
-0.0518676716962
0.061835187981
0.082692570452
0.102952628572
-0.0681745382139
0.00231586982922
-0.00563991492831
0.117836138632
0.0217886696447
0.11194132796
0.00917249913454
0.0613855196196
0.0223925673008
-0.00388035693952
0.088422437927
-0.0245205229945
-0.0537367843971
-0.0111140856203
0.0874476552832
0.0760795101809
0.0569018539552
0.0309143402592
0.0981959480333
0.00542486836047
-0.0156104937016
0.0501325579498
0.00375398814882
-0.000557928631969
0.0734804339336
0.111146893279
0.0401709554921
0.0753686074711
0.0392325832937
0.0320840075309
0.0223069048077
0.0762514484999
-0.0141627469636
0.0715382630019
-0.0856437372421
-0.0352716048539
0.0194354406966
0.0950593770724
0.100101533357
-0.0326542986545
0.0854358158329
0.0262475499984
-0.0210001421206
0.0363963650647
-0.058965913472
0.101456800373
0.0318788005019
-0.00189089702152
0.133261399759
0.0786880874737
0.0661010034889
0.10326876624
0.0436982482993
0.040644712582
-0.0489309566831
0.11401345098
0.0594159851629
0.112213947782
0.0659045530944
0.0348736649225
-0.0169431059709
0.0425371118773
0.0675052617348
0.0842650433967
-0.0130367079965
-0.0335752605332
0.0531150837834
0.00197908840982
0.0353391840087
0.0691443927418
0.0301459087957
0.0158097027993
0.050884069155
0.0901731822134
0.0909955424302
0.00124624172945
0.0931646789323
0.0210623658407
-0.0165885106818
-0.0312141326238
-0.0149812651208
0.0287342179287
0.0827638285985
0.0165306780792
0.10458698754
0.0473401085823
0.0436100716284
0.0445194459644
0.0125073311603
0.0138293962646
-0.017590628593
0.0465557026572
0.048632691918
0.0874217702721
-0.00148568714029
0.0701042388493
-0.0258982220768
0.0776273700414
-0.0108953205442
-0.00212504075428
0.0808669375774
0.00168360797445
0.0740073289337
-0.00237921983388
-0.00190661975817
-0.0363081459121
0.0863639699377
0.027777967977
0.06047858164
0.0578699815847
0.0276462487361
0.0291573737151
0.064433268812
0.00817977676272
0.0734473279424
0.0407801756507
0.0633082047346
-0.0475087686781
0.0449569755782
-0.0305085685378
-0.00431423564186
0.029549046376
0.0627023862287
0.000242006437211
0.124194678616
0.106725272994
-0.0346357116714
0.0405142106349
0.0588329121851
0.0539984409656
-0.0922611890378
0.00410873793096
0.0826057336227
0.00609848986245
0.0105203816674
0.0893745715584
0.0104583382738
0.107898850229
0.057560470234
0.0686470392606
0.0881398464578
0.0941361689846
0.0183371172274
0.0893345087261
0.0681365612246
0.103253571888
0.0715314942169
0.105260291572
0.0438295425248
0.0202405832247
0.0323947502606
0.12921287259
0.0868728529848
-0.0823162386937
0.0192843711656
-0.0394621338138
-0.0716537445905
-0.149572284594
0.037090661776
0.0391302230581
0.0455187485594
-0.0652451946342
-0.00655473732003
0.073334196365
0.0760093964328
-0.00298894578828
0.004760305271
-0.0543526515996
0.0613436985106
0.073034175677
0.00120554305591
0.0810878328848
0.054567011158
-0.0473692268191
0.03991473038
0.0447489695166
-0.0169737691104
0.0547598717359
0.0612613722989
0.0280482496827
0.0757434557991
-0.00879937991061
0.00893535972709
0.00942065531897
0.00387994636148
0.00242918972264
0.0895176900883
0.0232067533069
-0.0126134755489
-0.0276409910244
-0.0728702945417
0.0202001859008
0.0321475852009
-0.0216511877218
-0.00971042390391
0.112984895855
0.0963590335306
0.0647116622421
0.0839721713906
0.0891651622005
0.0972645811908
0.0756815949187
0.0298284263289
0.00637996937858
-0.0258173016484
-0.0480439322738
