-0.0289669782075
-0.0690804539317
0.113235919036
0.0289776919638
0.088515854643
0.0841667908716
0.106133438412
0.0157895177468
-0.0114845475942
0.105463097714
0.066519480571
0.0793159272657
0.100720916252
0.0420058858647
0.136879783623
0.0750474795441
0.102618140804
0.0534110507668
0.0196081638254
0.093033349677
0.00821332389683
0.0792607708308
0.0679321492914
-0.0475146487088
0.0146776758733
-0.0515813473016
0.0799444960159
0.024267812697
0.0982346600055
0.0182063941012
0.0285594296169
0.089997217089
0.02434108987
0.0097235532508
0.0417885090699
0.0423000471976
-0.0877317744401
0.00175229524437
0.0702280784771
0.0903345363541
0.0495956879594
0.0059152371898
0.0810152657784
0.0401570843942
0.0423864721475
-0.0793301891567
0.0713106145492
0.119150817981
0.0911239356225
0.0722325628864
0.0258920830283
0.00345958460133
0.0612410444531
0.0221835307365
0.00841887511379
0.0303793737192
0.0546108859687
0.0710724306435
0.00765831992164
0.13369017644
-0.00463757884246
-0.0681066733619
-0.07389110178
0.0487919386325
0.020099023245
0.00416115827865
0.0298456186175
0.0836409824536
0.0373084300381
0.120777775529
0.0414204585624
0.0491179540641
-0.0376779686758
0.0335946894803
-0.0558058179645
-0.0400342808191
0.037850106477
0.0520572489704
0.0520675491248
0.0668254368483
0.0717046904925
0.0896882908603
-0.0718988814135
0.0123546895395
-0.00442727399747
0.000684912943028
0.0117000966303
0.0559976554396
0.0851111481542
0.124761517917
-0.0262466936003
0.0417790014064
0.0332945002031
0.0562188048799
-0.0104709342552
0.0783483724425
0.1170969923
0.0648914336063
0.0959122316867
0.0659959025067
0.0417750326907
0.0584771824039
0.029538716303
0.0193101664348
0.112006770986
0.0816162435855
0.0473757191927
0.0298366014581
0.0522009531105
0.000137350384463
0.0290658425441
0.0313534019641
-0.0451815353029
0.0332023761279
0.107587159286
0.132789045576
0.0843414012384
-0.0515516839174
0.0148128721354
0.13677456503
0.0756801134376
0.0530090206356
0.0727345875601
0.0587636338624
-0.038401087513
0.0562578073954
0.0809665295373
-0.028844875837
0.0520378365019
0.0176621725582
0.0904176306543
-0.046163184959
0.0219954975854
0.0577930732031
0.0320314463008
0.0190273747099
-0.0210088020306
0.0267072103962
-0.0209477297681
0.0718871843657
0.028936224262
0.0224238409577
0.0501315617154
-0.0306576170628
-0.0282808732554
0.0450539670591
0.0390449238995
0.0292277545354
0.0597658616744
0.0761634989137
0.0830378683697
-0.0215988101479
0.0363938158584
0.0642362255009
0.0228908726751
0.0669900187027
0.088521308569
-0.0770284198837
0.0118242110552
0.0025722669854
0.0513545909189
-0.0106112315667
0.0907005669763
0.0622377170024
0.0707555497292
0.0180859082308
0.0589658338688
-0.039497516824
0.0658280981319
0.0182859751234
0.141308409659
0.0860527544816
0.0706317280398
0.0937769676076
-0.0336777848853
0.0265893458514
-0.0113853720907
0.050391663445
0.0201301468008
0.0725538504292
0.00224106039558
0.0426008570024
-0.00390507935776
0.107598196809
0.0401195842888
0.00711092987776
0.0950289573975
-0.0117870494477
-0.0119817503368
0.0493267090422
0.104842641139
-0.0136964172393
-0.0258884413408
0.0446417983507
0.0765866420396
0.0274089478885
0.118164442272
0.0078703492691
0.0370794164451
0.0103089135209
0.1077359932
-0.0439044427398
-0.0199875590339
0.0274815769878
0.0695174698013
0.0640166383131
0.0408143192687
0.114403137949
-0.060776197813
0.0717549500934
0.0851013093577
0.0969771100777
0.0185642402702
0.0134417325223
0.135308185415
0.0202137127755
0.0818935246477
-0.000695573513101
-0.0131799952526
0.133366607703
0.00990702763383
0.0561771723977
0.0568720215801
-0.00141761920661
0.0294047375993
0.0148873641524
0.0545474428516
-0.000796664612674
0.0914343954233
0.00543357182678
-0.039584542439
0.101728197966
0.116031301255
0.0796480044703
-0.00344082248304
0.0150262681708
0.00537252008058
0.0648034441228
0.0640846866513
0.00376299302775
0.110553445757
0.0117766266956
0.108018118455
0.0493364251702
0.0729356883461
0.0160469422365
0.126395097671
0.0278048545737
-0.0514927908228
0.0256901073201
0.104769304909
0.0572276410409
-0.0490977914734
0.1138299351
-0.073687334192
0.100594661909
0.0331555865146
0.109991771899
0.0852696322859
0.0899594963313
0.0295605440649
0.0492864560741
-0.0056980184942
0.0333153366806
0.060946039026
-0.0370946790414
-0.0476768819262
-0.0436533105733
0.0317170158972
0.0624306792435
0.060227950584
0.0987928216073
-0.0247036814295
0.0604015160948
0.0696575801042
0.0936070307064
0.0964278582317
-0.0391536042635
-0.0631565914663
-0.0116280113671
-0.00756932980326
0.0501050283254
-0.049735766187
0.0590825412303
0.0761962749754
-0.0124218562261
0.0148355322691
0.0626764861827
0.0290301867917
-0.000442838188312
0.105837042253
0.0762713583327
0.03350352666
0.0817597964104
0.123161780531
0.0177703443689
0.0293455150311
0.0240474228591
0.042998398132
0.117195367237
-0.0125239635111
0.0986553666179
0.0809051785018
0.105265318077
0.0900322633953
0.0790397446521
0.126095200216
0.0246786849691
0.0952352159752
0.0545038064249
0.0451071465073
0.0933998523477
0.130649397995
-0.0492542531262
0.0779320307583
0.0418465849369
0.0516476160696
-0.0228111970472
0.0967462454005
0.113188717585
0.0911696664695
0.0957611639953
0.00913971088216
-0.0553072329985
0.0126946968969
-0.0087494577403
0.0460263614329
0.0803465728198
0.0299304428783
0.00378675141564
0.0209942889964
0.0215209242226
-0.00300519340604
0.0732888452835
-0.00125966526812
0.0537280219934
0.0954538737424
0.0867503863168
-0.0195434038708
-0.0126241585171
0.0984807328503
0.000403691475097
0.0454160790282
0.0101078688621
0.0468556740867
0.0683661117884
0.0425687610776
0.112787388025
0.0368797490303
0.092166403075
0.0357879323309
-0.0212911678675
-0.00774860255221
0.0927628690325
-0.0283341265099
0.0104262551197
0.0895457244912
0.0413847657345
0.0440059192348
-0.0973459018505
0.00965064545548
0.0045720213314
0.0998098699215
0.0999251243739
0.0748181391786
0.131939305191
0.0339032236141
0.0404550613537
0.0716109279821
0.0687051527763
0.0320047797051
0.0348317410298
0.0399099235845
0.00892117470375
0.0562634200121
0.0317168673701
0.0510131408024
0.072183597604
-0.0633140854009
0.0931961000085
0.0614675500466
0.0469369380833
0.0217944744002
0.103867859062
0.0290673818827
0.0269546161096
0.076912995541
0.114511475828
-0.0142965319861
0.050744128891
0.0913047480183
0.0205584861011
0.0535136594378
0.000757471693948
0.0312435721853
0.113367123192
0.0106813770384
0.12025597694
0.00773858377277
0.0882454386544
0.0707152855124
0.06196403416
-0.027582045671
0.00411991977672
0.0249735386499
0.122088976262
-0.0063631666038
-0.0283670152415
0.00444998877745
0.0624612980942
0.079364154666
-0.0657693090655
0.105234115018
0.0282822523815
-0.00498968970962
-0.0757692847776
0.0905573441001
0.0389656493978
0.120215239063
0.1249197921
0.0342237304839
0.0912576725012
-0.00128799118989
0.0553531610472
0.00293300986173
0.0772380057286
0.0563409374402
-0.0132839491398
-0.0567925362188
-0.0072207710546
0.0248949229094
-0.0349271869859
0.0265428726695
0.00687336336462
0.0215614753396
0.0135990420735
0.139071757559
0.0578726993728
0.0282390612117
-0.0369526720902
0.0576527422055
-0.0604566452271
0.103657540973
-0.109461570888
0.123429221596
-0.0176737488989
-0.00104497349752
0.0780566713615
0.0210059332971
0.0764931632674
-0.0937575209758
0.052127719117
0.00899317721308
0.0404148338459
0.142450961849
0.0935818829403
0.0488897323589
0.0177363768765
0.00559025884136
0.0124060895523
0.0598591453983
0.0460273446902
-0.0620121944636
0.114812461362
0.030582119303
0.0477276996609
-0.0124260895902
-0.0773141677276
0.0839914089495
0.125163927028
-0.025560070951
0.0180446750607
0.0630545544166
0.101879135913
0.0265959852258
-0.0233622521499
0.0479386721358
-0.0192653010717
0.00999722972239
0.0843882056279
0.0489754327814
0.0423313651609
0.0499429412741
0.0767890592537
-0.0276684829134
0.00708102931085
0.0194678206601
-0.00778693770422
0.0681142789022
0.018875910623
0.05493697981
0.0816960002869
-0.0905494617565
0.0231662768017
-0.026054831869
0.00527537707984
0.0697296184303
0.0650716048464
0.0976872705851
0.0803341249229
0.0560992730065
0.0563060439617
-0.233679137856
-0.01446458424
0.0364194161859
0.0332840817661
0.0546540598686
0.0847532026352
0.000207053434061
0.00617021004993
0.0551758926149
-0.00149191894926
0.103239418614
0.0611384183662
0.0745512257417
0.107119438913
0.0210282730909
0.0662926497494
-0.0387893937148
0.000202540537952
0.0491964854009
0.0671099092416
0.0336214297753
0.0669003468257
0.0680034807114
0.0511154132002
0.0140207743482
0.0435617327925
0.05446645867
-0.00167816650991
0.121151263473
0.0181503516807
0.106548887861
0.033001993399
0.105758599038
-0.026402741468
-0.0272165525907
0.0456055011943
0.0460879150109
-0.0117665439805
0.11742402068
-0.00800227097043
0.0392953816656
0.114438883365
0.00770901010921
-0.0880378639926
0.0299898178165
0.0213809124946
0.0045136225825
0.049454348321
0.0330986717868
0.0545153631596
0.0672304100212
0.136515684299
0.0246108818324
-0.0433990610465
-0.0247603015159
0.0131570957481
0.0433034373308
-0.0692149621796
-0.0267795162591
0.0494464523038
0.0937268870811
-0.0401661168211
-0.00917321708749
-0.0231395997989
0.0796312360653
0.0166627403061
-0.029024169984
0.0550568466396
0.0672061033668
0.0781474859259
0.112716468621
0.029366369991
0.0196880337444
-0.00591124560412
0.086968002924
0.00545223006422
0.0376329557923
0.0553801113899
0.0446520259744
0.0197817128286
-0.0365971260093
0.00968882844857
-0.0111815216315
0.0356278508484
-0.0219387806825
0.0811030063251
-0.00989785596863
0.0188556793952
0.00842116538127
0.000205677449842
0.0950699944317
0.0147101640915
-0.00368778520908
0.118467314191
0.0628539395833
0.0827291511689
0.00428617757695
-0.0815446079243
-0.027711488744
0.0328086275759
0.0044410531667
0.0900366679671
-0.0503120464704
0.0118048198191
0.0632782436071
-0.0250708443783
0.0388485479018
0.121299240081
0.096431388577
0.0810649058716
-0.00673242813691
-0.0309998574441
0.0397233339587
0.0551873784205
0.00216552149855
-0.14744850281
-0.012498462785
0.0072918196441
-0.0282476640998
0.0326528480399
0.102103864984
0.0075157234672
0.12349527886
-0.0102384321929
0.0453425883869
-0.127650301021
0.0359131751344
0.000680493812728
0.0596936466139
-0.0682651787807
0.124230791461
0.0757736149962
0.099047554244
0.0428145131394
0.115113715372
-0.0509244136344
-0.0350764307479
0.0497088051728
0.0522649328891
0.0223779320683
0.0544958846966
0.0941026388142
0.0351726603999
0.0991606776008
0.123400161462
0.0964811683811
0.0394526579369
0.0163537807733
0.0250647091174
-0.00880388916146
0.0794442362984
-0.0491088829882
0.0407724821896
0.0233430545169
0.101975844601
0.0473878106512
0.0446104563172
0.036587249938
0.0611819919459
0.124104900757
-0.0821631845903
-0.0216154083856
-0.013987204906
0.0363393820079
0.0173583378
0.0716240893042
0.0264279921411
0.125908730097
0.0352257450234
-0.0926953739705
0.0422582653968
0.0552947564236
0.0580020207636
0.0231958527069
0.00757666594619
0.0674713227814
0.056062998333
0.0428619459355
0.1014537781
0.0257961001547
0.0457154935879
0.0570270142892
0.0515583134225
0.0459483941796
0.0500502364007
-0.000815074605211
0.0637781444066
0.0389766286178
-0.0700253338073
0.0089797753698
0.00748509533211
0.0492063769137
0.107801525744
0.134929774165
0.118316187793
0.0487023001939
0.0827494348608
0.0959665858282
0.0866182809513
-0.0673784622119
0.00589128841808
0.0451564156742
0.103932175871
0.0219858037805
0.0244181340791
0.120541707054
-0.0495393223258
0.0556637474711
-0.0163317457583
-0.0020427164762
-0.0222784650945
0.0426765711176
0.00150204742163
0.100136571438
0.0383245011636
0.076337417405
0.117931549019
0.057250953485
-0.0528112012825
0.0995254903094
0.00695341876548
-0.0414041567063
-0.0219142135646
0.0992745176521
0.0258460555619
-0.00372425486346
0.0425855001529
0.124795854363
0.0788922203266
0.0537516122916
0.08667316285
-0.00265504835041
-0.00196382270516
-0.0274646254884
0.0724343662712
-0.0471226256733
0.131766498015
-0.0765674784455
0.0730827442084
0.0323885412434
0.0330386875176
-0.00339471538358
0.133777174532
0.0572702829108
-0.00850137805125
0.078287071114
0.0453739249131
0.0468262434452
0.0936670228686
0.0941900828845
0.0378252794245
0.112381442665
0.0290426296519
0.00932949880774
0.00946905303641
-0.0491942351383
0.0672767292394
0.0486259871197
0.0708945639828
0.077545015553
0.0477463816295
0.000296667042013
0.0882500410977
0.0914948276419
0.0840688709866
0.00984333189247
0.00455927136509
0.0907157728953
0.0441587861507
0.0313899788638
-0.0108964660898
0.100311055658
0.0861212583127
-0.00412355222835
-0.0451888391193
-0.0583968477895
0.00865878105448
-0.0402497827847
-0.02485383073
0.0136342035717
0.0859948781923
0.0663152844295
0.0725476068962
0.0927215542813
0.0630063987861
0.0476577996299
0.0520453707723
0.0914696553866
-0.0088498528194
0.104227716024
0.113970677507
0.0965676836441
0.0317194229797
0.0800206187851
0.0295720453586
0.0817722636223
0.0686061377289
0.110575388587
0.108121602945
0.068414233291
-0.026055541376
-0.0597394542769
-0.022374474821
0.0290554248221
0.0580676062351
-0.01953111372
0.0104797670725
0.0147417318038
0.0710216712618
-0.00425083676872
0.00153034503811
-0.0545106382989
0.109800868149
-0.0084856085097
-0.0237617406322
0.0371719335898
0.0643120522937
0.0232477375955
0.111680888679
0.125761768477
0.0542924608916
0.0980654778539
-0.0205458102559
0.0282190061077
0.132760749851
0.060729431208
-0.0307341267587
0.0688994044138
0.118649883602
-0.0207894206572
-0.00674963764868
0.0899617735295
0.0526680000996
0.108486908635
0.024407039305
0.0228355644826
0.0391892591403
0.0940861560768
0.083886993984
0.00959742885576
0.0564809952633
-0.0160435276117
0.00227498360115
0.11166577153
0.0544342959437
0.00978988204463
0.0400280001749
0.0895263526698
0.0972918097888
-0.0152195254344
0.0688981713555
0.12396875564
0.00559411594865
0.117574871398
-0.0112793327974
-0.0984874986272
0.12191317167
0.0888936956011
0.0488972944195
0.0758142484312
0.071884016599
0.0721820377183
0.13141672316
0.055816071184
-0.0214287252856
0.0610077167792
-0.0376902279398
0.0264184975485
-0.0519366427261
-0.0922544047632
0.124275333963
0.0864239130305
0.0508556315119
0.0834992635188
0.105811865156
-0.0436863684882
0.0775406570196
0.00919064713922
0.086546607049
-0.0434138752434
0.0959802261865
0.0662568298421
0.0180515313058
0.0138723089514
0.119809583673
0.12366769482
0.105180120614
0.001855264553
0.04962838767
-0.0762429004422
0.0272071259562
0.0791903308742
0.0281375941994
0.0191520644968
0.0212755047681
0.0475954430549
0.0330768384915
0.0900265322517
-0.0518712240692
0.0171452862832
0.0545511038519
0.0506552190434
0.14330824815
0.032360348857
0.120145353223
-0.0255251814843
-0.0241891750443
0.105940009397
0.056118099612
0.070514876316
0.0896008408961
0.0235902787725
-0.0294735042327
0.0566587510344
-0.00846865477981
0.010405190291
0.00167603176533
0.126621772329
0.0540247081109
0.0102556858638
0.0635276963711
0.0509683566811
0.0492810409898
0.053630288821
0.0333095068533
-0.0208256178673
0.0498037883123
0.00291597079072
0.0409459920695
0.0196219164409
-0.00366656125174
0.072043598994
0.101931587785
-0.00362053806119
0.0867767916757
0.0387203478531
0.0581724397134
-0.0459761526893
0.100338097555
0.0560455156047
0.0135919467698
0.0709037058362
0.0504833911098
0.0867618265599
0.0502329095089
-0.0277698494371
0.121972525691
0.0607552810912
0.0231385327473
-0.00633573957707
0.0564201518719
0.0421891226823
0.0410167116049
-0.0273568642426
-0.0589465351451
0.0927002898108
0.0344731395108
6.46305108321e-05
0.118275962437
0.106973284335
0.123054902652
0.124422848429
0.00898709210777
-0.117209365301
0.0111819199397
0.0930538164241
0.127736758461
0.050943556108
0.0996709692373
-0.00677423132997
0.00911357511753
0.106977756724
0.0957302343365
0.0114800644898
-0.0767565246875
0.0380153039839
0.00387393448409
-0.00828066437261
-0.0419220032977
-0.0549294467798
0.0218161923433
0.031414886052
0.0591369291009
0.119477852317
-0.00593835817504
0.102353585629
0.0787894881485
-0.00218363577916
-0.0119888166785
0.037525013141
0.0568542810015
-0.00294529560887
-0.00839909552243
0.0952169874061
-0.00496035763693
0.0187815194364
0.0482511100598
0.0603105283735
-0.0178825907656
0.0638039825228
0.0988396208558
0.066466135049
0.0244686076377
0.07719018582
0.0867670760523
0.0311620564084
0.0318755912664
0.0341888065896
-0.0711359337865
0.13583731303
0.0445382114198
0.0717009583961
0.113762747912
0.0112771474345
0.0875824738258
0.0852846664033
-0.0163201444485
0.0729830299812
0.0122897489242
0.0129098659401
0.0990926617272
0.0932705653677
0.0439294253377
0.0858937475062
0.02632327648
-0.0304628471693
-0.00396302446914
0.0316808137729
-0.00218480621239
0.0392480814632
-0.00604461388277
0.105581709968
0.0957644204425
0.0695544236745
0.0787392868959
0.0300993211976
0.0957186173742
0.112442261642
0.0231089472923
0.0500375775666
0.0984137429794
0.0423613843955
0.0303543565201
0.0982101843792
0.00389489461174
-0.00847467174079
0.0648837347552
0.133348202992
-0.0382282930973
-0.0305309247127
-0.00506108972201
-0.028067513921
0.0648946437174
-0.0100462788975
0.0117308768919
0.0578873365477
-0.0342881842363
-0.0124023563518
0.10208450183
0.0634876988435
-0.1184774073
-0.00999045876042
-0.0722607384467
0.0269833727025
-0.0112822525215
-0.0194271540339
-0.00228910611127
0.0188423473299
0.0364984811316
0.00534939915667
-0.0268434672299
-0.0377639293685
0.0575443638214
-0.0200122044993
-0.0120079165238
0.00135204216842
-0.00669345652429
0.0798136490127
0.0205206178779
-0.0636133716866
0.0967120918771
0.0773138773262
0.0795428259247
0.0848301238126
0.0190707703757
0.120807464522
-0.002480243402
0.087198483433
0.0135189351561
0.0346355997083
0.0056344337644
0.0350377263657
-0.0582423275677
0.0426556097448
0.0484970882557
0.048079023584
0.102773013377
0.0329231930594
0.0549209294095
0.0730617794357
0.0964849732762
0.0170765531388
0.070201624022
-0.0223240554801
-0.018203241066
0.137717999724
0.00275159409361
0.0265303090052
0.0849723326533
0.00343241990451
0.0382530654098
0.0271201806951
0.0433659661231
0.0737992558676
0.0965462941078
0.0171267164246
0.0799001133952
0.0732145670415
0.109639229068
0.116653512423
0.0452568440397
-0.0181722661061
0.032539140585
0.0194593984974
0.134257613904
0.0301539686908
0.0381610468778
0.142463172727
0.0374518676322
0.0970718182544
0.044476691147
0.0153899073048
0.0765069869517
0.0934295848103
-0.00786135282656
0.0986983454713
0.0129801292652
0.0581384609116
0.0200749841825
0.0139579238223
-0.0286354030546
0.0101321907104
0.0996733497291
0.0919709914343
0.0475148667584
0.0826230701956
-0.04789833794
0.0100894164675
0.120738966887
-0.0285457122937
0.0464299178385
0.0997747113095
0.128593562372
0.100798780071
0.0415576669362
-0.00998350569826
-0.0490851432455
0.0148354123243
0.0571949591764
0.00987211069312
0.103620977644
0.0463392633988
-0.0357697610674
0.109450960239
0.108334201371
0.0513918955659
0.0846500759723
0.0499899015656
-0.0701479677958
0.0477994290026
0.125355156015
0.0252994485646
0.0317022221629
-0.0419641311724
-0.00788038143168
0.042782936732
0.113897183929
-0.00967304756827
0.0776950048516
0.0777053204624
0.120244388629
-0.0151848296014
0.0914802287733
0.0270762594823
0.00109194733962
0.0646766182281
0.0425136826741
0.121897556463
-0.000885306143374
0.0791514378032
0.117334899235
0.0421535228256
-0.0397661008972
0.0258205237702
-0.00810522410124
0.111578282206
-0.0407173580346
0.00320477599784
0.0389918923084
-0.00113704841951
-0.11189139918
0.115208961912
0.098643390505
0.0297864787121
0.134911758194
0.0552776922488
0.0427354617909
0.0371894659823
-0.00202625383754
0.000762544543409
0.0963962237208
0.117817868743
0.0466693976733
0.000514107052367
-0.0150266869731
0.142721988007
-0.0372652519659
-0.185972382273
0.096186078898
0.0257370641887
0.0426653016855
0.124539147591
0.116308389696
0.0243841192159
-0.0082971024942
0.0618561895124
0.0168774650952
0.0381164832481
0.0394488776284
-0.0299464855433
0.0269206612191
0.096930256308
0.0477441481461
0.0233946712055
-0.0266096860643
0.0931164855
0.00249747274669
0.0780454824387
0.0495705282334
0.00664343723532
0.0415684546901
0.0274890046454
-0.00259508333304
0.126381764596
-0.0187101281679
0.0311714737
0.0391751448698
0.125045352258
0.119238373663
0.0511769004462
0.0942044253734
0.0655006486017
-0.0186827661147
0.0506450527073
0.0298380890402
0.0973186828951
0.100924741088
0.10666544112
0.0124045104376
0.069890461388
0.109606611931
0.0664659972203
0.0756163445942
0.0684000252842
0.0298757271906
0.0368867005905
0.0054540760359
-0.0594732607827
0.0143473999321
0.0742708351051
-0.0584762984715
-0.0243714023294
0.0107864781186
-0.0115786298875
0.0402427446791
-0.0246823480723
0.101924936198
0.0545083850431
0.0756527132963
-0.00109675106083
0.0128337587503
-0.0340212600362
0.0718318658991
0.00768739722827
0.0174774963208
-0.0653400504309
0.0783309343857
0.0226769648449
0.00405203717743
-0.0570428872666
-0.0577719619977
0.00106810773489
0.047971926262
0.0140072757296
-0.0419484194651
0.0967068278468
0.100169101069
-0.0635371752216
0.104028561066
-0.0684778017853
-0.0207112444092
-0.0100655575724
-0.0309567905207
-0.0852821394133
-0.0713479346688
0.0312220524458
0.0337769935
-0.0192525676096
0.0437867279693
0.0903873643075
0.0125008764598
0.0335263349557
0.027072573134
0.0185603437732
-0.00816434618151
0.0736330073579
-0.00351998867793
-0.0895059403076
0.0749548203911
0.0841802338196
0.135312223279
-0.0552567411804
0.0822433058136
0.0520864442757
0.118703313759
-0.013432763484
0.102974639988
0.0453537959986
0.0862814655771
0.0786645704124
-0.015595730299
0.0378868445919
0.089580019914
-0.0617909320265
0.0778969111197
0.0588235390767
0.0811435664509
0.000171054461365
0.0754899319059
0.0571653940288
-0.0232581610916
0.0290581073551
0.0928630736575
-0.0517895966365
0.0621830738088
0.053926781392
0.0562791485822
0.0752164218846
0.072340186412
-0.00829822229217
-0.021080081436
0.0711231996364
0.103522212892
0.130120054218
0.102019188189
0.115436743568
0.0937145732112
-0.0651700084251
0.118366541539
-0.0229077342326
0.0147855551976
0.0887162177948
0.116145219533
0.0308407487179
0.109253801711
0.0353753610932
-0.00838911340206
0.0169381758394
-0.0280171014547
0.108384973801
0.0575947607111
0.127779554603
0.0300006721972
0.11757313604
0.104419856065
0.0967990932967
0.0229996432438
0.11795257616
0.0836328401709
0.0525239560947
0.0306197773444
0.017138515847
0.0594165293548
0.109636997026
0.0270920895268
0.0585335244513
0.105914475892
-0.0335376059077
0.0156954341108
0.0611738432413
0.019859752118
0.0737674981715
0.0424382720229
0.0351379130618
0.0629670797825
0.102680064513
0.131283481086
0.0410447269902
0.0646813415671
-0.00869169184102
0.0710115636369
0.0818826580939
-0.0298195285122
0.0648493138744
0.0742511672242
0.0272473218346
-0.0915901134825
0.0563761177326
0.101570167673
0.0221994067357
-0.00494768289541
-0.0137685444964
0.0650794524665
0.0278955720692
0.0483265512664
0.0295836351758
-0.00874849049391
0.0680900816443
0.0146285778082
0.0345541063108
0.0337730479911
0.00864698088136
0.111638357529
-0.0488684051726
0.0973456057212
0.119003405677
0.0209088699608
-0.0200801108457
-0.0600727463595
0.0341069737845
0.061076326395
0.12288896462
0.0483559787046
-0.0752677214964
0.0211289869939
0.066390765906
0.09568294318
0.0502919849125
0.043347467989
-0.0565096195942
0.138565509736
-0.0222523334692
0.0332056094658
0.0529689455998
0.0919183812798
0.0200199338485
0.0741963828731
0.11283973154
0.0930197564996
-0.0102045160918
0.0708186615022
0.00940270111961
0.101947698048
0.0052111066016
0.0681948481837
-0.0339662581677
0.0288415512796
-0.0121300235561
-0.0463372172343
0.0905616011598
-0.0250827377444
0.093951619125
0.0629656183637
-0.0241763739249
0.0990288611293
-0.019595189103
0.0730438581541
0.0256648497025
-0.0144599492034
0.109849765964
0.0209487968681
0.0792324051458
0.0964949492821
-0.00780913810407
0.110746586991
-0.00708902150178
0.124234523041
0.0718687290709
0.0515401033828
0.0757349201028
0.0623254779206
-0.0379713822979
0.0604185657061
0.0785170514241
0.0359987826473
-0.0453125279835
0.11898310045
0.0248966320951
0.0953535507542
0.053332375419
0.126007483305
0.0530058833839
0.0329446931856
0.0948718626544
0.0860136274228
-0.097693536496
0.065759495153
0.00806887441428
0.0965345108305
0.0406223344317
-0.0454233814409
0.0606385129561
0.0574547729443
0.0357098165548
-0.0315483408506
0.0405850662918
0.00296322875272
0.104074272647
-0.00392695593764
0.116080047527
0.0335135515127
-0.014680797671
-0.0564227893688
0.0379782993706
-0.108302000025
0.0650941070623
0.00294074446867
-0.0131158080092
-0.00817572082198
0.0657164578007
-0.0778077269886
0.102223528353
0.0519827055956
-0.010623691971
0.0371088545059
0.130764228685
-0.0975998315926
0.133206128628
0.0687508855135
0.0621931500666
0.121064964527
-0.00688507354881
0.0379080959879
0.00772146653452
0.059021936133
0.03974075635
0.0107142548331
0.051611924468
0.0530357006467
0.086609255989
-0.0650726278406
0.000799753875897
0.052164482228
0.0850336768227
0.0279602414297
0.0205491945111
0.0332365880224
0.0451516350583
0.118376821788
0.0588663513101
0.0754667931603
0.0352401905472
-0.0175216995808
0.130941672693
0.0362454807889
0.0604767796342
-0.0461655423793
-0.0634615787069
0.0504398146467
0.0656917579157
0.0781568961429
-0.0415859680897
0.0573323700273
0.0702010542244
-0.0219870496592
0.00271109995464
0.0461279922634
-0.0345753957719
0.060041809797
-0.0119775664296
0.0695852420625
0.0624134894112
-0.0692233650844
-0.00526124335219
-0.0644006129257
-0.0346850864483
0.13489523451
0.028720260605
0.0207408349835
0.00532906658969
0.0672246730785
-0.0300780285659
0.114584765063
0.0829180789128
0.00130444323174
-0.0624130914846
-0.0908119371698
0.0564934197289
0.102268301688
0.0944247960196
0.0955354919516
0.0913783534067
0.0744431771018
-0.0679895060884
-0.00643769781846
0.00361721271414
-0.0170970008152
0.015114107901
0.0840192977859
0.048145673688
0.0915144375101
-0.0199039272881
0.0289811028227
0.0434013842442
0.0859371531767
-0.0428017539256
0.0155127706353
0.1063276927
0.058261685803
0.0997704263017
-0.0141957083416
-0.0708051419447
-0.0666627202488
0.056483249328
0.0186376054513
0.0836928266837
0.0781420557437
0.111940213394
0.00508756379307
-0.0138761051111
-0.00569043235415
0.000649790300255
0.0383492775926
0.0421686378767
0.00963260880695
0.0767557210725
0.0865111005766
0.0262711368335
-0.0245722883194
0.00390359779604
0.0613309303199
0.0662561974892
0.0705808565547
0.0777503926812
0.0831284975471
-0.0238848146826
0.0400436917822
0.0878910823185
0.0333671094572
0.0038157934198
0.118441615113
0.0801482283593
0.0525414092681
0.0979935876504
0.120643954159
-0.060560200403
0.014384015887
0.0896372243137
0.0760848874258
0.0232302877951
-0.0126066823124
0.0409121463852
-0.0868487385007
0.120749481406
-0.0666727125822
-0.00391062824128
0.0372168689674
0.0474784593022
0.0713239981091
0.0966718194622
0.0343730122826
-0.0635260187508
-0.0950780418674
0.0963372438835
0.127871501054
0.010205118663
0.0806650768037
0.0363880621601
0.00910558654199
0.136903179514
0.0231951291472
0.0690219912275
0.0863351373571
0.0202239805221
0.0618154295464
0.0438082061623
-0.00196898164343
0.111205529217
0.0504873428955
0.0416464150887
-0.0669210664334
0.0294401611225
0.00463064396679
0.114122341686
0.0781738157785
0.0309000013705
0.0572251374905
0.083216966118
0.0133694511343
-0.00199433875469
0.0326038565439
0.0123689948805
0.0308384143071
-0.0735620079618
0.0624893375554
0.0408081787443
0.0466998218675
-0.0144502223924
0.027213210266
-0.0106515589913
-0.0489522213076
-0.00321818210107
0.093011562481
0.0606577462447
0.0521801380851
0.0157776031407
0.031552812505
0.116090326081
0.0555258889869
0.0442777580867
0.0257338379137
0.0395742845504
0.121657853068
0.0133397618228
0.0216323637286
0.103131377566
0.134885340064
0.0624848334199
0.0885813798259
0.0934733607391
0.0262171561075
-0.0388775995677
0.119335084233
0.0634662843137
0.0638612577465
-0.0302427149015
0.0121219305651
0.0233367358499
0.0738906847969
0.116290528508
0.0793467689317
-0.0153670274007
0.0812430711922
0.0731577812336
-0.0488539604808
-0.140222710223
0.0888324230336
0.028011389003
0.0295267592124
0.105016427377
0.027709559025
0.034560976424
0.111926314865
-0.0183550608546
0.104189135341
0.102467297968
0.130763229018
0.0821119343515
-0.0405639253308
0.0312313349976
0.0238957893994
-0.0621483072932
-0.0302306749919
0.0498546890369
0.061282967535
0.0828114546899
0.0802073554371
0.10075384147
-0.00124427846968
0.0220677666852
0.0395387503874
0.102482498769
0.00112022130089
0.117638624353
-0.0168486320581
0.0499274150124
0.036623797188
0.0111081235787
0.132701113537
0.06598215902
0.0776655050451
0.0833895111414
0.134603317255
0.0832754595778
0.0864362737454
0.0255386068307
0.0591478204531
0.0265293539468
0.00439877843193
0.102002407588
0.0185150099433
0.0348862374327
0.110810004811
0.0725171398899
0.0636030176365
0.118576178439
0.116522744172
-0.006321794216
0.00412427760712
0.0948883461246
0.0771301079146
0.0190321318139
0.0545941261257
-0.0195997260804
0.0231126569772
0.123818457923
0.0758527802336
0.01735804067
0.0595191440101
0.05968463087
0.079744698448
-6.8861887792e-05
0.0627312978663
0.03614154501
-0.0444239513178
-0.0336881808499
0.0704064832292
0.0227349043906
0.0438007523352
-0.0125934015302
0.0741383952997
0.0961032769449
0.132562116339
0.0413883258869
0.0712736992867
0.016685504549
-0.0158463106186
0.12046619929
0.0743429289935
0.0547110175603
0.0596163484348
0.0526346312712
0.103724789504
0.0964066444655
0.0203770552428
0.0160156093505
0.0482019195732
0.0432380330078
0.0699956348564
-0.0192951825741
0.0797412950987
0.122435863218
0.0653995684046
0.102683562657
0.0854091425797
0.0855244687277
0.0907244457028
0.0260586546285
0.103664361149
-0.0286409521267
0.0249113625039
-0.0493732238032
0.0928149141466
0.0888108303006
0.0411256034607
0.0399272325522
-0.0694148303278
-0.0526481254973
0.112221216753
0.0159477845061
0.0384779415555
0.00485175171201
0.0100386858404
0.0837211728048
0.0206031618026
0.0695325056631
0.0577728741128
-0.0453609165604
-0.039510249059
0.0190893751639
-0.0333390026374
0.0676271049321
0.0137720982722
-0.00550509039864
0.0818574956334
-0.00210855542533
0.0154083422319
0.108316149657
0.00431984272897
-0.0147525446275
-0.0203464061704
0.130630036705
-0.0139210679365
0.0795314069318
0.0664499576106
0.0651694706302
0.051511364919
0.00687005090101
-0.0221194798743
-0.0129763289219
0.0733929345041
0.0514929618343
0.0115592731165
0.0469216502831
0.10807226156
-0.0181232684139
0.0762695290834
-0.000794837483935
0.0286235986055
0.0902869142726
-0.00175719649681
0.0765679352745
-0.0154530221307
0.0673794804341
0.0971204507224
0.0311140180425
-0.0322194347557
0.018295705611
0.0446590303993
0.0746708834411
0.0508385779759
0.0100344229618
0.101955309534
0.0505131429005
-0.0467671341816
0.0603357011398
0.105301141965
0.0842468372647
0.0946656396428
0.028046457228
0.0452582995181
0.030544321619
0.11366962495
0.11744781885
0.0736426280522
0.101463374264
0.0974956461935
0.132629254099
0.0520164660503
0.0170500764125
-0.0997281884442
0.00596447689916
-0.00158686668163
0.0847130088201
0.0123832245839
-0.0487609521171
-0.0868242943732
0.00311334905425
0.0250247001281
0.102963804011
0.0229022863441
0.14042100563
0.0574871660558
0.0118890337995
0.00182819524672
-0.00551749274051
0.0871029540446
0.0858820047373
0.0149650290781
0.10230475295
0.0188664630786
-0.0161665109653
0.0242097485274
0.0843359583106
0.107703072772
0.127459164121
0.127754834804
0.0397405260831
-0.0620864268401
0.0835443359193
0.0113991830754
-0.018230058592
0.0119322737577
0.0929354585964
0.0206777541549
-0.0126724561675
0.0459971965398
0.0702198122305
-0.0229786880612
-0.0386647722791
0.130596420731
0.0498759053276
0.0938137498957
0.0803374062443
0.0344194785987
0.0469949943602
0.0599557044384
0.0343036508579
0.0247372636971
0.0108358844661
0.0942348804194
0.0308492240609
0.0239390859624
0.0608920170767
0.0903827628089
0.10321034655
-0.0139267896693
0.0360024711516
-0.0323569638422
0.0858638942071
0.062635668067
0.0333269288232
0.0625432902677
0.112542548886
-0.118092513945
0.0285358235076
0.0525091045591
0.0497895330128
-0.0124854318991
0.065824204629
0.0578425647643
0.0183961882051
0.0319940801086
0.0670777609972
-0.00542970660221
0.0464710127507
0.0808161083258
0.0854525898567
0.0690180228978
0.00360021402628
0.0976612516808
0.118602920882
-0.017930714209
-0.00952068618704
-0.00282331143625
-0.00624150926399
0.0552590215919
0.0319239890616
0.111233004848
0.0721056558352
0.0888654340935
-0.0646907596201
0.101615067473
0.0972114948919
-0.105546955383
0.123921175944
0.00791454768918
-0.00896069429098
0.041335710067
0.044574018938
0.10517867474
0.0776628460519
0.0264121784543
0.0720847972015
0.0208934849064
0.0892470136307
0.0519035554987
0.0251390668106
-0.0569883043814
0.0188349599984
0.0760297286638
-0.0172227190709
0.0197771968192
0.0556721774777
0.0560574106518
0.00981323957
0.01428035188
0.0235927678789
-0.0253007391903
0.0607516825901
0.0794552447544
0.0825086470434
0.12285100546
0.0501929638902
0.0547900633236
0.0673454091525
0.0649206258329
0.0448806543518
0.0195607410908
0.0078825748338
-0.011773330567
-0.0238890668873
-0.00577002358748
0.0810455889283
-0.00452617729892
0.0811214597058
-0.0336727793106
0.0451507689152
0.0832898025666
-0.000892630327028
0.134590019257
0.121608512945
0.0710848642574
-0.0304134307352
-0.0550680924925
0.0431604148008
0.0624488886417
0.116551197063
-0.00330787234791
-0.0672696336085
-0.0281270870125
0.0756499752183
0.0358085723255
0.0746482070839
0.111203961122
0.127160285875
0.0811671142718
0.0971711830546
0.0306289100986
0.0618480539846
0.013636853763
0.117605410266
-0.0266167510032
0.0158639429182
-0.069371559775
0.104562387175
-0.0312568399332
0.0879831363811
0.0955115210654
-0.00453440094384
0.047865409756
-0.0659097941435
0.0890705191181
-0.0687293601115
-0.0161743889737
0.0997893201924
0.0392212836931
0.000314604898883
0.0246897862188
0.0790755643233
0.105534999897
0.0860202858865
0.00149068982839
0.0482503969032
0.125033999917
0.0983942774443
0.0350812388746
-0.0435080783241
0.0372837293558
0.0596633704179
0.0289078217853
0.0852158602301
0.0135445797978
0.00633127237129
0.0251125780527
-0.016252832722
0.0408854918634
0.0687900661852
0.0645376228082
0.0682914782756
0.049915694415
-0.0625082127901
0.0443265569864
0.0205323749466
0.101537445196
0.0755676664753
0.0151279065025
0.107255292631
0.104165118834
0.0748519284843
-0.0277506383212
0.0172802812228
0.0541589455114
-0.0726319237314
0.0346287209968
0.0934296391926
-0.0193946219226
0.0558685077663
0.0276734870116
0.0178671408999
0.00180322495389
0.0625235461139
0.0227412918788
0.0157262622186
0.0992898665264
0.0263347207213
0.0498829473068
0.00908500618448
-0.0141584498193
-0.065552315223
0.0461198493616
0.0478869328051
0.124424616664
0.0972644531645
0.106980973038
0.0187898792866
0.0115633290402
0.077950997412
0.131636805419
0.00464098761446
0.0464686637254
0.131553066079
-0.00459686107666
0.104948018302
0.0429792709194
0.0133079014678
-0.0011320590154
-0.0267749422572
0.0569963382555
-0.0101757578755
0.132124316785
0.0128159651404
0.147971787089
0.0507581404952
0.0702946807451
0.0892882594482
0.0149224941163
0.0449731522481
0.108391832823
-0.0293639422723
0.100219718517
-0.0320282569149
0.128147624414
0.0866952085605
0.0454611124357
0.044727750567
-0.019115103147
0.0578237391089
0.048137583432
0.109517771534
0.00205537792824
0.127301946498
0.0539485444793
-0.0122476361009
-0.0497720553359
0.0604171826361
0.0743857002581
0.0913052189781
0.0935536674598
0.0878488862695
-0.130430256288
-0.0506030821446
0.073810396825
0.11794019588
0.0731852571101
0.0720873608763
0.073562965846
0.0883791928819
-0.0521185244376
0.111013253189
0.0771204584809
0.0472476888264
-0.00397824621074
-0.0125412264175
-0.0158150961402
0.0402154595728
0.0960572205039
0.0599946156019
0.0114936088715
0.00700233085064
-0.00498235447013
0.108337548214
0.0399608314347
-0.0260028026296
0.0164097618162
0.0250153356239
0.00190918612096
0.0892348985224
0.0731038637831
0.0490878970427
-0.0272175011919
0.0583088202832
0.113041249861
-0.0494993857854
0.113806226371
0.0451054271322
0.0756593779475
0.0407688470594
0.0520302478065
0.0329631020319
0.0618401275935
0.0721858749459
0.109738620679
0.0927406699535
0.103910952976
-0.00317215452803
0.119222567708
0.0190469019153
0.0634121877207
0.07689340894
0.0519038438562
-0.00933496356359
0.0499748115525
-0.0367846854798
-0.034650182429
-0.0266442080385
0.05213331859
0.0371675657313
0.124938745445
0.108613794775
0.0497995567855
0.0336056679822
0.0521419962643
0.00890035035204
0.107631407883
0.0126630539504
0.0253848530504
0.0458916393187
0.0411994130429
0.0873847275344
-0.0218381655027
0.108708012622
0.0873074482685
0.0556466888507
-0.0560625317352
0.0704074437569
9.42251407574e-05
0.0425015166052
0.032498533737
0.030521909352
0.00871435688165
0.0759812817727
0.0550884764844
-0.0037708904529
0.0422263723444
0.0536489289577
-0.104491626023
0.108316858289
-0.0590514950565
0.0961726797422
0.0828343506312
0.0520811867478
0.0522842228858
0.065800838765
-0.108538330355
-0.0100886122673
0.0297724889321
0.019825177219
0.0530723086033
0.0931152280391
0.0246456404726
0.00277601395484
0.0281274707527
0.0890159008697
0.0909573458815
-0.00312042408255
-0.065026702513
0.0869650880079
0.1307646297
0.0409723243731
0.106393992919
-0.015859564787
0.0929040881554
0.0193829992123
0.086796777225
0.0311821504108
0.0559101339672
-0.0853607729272
0.00205741341086
-0.0325518764582
0.0791525155761
0.0524075966842
0.116948285432
0.0180545016805
0.0558168037941
0.0101667604874
0.11687691355
-0.0601047320461
-0.0183691280476
-0.0441613404526
0.104480555057
-0.0322315036498
0.0447329027431
0.0318346053285
0.0611123118348
0.0665880298673
-0.015514082862
0.000119453508524
0.0654020309216
-0.0303880500589
0.0923849159973
0.11014085672
-0.0378114256584
0.00568822796279
0.0533020525609
0.0759012877321
0.0190014915918
0.0645485373798
0.0827255733608
0.00767849991685
-0.0130418558101
0.105778725726
0.0977707694584
-0.0182010879824
0.10503558206
0.0719169374843
-0.022801962104
0.0864698099768
-0.010094683603
0.0345195495475
0.0484066534478
0.0915224132652
0.034832525575
0.127706486559
0.0381608406296
0.0401227591086
0.0996898583784
0.0950120550706
0.0875477505815
-0.0192642250581
0.101765782453
0.0207990617428
0.0849798122645
0.10215991837
0.108228249015
-0.0332436976973
0.0693583619791
-0.0368955762967
0.0383070567698
-0.0570208484197
0.0349313262075
0.0932248186326
0.0319923420683
0.0591013074803
0.137998890413
0.0301470888361
0.0474390892199
0.0693332153336
-0.0476856799345
0.0121949840369
0.0408840943975
0.080866650864
-0.0316768394064
0.0534293801921
0.00834590304399
0.0906642609369
0.0473005801378
0.0076231497264
0.0215922374869
-0.0263655551539
-0.00544534873056
0.030246971596
-0.0273339559418
0.0670104935092
-0.0427563893264
0.0759619159417
-0.0578373379751
0.0297480556318
0.0226362357596
0.085436045834
-6.04611510626e-05
0.0252259454351
0.0100363751693
0.0520745069682
0.0688412734348
0.0769915109289
0.0885516031962
0.0684856609952
0.0925412742626
0.070022941849
-0.0132712700568
0.0599378276354
0.0456061394052
0.087637621525
-0.0179275918798
0.0531200381365
0.0514084420045
0.0573410084435
0.0280795939425
0.092163981506
0.0220622197267
0.014388285258
0.0269746770005
0.0746364911341
-0.0329520527352
0.0280567535112
-0.0214048304612
0.0754571261172
0.0339928672248
0.0046973279626
0.0651221274383
0.0529428668272
0.0998545243525
0.0535965822414
0.109508582555
0.0629088756555
0.050356769748
0.0880450788915
0.0687411198497
-0.0319289848292
0.0612275243423
-0.0362711549019
0.0101036673629
0.0191824278849
0.0330675138108
0.0520591191079
0.0626296157765
0.138356967708
0.10306571267
-0.023945557129
0.0127946760757
0.0212326836767
0.110102313271
-0.0352249026556
0.00353759635566
-3.92933814597e-05
0.0373398782128
0.0302540643157
-0.0896730177164
0.112476591897
0.0866829540813
0.0749172656999
0.0524739301949
0.0287798234616
-0.023604164644
-0.0287444854848
-0.0269427692327
0.0409580202623
-0.077004891474
0.0779875086248
0.0484460761971
-0.000339930878448
0.136316198241
0.0104301959835
-0.0516110683133
0.0257806737855
0.0536546975675
0.0749261056512
0.111494518112
0.0329675164189
0.0132509327531
0.0336374540914
-0.0427315478588
0.000680252970963
-0.0518951021607
0.0241678541069
0.0208289659726
0.0568896259658
0.0582998865857
0.113642787344
-0.0314479463369
0.113203576984
-0.0671205618026
0.118384953805
0.0681867936544
0.0390721549183
0.0693863930999
-0.0127157880117
0.00896854943583
0.122333881486
0.0710732130723
0.0436331893654
0.0426313955548
0.0252802442715
0.0924978603249
0.0902250290883
0.063868369481
0.0665505649158
0.0611995927164
0.0129896787067
-0.0139774252423
0.0258516795503
0.0709245265584
0.014924256759
0.00678836685664
0.0812394221572
-0.00987838113751
0.054299228419
0.10051972518
0.0249111985014
0.019306569797
-0.0143616032947
0.0202366014652
0.0383462496167
-0.0535217726809
0.0760407694006
-0.0392504633768
0.036592536617
0.104649538703
0.0900787637826
-0.0259152421013
0.0609475634647
0.0187860145691
0.0171725475273
0.111366517874
-0.00428432466009
0.0455773637759
0.0223054598489
0.0565467025204
0.105353225941
0.118230326201
0.0865399026115
0.0683533212032
0.0260497060433
0.0752940720529
0.0785557083593
-0.0902101107184
-0.0671171065397
0.0886830805405
0.0507875334031
-0.0369281309299
0.033665662998
0.0173445553444
-0.0288138790254
-0.11093368084
0.100210287333
0.0347542928002
0.0493238382414
0.0349271009042
0.059568080544
0.0105433752668
0.00679913602973
0.0298253786551
-0.0345056871289
0.00761934711376
-0.00650908538085
0.000851041778069
0.00399496094089
0.0561756037393
0.0199391926855
0.0712944935877
0.00818580716343
0.0121577948515
0.0654721229416
-0.012667518125
0.05359786158
-0.0341264679127
0.0104421261974
-0.0416105906749
0.091405400517
-0.0646526697426
0.0282045588935
0.0322661600535
0.0399741694494
0.0851885353011
0.100041047931
0.0575039942079
0.10220591891
0.0880852847256
0.0215650669266
0.0957091348886
0.0329595428836
-0.00317699400325
0.0478989842013
0.0465216922539
-0.11974875171
0.0384129925755
-0.0367602371503
-0.00365281269853
0.132581444289
0.0239870170325
0.106911520006
0.115774419492
0.0126993753772
0.0519914993435
0.0597657588004
0.0115407758337
0.0677946274151
0.0324960614767
0.025805693945
0.113326586455
0.0631573643794
0.0770627760281
0.0602048987872
-0.0348320644351
-0.0511773353983
0.0399104953059
0.0684612994245
0.125404227758
0.00699500862178
-0.00947085592569
0.0465589801094
0.0924091100094
0.0185346237752
-0.0273397378359
0.0919882729921
0.0305326826081
0.0552115233204
0.0456296839998
0.113214949451
-0.0693999958602
-0.0290187947352
0.0542881699191
0.0806143418783
0.0664457102652
0.0500612181555
0.00409319792876
0.0665075556112
0.0562887870667
0.0177284280714
0.0336877032715
0.068276334145
0.0669704258538
0.0116175477201
0.0947995158255
0.0343841047291
0.0844760612611
0.119004360492
-0.0421358971082
0.127127671706
0.0769658617652
0.0658850957961
0.0896169035321
0.0501920356409
-0.0131936423901
0.0683342604012
-0.0106942656495
0.0937311641187
0.0286920487762
-0.00133901984075
0.0500272315166
0.0101860862038
0.116061628213
0.0638344382937
-0.0304663791821
0.013785324011
0.0596143083931
-0.0185825591404
0.0515547934304
0.0167522276672
0.0653597513236
0.0287621638673
0.0136578579312
0.0785602153467
0.0177509660646
0.00278690515159
0.0978707790864
0.102008204166
-0.0326819561047
0.00920946283671
0.00641633876786
-0.000814657601095
0.117696356319
0.0591614365562
0.0691198695898
0.0539361691839
0.104614275143
0.0114198259299
0.0923094476132
0.0186323740932
0.0935137308904
0.0855954544364
-0.0400779084242
-0.00959992316068
-0.0181527773552
0.0481626108308
0.0913034039784
0.0872479490444
0.0228616544663
-0.0303425239672
0.0971135859124
-0.0233765183352
0.0263385336043
0.037283711479
0.114279185519
0.0707631331494
-0.0733048209405
-0.0867190531025
0.0218600453089
0.00814735087782
0.105560383327
0.0863369023402
0.0819167748902
0.0342486250648
0.0581105779848
0.0402426965789
-0.0663694746742
0.0788676519222
0.101468995643
-0.0462878503821
-0.0123487622651
0.062928516123
0.125299154669
0.0739540335103
-0.0218620842644
0.0467186166099
0.087135378085
-0.0233219149858
0.0391234631169
0.087812805313
0.0865034902023
-0.071277779284
0.0930036252174
-0.041314903696
0.138762461448
0.0606051869083
0.0214780830794
0.133964924852
0.0498737712696
-0.00486709566073
-0.037481540324
0.0657904007733
0.0407997857545
0.0421890012634
0.0196760332876
0.0131851859907
0.051367711152
0.0898289364196
-0.0415806024836
0.11746279954
0.0142229997711
0.0713364212853
-0.132749653823
-0.0328502729253
0.0696055811738
0.0204265225894
0.023424909437
0.032573581159
-0.0127287171772
0.0657248495875
0.066966637071
0.0192427079703
-0.00871588846011
-0.0443854857251
0.0258422841528
-0.0356130153718
0.0864832639319
0.00696346435899
0.121071171951
0.0472477398513
0.140122097752
0.126297700614
0.0151289403388
0.104274455056
0.0114945228494
-0.006438465279
0.0945968393938
0.0963489914308
0.107401093103
0.0384448862934
0.0833277787803
-0.0184820731745
0.0299207531215
0.0514881394366
-0.0224511787539
0.0751404652075
0.075774503066
0.097620544927
0.0751508711384
0.0182528793881
-0.0168214229758
0.0809509753926
0.0439653426781
0.0384756575723
0.0927793682644
0.0774021009541
0.0450798262954
0.08739469797
-0.0713744345762
0.105332977236
0.0777374489297
0.0591387407789
-0.015562477792
0.0643110161453
-0.00459386591903
0.108255608246
-0.0402928497328
0.0465539000452
0.0504124212333
0.0187046052641
0.0890068100866
0.0992201636719
-0.0210636421375
0.086545395143
-0.0303518424685
0.0262343485619
0.139638445439
0.0973604782048
0.109847117625
0.0584842844076
0.048804499963
0.018567860907
0.0869469459591
0.0610240530286
0.0676481064024
0.064976745518
0.0844674440005
-0.0203478917378
0.0883556051108
0.10799955328
0.0606204789916
0.0746465499804
0.0485711920266
0.131945225883
0.0542319894906
0.0316120377522
0.113047792188
0.0513984920277
0.036389410574
-0.0132621859046
0.0993819466266
0.127254056169
0.0797278919205
0.11789403506
-0.0323099690233
0.0316896785827
0.111585376263
0.0421518836701
0.0217663191961
-0.0081949051312
0.073525549382
0.0958600672474
0.106084937939
-0.0603195183001
0.0387991342254
-0.00765754406633
0.0532812678454
0.0610265834856
-0.0552193391823
0.103246157606
0.0589611916801
0.00363633409337
0.0544248292464
0.0772449270716
-0.121430091284
0.0504045437955
0.020619431826
0.117936056528
0.0390619361505
0.00781247669823
0.00701695961799
0.0518038344313
-0.00486975452117
0.138235298797
0.0342655337966
0.0462528043521
0.12792066387
-0.0254359400578
-0.0684298388527
-0.0787552275426
0.089054179078
0.120691524873
0.122405399986
0.113478424105
0.125470860036
-0.0878285675602
0.121876647897
0.0822271648872
0.123344734401
0.0224022944512
0.0921288884998
0.0566216291273
-0.0236863269364
0.00618237130283
0.0722227991229
0.0653180478227
0.0189262360163
0.0165560101201
0.0184677749303
0.0377994387468
-0.0656705959882
0.0360909523557
0.120523867405
-0.00952403821657
0.0386510992567
0.118893590912
-0.035307454539
0.121249460647
-0.0575799407994
0.0558040990897
0.103607154396
0.00169874458176
0.0575269850379
0.0551166046961
0.0243309701243
-0.0367146381167
-0.00649938324362
-0.0384758339205
0.039080554877
0.120072596142
0.0502902448969
0.130827985322
0.0589409830614
-0.134064855499
0.0307959791744
0.0270372193849
0.0194043249968
0.106004397045
0.0118702375407
-0.00466040133692
0.0223225992979
0.0534145675066
0.095910551657
0.0310422299066
0.04845608382
0.0939146736569
0.069706629997
0.0402148633759
0.0230924097264
-0.103313253053
0.0742679368784
0.0561764543981
0.0168769042167
0.104895638272
0.0537413260041
0.0768178166853
0.0327543948157
0.0918185743467
0.0495156691788
0.0459533410873
0.090394880114
0.020271013509
-0.0209982890678
-0.0572055955923
0.143732408453
0.061912038664
0.103106096921
0.0623137257111
-0.0618881331527
-0.0123402133599
0.0626188472034
-0.0196043814333
0.0722911028841
0.0756356301595
-0.0567297426975
0.0105302053409
0.0366637338928
0.00798051198266
0.0969309226995
-0.00811492022644
0.0630947272595
0.00680566598473
0.0029569218075
0.0210684312353
0.128439216313
0.0636176929422
0.0792150963951
0.0964272730593
0.0882441817164
0.042962273879
0.12539031848
-0.00844702318901
0.0189410650264
0.0659359181264
-0.0195370982479
0.0307421442751
0.098194957607
0.0118023274822
0.0507289555463
0.0245575253384
0.105275855028
0.110505244361
-0.0133014307374
0.070101816841
0.0772871404295
0.0765255515602
0.0406590554334
0.0351380072771
0.0414491019679
0.054830608661
0.0494368000796
0.0379287106541
0.0874582707804
-0.00429369427763
0.0235406232788
0.122348839503
-0.0140028142644
0.0226674552717
0.0572527712077
0.0315370168521
-0.0145732727376
0.0528592777971
0.0515432442538
0.0321904710184
0.0728624287758
0.04730233242
0.0812236508396
0.0260911918368
0.030352393894
0.0517122493026
0.0396980026253
0.0590779058399
0.052869091879
-0.0652862653944
-0.0738669668558
0.121376237121
0.0837471920469
0.0213102604994
0.0412602108856
0.0647308051277
0.0291845974453
0.0531237290548
-0.0171729115749
0.0461995529549
0.0656932937934
0.0796033973971
0.0199346800688
-0.0302674161775
0.0782886942184
0.0256410970818
0.0194854789255
0.0915486165333
-0.042423816146
-0.0140605712822
0.0644844395517
-0.0119858841923
0.0516166399294
0.0133523428087
-0.0458666034336
0.0566449070027
-0.0118180850718
0.00785246085209
0.123171708039
0.0782541616907
0.0432850637902
0.123853921415
0.0685271146303
-0.0298095537911
-0.0175962437527
0.0688518477346
0.0988449158986
-0.0116913527632
0.0195232533627
0.0443189627302
0.0648345594111
0.0757240022695
-0.00721119342765
-0.0617008854962
0.0039223091243
0.0860928319553
0.0109011985692
0.035251993765
0.0398357315422
0.132527724591
0.059871352785
0.102426607367
0.0407267210004
-0.00564773959221
0.0372756714224
0.0528806422966
0.0599908669408
0.0907553448784
0.0391243504594
0.0522225742556
-0.00544738679024
0.0134460292834
0.0446676587274
0.0921919870692
0.140492783868
0.0950966640591
0.0984568460449
-0.0525724998464
0.0645026412194
-0.0599704076631
0.0875061132742
0.0909038038008
-0.0131384639415
0.0451414882697
0.0405945314406
0.0144047684031
0.013077906091
-0.0608819927306
0.0240209539807
0.118793232821
0.0579647189595
-0.0183221908946
-0.0105512808339
0.125165307615
-0.0505770532204
0.0876301104598
0.0989603948982
-0.0163561479708
0.0570211333218
-0.0245886550832
0.144722149178
-0.169124392765
-0.0150411887822
0.0526413252821
0.0147856396418
0.100019395417
0.0458934148671
0.0771705609406
0.0827407594169
0.0763686937144
0.0363798699253
-0.00449380051871
0.0668004101915
0.0615772122723
0.00077002632564
0.0916909686627
0.0363022805935
0.0184021106014
0.0240701462373
0.121146705135
0.0567107240961
0.018264629069
0.102806517993
0.109904518747
0.0643253130897
0.0368570948238
0.0286042188352
0.0320584298624
-0.0525829838274
-0.0220854262824
0.0723238293427
0.0813305191552
0.067341773634
0.0107610202193
0.0148365560235
-0.0269564844772
-0.0478618371765
-0.0554547695789
-0.0166224482235
0.0586600821312
0.0170828473615
-0.0333406852192
0.0594638840464
0.0301081494893
0.1140739129
-0.0436452069572
0.100740803513
0.0596747063439
0.11072704511
-0.0414311556029
0.0334196625096
0.0556572549312
0.0708394149684
0.0781244436859
0.0481748193583
0.0677758318039
0.0963177259073
0.0435086733741
0.0330105382887
0.12627912697
-0.0240826202223
0.0290155399372
0.0400246228509
0.0911656007849
0.0021795025113
0.0225790958142
-0.00490993906922
0.0387503756711
0.0245861025049
0.0743496048387
0.0767868010263
0.0927277477937
0.0715491480314
0.072661638472
0.0752400795445
0.0075290094706
-0.00857150871207
0.0622871542927
0.0717150350292
0.0335057310892
0.10182302454
0.0173337311282
0.104696147011
0.00865977772977
0.0577629378491
-0.00297045225997
0.0930646590349
-0.0303530906631
0.0573137408369
0.0298621966569
0.0328111407281
0.0268554004362
-0.0125450400965
-0.0260587550198
0.034325883093
-0.0633317757251
-0.00371248058908
0.0424630442107
0.0764814587356
0.01915357072
0.0650762133053
0.0312453579593
0.028810148266
-0.0248205364072
0.0609714375408
0.0582736625302
0.0259843128847
0.111574113226
-0.0117339361804
0.0492694959326
0.0907517100761
0.104546645098
0.0482275721782
-0.00653369052682
0.0814823148532
0.0868768232126
0.00398501541802
-0.0216384341595
0.0852959558227
0.0161656125574
0.0973935179905
-0.0083262719802
0.0572674216536
-0.000136576252427
-0.0152681229073
0.106271296381
-0.00757882931068
0.0328230504363
0.0977778908723
-0.0212441205059
0.0742196518526
0.0136312587648
-0.0422624910663
0.11110212046
0.0677790017324
0.016728588687
0.075246700743
-0.00552956136744
0.0455638692344
-0.0184159759335
-0.0330878535123
-0.0990290615469
0.0363348033327
0.112252662732
0.0312431087431
0.0579533435995
0.0127739875553
0.0309167117598
0.0640888179759
0.0486849022605
-0.00885780927499
-0.0165785095026
0.0690482150335
0.0838561129122
0.0179169582374
0.0212321185748
0.0447803915852
0.015866705165
0.0533694943415
-0.0240005095189
0.0890549216069
0.089249863504
0.0319816429274
0.0749434511186
0.149063430388
0.121871896756
0.0116043698851
-0.016755539666
0.116285328263
-0.00328143012396
0.12197374034
0.0093704810728
-0.0205603544146
0.0947676693734
-0.00364015095701
-0.0499807826327
0.0153442313745
0.0742990059064
0.120500211016
0.00963944509778
0.055443728179
0.0613918631747
0.0858120959734
-0.0358468952325
-0.00070922237204
0.083058453432
0.000904215370523
0.0728951762018
0.0450254411856
0.0992989795905
0.0246787426745
-0.0506586488654
-0.0261070656948
0.0939934657023
-0.0452736538449
0.0937230681022
-0.0393505168
0.0827563515391
0.108536521512
0.0236421028533
-0.0167778075591
-0.0321713911983
0.0521775386654
0.0868491788313
0.0109854362052
0.0762809161655
0.0478721209113
0.101065031137
0.127619204971
-0.0100060825895
0.02472287565
0.0303545086477
0.091247148128
-0.0229308007585
0.0543215644372
0.0993932006761
0.127574044915
0.0738754299044
0.0278022275415
0.016982482638
0.0531245033894
0.0765677702462
0.115481685441
-0.0120407525689
0.0451229151625
0.0434778326503
-0.00528876637205
0.0783009507032
0.0703934449838
0.101738565905
0.108448672433
-0.0100182365346
0.135265954547
0.00982742999164
0.120516939411
0.109609908764
0.0976159213867
-0.0156755926274
0.082546768204
0.0795435439131
0.0557231387851
0.0776527556697
0.05365583194
0.059095263457
0.0880196900699
0.106197153967
0.0320264876714
-0.0303295601343
0.107344292546
0.129604906627
0.0784716771903
-0.0230644090925
0.0491391085636
0.0841874084342
0.087337568093
0.0561822952717
0.089556591757
0.0494519017436
0.0424441868885
-0.00508836576081
0.048832427309
0.0371360736619
0.0139594742902
0.0828978256492
0.000481933141137
-0.0638881298972
0.0416366535793
0.0822626416997
0.123268010139
0.122802768113
0.0760867648485
0.0373140285226
0.0265695838991
0.022397388793
0.0233580193072
0.0893601251037
-0.0112541160732
0.0358803037728
0.0973388840013
-0.00710568635658
0.0493766087955
-0.00730852334041
-0.0871573369167
0.0504145733862
0.0812669907098
0.0197308247855
0.0195504346262
-0.0309463982363
0.084337130305
0.0161836761253
0.0241205709771
-0.00353341847607
-0.0120016354194
0.0934589911699
0.128643077569
0.129793394411
-0.0111055748331
0.0337034911499
0.0678028733453
0.0348047498065
0.0785545621225
-0.0121334729904
0.0894009066107
0.050879214252
0.0294588556726
0.0572641387355
0.0702363285261
0.0767745170575
0.00273065213297
0.0698245060588
0.0400284836635
0.131790544229
0.0670470233921
-0.103530523055
0.0282636023423
-0.0080956343083
-0.0249418532752
0.0719232253913
-0.0520044887073
0.0451732608509
0.0633236414598
0.0462991062949
0.0624800398578
0.0138802315208
0.0482853322022
0.00407214346942
0.00681676590146
-0.01101190791
0.0418596508847
0.0218045458005
0.0418345005295
0.106908587601
0.0306646826155
-0.0494201018474
0.0603693374969
0.0858048247839
0.107582392471
-0.0348544963693
0.0516288235098
-0.0539726414722
0.0300593809286
0.142366092115
0.064354732731
0.0708943204724
0.00401572549086
0.0823743203097
0.049884978343
0.0831780069446
-0.00299291744874
0.0325888504996
0.00789267141034
-0.00196937402653
0.0412866329027
0.0491567331655
-0.0164252932457
0.0644239791611
0.0686910221768
0.0304912846889
0.135633997699
0.0372333359328
0.00250784506494
0.0625074240893
0.0698578901606
0.0742204349952
0.0728089649123
0.077656314971
0.06494266923
-0.049752611197
0.033858373107
0.00820868671893
0.0362504604229
0.0355593312705
-0.00250380274717
-0.036508779849
0.0270690164747
0.0635280757828
0.0185456417075
0.0474826566363
0.0916266326284
0.120134630653
-0.0100120016597
0.0164576239103
0.127555445609
0.091238634769
0.0958056108756
0.0843061902104
0.102751771257
0.0949270249735
0.0330229817511
-0.0333852645001
0.115325504402
0.05229871164
0.030856339291
0.0309404877056
0.0689132659269
0.0049996809393
0.0800426732449
-0.031420302295
0.0890822742744
0.00463134892615
0.0507492596874
0.0989851332121
0.08413547584
0.129682155647
0.0158404187809
0.0127047657377
0.117256057871
0.0792158118601
-0.0926483025405
0.0995498725875
-0.0801380987208
0.0873021951496
0.113313415801
0.0754862854463
0.0516915356192
0.130605566069
0.0296468212433
0.00386033955687
0.0705677260136
-0.0290510409533
0.121741501622
0.0966784521438
-0.00418147473642
0.025997168843
0.0780639976707
0.0690881185338
0.0284800932421
-0.0243342555255
-0.0131840587049
0.01827041534
0.132604037597
0.0970695657132
0.00096829613974
0.0821222166621
-0.0404616267211
-0.0245241871097
0.101314979946
0.016897048186
0.079155024434
-0.00892991058884
0.116674482683
0.0040389616959
0.0878264797805
-0.0402533475354
0.0179676337994
0.024878316373
0.0989800050476
-0.0166875303075
0.00160808917341
-0.155991637884
0.0773968964573
0.0458978849492
-0.0598912261003
0.0793473514488
0.0359213066994
0.0772441245428
0.143748138346
0.063869208622
-0.03696677797
0.132478048652
-0.020609097705
0.0239617563187
-0.0599437626614
0.00770779649419
0.122741307639
0.0685208620615
0.0899182117412
-0.037451359068
0.0316492168381
-0.131286490654
0.058570592672
0.0786162709344
0.0811159394461
0.0278884845963
0.0714680378576
0.0191464766001
0.0666833398671
0.0442749327019
0.12212471631
0.0415687147826
-0.00445442641665
-0.0248609816361
-0.00245971600979
0.128859480336
0.0656227164666
0.098925976308
0.0433331249987
-0.0186584003802
0.0399299295134
-0.00121060954913
0.0343037824082
0.00607002996624
0.0634955716396
0.0837311365925
0.0470185734745
0.0459238142017
0.0363364691867
-0.0598758316501
0.0777037362107
0.0518608566806
0.0824621666083
0.0473488344376
0.0663581380107
0.0688568418443
-0.0101705405871
0.11925677614
0.0141986690212
-0.00267184830262
-0.0509857307295
0.0996319360601
0.0542267652038
-0.0272317668877
-0.0104711039651
0.0157531558712
0.0614831635002
0.0721599983277
-0.0637595046765
0.0288528569743
0.00642601123657
0.0435074439407
0.112872948524
0.01937472168
0.139308504991
0.130067916983
0.0185056298348
-0.00197714016894
-0.0149607460773
-0.00758452902935
0.123594873538
0.0632605762305
0.0833258630811
0.0565464566421
0.0694273230847
0.0395037104209
0.0699961182476
0.0558357361241
0.103245403867
0.102289658711
0.0420511009731
0.0935968310041
0.0762374454012
0.133917687734
0.0120792873528
0.0119227061606
0.025223006989
-0.00379223453495
0.00788890205903
0.0730892999806
0.102548546226
0.0784290239125
-0.0167072982133
0.103480777251
0.0564307410963
-0.0129738408235
0.0752331482524
-0.0195189682892
0.0812789390531
-0.0562734000295
-0.0317464705113
0.120212257109
-0.134471839795
0.0659696655566
-0.0341008982131
0.0327931203049
0.0295656162869
-0.00795178299656
-0.00345651784358
0.101331239502
0.072447444085
0.0535726923848
0.0587547634638
0.0898927689469
0.0319025264556
-0.0845725899446
0.0552799499118
0.0490464451052
0.0296949610195
0.0552675936354
0.038114175803
0.0548848485909
0.063619282087
0.0683101878609
-0.0098440827433
0.0306175937511
-0.04229850448
0.113877371457
0.0457899052487
0.0660414670677
0.0724522156705
0.0604814909616
0.0354956519742
0.0348526778992
0.0911027684328
0.0348576485398
0.0356793373826
0.109852647787
0.00228815702376
-0.00859049631182
0.0178813310979
0.0387354402253
0.101518092164
0.109907053254
0.0217830610825
-0.0630622863537
0.0713275276577
0.124127683016
-0.0523025680551
-0.0105679272449
0.0630881173782
0.0144604341679
0.138563931686
0.0855361388073
0.0110495758753
-0.0115203181289
0.0596433787865
0.136371167433
0.00838677440457
0.0647598607671
0.082971894211
0.0593217141003
0.0948093492223
0.0897588400486
0.0893759554357
-0.00864261253075
0.056455509199
0.061507292969
0.026076325918
0.0298080299219
0.128673354645
0.037090250194
0.0850075185813
0.0457613959733
0.0141870875916
0.0279120146199
0.1269254097
0.0598910509232
0.0404921904594
0.12727379038
-0.0604491925942
0.0156859420869
0.115245275144
0.0738210919375
-0.0520949593975
0.0881814108767
0.0791716198169
0.0356615447871
0.10958800234
0.028221556697
0.0376539761815
0.0573266580353
0.0531851081498
0.0975503393131
0.0893244443545
0.0586429283933
0.0705796851064
0.012872622305
0.0882735752617
0.0505264062016
-0.0710418842581
0.00289459144025
0.100894003195
0.0157280952899
0.119925278265
0.0405015194846
0.0368495077532
0.0341550542259
0.0396461491691
-0.0580657370087
0.00903355583582
0.125025460999
0.0769406706226
0.0873485289596
-0.0088165990447
0.0406148542948
0.0527477707892
0.0277890357099
0.0847346750183
0.0877370170766
0.0205973084399
0.120900893141
0.0760173530665
-0.0129800401021
0.0157976157057
-0.0393322682342
0.00864401047885
0.0960990759173
0.122037275155
0.0453759849672
-0.0453727270943
0.117225585209
0.0526737210378
-0.0326595787839
0.0814033023049
0.10505854232
0.0682917136671
0.105092043344
0.065553280575
0.0565100028235
0.107415624034
0.0520681894489
-0.0633698891526
0.0986502172054
0.119275661687
0.047431581732
0.0563224764354
0.0245171803533
0.0126897414223
-0.0051740731089
0.127098660966
0.0175923650454
0.0182316628376
0.0664737013218
0.00520556162736
0.0241535184647
0.0217573232691
0.0471261557998
-0.0385932149433
0.0746144984256
0.00172504581764
0.0385330592
0.0181590850285
0.112204196772
0.0192051613256
0.0640483880546
0.0449359543589
0.0412438795186
-0.0031096937115
-0.0194202437188
0.0730686605501
0.0919100580958
-0.00450724218836
0.05093604765
-0.00257471118911
-0.00111470902415
0.0267167908544
0.0780535701479
0.0570132401861
0.0318695081625
0.0176268412282
0.0842355030945
0.0679637176388
0.0225942112133
0.135194880698
0.00674198576546
0.0969058170032
0.0726209240051
0.0915145848073
0.0521685712131
9.84462668017e-05
0.0425260823832
-0.0970571743431
0.0353292916981
0.0485673427895
-0.10226201871
0.000185280509395
0.112790157336
0.0155376514997
-0.07535338071
0.0930739282625
0.0884530048582
0.0119071300968
-0.0241039121383
0.0493129086686
0.0784683506047
0.0706922702512
-0.0335740866764
-3.95596659644e-05
0.0360192076214
0.0569222927319
0.0589612144155
0.0471833867403
-0.0483372202414
-0.0148914077441
0.0475522743308
-0.0437245247689
0.0899184037628
-0.0111578771606
-0.0119823888144
0.0697391565133
-0.0621914937337
-0.0180431827209
0.0967767134646
0.0819488392085
0.111718761203
0.0590789725303
0.025859414063
0.0439806663121
0.138728755713
0.076191577542
-0.0322969867822
0.089053941578
0.0430640368584
0.0565472223481
0.077530428957
0.0412815789639
0.0811435029446
0.0279380746916
0.0674068795637
-0.00570952766832
-0.00113959386062
0.0903223074517
0.0863622246911
0.00699074865051
0.0729266669237
0.00703163496772
0.0111405241801
0.0938882444681
0.0776273634881
0.107591245767
-0.0368529078218
0.0238221132995
0.0521305704117
-0.0617303316916
-0.0549798965181
-0.0424984048033
0.08629465143
0.06937452174
0.0328237761083
-0.0629377753872
0.0160865737847
-0.00553951370248
0.0312207814056
0.00635093069608
0.0886396049559
0.0336480102131
0.0621397832631
0.073485190554
-0.00657526048979
0.0260926714382
0.113642057837
0.0221041130431
0.0632539548696
0.0246667265111
0.0752630486883
0.0457772523278
0.0257397581979
-0.0102011780156
0.00688986075645
-0.0481724046664
0.0572199792567
-0.138753600566
0.124449084835
0.106446042743
0.087869927956
0.0598384326914
0.00821803977349
0.0769491004082
0.0472033322386
0.0597971173329
0.0693567729406
0.104483012275
0.014184620396
-0.0157789554143
0.13519829787
0.0659531921424
0.0572497645202
-0.127526647915
-0.0491491973846
0.0810398998411
0.0418663688021
0.0412407859022
0.0958165160531
0.0816886909638
-0.0122087868182
0.00347324044822
0.054098306387
0.0409062695946
0.0525748226973
0.0340140180013
-0.00330968622554
0.0917509240534
0.0119603518981
-0.024872204929
0.00395885519397
-0.0335811774127
0.0541940939446
-0.0132565740802
0.0224960157871
-0.0138291612979
0.00446506862536
0.0966750795035
0.0796325419281
0.119924909205
0.0847714006251
0.0274135681411
-0.0615150499607
-0.00671574233711
0.0790784919704
0.114501416158
0.0409298440718
-0.0118719791236
-0.0218133902029
0.0749018392565
0.0576146095839
0.011669897686
-0.0511884147207
0.0505791694663
0.0304069947074
0.0195992050605
0.0745288420591
-0.00665669953031
-0.0123925049993
-0.00032862357404
-0.0255276076455
0.0569494885922
0.0393219615195
0.0220456761152
0.107983827908
0.0742925663225
-0.0269823321705
0.0426786831879
0.0379145466599
0.00498484602367
0.0181595786728
0.0180277728678
-0.0802356676323
0.00388226392818
0.0384142676343
0.0286399091382
0.013043156591
0.139217174245
0.042522174952
-0.0969654333441
0.0504339229436
-0.0374371563788
0.100639738367
0.10617651941
0.124729342129
-0.105200681044
0.104521377254
0.0831789527798
-0.0466545559866
0.0269921281041
0.0183815569588
0.0275384146962
0.127558660527
0.0934158387763
0.0422447304248
-0.0344482906618
0.0387397743871
0.0236683293261
0.011371464246
-0.0355640377553
0.0550259251213
-0.0161013415481
0.00244340847128
0.0382779423088
0.027282684458
0.05188425184
0.10413622237
0.0893083770019
0.0261622104068
0.128785427347
0.0543767996651
-0.0397463906711
0.0198987902106
-0.00580357039929
-0.147468706108
0.0328667014448
0.10850876636
0.0353054758309
0.0713637603926
0.0599255723651
0.0616515898252
0.0417138404148
0.0386941607472
0.105269920657
0.0957060153291
-0.0803820249785
0.0457114992828
0.0832566956564
0.100489037196
0.0385952271921
-0.0719542728805
0.0769103767721
0.0659113538683
0.0157987532129
0.0337351396864
0.103245073108
0.0566311450773
0.11209755047
0.0988727553495
0.0697158419494
0.0756670244371
0.0439764732336
0.0883612724451
0.10533902672
0.0748419563734
0.0438164036841
-0.0159970476086
0.08599000185
0.0780821092833
-0.0190552375512
0.00684186699143
-0.0228188191465
-0.0112999192917
0.0573256638944
-0.00654021811105
0.00829877415117
0.00769311690667
-0.0131955626757
0.0100343095547
0.0588277655604
0.0449030408816
-0.0136957098203
0.00669686836326
-0.0220613839973
0.0157832071096
0.0792721139635
0.0942070908564
0.0362929432417
0.064535210064
0.128493146775
-0.034863528936
0.0089898116009
0.0419041474638
-0.0475139708835
0.0488666051553
0.0452275921974
0.0735125987208
0.0657056278785
0.0863119796213
0.117023475616
-0.0222482765895
0.0312202273749
-0.0247534740253
0.0993825915657
-0.00855565185441
0.00965437804817
0.0428962368026
0.0684780891397
0.0432425683154
0.0339527003236
-0.037456381273
0.0183834969377
-0.0174515593078
-0.0325515950617
0.0880832251754
0.0219211874697
0.0385214279163
0.0548850139247
0.00662059436871
0.0147593980031
0.0409214763384
-0.00488155401485
0.0177782200687
0.0050340314285
0.0586655522771
-0.00450347623201
0.0430268857881
0.0943765064324
-0.0859706724565
0.0772714371498
0.026593751994
0.0878805790682
0.0178094487139
0.0554042089833
0.0348055630251
0.113622482073
0.0313214620111
0.129694145049
0.058347599422
0.0220493459032
0.117183362246
0.0816501730385
0.0642534976912
0.139228973521
0.10429569089
0.0879243637812
0.105737240199
0.0801090021009
0.0807318617035
0.0730900099502
0.0677442487154
0.0468734421008
-0.0876888541675
0.0463819568316
0.104684249194
0.0166797809511
0.0251636487687
0.107262054498
-0.0442896066548
-0.0314493520578
0.0914257077739
0.0342485552454
-0.0491656266041
0.101906634937
0.0475147475625
0.120270519217
0.03270624611
-0.00780307578276
0.14549834423
0.0817216753301
0.0366340615479
0.0480096885474
-0.017119455816
0.0465947252636
-0.0277917697808
0.089717167062
-0.0986254365004
0.0711201591638
0.0445965113552
0.0141043918238
-0.00619085883695
-0.0246691173258
0.0307347332142
0.0083081981214
0.0242654124547
0.0379496662399
-0.00975779718194
0.0877881897849
0.0205105253817
0.0702019021956
-0.00630050877328
0.0821579301732
0.122104085844
0.05279521285
0.138110083863
0.0664059442844
0.0435127517692
-0.00838883794784
0.0417529625766
0.0823451890617
0.101709781897
-0.0082452898984
0.0109548247508
0.120368330026
0.000135733784957
0.068825816955
0.042880007258
0.0324436394053
0.0586516413874
0.019754114515
0.0156738464468
0.0201254706424
-0.00714684161896
0.0352817874467
0.0804358910111
0.00948614602969
0.0176716070312
0.0614473838182
0.10551908431
0.0967793093264
0.00359111883702
-0.041752730039
0.112653673462
0.0361309236701
0.0222914216357
0.0329978717412
0.104771327461
-0.0519781576784
0.0293175454238
0.0802487061277
0.0330178484146
0.0266117720196
0.0513915788416
0.104688107379
-0.00572937358906
0.0311834285016
-0.0993553190248
-0.0255641164934
-0.0621061840445
0.101736606529
0.0465686623762
-0.0038303081126
0.0217851626037
-0.0550085069497
0.120728146333
0.0532965662285
0.0979142851034
-0.0362036543307
0.0740277228718
-0.0288138131226
-0.050579051581
0.0892859528764
0.0400301551797
0.0425326610046
0.038263690498
0.138985978162
0.0195635549931
0.019913622821
0.0653579965222
0.0480013830077
0.0964594278685
0.0291189459517
-0.0232493620214
0.0141947714787
0.0399905553577
0.0425598824451
-0.1408829729
-0.0667979203167
0.0768807939451
0.0595780251903
0.0744061440846
0.120469559805
0.0476722319371
0.0381501708912
0.0317678169162
0.0698786578249
0.107050638498
0.0343017881419
-0.0151981235407
0.0965013664766
0.0171439157007
0.0183565837273
0.063383852774
-0.0532244151596
0.0243454251754
0.0711338823746
0.095004269634
-0.0494641003808
0.0820647251885
-0.0470685221616
0.100451431903
0.0444794084854
0.112933695044
0.0816245084177
-0.0350513203005
0.107605704987
0.044260226695
-0.0221643858447
-0.0471507907091
0.0764977075862
-0.0453798536711
0.0508965159774
-0.0815989320237
-0.106798625819
0.00588330493526
0.114807602457
0.00615534724786
0.0769726267875
-0.00818833350527
0.0796380509058
0.0942028489844
0.0599355161103
0.140266009282
0.0583712779221
0.0285828761807
0.00779519758169
0.0347317349312
0.0319051835992
-0.00720937388111
0.0777209615301
0.0795747494655
0.1348888975
0.130499036086
0.00216153457452
0.0959057153527
0.0698501950977
0.105340553368
-0.0430316687062
0.00327182321818
-0.0253201115358
0.121012114085
0.0166592006241
0.0241093330112
0.0439781395536
0.044065620481
0.139025801656
-0.0589795728987
0.0255490025196
-0.00530283636997
0.112735462842
0.0641269108567
0.0502931176767
0.129793201833
0.027055754862
0.00997097678889
0.0360093465103
0.0508253760941
0.0420668375865
0.0146512627299
0.000745292567284
0.0385527469224
-0.0089386173648
-0.00129342430286
0.103161669877
0.00106955866016
0.103410394078
0.110247526015
0.116600031007
0.0321189667429
0.14299757634
-0.00651822262898
0.0279277922937
0.010130321843
0.102993283552
0.026107583907
0.0120867969935
0.0340499049826
0.0473878029393
0.0863375785771
0.043492320456
-0.00100395607664
0.0539096003863
0.0985554309169
-0.0124735228198
0.0311073427723
-0.0112222607249
0.0510215550244
-0.0458016645095
-0.00993581307338
0.0751791876085
0.0787100301682
0.076574835864
0.0947920749345
0.129441029204
0.054343737979
0.0634218835719
-0.0176750622528
0.106192957168
0.0263879695152
-0.0277034863566
0.0262880973237
0.10057416397
0.104658682271
-0.0125763719676
0.0191383687436
0.00535194704362
0.0661632842408
0.0725853946409
0.0968196011204
0.0527518499469
0.0732406814771
0.100469106451
0.129278277476
0.0678441306107
0.00239992888529
0.0352235623035
0.083266772167
0.00239116615882
0.0472531781922
0.0631185016009
0.0614915519046
0.0215742744825
0.0617517887891
0.0974240158277
0.00824133340188
0.103526140075
0.0221509087347
-0.00470200200333
-0.0999717537655
0.104803263148
0.00385665261914
0.125854087344
0.0564135154578
0.0259098291211
0.10230840119
0.0615836453691
0.0309497156641
0.0982762298365
0.0738055522036
0.052824982976
0.0365931708106
0.0717168732405
0.0129525681101
-0.00591201034758
0.0683842845295
-0.00875847765252
0.0510719070687
0.00504903731069
0.0644327185155
-0.013632513309
-0.00618251796076
0.0780346845307
0.0674775372348
0.0603634050178
0.0254374232763
0.0330530327827
-0.0467740355198
0.112138883756
-0.0579896413358
-0.0727853910355
0.0377094555662
-0.013657781113
0.140704686214
0.0418580836564
0.0337639362305
0.12466140585
0.0250538333991
-0.0310413246678
0.0134962061183
0.0968935715852
-0.0166392648072
0.0699271554099
0.0920034956316
0.036431024772
-0.0559191445345
0.135618351468
0.101144391703
0.081633468929
0.0200758024348
0.0548394798455
0.113238776081
0.0455257799534
0.0138189097081
0.0512662213055
0.0704073308399
0.0517235409196
0.0257189867089
0.0840544792468
0.128783230201
-0.0201340685156
0.101453076087
-0.0283675515971
0.095628251088
0.022431487661
0.116569541108
0.0491897834109
0.0195809941158
0.00492961188595
0.0200674412022
0.0897593052981
0.0204529083178
0.028945858924
-0.000621973375579
0.0305632734887
-0.0299592903629
0.0146939731903
0.0410291593933
0.0133242066828
0.0391068474811
0.0982540741019
0.0993772056504
0.059854180448
-0.00655136989497
0.0635685647747
-0.0119197764125
-0.038258369728
0.104819344386
0.0705630392509
-0.0310352651384
0.0241344528577
-0.0618994309633
0.106102069757
-0.0147554367383
0.10121700673
-0.00300899990958
0.131230292821
0.0754534930623
0.0170700950902
0.0280477290039
-0.0559818241635
0.0225178049344
0.0780449109875
0.0850143175479
0.0437759099307
0.0373989964749
-0.115134970226
0.0445609743612
0.0236325144657
-0.0396547731779
-0.0171942603161
0.0228193935116
0.0439600005627
-0.00882205764473
-0.00383597140185
0.051205084724
0.0980991946519
0.0664228670052
0.00258794932405
0.0560131062392
0.0602187390296
-0.0843924748389
0.0292596747462
0.0564916332918
0.103288795766
0.0664938332668
0.0805765448669
0.0167928724514
0.109610186515
0.0856880543732
-0.0209650434524
-0.0214523292771
0.0867508458584
0.0621383314071
-0.0727696571627
0.0977849816373
0.0280627964704
0.137700053418
0.0012680016619
-0.0302302560581
-0.0358434052859
0.0243256196786
-0.163392950685
0.0864943588625
0.102656094596
0.0912480661156
0.0282694712981
0.0140581569274
0.0798196705602
0.0776908789023
0.086745127652
0.0417084586411
0.0339769688108
0.0628911128319
0.102128384624
0.0157524783282
0.03145063932
0.00884842624353
0.0692629880459
0.0151147751661
0.0613182914253
-0.0047223472443
0.0356182801965
0.088737712612
0.0998266423876
-0.0182294989685
0.0560086468239
0.100976619134
0.0801724991259
0.0472895053922
-0.0155068155728
0.119653084128
0.0254479935215
0.0518962520502
0.0856318685797
-0.00584277494206
0.0281994257207
0.109723015996
0.0587930526195
-0.048898570885
0.0753062537982
0.113736133623
0.0524480999991
-0.00911981931317
-0.00140051221521
-0.025639605446
-0.0790228772865
0.0492890896795
0.0359567624803
-0.000200780419592
-0.0699914130855
0.0775407218915
0.130037488233
-0.0216970778156
0.059687011253
0.00361010160767
0.0736494844188
0.0877187114291
0.0944154471913
-0.0217048288425
0.0658013940364
-0.0591384980484
-0.000966337220622
0.126429492888
-0.0274292532719
0.0460400135553
0.0802669382174
0.0591802681217
0.122259432674
0.0640160860774
0.0731301888219
0.10993495471
-0.00787858354169
0.0594994197331
0.0740790012854
0.0965240648404
0.0995173411315
-0.0200171009334
0.00732945415705
0.0378894584556
0.0666283660097
0.104316790063
0.0381550338735
0.0656775013107
-0.0145101490846
-0.0300868164754
0.0552816269191
0.0729348251595
0.061405690402
-0.000127935427816
0.0903181078875
-0.0598043037259
-0.0318804789619
-0.0169730663146
0.0433454646984
0.0500820571267
-0.00638715178948
-0.0657625129626
0.0560319706261
0.0221394716608
0.102872330824
0.0229132001048
0.0132423650558
-0.0308099158196
0.0386279877946
0.0491191500565
0.0880261542839
0.0723110258847
0.0253287122943
0.124145154118
-0.0225853515552
0.0825773212688
0.106176745527
0.0962170846954
-0.0555466539048
0.056854732106
0.0808863176457
-0.0362454618618
0.0575611659848
0.0727826635634
-0.0151742963373
-0.0342703543904
-0.04725936716
0.0681640876575
0.0393745199418
0.0585456204085
0.0363549960987
0.107299472832
0.051565589666
-0.0584431692763
0.00498434482779
0.0694047946756
0.0704003513624
-0.00361538057904
0.07160267888
0.0858638589201
0.0563016607027
0.0601401307964
-0.0154201972476
0.0689521516637
-0.0222844809933
-0.023857542153
0.0596353922137
-0.0287285563929
0.123946221743
0.074419762463
0.0964041965209
0.0743402037666
-0.0432912950277
0.0374474484025
0.052720892174
0.00882926017811
0.037144835971
0.015502670013
0.101174903751
0.0332686965223
0.051900281536
0.0271286511736
0.108808597788
0.110809755368
0.116442160568
-0.147949363852
0.0282330393157
0.018058092579
0.0931805377169
0.0562876497695
0.0476107835493
0.0998107034965
0.0960878790661
0.051911798469
0.0228673241364
0.0156352493111
0.0451854073765
0.10161290984
0.0054719322937
0.102142927134
-0.0168041621796
0.0448557684723
0.00836788166303
0.0444635829522
0.0858094903995
0.0819344436073
0.0673316049908
0.0115671096097
0.0101891881761
0.0405731143694
0.0464825799529
-0.0231208108065
0.133599688592
-0.0841380465777
-0.00472298957136
0.120770120711
0.0372421735354
0.118109803645
0.0410220126311
0.0518380109105
0.0743444309372
0.080580778756
0.0037841731154
0.061385360663
-0.0155243077728
0.139200668064
0.021149880951
0.0934286509041
0.000813863257405
0.0911626261974
0.0750969816402
-0.0553482805811
0.0107744242999
0.0848304640672
-0.127090211245
-0.00544757224414
0.102013800372
0.0509407174047
0.0892639895908
0.106714151446
0.070500595582
-0.0716190316902
0.00515271235926
0.0129601592781
-0.0358957375826
0.0926729211208
-0.00477371568449
-0.026105137337
-0.00832887628048
-0.0165830645845
0.010158753058
0.112896461479
-0.0116378518869
0.0788719607308
0.0492851695292
0.0700717018423
0.0463117557391
0.0945300185325
-0.131815289926
0.00565267136903
0.0604170764787
0.0589910859491
0.0952270692816
0.0781287958207
0.03600565525
0.0577615675786
0.124843190263
-0.0322885478017
-0.0264711098389
0.057895577001
0.120292254658
0.0857613282146
-0.124574197534
0.129924389747
-0.00707388575398
0.0653373250889
0.0478502534449
0.0583794492831
0.0865788400563
0.0486364377369
0.0678025060985
0.0445482374913
0.0896099937264
0.0748781875281
0.0759836099979
0.010027327005
0.105831880302
0.0575804339835
-0.00337412414716
0.136488876016
0.0245427952868
0.0977907808577
0.0780715498234
0.0604375357588
0.00216250791095
0.0972967923019
-0.0719982396277
-0.0184390136383
0.108957644436
0.0829166877337
0.0337482982288
-0.0680998130093
-0.0127623448084
0.0952649305634
0.024889597102
0.0503958498802
0.0531981573922
0.101926207248
0.0506134233106
0.0386121444387
0.052304679775
0.0327246959322
-0.0101802405612
0.0837646387168
0.049248691387
0.00633195106971
0.123361743587
0.0622585878769
0.0754777415759
0.0509812692002
-0.0702361752387
0.0982744910968
0.100140586774
0.0268492983771
0.0477787111444
0.100358198788
0.0700249074098
0.0639024886298
-0.110576831136
0.00803269796391
0.123210157755
0.0183257223967
0.00726607044902
0.0555377639923
0.0987767261575
-0.00558625130326
0.0110430659359
0.0328674009408
0.0213095742644
0.0844333417881
-0.00598454051219
0.0722148950139
0.0722164733975
0.0499492681249
0.0882572371136
-0.00563627726636
0.0445755036719
0.0145328988385
0.0530616547675
0.0549919522966
0.132693856531
0.036267980725
0.0916115484602
-0.0327635599
0.0216223950842
0.00739052139799
-0.0418607501088
0.0889139069572
0.0940298730366
-0.0131131816656
0.111523636612
0.0259157553758
0.12882552091
0.0674104054183
0.0988883201587
-0.0554913190236
0.0978792857682
0.116891917218
-0.0707105875895
0.0504778010714
0.0872257159718
-0.0279889280838
0.0880528425849
0.0135184189064
0.0804009169065
-0.0010787102448
0.0610941061621
-0.0221620739216
0.0417022889804
0.0250340930232
0.0429075743486
0.1056429839
0.052027868117
0.114492673847
0.0192151125464
0.0867729815475
0.0288150892775
0.0336430493424
-0.0207179779153
0.031388477008
0.0374712389579
0.11575763003
0.112964249713
0.0590620296884
0.068210128749
0.0486073382654
0.0409723795285
0.0266924426745
-0.00455095877619
-0.0113141608003
0.00017309988853
0.0947084431017
0.0657259876345
0.101994756566
0.0911021296586
0.0524567519039
0.0879569483994
0.05009115573
0.0567583556307
0.0338550947275
-0.0619264434521
0.0829847082704
-0.0258078421286
0.0168725791857
0.0812639484932
0.101344641657
