-0.00141458158044
0.00993189302524
0.0498320814194
0.0240063546403
0.0704623665356
0.0768916175062
0.0623530231679
-0.00760728896408
0.0459734517033
0.0541278964994
0.0550186780201
0.105368968609
0.12936607214
0.038920972261
0.0669981092274
0.0394047616014
0.0383505602662
0.07857236231
0.0677444275359
-0.0164463737011
-0.0238128218327
0.0744741600949
-0.0234294126224
0.0374291194273
0.106772348417
0.0849198666921
0.0738530077517
0.124579636702
-0.10603889169
0.0321048596848
-0.00394886849615
-0.0410172805784
0.0386902536214
0.0766199301737
0.0135859560286
0.0769345319343
-0.0202189626662
0.0484349247429
0.11467720925
0.113151121616
-0.0118197634757
0.00718502407952
-0.0634952062406
0.0201663717429
-0.0219636169081
-0.0368789136144
0.10151964451
-0.00417598112046
-0.0111455795376
0.0416663206966
0.0064147135708
0.0366038034609
0.0873355921877
0.0318520096471
0.0127325766076
0.0406224481501
0.0686892277562
0.0537783166594
0.0796270468924
-0.0103310778846
0.0347826990563
0.075921517949
0.127732907859
0.0212836098364
0.118497073925
-0.00700923004723
0.0620379541878
0.0806813870264
0.0423840367615
0.104298454039
0.0212311395888
0.0694992548328
0.0171095916804
0.0924019484594
-0.00484481231352
0.0626657323568
0.0821345480951
0.0245867393546
0.0449686597439
0.00170341342629
0.0810000350903
-0.011219747129
0.0384288263095
0.00379711501357
-0.0428482908483
-0.0111473048256
0.0745014653548
0.112529165374
0.00690341926585
0.0178907397467
0.00748749032052
0.0142288402988
-9.32092846382e-05
0.0247050974452
-0.0178210327872
0.0665748746288
0.00573418877781
0.00862095182485
0.0413562345335
0.0483737491035
0.126915965218
0.13839497556
0.093287513935
0.112668998926
0.0538533801238
0.123712832114
0.122695374657
0.0951634119435
0.116295378977
0.107144419798
0.025225646978
0.109419162666
0.00880622781376
-0.00605264693446
0.114530271083
0.0753333133454
0.0922811655419
0.137621869122
0.102253498288
0.0274697936957
0.0306195070559
0.056447410982
-0.0549351347578
0.0204762125333
0.0553972940109
0.0901693459575
-0.0017458968565
0.116124183824
0.118870676908
0.0625470513625
0.127961683255
0.0581693612258
0.0266967500126
0.0201181164436
0.0636540261967
0.0312565663298
-0.0230505642835
0.0222243925809
0.0831679412934
-0.123607295494
0.0512433315915
0.0666428318664
0.0480960218463
0.0562108358854
0.0281317891638
0.123382611522
0.0581731664513
0.0732508807017
0.107966501535
0.00911163889036
0.0867391523698
0.051749693686
0.01210039724
0.0287390521223
0.0711107726559
0.0189398473522
0.114469530892
-0.0443981331406
0.0787456086052
0.0477448792533
0.0996327110774
0.0376180923131
0.0025823673889
0.0448695968684
0.0389378082263
0.127108343686
0.103764550433
0.055389539422
0.0374809324176
0.094698823125
0.110116635057
0.0192295026669
-0.00736304529809
0.0208033572016
0.121470895435
0.00453134278755
0.0572474333496
0.115085351491
0.0458727055367
-0.0767773037844
0.0563851077193
0.0357602486694
-0.00866734944081
0.128462200421
0.0953832985759
0.0657367938051
-0.000383186718437
0.0841355399688
0.0531765783681
-0.0382446931091
0.096515780593
0.0982490942027
0.0143308918655
0.0511953372487
0.069238870367
0.0406667109064
0.105285877197
0.119182467755
0.0151882859993
0.0721283163011
0.116992309234
0.0631805303591
0.0906000361113
0.117741673484
0.055339712114
0.0818507356499
0.00795860740599
0.00455992614316
0.0541498836601
0.116661943443
0.0958917270629
0.0416712207192
0.0401027594818
0.0176161331876
0.0660822182124
0.0806250330403
0.0898815131354
0.0393279720071
0.0857859897271
0.051763681052
-0.007074094458
0.0912449161799
0.109375074134
0.0847236380097
0.0301326841811
0.00955720839253
0.0146842667376
0.0356144934042
-0.0458271438296
0.124823806473
0.0839341266885
0.049845056061
0.0154046093859
0.0362719161908
0.0896074981736
0.00117653274848
-0.0226914833464
0.113780588088
0.0675476349366
0.0419410037371
0.0997720406321
0.0947447026835
0.0694831005386
0.103027230807
0.134116854859
0.0630222220165
-0.12278566938
0.0914113728633
0.022757908985
0.044076614754
-0.0594271946232
0.0745057512596
-0.0357662983506
-0.0134223640455
0.135389664106
0.104163284012
0.020507383441
0.117162526471
0.0774360335271
0.0678110149455
0.0752884492131
0.107204881326
0.0795524754164
0.0372779925398
0.00526317775896
0.0787837850241
0.119826193724
0.113468417754
0.0200126094794
0.0332557946329
0.0179253137679
0.0538625158587
-0.0705494899676
0.0658740407049
0.0978164383871
0.080398471342
0.0420462778196
0.0551440318375
0.112940508944
0.058160514586
0.0740479772934
0.0688033691988
0.0611789443323
0.0271281664424
-0.0162052730989
-0.130583374291
0.0674214247884
0.0680291478086
0.0764859218558
-0.0152484497986
0.110660069981
0.0565808921313
0.0477689411838
0.00608266067372
0.0317578269305
-0.0340000277891
0.0865493856204
0.0461879421709
0.00353599648508
0.0744917766835
0.113559557922
-0.0757821427102
0.0703780063551
0.107615190574
-0.0126446371797
-0.0412248940915
0.120917531163
0.0722338872139
0.0723062025031
0.0549073891646
0.0200792780819
0.0521450110195
0.117749768728
0.146576982468
0.0113676750175
0.0611495551618
-0.00986972972829
-0.00243877434175
0.042583467339
0.0657750838574
0.042468604854
0.0865781404053
0.139331462852
0.0225742374573
0.0784944496294
0.108838255812
0.00602236151434
0.0651956418425
0.0436734406997
0.0224288521246
0.126911665966
-0.0116923183837
0.0682472414153
0.0352753286476
0.113705659909
0.0689709517215
-0.0472256835958
0.0877270439919
0.041750121951
0.0505872715178
0.0916650982817
0.0368481877623
0.00680502132605
0.0684222102451
-0.0865236816979
0.0441131180594
-0.0163139040495
0.0149591713655
0.00666038661906
0.0712515860238
0.116833908251
0.0337108299778
-0.0375896705446
0.0995252778878
0.0255686733736
0.10185472111
0.0520310658855
0.00851925105214
-0.0328810299781
0.0101248727702
0.121960348902
-0.0320959727177
0.0953302525604
0.00466047618823
0.0287983203216
0.131964092366
0.0768650800509
0.106251869737
-0.00908079582835
0.0454122261348
0.117672290807
0.0364967382172
-0.00831854992742
0.0465613610776
0.0960972363759
0.0102378216228
0.0722150386661
0.0300422858616
0.0913171547925
-0.00549209878119
0.02054599699
0.0317365106071
0.0920051313869
0.0416825961507
0.0767058180566
0.0338892831837
0.0481291115914
0.0411836477303
0.124682949504
0.00109891623073
0.0103920484917
0.0856992555547
0.0675967884143
0.0535179863284
0.0685898446952
0.00681609524046
0.112596231497
0.103427791782
-0.0381805024057
0.0240277365583
0.117871531522
0.0022470419497
0.0777251286732
0.0684891385998
-0.00954133688467
0.0689750395629
0.0938932871697
0.0499639493245
0.0123755193635
-0.00495115440324
0.0939014062612
0.140777680468
0.0447005082776
-0.0131044381813
0.0512665587832
0.00377519872863
0.0551423071527
-0.0818433686448
0.052015782738
0.0530337062674
0.144056315735
0.0698778224718
0.113699558991
0.115531370737
0.134596177886
0.0565052884743
0.0874619411963
-0.0335071145987
0.046713840599
-0.0484774222515
0.0406289043705
-0.0231775283055
-0.0204012782493
0.0492555604961
0.0666190285273
0.0914876947355
0.0482398832779
0.0488128528086
0.0854735361567
-0.0332923296128
0.139298329424
-0.0521445338973
0.0861842226912
-0.000696370705146
0.060348367914
0.001270351193
-0.00747334475458
0.0380699221193
0.0105469315667
0.0238945062502
0.00518159268505
0.0216463925397
-0.0168381513916
-0.0157953397033
0.065634238732
0.0810184674451
0.095143384604
0.0633078640762
0.0568687556933
0.0200100142587
0.0434523929918
0.0123880353488
0.0676164135884
0.0879737102077
0.101470958284
0.0611094251384
-0.0211285398261
0.0493821404175
-0.0244225993477
-0.00778257924357
0.0112351173124
-0.0321914774409
-0.00431945311251
-0.0143090179382
0.0510126413188
-0.00735924206232
0.032782187122
0.0244925477806
-0.000660513892335
0.115064530712
0.0125027330819
0.0987782086444
-0.0515488785538
-0.0853963112362
-0.0344456628397
0.03742462324
-0.0289331246428
0.0879120059972
-0.0419233202237
-0.0635615625501
-0.0194155097121
0.029231325096
-0.0306296638305
0.0745186057415
0.0950597292578
-0.0807613252583
0.0953575062286
0.079167034832
0.0929893594814
0.0273820348374
0.0901269265105
0.0119023613626
-0.0162632228741
-0.0126877427869
-0.0517132302755
0.0581692138758
0.0282830262974
0.0530083385237
0.0774434549757
0.0499422641026
0.0407181781237
-0.0162305102929
-0.0354770191289
0.0686901329402
0.0234268502916
0.0864298002726
0.0551326351167
0.0694809070523
-0.0676181933303
-0.0554979661954
-0.12046620821
0.0722916911514
0.0934925911748
-0.0146342790299
0.0640758621983
0.0557278155728
0.00255888749545
0.0668472310441
0.0547214607429
0.0608175236573
-0.114168270349
-0.0390883687459
0.103303371207
0.0344474088977
0.0105716530207
0.0786882697813
0.0168249014067
0.096222316309
0.0962998915285
0.0699324996989
0.00957287641541
0.103821992702
0.0707439573303
-0.0504092618891
-0.065777998241
0.0932844055512
-0.0959083469064
0.0533220393779
0.0947857110842
0.0755619261729
0.0448080781808
0.0505962842161
0.0325756801568
0.00448896221248
-0.0367013296643
0.125644958927
-0.0242198119848
0.0448320001745
0.0804052833589
0.0686898736903
0.0731487217075
0.0764669710956
0.0967774197804
0.0221554029353
0.11017700987
0.0810784374944
0.0464049673815
0.121267965403
0.0189816422724
0.115189527556
0.114660591438
0.0324245872047
0.0710311441377
0.0436502530617
0.0273046994896
-0.0288370834421
0.119714902828
0.034176968543
0.034240488176
0.0707135804564
0.00213572674071
-0.00881475120209
0.124104293705
0.0823648312319
0.0261808991543
0.115209674602
0.123973987437
-0.0105170862773
0.00306628245057
0.0829808986439
0.0659571487986
0.00938842944619
-0.0558715691751
-0.0560509153698
0.0471830937247
0.0490382310598
0.0624463108598
0.0932667094416
-0.0401784121304
-0.0171078468291
0.0467463375323
0.0673035308893
0.015596270196
-0.00499468676836
0.0890671930297
0.0614991639492
0.0388743656063
0.0139050702829
0.0762157895474
-0.0680792285036
-0.108741537917
0.132121172706
-0.033022463211
0.132305184652
0.028763131462
0.0243086152044
0.0724863933515
-0.0261438235554
0.0349521770169
0.107567968722
0.0527625208637
0.0572852967147
0.0752814053752
0.0933982082553
0.088827659934
0.102957234477
0.105668115647
0.0300610845273
0.0117460312107
0.0326003314617
0.112107541353
0.0811926940474
0.0737944422311
0.111898881207
0.0720920452995
0.021300535998
-0.0247928273011
0.0176681625807
0.0487170330986
0.0792351350878
0.102267540087
0.0520561245179
0.0233479231328
0.0783139269994
0.0249128164362
0.0682050920469
-0.0580959118179
0.11714094708
0.142286818737
0.106712616817
-0.0208655449841
0.0064085004127
0.120237084866
0.0564434983651
0.104142230888
0.106559629107
0.00318911027078
0.0636200655826
0.104126534111
0.123373061008
0.0554894541431
0.125108114709
0.131675377176
0.0176408182631
0.0809420457432
0.0375890567127
0.0959717867026
0.0286387093365
0.0157926169401
-0.0335943739477
0.0612856038434
0.0935043580743
0.0319880269467
0.0105135618362
0.050838773971
0.0563564163675
0.0761660940523
0.0648753584167
0.0970323685679
0.0469413598813
0.0641229694452
0.126400644322
0.0983809171145
0.0859992431398
0.0361870924886
0.00739428478419
0.0530166995651
-0.0689562244538
0.012104318093
-0.0508428287867
-0.0430846209159
0.0839829549004
0.0348429761514
0.0369210266549
0.126285526088
0.0872859981826
0.0705616226252
0.0918218036811
0.125521256055
0.0811963711665
0.0504725540559
-0.00821114429383
0.0173413587322
0.0593091306173
0.0741254065861
0.103779374845
0.00619725351469
0.0869887559296
-0.0317620907576
0.0622797405052
0.0545606040221
-0.0346854423972
0.065362765098
0.0516906906043
0.0937340102421
0.0514643182842
0.104097247152
0.0551187037234
0.0426048071614
0.0212193332981
0.0225837622523
0.0742685265263
0.0885926310571
0.0619634780531
0.113024383576
0.109287085276
0.053460627523
0.0395345948275
0.064370505036
0.0708555969224
0.111389653325
0.0852383202538
0.0476338040192
0.0376117445607
-0.0292592045823
0.0215878681697
0.06678392157
0.0298535123962
0.0967251938965
0.0633787860163
-0.0715002658321
0.0228941038452
0.0266875650931
0.087676630543
0.0436488110424
0.0476005964533
0.0818005438004
0.0802438733101
-0.0759311811354
0.0575404136998
0.0768131595376
0.0908846007463
0.0499094686382
0.117688073397
0.0522393522504
0.00794331486257
0.115239533788
0.00667589056081
-0.0227485899106
0.00990756121484
0.121496863738
0.0544747813583
-0.0282443432615
-0.00586613989607
0.0694522939346
0.123489174142
-0.250893136528
0.0827758160841
0.102082790589
0.0541022200868
-0.0101503060025
0.118567223077
0.000772554938486
0.0524926904228
0.119828047058
-0.00571802996768
0.00451033436438
0.0638328968491
-0.0130250520963
0.0582608727445
0.0622804094635
0.118026073248
0.103659294565
0.0568921407343
0.0544535084065
0.00198987219803
0.106172254367
0.0119071119722
0.124000924527
0.0119868242177
-0.0571476240267
0.0104565213329
-0.00813664572924
0.0141379435692
0.0739840486943
0.00417691019426
0.0823332838795
0.0663133414975
-0.0288520770294
0.0531285557671
-0.0270615674156
0.0886907812055
0.110319306777
-0.00921253044566
0.0536419142951
0.0656512065418
0.0581932973516
0.0420075308138
0.0255349276116
0.0321152974784
0.0702817877781
-0.0341265280341
0.0237341037494
0.076604693971
-0.0432263941856
0.0666915380237
0.075419764317
-0.11582787073
0.104756641647
-0.0165805038436
0.093423762542
0.0559215076851
0.0829644727709
0.108605299148
-0.040850114461
0.0870534633845
0.113357619697
0.076423164368
0.0678885854913
0.101579869629
0.088815535072
-0.0114309177292
0.0634806159408
0.00920020386425
0.00347887769366
0.0789303986521
0.0742819749679
0.0370966133073
0.0923028277156
-0.0990642777038
0.0410691440726
0.087034383
0.0720758584839
0.00176392443935
0.0723009011937
-0.0116297156643
0.0640961507028
-0.00556184032645
0.0736349160202
0.0216820546364
0.0674000552663
-0.0739569514037
0.00815130772079
0.0852840445715
0.0484789143133
-0.0208833504417
0.050194866628
-0.0299202581576
0.0173871554255
-0.0205861170123
0.0987784603527
-0.00459690330523
0.111799069308
0.0307964821242
0.0774796675518
0.0755492168777
0.0368551928664
0.107746584054
0.0823072209755
0.0616127504045
0.00127704178895
-0.0327071975139
0.115510739543
0.0493651927286
0.00647534447306
-0.0215426648491
0.116955415293
-0.00384759302353
0.0356432042826
0.0835508951607
0.0294755035189
0.00104301609379
0.0468558286692
0.0425133535245
0.0971301454012
0.109319571198
0.00482637353555
0.0350547841041
0.0656477629918
0.0446788019556
0.0835991578948
-0.141459792169
0.0345308108904
0.00589762883005
0.0573333292041
0.0624086046144
0.0994641517839
0.0181240656517
0.02308229041
0.0155531086212
0.0384368798271
0.0666927771681
0.0142163902117
0.00174979429144
0.0482224605202
0.0326773569048
0.068773492698
0.049249337855
0.0786110572874
0.0645756580041
0.0300297900915
0.0856181506143
0.0699059663766
-0.00366224618565
-0.0432484923623
0.047813091103
0.0932239951941
0.106261488899
0.0103386963488
0.00781624639515
0.0290664769949
0.0551883136777
0.0273786404134
0.0865788012529
0.00891077002497
-0.02398439905
0.100017310324
0.00528053704327
0.08764920762
0.0633790414075
0.0530117206028
0.0831025062258
0.0519079435373
0.0768784119928
0.139173674354
0.101475414593
0.146139071353
0.0427325193853
0.0993523043625
0.0977855765961
0.104029280123
0.0584621366304
0.0111588280574
0.0582640246128
0.10109996444
0.0333297677604
0.0694064232269
-0.0360215194501
-0.0115795001223
0.0707552588183
0.0786383190425
0.0783027853666
0.0952310232919
0.0654719602838
0.117109477002
0.0402221966001
0.024401364319
0.0978747290271
0.0073832748228
0.0751384651028
0.0442945195703
0.0697050811708
-0.00128507799571
0.0231210270735
-0.0335548553577
-0.0403495662509
-0.0276732657717
0.0588397258874
0.0731806434357
0.0103149233487
-0.0589710653315
0.0359152072689
-0.0360182081239
0.0669464399961
0.0952059107475
0.0468186990051
0.0496564214247
0.13300552853
0.141519287399
0.0787086936458
0.0393601410748
-0.00866235786468
0.120141499803
0.0119506692067
0.0672459659623
0.0578989641581
-0.00712082509234
0.0957862946905
0.117086576543
0.0293900280559
0.0224396066317
0.058476911546
0.00124916646971
-0.0394591391511
0.0489091696191
0.0987849467709
0.0544062308778
-0.0246721411835
0.0780410237044
0.0934751529496
0.0843538433197
-0.0200552016805
-0.0217131911842
-0.0303686841787
0.0507349085567
0.0558174153772
0.101505802036
0.0626637317983
0.0948607603449
0.0363429189475
0.0900277235394
0.0429080191043
0.0857795270568
-0.0463022017141
-0.0471578347006
0.0758115191819
-0.0833822144093
0.0419033302656
0.0154659766178
0.0416431138441
0.101740124656
0.107562048755
0.116421305098
0.0411431148632
0.0152151415519
0.063065465547
-0.0662482480316
-0.0278666209831
-0.0402989480684
0.0183545782755
0.0371559137678
0.0865403845783
-0.00311052026673
0.0372333388122
0.0718999820685
0.0674563024058
-0.0765979813965
0.0189081925828
0.0662817528792
0.0629044579531
-0.0161940332557
0.0747008588304
0.120080853089
0.0471903998308
0.0738247506605
0.0898893479735
0.0642614165967
-0.00969837784075
0.0958608287935
0.0622450139743
0.0115576456103
0.0987001334982
-0.00804768776398
0.0151304953011
0.0298794981015
0.064536063143
0.0754691423516
0.0695292184037
-0.0140528986845
0.0705234238124
0.0677292233876
0.0790327171915
-0.0256788201138
0.0201103213576
0.0344432487602
0.0303895789393
0.127227844984
0.0466253502473
0.097423919024
-0.0122943383724
-0.0308296909004
0.114616696112
-0.0451571080347
-0.0320235756713
0.124105212316
0.110367449495
0.0285863042336
0.0956314583689
0.0240452935778
-0.080476390076
0.0755296327617
0.0134760214845
0.0568214252135
0.0811329386782
-0.0190194198119
0.0594105089826
0.104226665496
-0.029659947143
0.0995202892619
0.0469924342913
0.00338942994
-0.0401555071774
0.12126743923
0.0849258327578
0.0604342743662
0.0725549658111
-0.0897991536616
0.107528385037
-0.00663982146771
-0.0293078342987
0.0714386972324
0.0518735189087
0.0361600690833
0.0330330513449
0.0619146712928
-0.00959307018379
0.1199494035
0.135717873507
0.047027455481
-0.00228162312561
0.11881344641
0.00355696779954
0.0670486348084
0.0524204601828
0.00194219087753
0.010577038597
-0.0814074874722
0.102141988576
0.0188912765196
0.0490217732511
0.058862875244
0.0920444457251
-0.0302803132398
-0.031597197377
-0.0509732632328
0.104492450314
0.0242962377985
0.0294169951639
0.0247213331553
-0.0576587812864
-0.0391930378514
0.0847016095113
0.00665671234884
0.114937845032
0.101427289347
0.106533678653
0.0977750870046
-0.00616542195736
0.052546906641
0.0569247273509
0.0326287340457
0.0463461570511
0.0377320999288
0.0579911016457
0.0624337470751
0.0478792464539
0.106059426379
0.0238625272732
-0.0629073952954
0.0832925899148
0.01454855401
0.00225132303318
0.00703300978895
0.0675097734054
-0.0684215115571
0.0842370205389
0.103925795789
0.135209038591
0.109681105826
0.00958580115294
0.00148618578818
0.0641154664797
0.0423631379184
-0.0623186771952
-0.00962277743414
-0.0101190818748
-0.00704068296599
0.0574144549922
0.11884503218
0.0782961624782
0.0270474299673
-0.00596197643296
0.052318743892
0.0280761982552
0.0367460150603
0.0467827038082
0.113188679485
0.0732241344541
0.0432513964712
0.09504952121
-0.084181180292
0.057686397703
0.0929983942096
0.0178426813242
0.0505500249652
0.0810118372876
0.0144468300104
0.0451084857092
-0.0211938425521
0.1047188118
-0.0233954975459
0.0429604775718
0.0690754287109
-0.0256337949766
-0.0797172615808
-0.0479719951544
0.0040616972542
0.0143983598635
0.0111418741317
0.0968526476739
-0.00359439942327
-0.0738848349487
0.039123680395
0.0760769762462
-0.00305324549648
-0.0309100029577
-0.0177853323097
0.0307698965269
0.0600135044248
0.0983205418578
0.0857066002204
-0.0296661681328
-0.00142843579025
0.0524693099258
0.0650917229011
-0.0514169531555
0.0560268722228
0.112148701976
0.115188935809
-0.0216259038227
0.0868190364639
0.0514761999935
0.0680443814174
0.12168318302
0.127851132039
-0.00411997813569
0.0803352674778
0.109389803067
0.055364046526
0.0458542194768
0.0752376372755
-0.00758804797667
0.0310976061787
0.0695870030636
0.108852653339
0.0889358954687
0.02488370722
0.0436341348473
-0.0345399008946
0.063705063745
0.110504647645
0.0675887229278
0.0219702626402
0.0290404871048
-0.0349816925909
0.0952711527589
0.0103108829401
0.0715259427305
0.0984114273652
0.00632789703746
-0.011848940789
0.0841949081162
0.0683729882905
0.0614667740482
0.0402223673508
0.064077383359
0.0568417675619
0.14470061669
0.110208929326
0.0785309225218
-0.0448338322737
0.0366728440442
0.0681716020447
0.119228724852
-0.0235075460485
0.0279553249247
-0.0414098653721
-0.0214957963424
0.0351103751645
0.14664173059
0.0767646688314
0.0878406579636
0.103971685806
0.0717663030874
0.0324472722651
0.0364597333328
-0.00124986022158
0.1018588287
0.0873458460962
0.111553478887
-0.0284187804798
-0.00692588013491
0.0333131321724
0.10714042875
0.0680920665948
-0.14712276079
0.00964308729867
0.0633063434141
-0.0425415806356
0.0800397846474
0.0200152531704
0.0974828857002
0.109052437037
0.0802623035027
0.0692495780828
0.0435167954607
0.0906895070992
0.0385215869877
0.135784878163
-0.0262990699734
-0.0518730197488
-0.021344688384
0.0570633076926
0.114058620651
0.117038594837
0.068393734674
0.0852875335285
-0.0190533858912
-0.108637421825
0.0134527722295
0.0155805099474
0.118229733552
0.0327392450625
0.0293566498292
0.123192020878
-0.0232510420836
0.0267916430971
-0.0972646529133
0.0913976985857
0.104972578305
0.0696092918354
0.0907715387767
0.0607165607631
0.0903725298771
0.0786528522253
0.0634283977108
-0.0112494879196
-0.0225218243067
-0.0168096035285
0.0491267629128
0.0196364660888
0.00854218710732
0.0679322372698
0.0101701283653
0.133541100541
0.0568803316128
0.111498615181
0.0964658217266
0.0306095609654
0.0622988416345
0.0825265280159
0.038439042139
0.130233679938
0.0848831274059
0.1143162962
0.0287173782982
0.0737762158516
0.0272921549138
0.092760367521
0.0224666937988
0.105684506134
0.0480637947783
0.00215245893671
0.0630379734843
0.0252421236183
0.0678907003961
0.00768674544346
-0.0158706527236
0.0415715927886
0.04680567908
0.0163224667243
-0.0299866748846
0.0839464436517
-0.0397770293634
0.0641505849191
0.109359268111
0.0243844552121
0.0323282245606
0.108614140506
0.108535049176
0.0513284367446
0.01346291422
0.0901241521191
0.0888100155822
0.0853165864901
0.0496011318602
0.0310367258173
-0.0115341084784
0.0740665483834
0.101605403345
-0.0255102249634
0.105112748026
-0.020771568142
0.114633547453
-0.00802130229919
0.0375428268962
0.116360497262
0.0836516581712
0.10165395381
0.0658822610475
0.049042159422
-1.07058273322e-05
0.044888190742
-0.0601732047866
0.111896315937
0.0666957775254
0.0692526786949
0.036861554433
0.07505686198
0.0297867993392
0.000885807197679
0.0962244955809
0.1018026484
0.0069140618536
0.0583712965783
0.106130764659
0.0666598157598
-0.00648834530836
-0.106296367132
0.0391344282778
0.0400371934037
0.109995040584
0.132408813519
0.0367025824563
0.0277535047447
0.144976092358
0.0919957758546
0.00759163190495
0.0225155503284
-0.0810533291805
0.0212013223364
0.024623143563
0.0373335517588
0.0752215022092
0.0660389349099
0.0513787671787
0.0689404115852
0.091930657837
0.133418546374
0.108552945198
0.0735488878715
-0.00458722204035
0.071179156049
-0.0124620456676
0.0316439755502
0.0579492784334
0.0479748867269
0.0270851922824
0.0569683630243
0.0690048160834
0.0609993884782
0.0127874726216
0.0308071042291
0.0792207094812
0.0511436397106
-0.0180243575228
-0.0105444549597
0.0190191780177
0.00745538334462
-0.00826188983404
0.106731437477
0.0792889038824
0.0209237959778
0.0863457407032
-0.10761423364
0.0964057565358
0.120715822258
0.104841684026
0.00730660158845
0.130587885303
0.0617146263087
0.0909156562791
0.0817748751832
-0.0164319121127
0.0567495512181
0.0137035480228
0.0107545235596
0.0428448323156
-0.0172441980186
0.0642395908761
0.0569405244921
0.0185978464739
0.0677781525741
0.070696189539
0.07214598884
0.0729165383935
-0.0158677377197
0.0388073898591
0.116005457284
0.0704645559377
-0.0293522777462
0.101523310652
-0.00934662575247
0.0612958053059
-0.0140419913776
0.0326257518024
0.00585213057986
-0.000767360479326
0.117432257392
0.0702309421314
0.0401526414614
0.0111669629855
-0.070750051279
0.0202274724338
0.0420154756207
0.144846454233
0.0913017007922
0.020644208766
0.0441576087172
0.0221311333266
-0.00339668204612
0.0620849516901
0.0731100238604
0.00365408384797
0.0568013886822
0.125615449368
0.0773654652801
0.0344967483653
0.0898517978424
0.0793744000317
0.130895144672
0.0562556736724
0.10284456311
-0.0796087423279
-0.046828975274
0.0828001171665
-0.018882756425
0.0758177577763
0.0116278404717
0.0945140077552
0.0917651408732
0.08515911953
0.0623269681747
0.0560473317903
0.0755923361823
0.0133514806989
0.0374532619754
0.0753258507123
0.102404987152
0.136300084834
0.102184641584
0.0956549738636
0.052329150817
0.0348003924575
0.0683595374453
0.0979516506384
0.0773951211768
0.0391424183686
0.0230267543562
0.0114461212461
0.0208024135746
0.0355754337116
0.113697802797
-0.0825378070538
0.0269269244692
0.062434998678
0.0471307839941
0.107711990827
-0.0823937109706
-0.0234130433819
-0.0376229030341
-0.0305252858694
-0.0173491106544
0.0157046469944
0.0457187058168
0.00346134261698
0.0488767744983
0.0707526456276
0.0497806972918
0.0256887657581
-0.0457482656271
0.10893734356
0.0687614996612
0.0191073917035
0.00163209154332
0.0265402345945
0.0868852309868
0.0810578653566
0.0311139599053
0.0413489468459
0.115803506781
0.14873979707
-0.0245040158529
0.0909938021763
0.0886659084557
0.0210393062596
0.0128208146085
0.0428057764294
0.0851026273373
0.0240893582107
0.0317046560276
0.126904742878
0.0850551882295
0.12543546777
0.104464256099
0.086399514393
0.076840844128
0.0567618881274
0.066481846052
0.0181170332446
-0.0383800638499
0.0737595147435
0.127384441461
0.0854673517259
-0.0141196794678
0.0343048220185
0.077593900231
-0.010823841809
0.0856317251054
0.0811659035424
0.114711089138
0.0390316256398
0.0100924781036
0.0403079429881
0.0094934861003
-0.0525010395739
0.0855710870861
0.0122327449282
0.04528501479
0.0405074750414
0.00569876253248
-0.0422903068907
0.0246762984633
0.0758148722829
0.0512086677133
-0.0704063471008
0.0348598684287
0.0937986441897
0.0509148226575
0.00607710069236
-0.00845374230047
-0.0638275958086
0.137876464266
0.00786932823252
0.0526013318502
0.0823243553526
0.0575684400981
0.102669529559
0.0629990437033
-0.00305800361023
-0.00942344493
0.0617206899535
-0.0790822360059
0.0758034993185
0.0363486614359
-0.0358322164619
0.103320131883
0.0141353283638
0.112070853276
0.0142600509612
0.101450668585
0.0865755909602
-0.110462729406
-0.00440333659044
0.00257052594734
0.0211518684327
0.0268404417217
0.06466494172
0.0280816201882
0.0695666505786
-0.0877997032245
0.0558658610303
0.0818229532237
0.0994226283811
0.110448130811
0.0670784261428
-0.0214450071834
-0.00940186442951
0.0819573183787
-0.010676506604
0.032555792987
0.0708325569357
0.0840281258689
0.0578999003147
0.044144734631
0.0349576276529
0.030033771731
0.0103345319433
0.0321005783655
-0.0327655158925
0.0250683539468
0.095397610866
0.0673937953145
0.00993811262997
0.129876837396
0.033122440388
0.076475353351
0.129199589578
0.0371726103176
0.0879633232678
0.0838499551866
-0.0485676311467
0.011966265947
0.113915717886
0.0525859619412
0.0703952138386
0.0254073073407
0.0446587147035
0.075612656643
0.0481573985461
0.0715883726624
0.0297582064469
0.0881275454428
0.125944596917
-0.0274508400921
-0.0175574302511
0.0484961535624
0.0385295252505
0.130230353401
0.124114125782
-0.0696737012047
0.00154647676955
0.105994600864
0.00915838096378
0.0825922778577
0.117730423383
-0.0537914487922
-0.0770350456639
0.0816146567687
0.0968231448334
0.102422075641
0.0872083843228
0.10837360875
0.0063231303799
-0.059446900703
0.0894244685858
-0.0183384017258
0.0371953296039
0.0638215738734
0.0270940297675
0.0522336972788
0.0367868881941
0.0130220411164
0.0612108487722
0.0104953576664
0.0746831512144
-0.0148310710494
0.0720669083126
-0.00831331984245
0.0492813840094
0.0419094360175
0.0452879643186
0.105014950733
0.0937157410847
-0.0766471992389
0.0088734044132
-0.0805282243021
0.0960754780573
0.0717632787301
0.0686305052508
-0.0529766237197
-0.000519510398517
0.0449061059607
0.101358505816
0.0911567479683
0.0426378542897
0.107680836399
0.0761956069673
0.0603933824769
-0.0418333567715
0.0591625776521
0.0520561867638
0.0239933337432
-0.0724779810325
0.068219692438
0.0287460078436
0.0284762867405
0.0217567144699
0.0266256534272
0.0289431621782
-0.0943013481523
0.118779724715
0.0354710678291
0.0111206206462
0.144290906781
0.0624518106494
0.0913118139193
-0.0564469994798
0.0242201770067
0.011396532634
0.0927706496851
0.105073285836
-0.00882019249946
0.0802130149295
0.143492191707
0.0996450453368
0.114513013538
0.0411532171957
-0.00196570280077
0.0836020048711
0.0577939554935
0.100567031947
0.0676592451424
0.0394199970762
0.114880254704
0.115682355879
0.122108992983
0.0624617992426
0.00180016359381
0.0469375933218
-0.0845055007745
-0.0222170845073
0.0862547318723
0.116085308026
0.106589093079
0.0504670954497
-0.0495810057879
0.0363457589375
0.0561767937614
-0.0505494442802
0.0547267424624
0.0908896442411
0.113830752888
0.0894822129744
0.124370981368
0.0577983309149
0.120905621323
0.0965803068708
0.0106327871215
0.103836907476
0.0765771063835
0.0473218698395
0.0034963666612
0.0604877924139
0.110891914145
0.00549170797708
0.0897014888773
0.112214091156
0.0777176847802
0.0456522568636
0.0870081281178
0.00797916542792
0.0551895479559
0.0500082922557
0.0178882057433
0.0803884392899
0.03404114005
0.0967712045545
-0.0317264261376
-0.0131888924086
-0.112018830119
-0.0271015829099
-0.00495765827786
0.130881889621
0.0523545871002
0.0180293254188
0.0424997712216
0.0325208556251
0.0128549286027
-0.0209732347813
0.000460446340915
-0.0232435084642
-0.0422628145611
0.0415823193667
-0.0225651741496
0.0363619030803
0.109068705511
0.109511392618
0.0129810103226
-0.0672148837426
0.102712714278
0.0449824999874
0.0986017495138
-0.0316536729058
0.132456444633
-0.0064692987054
0.0708268040203
0.0191020254044
0.0749776143255
0.0718097640563
-0.0358735906942
-0.00159579873284
-0.0261736159313
0.0678888733474
0.115376582357
0.0573787499302
0.058361857785
-0.0471899293218
-0.048017123927
-0.0710048797289
0.10847222204
-0.134052845824
0.0840874044953
0.0621802055415
0.093119767856
-0.0127646991708
0.0301267353641
0.0461638102117
0.0799898352264
0.103936622293
0.0942237795705
0.121593003226
0.00244063138886
0.118456185488
-0.0301833825158
0.0493633022782
0.0403017263665
0.0623672502181
0.0532874556901
-0.0961869930637
-0.0564070980298
0.0275398388887
0.0487932080113
0.099871571389
0.0120139422102
0.109834243601
0.0136341590865
0.128837810036
0.103190699132
-0.0288195780077
0.020667587652
0.111157908432
0.134761687789
0.0983899671155
0.0529529193908
0.0590664493904
0.0102747590083
0.0924608738857
0.0687109501774
-0.0618479513485
0.0581712341846
0.0984026754513
0.0661237328999
0.115294608778
0.0933400850931
0.108226262088
0.0677141399391
0.0733675293646
0.0603008828884
0.0114363204035
0.0153401530372
0.0178426329349
0.110246281186
0.0725645548835
-0.028554645455
0.000889805434603
0.027575529403
0.0904128029072
0.124540367805
-0.0267812347876
0.0137404163414
0.025158908866
0.00459900785037
-0.00634616402157
-0.0210550237354
0.0623068401131
0.104569929324
0.094691234952
-0.00810237103402
0.0773605466687
0.0923338453933
0.01029629873
0.0579600968795
-0.162302671867
0.0268220429473
0.0736155818805
0.0969638510727
0.123402906644
0.0540283084407
0.108626331052
0.0534327812427
0.0558689662688
-0.0136701624441
0.0898405398262
0.0794977178688
0.0413513517651
0.0141021789099
0.106228779938
0.0127079164815
0.0426774170447
0.0727519199028
-0.0590153535036
-0.0470265270046
-0.0107945266124
0.0925612177554
0.0141142234089
0.0767852280793
0.0882214937223
0.0561581718017
0.0286937877688
0.0591701518693
0.0552094526411
0.0357599173749
0.102758451761
0.0870544202783
-0.0240327272642
0.108073689352
0.0611037316744
0.0634147098883
0.106594080681
0.0433877664513
0.120611202725
3.19634406063e-05
0.0615552124067
0.00127164129572
0.0757161417151
-0.163273356966
0.0640752281701
-0.0111176305289
-0.00898881532712
0.0694758042634
0.0279386144569
0.00969312845172
0.0791827287377
0.0718849980095
0.0172902497781
0.0556964871421
0.115434340579
-0.0373299849208
-0.00986506892452
0.0338581107941
0.03036107983
0.0392740791011
0.086866133008
0.0567930652869
0.0181522989672
0.10701296489
0.0725643944141
-0.0641352737687
-0.0255560800759
0.0478982865028
0.0301255568328
0.0725031241055
0.0781288602769
0.142386850061
0.00775294734891
0.0225796710836
0.0700188296354
-0.0503700968909
0.0958097900095
-0.0235345743418
0.0435280494606
0.0352284538978
0.0241219608553
0.115656420249
0.0596679514521
0.106489046201
0.139590273496
0.0203273358946
0.0686845762383
-0.0437117658837
0.0838973333396
0.0586672074162
0.048310394845
0.0472497250206
0.085323274279
0.0169376196124
0.0394710213989
0.00821306506854
0.00486218909385
-0.0173698439656
0.0269630281461
0.0510537072566
0.0172766014904
0.0239011061258
-0.00211290848501
0.10164543028
-0.0182456804207
0.0708353652777
0.0599270853885
0.0929526323957
0.0970440395466
0.0555853568348
0.0995003721359
0.10147546878
0.0509387479024
-0.0526363398995
0.072721192148
0.0860661540638
0.0627202441123
0.090515222768
-0.00461790346849
0.0528726800633
0.0195585039033
0.0644648223271
-0.0488698958277
0.126277511207
0.00508723971405
-0.100655094415
0.111683342756
0.04403002726
-0.00991332642685
0.00315724145024
0.0606390194341
0.0174122020734
0.117602405725
0.0193232097175
0.0339835434986
-0.0164668799377
0.0989909140971
0.117294509662
0.0427958868326
-0.00723652966755
0.0355242547534
0.0622996461274
-0.0729449564942
0.107883580937
0.104651341536
0.0593631991893
-0.0215276688526
0.0113121124897
0.140554856873
0.0318585459217
0.0809704353374
0.11296943189
0.0259823250024
0.0439777387245
0.0201733506911
0.0288616102143
0.115360915342
0.0537719370266
0.0339946184443
0.0908957190297
0.0769948075886
0.0753217561044
0.0025194931115
0.0356171945272
-0.0224376738631
0.0184904554788
0.103016298305
0.0143766345825
0.0385489859719
0.0523562501134
0.0660001314635
0.0151305588252
0.0708246021747
-0.0282138789151
0.0967379984608
0.0812583087268
0.116117501382
0.0408824456004
0.00173007303318
-0.0133099113869
0.084953846041
0.133404165036
0.0702630213075
0.061942130321
0.0465263584226
0.0641959061027
0.0463891585977
0.0781150420145
0.0327652828192
0.120590003825
0.0728957122921
0.126276813352
0.0705818779027
0.0744900297685
0.00136118883768
0.11971993426
-0.0173365241897
0.0890925176851
0.0984164395012
0.0288643801304
0.090571940924
-0.000574744203084
-0.00385343581833
0.0665542339238
0.00805493503723
0.0531750638824
0.114732681347
0.0284879023665
0.0803548161877
0.0213985900268
0.0743401608746
-0.0022655744115
0.0527709661113
0.0219242401177
0.056105168911
0.0363776161646
-0.016703135777
0.0807801861645
0.0116315011257
-0.0664469610997
-0.0157066621474
0.107820788954
-0.059658762616
0.0558641076926
0.0322266068997
0.031319190634
0.0285737758425
0.0362271138553
0.0404013507093
0.0575950458114
0.00972180026805
-0.00120982183866
-0.0258643360122
0.0411144365534
0.127901077944
-0.0645259159842
0.104153862363
0.0708389048273
0.00353008289682
0.09753094051
0.0378939632545
0.130375138088
0.106693664885
-0.00090436696132
-0.0178808660433
-0.00530778957226
0.0631609359747
0.101398252041
0.111368908639
-0.0115584719325
0.0302401832358
0.0280355302649
0.00542352621653
0.0149866178133
0.0906364118898
-0.028549674005
-0.00187592578595
0.0796925967638
0.0351386062386
0.0720517580221
0.0931662010563
0.0739492848772
0.141725771634
0.0834160861779
0.013921049621
0.0796877698147
-0.0442598082345
0.0495004490456
-0.0530177873802
0.09747704719
0.089017435398
0.0382509136077
0.000224856920278
0.0678726329301
0.0426465735919
0.033267911154
-0.0370837275073
0.030426246202
0.0546576217052
0.0143161060768
0.0285981468704
0.0277059543359
0.0910365743719
0.0396119792317
0.0698872636158
-0.0094168654447
0.0707864880836
0.0569006499027
0.108924568787
0.0563133399602
-0.00583086151737
0.113080360437
-0.067272261672
0.0619697497019
0.0796609603182
0.110575973945
0.0314567721627
0.0786683469833
0.0385249566437
0.000354923929623
-0.00568076892798
0.0554970626229
0.00996887807303
-0.00262470182842
-0.0178005104497
-0.0069929929704
-0.00320628105285
0.105818308032
0.0620724101142
0.102235582263
0.110332936109
0.0178431320109
-0.00785728477673
0.0679088845398
0.0570714442611
-0.0124521688125
0.00521304919833
0.0270459426774
0.102177138975
0.099495226351
-0.0705522691276
0.0218187440054
0.0113204606116
-0.0225695696857
0.053209809813
0.0178086915894
-0.0752616063321
0.00719320244153
-0.0380502314473
0.0184485338669
0.086436482882
0.0806114252969
-0.0285028625484
-0.00741804436311
0.0876247259757
-0.0639693281302
0.0702250344931
0.0974260890936
0.0676455293238
0.0830416875086
0.0751227475413
0.0918774404008
-0.00709776664148
-0.090419780615
0.0692310120245
0.0335259801583
-0.0197578253178
0.036881215915
0.000749892880607
-0.0515905291032
0.092961439413
0.00568697610224
0.00189055220039
0.0636551376092
-0.00597250779788
0.0300796708356
0.107545650777
-0.080152040301
0.0155553159704
0.0397614368334
0.116282352278
0.0682215640453
0.092775878544
0.0797731077424
-0.0717164595259
0.0153215616987
-0.0179142764051
0.112142169318
0.025624753689
0.099522614383
0.0572071081943
0.0871133357038
0.0370392181759
0.125405506833
-0.0237788780045
-0.044858111724
0.0405771117405
0.105510073613
0.0735629436827
0.142619700231
0.0591638450805
0.0567151990276
-0.110207010367
0.00400512441292
0.0731189643384
0.0309562157954
-0.0386318171843
0.0592512054974
-0.00333520788496
0.00556809551469
0.0176687285533
0.121914186889
0.0961667385878
0.0135312470978
0.041563581204
-0.0137770657253
0.0276947684378
-0.0164273829264
0.0599460546517
-0.0557556370878
0.00476449427175
0.0129388946224
0.091896553002
0.017542908547
0.0746532255653
0.142572729663
0.0844394794063
0.0785424878433
0.0409163741104
0.0989351608622
0.0958689469356
-0.0270586078063
0.0985151929223
0.0431852874074
0.0402556330222
-0.077533947791
0.0469905408125
-0.0652309953973
0.128746568026
-0.0375394247323
0.0303519835712
0.0678472012153
0.116106471323
-0.0329953041597
0.054425813415
0.0792471157234
0.0823795568725
-0.0297929430147
0.0201575581381
-0.0332651886489
0.0522129771641
0.0577947220437
0.00104359314858
0.0356368335322
-0.0208862135868
0.0662511342251
0.0406390514241
-0.0508101745826
0.0750796732764
0.0639619943021
0.0475658239254
0.0872696660569
0.124773232924
-0.0489130200883
0.0537724270308
0.108518738015
0.0265892108072
0.00170506492781
0.0425358107685
0.102604203367
-0.044589253183
0.108819446503
0.110228573408
0.110810994497
0.0584224754171
0.088603944821
0.014084640809
0.11516940007
0.118979778241
0.0440300413804
0.0429168566369
0.0348770450348
0.0611014268576
0.0827986282076
0.00677513204738
0.0433642756768
0.129495652163
0.0587474433399
0.0439156961773
0.0445819815164
0.126202830597
-0.000540619067022
0.0414729574779
0.0790176082231
0.0531910507352
0.0945322940681
0.0693365685988
0.0184821199804
0.0852811618126
0.000488858868496
0.132413651983
0.00124499232107
0.061540079669
-0.0215585897848
0.0377884946461
0.063367115535
-0.0382975729814
0.0137602005307
0.0826975937389
-0.0598746324491
0.05572353658
-0.00353655538902
0.0864636221829
0.0774361628679
0.0129339223454
0.063329407275
0.0311509196798
0.0756642969988
0.0779469504154
0.0819547554052
0.107284069602
0.0186743605795
0.0694048140672
-0.050300695941
-0.00705848458173
0.130514463509
0.0650784897157
-0.0536265047256
0.105646243392
0.119350119309
-0.0190737345439
-0.0167127931648
0.107348207683
0.129474758882
0.0383435697408
0.0645672621607
0.058140962479
0.0481924786484
0.0682720420493
0.0722395026248
-0.00600109918391
0.0701290739038
0.00596957903902
0.111537853232
0.0326704583977
0.101227914926
0.0722241388987
0.00747105446595
0.00448167359169
0.0316751091354
0.106016883342
0.0937796314448
0.118141967481
0.0494678051886
0.0457742285587
0.0652033063241
0.0886074243885
0.111693946287
0.0905035356567
0.042914566326
-0.0402385327618
0.0398041367193
-0.00859659023399
-0.00892686823159
0.110032541312
0.0145197399326
0.0589340829412
-0.0174608233901
0.0795669187361
0.139342772346
-0.0351036937752
0.0789153595163
0.040837898673
0.0666421461672
0.0285534450296
0.0465535152593
0.0922448174906
0.0064048950539
0.0574856296304
0.0549264683877
0.0763607629392
0.0373687127313
0.102902706279
0.128030277141
-0.0136257966034
0.0342856632327
-0.00640009696121
-0.0208434488985
0.0174555502828
-0.0493224577604
-0.0126450147282
0.0440882308865
-0.0669319434047
0.0428794152296
0.057179320607
0.0320620862695
-0.121130187256
0.0928351267036
0.0360234299272
0.132259314073
0.0199902398657
0.0522905711853
-0.0232293000174
0.082577550355
0.0586124885421
0.143504857536
0.0187658113551
0.0620467469546
0.0749458909948
0.016160930127
0.0376398331647
0.0151262133965
0.0820676754162
-0.0201222485784
0.0416496845807
0.0284804199399
0.0164211353109
0.020126158922
0.131374823294
0.0689881327896
0.102415548842
0.0403051343118
0.119820013381
0.0667171065693
0.10865991431
0.0926509498276
-0.00629973415278
0.109849614513
0.0607257542589
0.0921990265893
0.0136595058443
0.0446474351543
0.0674279645593
0.00992490886944
0.0952549318439
0.0792968808481
0.0177862732739
0.0582409841244
-0.0196755691901
-0.0204244026222
0.0560374551732
0.0858745558178
-0.0208616876157
-0.0346312283031
-0.0563272285526
0.0657965203131
0.0946414795742
0.0753690274647
-0.042179001008
0.0742234004604
0.0373494282668
0.0151099492242
0.00777597551675
0.0127974370487
0.0626799701703
-0.00789686322671
0.0828639107646
0.0972479749265
0.0773101755191
0.0522754233245
0.0780358595423
0.0994152957292
0.0556482215977
0.0247873217734
0.111187536984
0.0883033414798
0.0729152524765
-0.0246188343004
0.109553787694
-0.0266164447283
0.0619055926789
0.0451496201538
0.0311959039405
0.0717238843378
0.0134392821843
-0.0185161873833
0.0701996277884
0.113704958158
0.0450772891345
0.0869814919165
0.0521625759777
-0.00843047433047
0.0500769594139
0.0551401119087
0.0705160033448
0.0823534579775
-0.025628837084
0.0380739062694
-0.0856982638079
0.0402666526427
0.0811174437127
0.104150609421
0.115098322954
-0.00673804232345
-0.00733274654043
0.0567350635865
-0.000368535737023
0.0802873716992
-0.0505517015929
0.0550585460886
0.0460356566689
0.0528061545752
0.0809650683309
0.0653230008988
0.0207340613854
0.0739482605575
0.0471010125093
0.0664189189473
0.010617240996
0.0231575695619
-0.000398860194249
-0.0210600539241
0.0571565970488
0.104584743187
0.000801684360993
0.0722712502027
0.0759058589928
0.106777674375
-0.0421414588926
0.0963786596825
-0.00916325167503
0.0494943462661
0.0109843985284
0.100025732287
0.0742434919665
-0.0107648849531
0.0368766221279
-0.0376030730806
0.104853808613
0.0642732062512
0.00514167877577
0.0808394313362
0.00236946551395
0.0866627701593
0.117197652634
0.0312307674986
0.0570020640852
-0.0455693886877
0.0221956114584
-0.0564137645883
0.0923810608965
0.0503852826548
-0.0339397507311
0.0604672109254
0.098844789227
0.018006683067
0.0542289964288
0.0788790114482
0.110857461454
-0.0358442336752
0.0609829762423
0.0119542567034
0.0131856803294
-0.00437182543797
0.0772999862136
0.0750547324497
0.0904119931357
0.0661247293416
-0.0131650185407
0.0173959534546
0.093413606372
0.0597892007332
0.0365505684732
0.0860364164211
0.131910931855
0.0261892893183
0.0509818314759
0.0362384744914
0.090272718226
0.0269106573918
0.120259755242
0.0153313799795
-0.0465592283888
0.0830937244107
0.038763637706
0.0751784194955
-0.00747882624244
0.0669956918548
-0.0284177458651
-0.00974522608194
0.075187996205
0.06649730695
0.101454550431
0.102462867239
0.0110229435382
0.0492123558988
0.0375403962741
0.0853304718282
0.0917525390963
0.112283419274
0.113464504608
0.0134185032069
0.0094500053419
0.103772480959
9.75742988754e-05
0.0303415126581
0.107005931296
0.0560644283402
0.0281258057007
0.0736836166874
0.0131867696724
0.0628430627115
0.016605831652
-0.0904461177215
-0.0323473047878
0.0720200931758
-0.0791034129217
0.104848891802
0.00850094493858
0.0469370577844
0.100007962205
0.0477943006126
0.0535909075523
0.0772373672555
0.0714725264972
0.0355027477773
0.0278371995411
-0.0155338497737
0.0230022190903
-0.019655462776
0.0782519167817
0.0196863573215
0.116965042494
0.0421785206681
0.0101485014245
0.0525764977746
0.039570004537
0.0088553765775
0.0750185011254
0.09910359643
0.0492618117734
0.105695254391
0.0334987080336
0.100347103599
0.129500574744
0.0265849963991
-0.0555121812953
0.111099446588
0.039671148423
0.0172869016807
-0.0354532264374
-0.0180427781749
-0.00324445018479
-0.0346753135311
-0.000302942293677
0.0605537291314
0.0923682502481
0.109044247453
0.0885596325145
0.060473428057
-0.0349426142337
0.0108404244162
0.0257198774661
0.110255750344
-0.00561290305473
0.108632173449
0.0477853774122
-0.00461661651748
0.0422223235592
0.0907749788129
-0.0494115877587
0.114807764467
0.00374728498253
0.0134572899603
0.11007329616
0.0207384515119
-0.0135684982577
0.0222157657346
0.00596376764417
-0.0910611864265
0.103422895445
0.103300657719
-0.0259401214825
0.0101387506978
0.0553487661406
0.0733859608696
0.098788374094
-0.002844965179
0.0678147348078
0.010427443908
-0.0316410502902
0.0431563299494
0.12217938291
0.0819430429973
0.0947428873304
0.0693064395892
0.0619229964751
0.0765432874524
0.0901314788906
0.0200241355278
0.0225295080752
0.0731590849433
0.0551889436375
0.129160362636
0.0373997247082
0.0547822986867
0.112176477184
0.0632042938976
0.0270625539515
0.0663559439011
0.052379020803
-0.163638976548
-0.015298171183
0.0920091876443
0.0422946177775
-0.0263130793609
0.0499631371854
0.122000426034
0.0964647814334
0.143955297007
0.0997088248912
-0.0394586570976
0.1065856635
-0.0395553006038
-0.0160396361675
0.0742103442116
0.127943475391
-0.0205498275441
0.0673230709124
0.0664389850226
0.0158359022863
0.0873174868959
0.116318997309
0.0547164161884
0.117600723154
0.0898556788947
0.0681192770529
0.0791239822921
-0.0430684763354
0.1083205988
0.101027520725
0.0663097608624
0.0488791290457
-0.00925226210251
0.121072066164
0.0794884800705
0.0828612094938
0.112829533213
0.0366215169678
-0.0269729157451
0.036832719034
0.108365650654
0.0453053800487
-0.0199851697117
0.0489108788698
0.000708341891778
-0.061675249691
0.0598372701108
-0.063435643555
0.00906620085513
0.0442050184137
0.140310751843
0.0288714629743
0.0449782658741
0.127194994871
0.00717927959562
0.101835195059
0.110121659736
-0.0429771796651
0.018947965281
0.113110629188
0.0437429677582
0.0106736161956
-0.036310323762
0.0304865580156
0.132507822533
0.0679938899292
0.0444856109202
0.00598024482817
-0.0179801205214
-0.00214801600099
0.122007950421
0.0720326105911
0.0184880538561
-0.0262694886627
0.0692604414126
0.0451126646383
0.130080944708
0.0458078135545
-0.0167443488005
0.0468188766943
0.0900639030056
0.0332618672003
0.0613614151944
0.00839447418753
0.119958903228
0.0311640245386
0.0717595098386
0.0615662462885
0.0203445374636
0.0241631784731
0.108857886322
0.0997018711263
0.114888861934
-0.0237091221153
0.12267655582
0.0694376979602
0.0466601056335
0.0806254393063
0.0945212085063
0.101949770334
0.0927258916211
0.0070925995004
0.0775897860503
0.0121776568468
-0.0611591756943
0.084620104388
0.0642033872913
-0.0162453405087
0.0358008509997
0.0476449598423
0.0782017360933
0.0807028222441
0.0454883939452
0.0963082288721
0.0696562086862
-0.0181120257155
-0.028398301477
0.0437368672701
0.0112363023328
0.0375759316219
0.0973589900371
0.0710531303152
0.047942694072
0.0642397713797
-0.034114017531
0.120560378053
0.0928716638543
0.103638833067
0.0898167772959
0.0699977457904
-0.0557060491638
-0.00018920109383
0.0758504638443
0.00293644036786
0.0621602771086
0.0553145627774
0.105056577246
0.0247497540397
0.0178921966616
-0.0515712557051
0.0104317140007
0.13612530329
0.053163620188
0.0336126647275
-0.0073775181931
-0.00996999665385
0.0623488689008
0.116204903788
-0.0529287821483
0.103924326682
-0.0237384996903
0.092654652372
0.0700985586244
0.0898072901684
0.0152193282699
0.0796154957308
-0.0130639736109
0.0535321014298
0.0722898764492
0.0256669524911
0.0806327713631
-0.00822690545296
0.0916647930337
0.0608844639111
0.00502324360496
0.0795321369622
0.074421369003
0.0307743128297
-0.0713001986758
-0.064938334735
-0.0295906212979
0.00476909148422
0.0935243192109
0.0311065592737
0.0365796824872
0.0473673832271
-0.0153883390244
0.00284314680947
0.120914201626
0.00168540717016
0.102709613543
0.0596183960729
0.0455313162442
0.0625100877211
-0.0291061948434
0.108911683366
0.0615186419487
0.0476562424548
-0.0901183203611
0.0944450341759
0.0899563348715
0.0531758015087
-0.0436080062946
0.0258883820023
0.112104732157
0.0258932250185
0.10440304345
0.0456577423361
0.016057345611
0.0178626978643
0.0998127119541
0.0414374490667
0.126701298057
-0.0380736071592
0.0889025033674
0.0785981956254
-0.0503065032643
0.047811765304
0.0859929951509
0.0605023915649
0.0188924112001
0.0810059555956
-0.0458864881427
0.0549211844008
0.0648923859578
0.10303440912
0.0254368416707
-0.0625073756645
0.104841223915
0.0982492105211
0.0906245081701
0.0242103087599
0.00643621107788
0.0606131080773
0.097441994819
-0.0281412269358
0.132514400726
-0.0334687863945
0.118783800309
0.0865889438551
0.00858730677104
-0.00219817048808
0.0393952367601
0.022535107754
0.134429458725
0.0346534280526
0.0370839546084
-0.0159263667927
-0.00662870681879
0.0750499467623
0.0517762519693
0.041390483377
-0.0824106874837
-0.0409678847695
0.0730993794322
0.0332658488027
0.0341274127534
0.0459001416568
-0.0131858056495
0.0345987335008
0.0389122377794
-0.01334496493
-0.00716743805392
0.0505877498337
0.0649917034219
0.0548757678226
-0.0872245298553
-0.00995943278428
0.0953306362234
0.0862878893166
0.0663256513587
0.102718215722
0.0941760287557
0.117440042099
0.0962709850949
0.0906727784846
0.0898374517376
0.0948374483046
-0.0782237570091
-0.0296982560908
0.0442375124761
0.0640742481728
0.014804024738
0.0672051469261
0.0660185577469
-0.0261290012328
0.0453691561011
-0.0579232766369
0.060430845717
-0.0374289961527
-0.0362552209695
-0.00569766866578
0.0217537932112
-0.0119039660864
0.0105478482292
0.0121300974496
0.0416357580242
0.0591396947693
0.0163350916165
0.0616572802721
0.0404741475221
0.0458660439488
-0.00941881162104
0.00266246900497
-0.00453362915484
0.0507510618636
0.076464339146
-0.00380993885197
-0.00141260744674
0.0943331020368
0.128153804565
0.0503624363777
0.0710892918011
0.0716691374308
0.0692785518373
-0.0122369479692
0.0888298922436
0.056383682896
0.0322425316145
0.0202498378032
0.119115396274
0.0204668864293
0.114834238554
0.005865118731
0.0785857460697
0.0891796766693
0.0813702282019
0.0889278326681
0.0142059705059
0.0646494174177
0.0723342239416
0.0431285498989
0.0488428184626
0.0110842705859
0.0670905660695
0.0944302296228
0.00473201133421
0.0932375798125
0.00148016936171
0.0693821303073
0.108628389311
-0.0123085124202
0.0315629319334
0.10978071086
-0.0313412819267
0.0499933307747
-0.0789547749555
-0.020489547791
0.066711743013
0.0275006531093
-0.0189312106319
0.0512519003371
0.00559831349488
0.0632391244086
0.0226818577248
0.12051575603
0.0077834530896
-0.0328873833482
0.0929355025896
0.0369648864557
0.0982776378355
0.0249559315054
0.0673325872461
0.0407678932634
-0.0157459937067
-0.0164797465224
0.10951234708
0.00227731553064
-0.0488736416971
0.0556116725157
0.131568190377
-0.0222187121457
0.0738056622649
0.0665320309243
0.0654767965146
0.0632306548871
0.0518251521281
0.057566009965
0.0364108513912
0.0295936735002
0.00313414998989
0.0425699581545
0.0100264519884
0.0897219758099
0.0574798507486
0.108941672935
-0.0127226479362
-0.0880094375555
0.107736877043
0.0348193670643
0.0886528517759
0.0559445856253
0.0792990396848
0.0836615899615
0.0300272047403
0.0794908352934
0.107898599651
0.0527855496386
0.111564303275
0.116610819961
0.0447034605373
0.0539311339298
0.127286755017
0.0729305257994
0.0404292778304
0.0293352849015
0.0179299038893
0.0363386789818
-0.0391843936385
-0.0684859452981
0.112001014544
-0.0634945224012
-0.0168679724793
0.0811536925673
0.0568228485943
-0.0675604621868
0.0769638541891
0.0431930962367
0.0606835168701
0.0607907599282
0.136214012548
0.127525432819
-0.0544541205584
0.0507888920103
0.0841052288093
0.0798563751579
0.0229229626667
0.076848039593
0.0652316248369
0.0615181361476
0.0324560467528
0.0780325468123
0.0599904986112
0.0974532159864
0.133963059735
0.121024936779
-0.0948561740857
0.0547504923284
-0.0237188031779
-0.0144330061236
0.0262527916365
0.040113747519
0.0664143618529
-0.0208166636144
0.0523481395376
0.0950614425603
0.0957527807096
-0.0117241886889
0.0978526672962
0.112212414023
-0.00366176866655
0.0856257816874
0.0265051898729
-0.0229541845313
0.0919887493307
0.0821881358984
0.0137747103163
0.0792578071654
0.112660316292
0.00863510130921
0.0877581322879
0.12576897676
-0.0117568684986
0.0868668947074
0.0294723079292
-0.0388203099104
0.0496415791364
0.0855059769869
0.108582895788
0.0680858757272
-0.00282766527241
-0.00149398896323
-0.0739061395696
0.116761813248
0.0424876230151
-0.0727936821923
-0.00367602918383
0.0221924573428
0.121955561996
0.00175317020482
-0.0156236505835
0.0659879143003
0.0373856264733
0.0128799725779
0.0807376127373
-0.0231077130219
-0.0732562161461
0.121719000121
0.032625412566
0.0838584593687
0.0888885650912
-0.0544519045576
0.0678378733005
0.101814113193
0.0585889803251
0.0816385632409
0.125035626016
0.0454635371704
0.00651305270042
-0.0367742301048
-0.0586728849533
0.111723041002
0.0616612992842
0.104456055998
0.0558294313617
0.106259849636
0.00883745828036
0.10118250425
0.0366499103819
-0.161028968917
0.0145761250715
0.0795108592666
0.0649257973154
0.143309670953
0.121368401003
0.0101907431266
0.0222624438363
0.0731972960379
0.0717007332107
0.0969488586241
0.0615459882932
-0.0364345614832
0.079029476144
0.0779308311996
-0.0254761638928
0.0374740376245
0.0174827797501
0.0491434334958
0.0241192505544
0.0878197134227
0.0488115274827
0.0634776427087
0.0491286124125
0.108352836542
0.0482123406676
-0.0286112106796
0.0519374380479
0.0559345789362
0.0984835716656
0.0421117430015
0.0700575942299
0.0234630447864
0.0801686121217
0.0103740812228
0.0699854213601
-0.0171127018068
0.0970730352399
0.0126946203458
0.0318755154083
0.111675217805
0.104711620446
0.0769512007932
0.0612346421872
0.141486076979
0.106737919632
0.0461379125298
0.0430309635912
0.0199378517677
0.015797612123
0.0648228063879
0.0838667967786
0.0986034217477
0.0456297037328
0.0921171431065
0.105549429301
0.100677302928
0.0612319431232
0.000645284172872
-0.0328372773031
0.0763473293748
0.0239751585126
0.0616927751729
0.0886978002103
0.0288421144961
0.0686188078366
0.0649384382647
0.0172007672469
0.0742285134896
0.00285638292747
0.00147936658485
-0.0259157959088
0.0932123345973
0.00357323919023
0.0146739288894
0.0567147485456
0.0875513370287
0.0771098378065
0.0897836122587
-0.0132106328989
0.089896463486
0.0644159732442
0.0806800297546
0.061592489488
-0.00362368897571
0.0780299772959
0.0730564583845
0.00404621028769
0.0773619654679
-0.0396622186934
0.0818985608419
0.0160959662176
0.0920286788195
0.0438109961727
0.0391205316709
0.0608848033173
0.0880857531157
0.0845689828902
0.0390060766028
0.00831013223084
0.027990355256
0.0693846862838
0.0163068420049
0.0580920322135
0.13545103545
0.118348023304
0.0162470685333
0.0790414492471
0.00989187311691
0.0661279397623
0.0961150462518
0.0903870878973
0.083228298562
-0.0477896121866
-0.0347035476464
-0.0390422410136
0.0516301056268
0.0819503710882
0.0361603301345
0.0367667675627
0.12197666128
0.0149424756664
0.0952551647529
0.0963636361762
0.0641594576798
0.0324378200946
0.118527012234
0.0372090097121
0.0926689954776
0.0790182692135
0.0789586906253
0.030373221727
0.0432225002884
0.000241431897717
0.0192799890729
0.0139082345862
0.0270057193711
-0.0129152114437
0.0605227000552
0.113426728651
0.0251160804114
0.0581202204597
0.12643296318
0.145446019984
0.0132523528187
0.108294245056
0.0778039692659
0.0712320331348
0.0250749432523
0.0171928793368
0.0258627218648
-0.0139547778532
0.0649122712059
-0.0334075799097
-0.174416554155
0.0752432926531
-0.00304420379913
0.10230148621
0.064552733344
-0.0270513009668
0.080643870074
0.00637794013683
0.0470230710908
0.03425541343
0.0253018875099
0.0482868123904
0.0484805385516
0.0114478783251
0.127037347174
-0.0127981810247
0.0355681025205
0.0746366386832
0.061246134211
0.0360715715138
-0.000301197996105
0.0129790609298
0.060428957671
0.0353363860221
-0.0107598616777
0.120956703676
-0.017360902923
0.056828700476
0.0956525263717
0.0474266861837
-0.00541150128282
0.074921479361
0.0138632693786
0.014713655749
0.0965790622162
0.0499365855333
0.0344726823427
-0.0493336015189
0.0756814640995
-0.00759348501112
0.00166686279665
0.0318471002048
0.0451833306039
0.0425299745821
0.0557926039894
0.0969921836471
-0.0271929934893
0.0305377789142
0.124895750972
0.018972922988
0.092097326906
0.0713647711581
0.0964821470901
-0.0100255447764
-0.0426758046386
0.0567323985776
0.127299461782
0.0734411375437
0.0784207928297
0.0254565672798
0.0279978505713
0.0676405282868
0.0301108066583
0.0362847841328
0.0775157582615
0.0641576156173
-0.0156135641497
0.011737614791
0.104953202322
0.0519051858982
-0.107280420597
0.0454134831278
0.0938026469926
-0.123225091294
0.0561349338394
0.0987646475626
0.10810667412
-0.141331002927
0.105182567904
0.022609273226
0.12721088207
0.0756693707868
0.0617825854281
0.0213141157612
0.0762854803182
0.110743748352
0.0767244721103
0.0573692473575
0.0489656971155
0.0152235862523
-0.0402923722656
0.127256189466
0.00337138433495
0.0356082830281
0.0996161702099
-0.038733457182
0.0807454351541
0.0616228423761
0.017769535443
0.111757867064
0.00699318259135
-0.0906729578001
0.0673243069605
0.088855947773
-0.010759192328
0.107657336698
0.0900747167729
0.0402257116813
0.0390471101715
-0.0255659469881
0.0908641740334
0.0602509159328
0.0799588618427
0.0765416171564
0.12309162064
0.0127291096346
0.0179137913056
0.116287753654
-0.0229508110073
0.057402166562
0.0497777182804
0.0563003441686
0.0490907254477
0.110139560637
-0.0274001176253
0.0773213302428
-0.0414047424996
0.058554451547
0.0788639780551
-0.0915105046415
0.0752572096959
-0.0637632861547
0.0230203430204
0.0366555714347
0.0492749046112
0.0710814655725
-0.0613854350189
-0.0128062172473
0.063553904683
0.0321132894578
-0.0678694867145
-0.0308374038795
0.110809988734
0.0619928224828
0.0708124547333
0.0546240922517
-0.0224700653207
0.0964851925883
0.0535944160454
0.0500310823296
0.0556471895107
0.131812909951
0.0349183816773
0.110290561552
0.0382439064915
0.0241935763348
0.0252972826517
0.0503009231243
-0.0334593609665
0.0881791439406
0.0652050999658
0.0971418923296
0.00558582728458
0.138911950323
0.0567931238889
0.100274919547
0.0153625674806
0.106166673967
0.0636954283275
0.0140480759023
0.0437278899745
0.0703567277415
-0.00766460066068
0.0762823957371
0.0464544943379
-0.0148100173095
0.0803979103027
0.0734347417768
0.000908409557203
0.0708797235001
-0.0147042721588
0.0774838949297
0.0910368290811
0.035824417355
-0.0754410116797
0.0422693301776
0.0957514002929
0.117805076719
0.0395286062557
0.0791034384474
0.0656613219951
-0.0202331435751
0.0412605463736
-0.13729864134
0.0893699915043
0.131235629274
0.0284523261353
-0.0126129195279
0.0329228290819
-0.0250644707575
0.125493853309
-0.00779129661695
0.099763420705
0.0565794922458
-0.0122352012711
0.0879509333264
0.0469017942761
0.0341393150737
0.0680688258388
0.0642497700432
0.00426411682129
-0.0347714259301
0.0267622557978
0.0913489118925
0.0983274957762
0.0049918968774
0.061520454618
-0.00790928841023
0.082785925538
0.0753779346877
0.0980594052752
0.115276680053
0.0421444350209
-0.0155630721412
0.0722984712654
-0.0335424349596
0.0908498800837
0.0457272258587
0.0485936287377
0.11132107694
0.137618159672
-0.0489313053331
0.0666373317761
0.0535906954624
0.0713544524993
0.0444525205036
0.098857948953
-0.0450264224901
0.0934217612251
0.0704664184496
0.0732704432112
0.119800434768
0.0733323748818
0.0390123192849
0.0182428791867
0.0438666536783
-0.0628026951032
0.0713744320678
0.0345261197403
0.0439776528509
0.000105284225293
0.0546525926273
0.0211155808298
0.115177467998
0.0859545052906
0.108592865615
0.0630151996004
0.123841215288
0.0802990158433
0.0273488305666
0.0875164457474
0.0380915742654
0.0114009695576
0.00126056191563
0.0103982512831
-0.0273236118275
-0.010021623004
0.105595110875
0.1011075658
0.0275615076644
0.0303885089017
0.00237456645471
-0.0665525811806
-0.0357063951272
-0.106154586116
0.103248373293
-0.0191979378249
0.122571391586
0.00928373192658
0.0512168082037
0.0440095847772
0.0337327097128
-0.0160095811887
-0.00829901828257
0.0432934301723
0.0796247568344
-0.00822573461719
0.0768664825876
0.043730350262
-0.043224374224
0.0589887416626
0.0647591511932
-0.106401481119
0.0502158657589
-0.0294478072841
0.100764045842
0.0921604884105
0.135333048366
0.0021649841486
0.00772750644682
0.0735195048723
-0.0401886602947
0.0531482310667
0.0521562150107
-0.0286650251925
0.039399214007
0.115427331299
0.0439134678199
-0.0141874039936
0.0138414778127
0.0730019436322
-0.000260573565358
0.00410476012883
0.0135902408893
0.027815551792
0.0661300400147
0.080345620741
0.0700162575703
0.0253200758911
0.0470747100691
0.0895036569213
0.00846926925379
-0.0283718802668
0.0181542416465
0.0460133668775
-0.00478323865153
0.0383755200667
0.0404272264678
0.106918880482
0.0914652843232
-0.0111654556717
0.0136229336203
0.0283519011521
0.0647251529759
0.0616995391692
0.0558579134657
0.0783959665011
-0.00190843978828
0.016430389312
0.087381291181
0.0437232011985
-0.000766096572283
0.113985863289
0.12581910572
0.0259895597542
0.0431532736253
0.0421546758007
0.0681465037353
0.0347657981693
0.110322371831
0.0165394976229
0.0578756113072
-0.0144584631061
0.030798760606
0.124969475844
0.0620660277922
0.0373427326829
-0.0427264873223
0.0508938874361
-0.00300287720708
0.0439105634225
0.0627486844942
0.0920491786032
0.0705353534623
0.0434393849565
0.087762349015
-0.0157716447904
0.114687027275
-0.0400521714846
0.00461450975426
0.117326375998
0.123809545239
-0.0879180502543
0.0181412422448
0.0763220399842
0.134027390211
0.0627820421296
0.136075024056
0.0278576220427
-0.0134333693247
-0.00273611102405
-0.0719068940124
0.106291142887
-0.051709278631
0.0560298578464
0.0645541082116
0.0232824927316
0.0471733682703
0.0680790636915
0.0272785310857
0.0599282887306
-0.0554073571491
0.0596991186731
0.0260682990634
-0.00607069087566
-0.0480767179373
-0.0591446480574
0.0443659385811
0.099603404261
0.042960428363
0.0773169924841
0.045297707485
-0.00792585062692
0.0863221947684
0.0203911870085
0.071564516547
0.0614410773758
0.092304376538
0.00330504150857
0.0278020548884
0.0458650220663
0.10233617525
0.133599811993
0.0230068118336
0.0562175185111
0.095396460288
0.0771543735419
0.0318122277931
0.00310176898214
0.0519343238527
0.0754507408016
-0.0399444585139
-0.0119381240379
0.0173992563018
0.073902219109
0.047481854073
0.106219741444
0.0112630775563
-0.0239641148491
-0.118712843883
0.0281239848516
0.0359174159682
-0.020659504197
0.0896647717582
0.0176722487901
0.03957201752
0.0680655750936
-0.0581220464965
0.104012495449
0.0370235485343
0.0402298352199
0.085981232057
0.0669102940821
0.0897396281928
0.0865822484767
0.0224516473318
0.0736793261062
0.124323215054
0.0484680880792
0.0909733699747
0.0978188030913
0.120725524529
0.00918305454676
-0.0341325498141
0.0140413450171
0.00898711513551
-0.13721664426
0.0697201225943
0.0052645640668
-0.0617747221308
-0.00879710904284
0.101098069977
-0.0326028353852
0.00275171520514
0.00607377573757
0.0497603398464
0.0426162365706
0.0530036259387
0.109325442827
-0.0256663634205
0.102531198428
-0.00121824718397
0.0543911044687
0.046690985401
0.0113585989435
0.0573569168314
-0.118807905968
0.0895451718401
0.0233879881218
-0.0315998987813
0.0781307602432
-0.00940321277129
0.146887755279
0.127581422033
0.012508634658
0.0659158445812
-0.0574133747981
0.0550414609139
0.0327646314665
0.111559355419
0.0927343321171
-0.00399008300127
0.0378409715581
0.103963667067
-0.0161654155724
0.0805612092605
0.102945520086
0.0305838839443
0.0837641984865
0.042043559864
0.0246714198914
0.0682536730711
0.0965635537443
0.051840807054
-0.0446151989444
0.0589139928913
-0.0110503844192
0.101680250653
0.0673069707265
0.0780611834773
0.0993014754346
0.0571938621016
0.0815199543502
0.0753037945042
0.0897842806942
-0.0532419335367
-0.0892456115897
0.0905713164567
0.0965919062796
0.0472448038738
-0.093338105866
0.0995892770836
0.051779460841
0.119534740778
0.016710674439
-0.0253595705731
0.0482181570863
0.0669463688225
0.0609820026372
0.0979055239879
0.028530900737
-0.0351699327246
-0.0736577953735
0.0403005424491
0.00243792359069
0.0731403678815
0.0245467844476
0.0289864886599
0.0401557147522
0.110945746097
-0.0145834479159
0.0439269667239
0.0311589634728
0.10707883392
0.118986357991
0.0848660109941
0.0824434928846
0.0606889247555
0.0345173681609
0.116633172958
0.00549997829744
-0.0806148271807
0.0316125477788
0.0407486730904
0.102520591486
-0.0110365797986
0.0737234773861
0.0674393385387
0.0598630578747
0.0723456189968
-0.0623777870217
0.0340803860564
0.0508241724371
0.000349150212783
0.0024638688098
0.0517330596019
0.121919565725
0.1012158488
0.017737928075
-0.00239125773099
-0.00908657059068
0.0668961998794
0.092065032669
0.0950563489615
0.0695004871316
0.104711936805
0.0861542068433
-0.0137303967077
-0.0142936060012
0.0422849849203
-0.00897973731006
0.000162052835849
0.0103978496239
0.0900834489596
0.115230137305
0.015993890425
0.0185601012654
0.0240738762531
0.0720507408293
0.0704993019626
0.00363620353852
-0.0117662060061
0.0355218934854
0.116935878992
0.144594177863
0.0496832880006
0.0837315258526
-0.00202854098598
0.104121112697
-0.00425233927069
0.0359983351015
0.00127404674906
-0.0119305432733
0.0507785140413
-0.00526452453292
0.0655684060633
0.0119356169836
0.0161562922589
-0.0162930412674
-0.00368074648346
0.0850216530542
0.0358513408052
0.09522666295
-0.0643560838042
0.0189937163487
-0.0347694537851
0.127294091281
0.0117925540528
0.117487355087
0.0567609758047
0.0539828118489
-0.0114395761263
0.0685966772369
0.0329276109253
-0.0223001682546
0.107833060608
0.051622519542
0.0491493552245
0.104093334842
-0.0135812595349
0.037810825304
-0.0246110659214
0.0279848152916
-0.0290818031491
0.00380352239437
0.0397215570168
0.00776128351608
-0.0059415561455
0.0650422146865
0.0394299348983
0.0285758374994
0.0437761581677
0.0762008016183
0.0282932506376
0.0086645325478
0.0686128743624
0.0225160145111
0.0360736838275
0.0602991495771
0.0922057687885
-0.0507209652447
0.0922556236929
0.0284887227295
-0.0446860904439
0.123902378508
0.103882916244
0.0546061396869
0.0371872383985
0.00865576176055
-0.0163353344425
0.0400462671832
-0.0341438343928
-0.0216704860258
0.126126367993
0.0906150813113
0.0336861686669
0.0431863103015
0.11857547109
0.0832874856999
0.136594483225
0.0599914629046
-0.0589374821468
0.0622178961083
0.116137007495
-0.0445646108949
0.0219337299195
0.0400784838273
0.0811049505334
0.0786577835208
0.111164837055
-0.188796204187
0.0241872293698
0.129984823133
0.0317079671181
0.0155126670118
0.0442343321152
0.0649679882423
-0.00340292136366
0.132445549275
0.0344748526755
0.0620365869784
-0.0465979971084
-0.033231046121
0.0365133640188
0.0983596322456
0.0822772152001
0.0700243005177
0.0794362855792
0.113245402663
0.0830113464272
0.0751290586811
-0.00355074716953
0.00676580759281
0.0497689831426
0.127040956887
0.089461576513
0.0823208644314
0.07228682905
0.0593136733899
-0.0118828657574
0.0420432019392
0.054541483395
-0.0184457335926
-0.0523816876449
0.0273856831677
0.000467851906313
0.0994034049855
0.113072985822
0.128825266735
0.0574957652038
-0.0652094677223
0.026868004606
0.0866949051981
0.10742113607
0.0717679106007
0.0712189809606
0.0749442303612
-0.0144020965856
0.016184577541
0.0807781980423
0.101119067532
0.013987376914
0.0950986714013
-0.0603407862228
0.0633407075766
0.0166343816917
0.0352036814864
0.0206538646856
0.043117146891
0.0921084457094
0.0151390815436
-0.0150712244721
0.0537604513517
-0.0282714108227
-0.0215458738366
0.115981817824
-0.0719784443186
-0.0181843605234
0.130640437301
0.0389820339846
-0.0631359056455
0.0604967416133
-0.0178291498617
0.0908206284188
0.0930982640143
0.121216068439
-0.011288808607
0.0271151544617
0.0966454448233
0.0859763419284
0.0179186880163
0.0236510899446
-0.0365670027242
0.0745192414447
0.124807421424
0.0805115311015
0.0583374846321
-0.171697597034
0.0281268689164
0.081520358646
0.0791293659661
-0.0192409372179
0.0657915218852
0.00631926700552
0.00531870330709
0.0892104937459
0.0060707586211
-0.0772986771365
0.0567106792498
0.0100729384238
0.0680446439063
0.0972634429241
0.0296105305154
0.0298942063
0.0310982623513
0.0634964774236
0.0688737220612
0.0820683022339
0.0442119279362
0.0359286526723
0.145247768743
-0.010776015203
-0.00226650065968
0.0771492359624
0.0321289879278
-0.0123323004201
0.0267749836881
0.0045097367237
0.0295562300347
0.0771892846171
0.0406271523131
0.000688180691787
0.057069554765
0.0815465747102
0.0861572612086
0.100959112729
0.0642524556001
0.0345780622137
0.0568545269502
0.0122398291885
0.119025075557
0.0877295104212
0.0518661985237
0.0718641488978
0.0280801783493
0.070793174476
-0.0157442008761
-0.0029815982184
0.0338695149007
0.0584162506594
0.110253477803
0.0924066528976
0.0512208097371
0.047004094128
-0.0717690506011
0.0608881857947
0.103329287137
0.0182564506553
0.0149989517191
-0.0174441078155
0.0864480378976
0.00262304655917
0.0703076959038
0.0559746629239
0.0871609053003
0.0451358910492
0.0508249872016
0.0892679725334
0.0725636179141
0.0378799669399
0.117921759278
0.0216515534452
0.0874332991421
0.0425504744164
0.1307007078
0.0197552409739
0.0276871900249
0.108218372581
0.100692755691
0.0353681321754
0.0517388404499
-0.119790908642
-0.0145184678612
0.0792948809653
0.0215912774999
0.0582004451195
0.102803540833
0.0436061512062
0.0146858118823
-0.00444693357954
-0.0953733515549
0.0246086014843
-0.000132528147233
-0.172845926606
-0.12102330848
0.0851290518754
0.0697088040995
0.0181465104647
0.0850504297229
-0.00529303858446
0.0846644211909
0.13155981122
0.0224304634832
0.102767379414
0.0899927977135
0.0272701498911
0.0190119404135
0.0466138579624
0.0484251842476
0.022420996746
0.0503835534716
0.0887945229603
0.129646177362
-0.00244285958257
0.0633496711636
0.0419684061299
0.102895158857
0.114797996463
-0.0245858174516
-0.00333884642982
0.13198285966
0.00776101946491
-0.012673812265
0.0866862132367
0.00784031663939
0.00220880231838
-0.0524480585475
-0.0223284643749
-0.00129691661585
0.0210722204065
0.104858094844
0.0894521872049
0.0629601146299
-0.00726820816051
0.0775118724882
0.0552555965396
0.146697497803
0.014035465232
0.0260829996753
0.0897148190483
0.0905869841567
0.113614673865
0.0764611991941
0.0788969313281
0.0298211833391
0.0507160888903
0.051773889821
0.0329921650947
0.0536891229114
0.119524779322
0.0159105054976
0.103844127869
0.115020404779
0.0810712119334
0.0489219838139
0.0908893256569
0.0961999942297
0.0524808050267
0.00161691234306
0.022381908948
-0.00518399349953
0.132281706455
0.0495672347387
0.0900424362699
0.0216022865879
-0.0356781848907
-0.0194248370642
0.00413230330367
0.00206478134329
0.132362358787
0.0584504122415
0.0497630384605
0.000224758945212
0.0772431008657
0.118500194427
0.141805565089
0.121939159192
0.0728141081526
0.022441558748
-0.026475726745
-0.0013161702807
0.00290600366154
0.0379692277993
0.118061529296
-0.0316214859005
-0.0571459080835
0.134821127722
0.111780846961
-0.0984548442001
0.038211923002
0.0664992551562
0.0135644868822
-0.0655374108565
0.0578070127442
0.0139799006133
-0.02413440253
0.10964342371
0.0765783919908
-0.0237690770655
0.134596736776
0.0571776663604
0.05069761405
0.0535198409321
0.0485663090114
0.0450836048709
0.0572944807828
0.0216712843814
0.050290155583
0.0527099941987
0.127176445549
0.0415441149619
0.0333107321884
0.09203371437
-0.0355119670192
-0.118911894585
-0.0249455310407
0.11779774623
0.113935521441
0.0296814360589
-0.0152443087627
0.0152936742861
0.0680339411933
0.0311055608219
0.0605518881767
0.114615128365
-0.162111902438
0.0374732592885
0.0954806810672
0.0123377224499
-0.0609151072984
0.072283336365
-0.0190130342045
0.0107568775362
0.0949642873875
0.0833458919313
0.0931559781264
-0.0115351862376
0.0580963285053
0.0187114764083
0.055742902738
0.104101927925
0.0792862769487
0.0670128886153
0.0206623775549
0.0174329574955
0.0478787364361
0.0171536426632
-0.0133182591497
0.00496787835746
-0.0590198690193
0.00269668377953
0.0877261953287
0.00459627219771
0.107697436716
0.0567056944164
0.014745392986
0.0674102927482
0.105180663183
0.0855709697007
0.062349156588
0.132528170205
0.0671885294096
-0.00920379157253
0.119460758508
0.057323130234
0.0893969737175
0.10930054923
0.0353505777175
0.0158631922522
0.0158619591976
0.0713696123718
-0.0283805436907
0.0261202354404
0.0492182190695
0.137601881925
0.116063107383
0.101008201543
0.0173291181173
0.0885822411027
0.0163417118357
0.111833808828
0.0839531495885
0.0281297631389
0.0696141560133
0.110666601502
0.124691843145
0.0416458843979
-0.0196892657977
0.118304270875
0.04221587554
0.0957644506595
0.039438864876
-0.0799592405597
0.0582467333564
0.123887306886
0.00741593176873
0.0315015536797
0.0473048950657
0.00902380789487
0.0170146036892
0.00545464668035
0.0650304329078
0.0307998193426
0.105705353461
-0.0152663495306
0.10110678765
0.015478331019
0.136013911332
0.025443575778
-0.0497878676358
0.0600188325179
0.00269171170622
-0.0143702790803
-0.0412634698124
0.116331767503
0.0663560279156
0.0353617954585
0.0559223546966
0.124938715209
0.0318178705775
0.00594951177538
0.127792331843
0.0546519323787
0.0652243203879
-0.012008867051
-0.0567944553798
0.0492979346005
-0.0418013081762
0.0452500746142
-0.0412882757792
0.0722142552792
0.0618846558921
0.0624303733477
0.0347164973543
0.0837281492985
-0.0476078129242
0.0263212374843
0.0563192009356
0.0498001039044
0.0770644627043
0.0310495835875
0.0767062206258
0.0307995870671
0.0477465748747
0.0968025468752
0.056959135738
0.00438308294028
-0.00370445869653
0.00492708288775
-0.00400624205859
0.0573909176546
0.073795752866
0.00409917205155
0.0297668672229
0.0760585068916
0.0903505578589
0.0822289582911
-0.00439775089412
0.0767531950061
0.0458367066356
0.0618635084351
-0.0484946067096
0.0783874101782
0.0384346639427
0.0662444236442
0.0569397840747
0.112700729435
0.0976267611466
-0.0105350577903
0.126177708765
-0.00486653856755
0.0891985219903
0.0778570377417
0.0879662490417
0.0218774404501
0.0668136257097
0.115887524552
0.000116187837317
-0.0139441405222
0.0611713113082
0.0906669579086
0.0162596002462
0.0268416215958
0.0418011367089
0.0842017149251
0.0528411959729
0.0257334236378
0.0643916123952
0.00292722265445
0.0623471270364
-0.0182107781983
0.0926864320437
-0.0384447042914
0.13898331192
0.0910473035631
0.0685992492738
0.0836804716969
0.125765834025
0.0345041700906
0.0599817839575
0.0752707244702
0.0832410349909
0.0374923060583
0.00764895385229
0.0690402962932
-0.0531298728317
0.00728457896283
-0.0915727741276
0.137315709111
0.00967985626852
0.0422106040066
-0.0227505755391
0.09082153008
0.00663506080979
-0.064419778235
0.086605511182
0.0730702832103
0.0417604958614
0.0547961620813
-0.0689626350002
0.0233786962758
0.128518340621
0.0452718592279
-0.0377818947744
0.0490483132576
-0.0756375102435
0.0688925502617
0.0389074165209
0.139991070762
0.0210445797064
0.015393559696
0.0629789464347
0.00333665501094
-0.011867650005
0.123096353103
0.0753878044791
-0.00100818042935
0.0730958754208
0.0574594786844
0.0390802379336
0.0921136441944
-0.00299175386297
0.0996738937826
-0.0256068045609
0.0312487706059
0.0288831075041
0.0748743382173
-0.00614653854474
-0.02241637707
0.0691187178546
-0.00773293193586
-0.0153944142482
0.00918447241344
-0.0555165527501
-0.0523212511949
0.0954010066993
-0.00356232151766
0.0120203471994
0.086400118037
-0.00119661447933
0.0371554329174
0.0112223616894
0.0631478238913
0.0936481179019
-0.0140722974689
-0.0233663644978
-0.0675046577278
0.0259643407095
0.110521351176
0.114775510238
0.0644228426341
0.00697959487513
0.102885923749
0.0957630417241
0.0700721046623
0.0779667991342
0.0354528952795
0.024001726379
0.0688739574153
0.0827647997018
-0.00878816352231
0.0386498647618
0.119750545474
-0.0402052690118
0.0980597935562
-0.0507442983694
0.0256174993932
0.0889238096784
0.130214579317
0.0930814591588
0.111897018646
0.00730485147288
0.0433719241815
0.0596135068521
0.120942420415
-0.0807504728775
-0.0190366960155
0.0879783248392
0.0740788502382
0.104996993054
0.087127308511
0.0509670411168
0.0263914874177
0.102039174714
0.0541688217274
0.0148543974296
0.0613696831367
0.0766058989299
0.0702009477849
0.106361631162
0.0614316865894
-0.0227897699894
-0.0513709775208
0.0329030551276
0.0596429628051
0.118440844411
-0.0373750516215
-0.00735024962891
0.045712826226
0.0969829412907
0.089920731037
0.0806438763658
0.00352921046257
0.0558603478297
0.0988255213916
0.0204839386575
0.101684194521
-0.00397027319369
0.0307759372194
0.0408536465966
0.104888470953
0.0618684631426
0.0243364126354
0.0754416927491
0.107977676216
0.129245390452
0.0509795741798
0.0689598529039
0.0131680902534
0.0683969802395
0.107413053643
0.0253914404589
0.0605554026324
0.0272336609985
0.0307845498371
0.0674633404021
0.0232701823616
-0.0478123421285
0.0552385872035
0.0283955785619
0.0218711691952
0.107001861744
-0.0125620792168
0.0553752635061
0.0739089467875
0.0375043953406
-0.00649914760896
0.0778309606979
0.0257466530055
0.0435172111818
0.0666556091745
0.00120956573282
0.0655821357211
0.0500669729398
0.103111722605
0.140327140245
0.130146950986
0.13336139589
0.00415542536794
0.0482406034204
0.0933201775253
-0.00363552646692
0.115149180975
-6.44824257723e-05
0.00696606350709
-0.00158549523583
-0.0280629216981
0.0384509001706
-0.0137940929825
0.0648422478161
0.069132066588
0.0681595769326
0.0576989370131
0.0405546476183
0.12581806997
0.0742419784022
0.0548157849451
0.116700667385
0.00727654788743
-0.04943718355
0.113569442582
-0.0158589230241
0.0822806361677
0.0733108208898
0.0350918511379
0.0346865440174
-0.105564810847
0.125529862405
0.0403900778654
0.00907830392118
0.0407341098364
-0.0210265309082
0.0700013978285
0.0804856451617
0.0976100461504
0.0714807978373
-0.00197649059078
0.028346250259
0.0899378201935
0.0252494978119
0.120500586183
0.0309340426393
0.0794087569909
0.074501817361
0.0427342711472
0.148465257115
-0.0211426312586
0.030019036493
0.042071520258
0.00145306610774
0.138848298297
0.0700659948744
0.0384074643507
0.0499686581687
0.0726989895764
0.0159766361156
0.0227257019257
0.099447270353
0.0418814085232
-0.0229801689328
0.0863340746643
-0.0345937012798
0.1024606748
0.00712238019161
-0.00717264073237
-0.0779970430959
0.0485165695533
0.0426758552536
0.0959841693629
0.0415691463036
0.0817188107363
0.036765781811
-0.0413800568926
0.0695670630833
-0.0196508242374
0.0577238600132
0.0298097714649
0.112054462281
0.0247892497899
-0.00545486670075
0.0442216532896
0.0588568245021
0.0766114524589
0.118418478439
0.00403237225565
-0.00225351576025
0.0654333519044
-0.0248118740291
0.14241022363
-0.0122785752992
0.0889241260103
0.0220596496451
0.0500725381687
0.10671342002
0.0534762410893
0.0763002083289
0.0296715587462
0.0413458452148
0.0606486474074
0.118474797225
0.140222210843
0.0645181486304
0.056799760001
-0.00658355045754
0.00529927046068
0.0890996397695
0.0957787114679
0.0319861355263
0.0420426379002
-0.0416681318368
0.0724874062133
0.0428427127653
0.00235383906807
0.0290376388303
0.112007221031
0.106347515821
0.0501390364905
0.124415602095
0.109232302037
0.0850512432453
0.083911318205
0.0520347709987
0.0128158296919
-0.0602867928385
0.0232165112093
0.0714565375582
0.0523856402636
0.107618009686
0.0927558030725
0.0712146438966
0.0184894306538
0.0422613257676
0.0767198837505
0.0966793221874
-0.0303276447968
0.0434258165708
-0.00787493563348
-0.0647115120562
-0.17243616842
0.0112091813832
0.0729380094072
0.0894260743267
0.0265118855346
0.092381580334
0.0367145306888
-0.0136685788466
0.0530793309978
0.0435512313957
-0.00384202490777
0.0632742827712
0.0913904169154
0.130333395441
-0.0495246733239
0.0764743742999
0.0105767487716
-0.0879122636825
0.0625486941994
-0.00716103958501
0.0404291594931
0.00905368741929
0.00819159532496
0.111891748472
0.0976151309959
0.040900783569
0.00890067916722
0.060000124611
0.0660794956743
-0.0266465424504
0.0418169356773
-0.0233964390194
0.00534896700996
0.106516584595
0.00637329201388
0.0156289094778
0.0896658842658
-0.00837745748907
-0.0973202189103
0.084203318999
0.0935810102639
0.0447551220197
0.100641697878
0.086682216717
0.0903757686625
