0.0635387943901
0.0624462925215
0.0639663073313
0.0680315594765
0.0988911046723
-0.012763732934
0.0720082500427
0.0258691850421
0.121056966181
0.0301770352288
-0.0543474886109
-0.0312128351196
0.0499993984235
-0.0486282200082
-0.0570180538479
0.0567574515115
0.0623802202719
0.0244558730576
0.0537578143944
0.0924364382484
0.116940485973
0.0388739189552
0.069451171819
0.0456210312077
0.0866149460183
-0.0220761485749
0.136033187138
0.0395633130992
0.0542360223158
0.0980789769298
0.0914282447504
-0.0256700647563
0.138727433705
0.0633106771875
0.00458603008732
0.0965445051791
0.0420754702816
0.0139100802955
0.109852583015
0.105627615447
0.00111578531542
-0.0793630849719
0.0415521370235
-0.00673280147246
-0.00172944728681
-0.015760545226
0.038034021622
0.0685577512528
-0.00383689338573
0.0732760398891
0.105790977723
0.0135550520194
0.0433903594564
0.0133047835157
0.0528077965391
-0.0178179407036
0.0643666339638
0.0362683435301
0.0898459197564
-0.137756129292
0.0589628661716
0.0128252703946
0.0290369552226
0.0729457412401
0.0228680336757
0.0451402893753
-0.129579850418
0.0685063523478
0.0243004351856
0.0636648513458
0.0360892940139
0.0606284295271
0.0144019510147
0.102567601074
0.0376595479246
-0.00167762480445
0.0412708152824
0.0188718894906
0.0943916410303
-0.0580582871019
0.070663292088
-0.0438475705044
0.0284190684994
0.0949683694632
0.0555248128501
0.031819059367
0.0830809608111
-0.0111661430134
0.0464647924933
0.0248530911154
0.036436260473
0.0816582581352
-0.0960398783675
0.107879756511
0.03621531972
0.133468367921
0.00397761267998
0.0372956524044
-0.00803208261269
0.0301219664816
0.0165693322951
0.0622304178576
0.0349179060386
0.0419419877825
0.0383405386078
-0.0622131367569
0.0539572541976
0.0498080191664
0.0545254413879
0.0526911236343
0.11541625838
0.0258983321099
0.0372573057611
0.0150861310011
0.0234486797768
0.0543175480061
0.0393477740278
0.093024820554
0.12640858069
0.0988704272498
0.111403316454
0.0344750595346
0.0374390477037
-0.0559836700527
-0.00119974447957
0.0813298638495
0.0231312272542
0.00757411575396
0.106050593224
0.0388382830002
0.111905177297
0.0826617912599
0.0431754209131
0.0640657143033
0.0808962162554
0.128470587593
-0.0131065009599
0.00658838932706
0.0671307984945
0.111831504264
0.0963100960679
0.119286577043
-0.117813611518
-0.0364363574797
0.0421640551863
0.118969706059
0.0728837649577
0.0486215431623
-0.00927710784996
0.0584028941301
-0.0328918382732
0.0458044930442
0.0335117497623
0.0205718451628
-0.0175509093156
-0.0156350528645
0.104254166494
0.0633741052379
0.0501250912294
0.110254104582
0.110659638797
0.0275507720033
0.101357308408
0.0915123616086
0.0643326138513
0.0360196593703
-0.0261543090629
0.0686725847292
-0.0347417751619
-0.0361148953434
-0.0259501682713
0.0643279427266
0.105467109378
-0.00484811878213
0.0941652154464
0.106699722182
0.0927025319317
0.0884275534602
0.0142376867583
-0.0165351328965
0.0665584232818
0.0915617343124
-0.00532094470047
-0.0404068809787
-0.0279483048899
0.0651036483817
-0.10822638702
0.0152328801435
-0.0630271991048
0.0777348035754
0.0328556688519
0.0678163334098
0.0135229317593
0.0102571600676
0.0701578306118
-0.00178300833692
0.0746258743173
0.0259255792381
0.0953755146428
0.0476711441867
0.0247236203052
0.0737220578914
-0.0202123471575
0.100481643104
0.102500129367
0.0157212319561
-0.00906730530018
0.142280662211
0.000397618760935
-0.00592301971757
0.0709650016302
0.0742743299449
0.0576667217387
0.0803088847201
0.0567721688952
-0.0433066402302
-0.0160145026418
-0.0110270536316
-0.00280940649438
0.0314920124829
-0.0269907704842
0.00867193886187
0.0455018195431
-0.014864160443
0.0721566947803
-0.0642537096698
0.0496920323675
-0.123501375535
0.00586105375005
-0.0365750087748
0.0487105403425
0.044198789553
-3.07968826743e-05
0.0873493489713
0.0585691676391
0.055050012536
-0.0767995249912
0.0251967515252
0.0862498010186
0.00127003119696
0.0181428153464
0.024518142616
-0.0340076227946
0.0302789830127
0.054571383025
0.073063757407
0.0808483331152
0.0511268470981
0.0203887521833
0.0587938685922
0.0763133619977
0.120963737514
0.0663456143076
-0.0351024307176
0.0722020660985
0.0624298146431
0.0369987240603
0.0322721509204
0.106054994984
-0.0476756034997
-0.0418441797701
0.0219571699695
-0.0991672218134
0.040066502357
0.118988699912
0.104546813178
0.0520129244115
0.118201584024
0.0612399783172
0.00386504488789
0.117785197572
0.0192128050087
0.119595179076
-0.00754825101194
0.133516229003
0.00589964579532
0.111241484487
-0.0508302995892
0.072815117069
0.01609199532
-0.07822134952
0.0973536481172
0.0480157976807
0.114860437674
0.00208643416819
-0.0822750862469
-0.0294606318841
0.108726242907
0.108548672904
0.0615389949632
0.0647188672567
0.0500215393623
0.00304831920212
-0.0040319349593
0.105246637252
0.0324678582458
-0.0338526126084
0.0100018986446
0.0519233163057
-0.0208218211363
0.066940224724
0.115392743827
0.0880944726532
0.0920498239734
-0.0356653519468
-0.0386644877307
0.0706127036084
-0.0154001325048
0.0452637554071
0.0739812562424
-0.00381403364635
0.0686470005406
0.0523797772166
0.0835828312864
0.0700884183225
0.00992700873461
0.091864606811
0.0825471287704
0.0631353721472
-0.0564778281967
0.0718898936489
0.0356467663229
0.00496154589524
-0.00401057907319
-0.00491228491113
0.119544144576
0.0395482809503
0.0326301188256
0.0261205467051
-0.0158136213568
0.0381583706159
0.0389030417434
0.0444584154232
0.0863292264486
0.0481514232021
0.0734536563406
0.0908580541639
0.00286386579829
0.035992853748
-0.00180757553263
0.0885620113105
0.0569391248477
0.128272013847
0.0745865675256
0.101437773175
0.059162919246
0.0263632940432
0.134781073963
0.112118566944
0.0753454634646
-0.0244914275624
0.0477677374349
0.00312259336172
0.0360463874253
-0.0316383711673
-0.0260198521949
0.0780292418605
0.0919651590216
0.032665215769
-0.0455839505881
0.0690230239617
0.0589174584597
0.121734044027
0.0290828195135
-0.00851852714961
-0.0688176554158
0.00873548942041
0.12441726339
0.051255983632
0.0113000934834
-0.031508886121
-0.00390467653964
-0.0456769983019
0.0825280044323
0.0734436326667
0.0409162002182
0.0506664020581
0.0191512418196
0.0982599794483
0.0233034376836
0.0271566013242
0.0703272863431
0.0242221399089
0.0404976220953
-0.0240348387737
0.0787948193432
-0.0308103737365
0.04946954758
0.0592364659691
0.0400946016086
0.044630697529
0.0505643040166
0.0646765674159
0.062084721596
0.0194342520565
0.013820898811
0.0186303978838
0.0826601545269
0.0287023858171
0.0763758233195
0.0615022504685
-0.0270914200244
-0.0109966349256
0.0873326749557
-0.00571812801453
0.00433101420605
0.104661631936
0.0388462593035
0.0612846725874
0.112108716321
0.0289455694105
0.0586546272393
0.0364367916441
0.0103321207919
0.010857388063
0.0515086498557
0.0853880312919
0.0339769779066
0.0479072520635
0.0204958809024
0.0964721643935
0.0776425846219
-0.00418791168276
0.0231712587178
0.0315324462037
0.0655595965387
0.0866004085379
0.0242645096046
0.0969429072687
0.00971744484533
0.0280441844402
0.0931153742386
0.0646264147116
0.0157138140179
0.0811329482297
0.0762185500502
0.0979494331664
-0.0110047642597
0.104247036192
-0.0017730634858
0.078058482922
-0.0322438296799
0.113103161914
0.100640452684
-0.0470956547867
0.00394213186917
-0.0280240972366
0.0501365272012
0.0388995590564
0.110046591789
-0.0768245881185
0.060859865915
-0.0131035829152
-0.0697772217913
0.0660195058788
0.11727186696
0.0512916815302
0.0128531079642
0.0575687440792
0.0726398160268
-0.0375433315445
0.097710749612
0.00804855384848
0.0433115042418
0.0615918764598
0.036396108236
-0.0538259515668
-0.0156265484564
0.102105960881
0.0750668624841
0.115226710367
0.0489367467677
0.0317121352856
0.115666435848
0.11363014741
0.140629552662
0.0827655140537
0.0976882202341
0.0580600892786
0.0659620047907
-0.109937422983
0.0813864801726
0.097177583742
0.117770950021
0.0512010453973
0.0681785980582
0.0763961652521
0.0793930528129
0.0947559449748
0.027786116231
0.0587787601959
0.0776234041496
-0.0202019609958
-0.0801185524772
0.0818564813809
0.0697331228025
0.0272305101332
0.107700932683
-0.0199982391662
-0.00325156698153
0.117757247542
0.0802233461223
0.0137070743161
0.0433349955542
0.00474330056337
0.0658335013392
-0.0371883746721
0.0943719231319
0.0202755979084
0.0435342380793
0.0699787379852
0.00923130510755
-0.0195296215296
-0.065877938221
0.0655068488206
0.0562865108522
0.0813705392875
0.116500256701
0.0716564130979
-0.0650544383377
-0.00792692348414
0.0135542896081
0.0834032924762
0.0763772902365
-0.0999320502344
0.0846432600829
-0.0518606383954
0.0225663363817
0.0193528112804
0.00553145857496
0.0574525878067
-0.00754924795069
0.0575264253739
0.0452249510591
0.104830985467
-0.0423304545999
0.086087505492
0.0591368233559
-0.0847347878644
0.0281752446825
0.0423937780354
0.122697892262
0.0940093226453
-0.0116651668667
0.0954151122649
0.0602348216095
0.0727306820477
0.0566093114117
0.0541001162206
0.0570106701892
-0.0274891324376
0.0427867407179
-0.00991609202071
0.00499186299997
-0.0303512255407
0.0267795496669
0.100520491465
0.0964144052275
0.134557617234
-0.0125218311095
0.0775452004696
0.0404490861245
0.0554136290093
0.0588763248288
-0.0277995545453
0.0322197813335
0.0398228516947
-0.0305966890166
0.0429193901504
0.00648838027692
0.11316917895
0.0245556614601
-0.0869340021319
-0.0837435668849
0.115016622568
-0.0161729085711
0.0665333926879
-0.0112046925854
-0.0346625503399
-0.00933004959472
0.0836541832191
0.115323348165
0.0965228336695
0.0264354441147
0.129307071797
0.132364100687
0.136343755804
0.104455019106
0.0511614327372
0.0481670144533
-0.0183486683881
0.0949182453802
0.0480952898917
0.0569097644339
0.0890476458565
0.0513612944739
0.106093658886
0.0515859068061
0.0327185310078
0.130391204227
-0.0622704016533
0.0585406947054
0.069362267735
0.0557303551342
0.0733688304322
0.0329070306445
0.0987526889054
0.0534722186587
0.0915159378186
0.0858766536601
0.1053410773
-0.0368553134704
0.0842812077734
0.0169057322304
0.0477152636821
0.0296223866907
0.0647116298316
0.0531028250998
-0.0492216641871
0.12421526964
0.107416208591
0.0732356094435
0.0502081801871
0.0380660767783
0.0726129110098
0.0935616399972
0.0804620099538
0.0294375132519
0.0767127037357
-0.0752294363988
0.00753442835411
0.0855053381574
0.0410696736833
0.0803505703491
0.00111131633897
0.107197229011
0.093304962346
0.0361224870009
0.0435319432196
0.00533655351663
0.0351784799495
0.0518614325113
0.136261499133
-0.035433627141
0.00752703998719
0.108586793967
-0.00677188649782
0.0398702268025
0.084556048115
0.104535924322
0.0603437241472
-0.0465126285867
0.0850999294032
0.0205821482827
-0.0411907349961
0.0940918954568
0.0297422109561
0.0767860623745
0.0622494538374
0.0976899830143
0.0990553387696
-0.01237507233
0.0986002384501
-0.00103270434771
0.0399589730782
0.0635522784907
0.0664459227347
0.124298486978
0.0105542928032
-0.108949693583
0.0787148588251
0.00789993263684
0.00428610621874
0.0993158424961
-0.00642565060101
0.0956335776552
0.0513641571247
0.0614847708354
0.000972956949273
0.0613146643531
0.0559158656185
0.00155363888249
0.0981169879783
0.114956700638
0.0946750998391
0.0972824522666
-0.00309211421675
0.0289846378389
0.0215885533766
0.0205935765976
0.0959739855502
0.126972597699
0.0392781229263
0.0644184228957
0.116295655827
0.0585022936416
0.10549834115
0.0601529674048
0.118905002514
0.090010880811
0.0311216811763
0.112205559952
0.0708802502401
0.0695248053688
0.0230097722252
-0.0140683899792
0.077840673328
0.0088749465774
0.0476087176033
0.115216351924
0.0745357335787
0.0119376600117
0.0689862234271
0.0670493254676
0.0193660208593
-0.164284895976
0.0719615631323
0.0436739833629
-0.0121718938879
0.0167435916243
0.0385086289744
-0.046843922504
0.0723587003465
0.0286490738929
0.0909102958507
0.0688135075322
0.0497936858336
0.102626783655
0.0454683503498
-0.102896171329
0.0403930949434
0.0807618302256
-0.0457646767992
-0.0415361571959
0.0136547651976
-0.0270454393182
0.00781145036472
0.0305208195371
0.114038910641
0.0884195168131
-0.00768400280656
0.0210430395688
0.0941186774412
-0.000511178901446
0.0669146349927
-0.00914280057955
0.0572191533283
-0.0111405970287
0.0384591589055
0.128014462845
0.0951073232899
0.126372013047
-0.000639569851108
0.0795231511988
-0.00189607718064
-0.0430900233235
0.0291445363887
0.00277332784495
0.112482237854
0.0212404540722
0.0902770495866
0.0272420819751
-0.00760516895866
0.0885427840202
0.0613696606469
0.0455843864983
0.0804856346612
0.0273493616241
0.0640832279048
0.0212653999804
0.0620102434481
0.0782268367544
0.115352440243
-0.0205112760027
0.0459152170649
-0.0644504187205
0.0188805945896
-0.00737584265871
0.115163381549
0.0647458272573
0.111394295376
-0.00182184301721
-0.00161289008609
-0.0453811787691
0.0373442811132
0.0176318392478
0.092711067351
0.0404232040491
-0.0200245945391
0.0727988343518
0.0523224638985
-0.0142591448147
0.0645865140338
0.0692638711428
0.0883874344094
0.0123578247425
0.0545728356307
0.0389318687028
0.0973756459202
-0.0037767015277
-0.0615506173345
0.109615427189
0.0598517250236
0.0845556062249
0.0978437539109
-0.0112632657268
0.105833027034
-0.0211303909732
0.029004248284
0.0167478709392
0.0596475599419
0.0531748317373
0.101776132875
0.0106663955648
0.120678446683
0.0891451058949
0.0727942358274
0.118879333718
0.104081595558
0.0622612961195
0.0530968346542
0.0874710193504
-0.00907642480764
0.066280533674
0.0760362950761
0.0499933015784
-0.0402298214919
-0.0247207642873
0.106707400773
0.0428289522178
-0.00364619859607
0.0536770147149
0.106783271449
0.0164362561472
0.0479655229913
-0.0406664592341
-0.0243723568219
0.0828367022953
0.0298096795533
0.0790251177583
0.123076672325
0.0930573856829
0.0319110620002
0.124120383151
0.0960289836785
-0.0491618283242
0.0746572358127
-0.0353203338216
0.0399824910974
0.0106362072116
0.0365687428033
0.0810720702665
0.0633332953781
0.0525689254999
0.0438819150016
0.054348702971
0.0431354901991
0.0573237457739
0.0425100956734
-0.069996315148
0.0465298713528
0.0650704796289
0.0713797967494
0.0598348110276
0.0212075239525
-0.054327663845
0.0591659506473
-0.0535014733727
-0.00328164243563
0.0885167252465
0.0499965689941
0.110615144774
0.114941718802
0.0168241403319
0.117948040123
0.0196117363608
-0.00850803800111
0.0941123885531
0.0176308688122
0.0690205479203
0.0635639733155
-0.027941271462
0.0843783247328
0.0282248692263
-0.00318699834136
0.00732513467307
0.0749875225569
0.0844098826463
0.0112137978976
0.0119295040955
0.0990421177555
0.107658051146
0.00805557021352
0.037600594752
0.0279372302979
0.04039873093
0.0971260364159
-0.0391607933948
0.0207167904071
0.0596619204004
0.109780724981
0.00531514439863
0.0913969323601
0.00513187497526
0.0355985423
0.0743810268536
-0.0163250805974
0.0404787526804
0.0150780809112
0.0343940791288
0.0238646105303
0.00418123065244
-0.0552861722242
-0.0267742049341
0.043819377673
0.031549116325
0.0757052667472
0.0158249313684
0.0277029713725
0.138284598527
0.0264638910994
-0.00176557026187
-0.108751831075
0.134431509945
-0.0277405612132
0.132101973988
0.116408312172
0.117338759538
0.0354466155369
0.0263281508538
0.04561336588
0.0280609731947
-0.00900609945104
0.0807874684511
0.0210015395824
0.051147685008
0.108688248445
0.0441860042817
0.0119000564965
0.102402407216
0.123793604377
-0.0177179643152
0.0733812946166
0.0544833517293
0.108114996981
-0.0121062806677
0.0306857028829
-0.00749506291671
0.0583052917093
0.054278590318
0.100546297042
0.0299777652396
0.0309712709181
0.0184256847789
0.0827011678167
0.102273262015
0.0555366242432
0.0985032302303
0.0712182743797
-0.050320731046
0.062854217793
-0.00839331611421
-0.0174931336306
-0.0285522439592
0.0942736993481
0.0678028118771
-0.0140669244661
0.051384118138
0.016588163831
0.0583433970795
0.00729832035919
0.0211164800529
0.0907505279664
0.0300619513619
-0.0531870012763
0.0218772953823
0.0684136659764
0.0276367670561
-0.00340623859055
0.0671468473158
-0.0152087961347
0.12236342302
0.113814791601
0.0808039104634
0.0854632807335
0.0722705771497
0.0992552718271
0.0656314426317
0.0987293059309
0.0572992823185
0.104719436875
-0.00323098596192
0.0403948474759
0.0295604987482
-0.00078866222359
-0.0778856845256
0.0371412049927
0.0876832049166
0.131621331351
0.095904055009
0.0835506248779
0.0725531704032
0.0396385787816
0.0477765194394
0.0664072552274
0.0879711979372
0.100277647943
-0.0068343418125
0.118620153927
0.0296026822728
0.0329038379834
0.0507905137836
-0.0390203941233
0.0674162088219
0.0421318431414
0.0874644172917
0.0457033244262
-0.0111500587057
0.0199462809735
0.0572271419818
0.0726662330188
0.0812486781032
-0.0209452362263
0.111420478091
0.0984847098026
0.119004763968
0.0183582685328
-0.0494211658571
0.074795458939
-0.00787236614713
0.0496930752974
0.0713336199557
-0.0166640633252
0.00367035013509
-0.0103076075294
0.0904709134425
0.0799280211686
0.0654473844435
-0.0704508513267
0.0831396697936
0.0539355880281
0.0660710169003
0.0855082059851
0.0266261928883
0.000579643446745
0.0153783720858
0.0126946628245
0.0442075723475
-0.101041042347
0.0713975825732
-0.0728969361104
0.0134008396868
0.0737602543717
-0.0505790951581
0.110880452745
0.00554569652831
0.0136881352666
0.0550950342581
0.0807105324035
0.0729071538537
-0.0175209525527
0.0224188236079
0.0109889136086
0.0255218269518
-0.0998494398093
0.0113891100507
0.0531151541823
0.0619803433013
0.0211123768843
0.0406654992468
0.00926920982334
0.0927235674444
0.0852118593057
0.0788519316093
0.0592976458017
0.0448433497196
0.127568611192
0.0377043414935
0.0726369642176
0.0168886710941
0.107874419866
0.123813211531
0.112357191792
-0.126020958535
-0.0156811102752
-0.0297410361801
-0.0105825604486
0.128747626863
0.124915156946
0.103235651698
-0.030178588455
0.0820122648883
0.114213284167
0.0972123098321
0.0269725033685
0.0475527363612
0.0515563888485
0.0130909367163
0.0793470372917
0.130241459417
-0.0168444714546
0.00404690158863
0.0711851766399
0.110636036544
-0.00526845890373
-0.026660074079
-0.0301168401584
0.0447308999151
0.0237680051674
0.0190364456935
0.0021254734317
-0.0478274354088
0.0776845718178
0.0967378582398
0.0432375645261
0.0501673730584
0.0557808398799
0.0478664630588
0.0483493966561
0.126691636545
0.00627979398139
0.0211693722687
-0.00357221514096
0.0601703396354
-0.0422971900274
0.0645227837411
0.00394907283323
0.0208798588296
0.147589361476
-0.00985767486405
0.0415872740859
0.0723948143263
0.0243910086164
0.000873881306763
0.0214698286695
0.0342225153689
0.118379246717
0.0146557337628
0.00857369164694
0.0317479698614
0.108274590477
-0.0603981853644
0.0838203605901
0.0162958261811
0.0701240890066
-0.0193390089914
0.112291772319
0.0660875534962
-0.0206960418885
-0.0223357909557
0.0270018450754
0.102105591056
-0.0364950587651
0.00338356966335
0.137098353285
0.0961596920911
-0.0100355653709
0.000464776032402
0.110381801056
0.0366141909322
0.0348949253805
0.0455782098069
0.0116433773732
-0.000964710574607
0.128657686531
0.0694850267168
0.0424962602222
0.0305384630144
0.09380923879
-0.0190774460364
0.0523335605155
-0.0945797167317
0.0187025904514
0.0153791854582
0.0382381617803
0.0185281162265
0.0340101364184
0.0525740006974
0.0847495056772
0.0117700267453
0.0344509568841
-0.0930314680728
0.0273113304694
-0.0608478724416
0.0469030858207
0.0407409277904
0.0137746298232
0.0881795620781
0.0632297959222
0.064267066078
0.092610893651
-0.0236255509748
0.0501194647764
0.0605296342742
0.133470263557
0.0911948614415
0.00600078336359
0.00606511645508
0.0753688489284
0.0757499251138
0.0445457929301
0.0639686058726
0.0695537893094
0.0269678414466
0.025018619808
0.0467474821499
0.0459016890048
0.0162634988024
0.125586646603
0.117839208982
0.0377042774323
0.0536031538691
0.0358361269675
0.0790611980103
0.0946910581874
0.038182328505
0.0876996577868
0.0824825146195
0.00110925211857
-0.0423216892909
0.0139808704852
0.125338523191
0.0841347851006
-0.0259809268697
0.0264250336524
0.133925252617
0.0833469597525
0.105332617701
0.0382946239819
0.0757265205691
-0.00908121374112
-0.00442815190916
0.0412245833286
0.0628452608807
-0.0507349410092
0.121222364406
0.0275144062606
0.0286134259515
0.0711119051877
0.0147994896885
-0.082033111319
0.120260768832
-0.0867150861214
0.0103809597997
0.0100262570965
0.0838020390566
0.111687764712
0.0570790980273
0.0482460506877
0.0516457045796
0.0679611784881
-0.0246765829217
0.126197482013
-0.0337818215601
0.0988183929529
0.111216379979
0.0629548880729
-0.0284113385201
0.069989158242
0.0911909272585
0.058720372137
0.143142445366
0.102992383528
0.0275096028611
0.0597802919689
0.119914592026
0.10970577398
0.137707846035
0.040676347254
-0.00159862171612
0.0893389960549
0.0686903690184
0.0592522884862
0.0184089305961
0.0416425406336
0.00355086212268
0.062657258551
-0.00921669144127
0.097960110731
0.0732319422269
0.0737494725936
-0.0274865497267
0.0588595332725
-0.0302988660087
0.013332189392
0.0128733337069
0.0730907550027
-0.0111122986493
0.0769131281057
0.0605735416347
0.0211582995825
0.0839364861502
0.0694410104871
0.0411563799965
-0.00827158419922
0.10721507024
0.0475664262046
0.0922642050298
0.0259268752046
0.101576710034
-0.0210077251134
-0.0612473887248
0.109387794831
0.0769315088048
-0.000513307324022
0.0995015325815
0.0362771528887
0.00220827916497
0.0945199429086
0.103805601781
0.100115416345
0.0636080659891
-0.0370668836027
0.0389053970862
0.0341480925327
0.0726311574507
0.072172369055
-0.0352034921204
0.0892663755985
0.0248028012273
0.0607427858841
-0.015136415246
0.0643408420793
-0.023771793058
0.10569376805
-0.00268793823914
0.00426198188613
0.0937194216691
0.0805290347583
-0.0214938508289
0.0362153531185
-0.0471560598732
0.0291487308038
0.0842782938752
0.110245231432
0.0803334926265
-0.0254057161151
0.111866956172
0.0692620921462
0.0375001274187
-0.00799715784174
0.0294959445391
0.0322701501747
-0.111894852484
0.0720513722736
-0.0198025381185
0.101150786718
0.0635711484044
0.0440415412146
0.000494564481546
0.129220973992
0.00330021504591
0.0106399806893
0.0115840989394
0.0712774600031
0.0715760267086
0.0293871083191
0.0798627598755
-0.0600541963937
0.0414047479664
0.0670850226098
0.0293138572935
0.0467421330115
-0.0254444931727
0.107855139285
0.0438468654976
0.0131456139132
0.0540563176212
0.0946329950261
0.0147630868786
0.0683744388164
-0.0879599467619
0.119738309094
0.101028283367
0.0898020325999
0.0337802901039
0.0327763113895
0.0519912642899
0.00232854832667
0.104275066188
0.0561386091331
0.021606565279
-0.00674994532704
-0.0214497481484
0.0779351709801
0.0830984919408
0.103290282549
0.10613838155
0.0270136416912
0.126071781086
0.106272334663
-0.0261457967249
0.111019537275
0.107463217938
0.0530560403298
-0.0543742464617
0.0262294451973
0.0106810404819
0.1107228464
0.0360350442666
-0.0268850721396
0.0751539254566
0.0681827774205
0.0633692349516
0.0490725068823
0.0895295238678
0.027889411701
0.00422466894391
0.0169639184072
-0.0138299891764
0.0388293926886
0.0188399927306
0.0217510978751
0.027901824483
0.11005147515
0.0829130939579
-0.00969326510727
0.107884288676
-0.0146740748694
-0.00876362706658
0.0937855549223
0.00918780875209
0.051366295581
0.110653594619
0.0179737684777
-0.0770298481757
0.0131940369381
-0.0126314573334
0.112116363601
0.0197427238245
-0.0727149967525
0.0888233844854
0.0427433664147
-0.0393987363249
0.0652353279525
0.0653962905185
0.0909968094713
0.00143288842699
0.0981217408488
0.0629318178485
-0.0228096843202
0.0155126216295
-0.0269108028551
0.114809729288
0.0678130404102
0.0159547922632
0.0393019690603
0.0990120248849
0.0504190035476
0.030604557347
0.0561700908678
0.0595065301553
0.0840521994841
0.0261196523983
0.0512402852673
0.0332725679225
0.0377950079273
-0.0265642812081
0.0739838089642
0.0746031263217
0.0809960917176
0.0546901653228
-0.0196430962216
0.0819007025189
0.00485897441489
0.0122254622023
0.0375672028052
0.0341971287253
0.0137943556661
0.0317477014991
0.0584511253784
0.0459913380948
-0.0703510344556
-0.0154740684146
-0.0893633452031
0.0930378936473
0.0729840357813
0.0757239628774
0.0280356195361
0.0145455826226
-0.00669992838451
-0.0569073598665
0.00463859436941
0.0465910123289
0.0229794615521
0.131011578025
0.0393408304923
0.00891199888689
0.0907364716461
0.00949540700462
0.0988679108081
0.0199767040307
0.0757585573633
0.0365131039213
0.033870014464
0.0413140748278
0.0775547428521
0.0532151470749
0.0314955168053
0.0732482285898
0.0255399247322
-0.123182715278
0.0364630190022
0.00952240033985
0.0424352242961
0.066239070477
-0.0353384323961
0.0533367176011
0.0179987502549
0.0487770309142
0.061594390399
0.112420254216
0.0642615908138
0.101943101467
0.0813187599501
0.0199690454207
0.0909430498911
-0.0308478440969
0.117086463831
0.0799427618797
0.0881469853907
0.0295559659289
0.0898828277831
-0.0146028539678
0.0552449732047
-0.0445750866535
-0.0208329892649
0.0485809842687
0.0794446347957
-0.001624917885
-0.0517986332434
0.0111236513985
0.0445097462355
-0.0068359999007
0.0286191033728
-0.0851586039172
-0.00144515439422
0.0381638996837
0.142398238346
0.0907014432312
0.0340326252863
0.0416380343699
-0.0297799405394
-0.0135904150522
0.138830736099
0.00363192658901
0.0114837659471
-0.0199576214151
0.00310662389654
0.0291464071736
-0.0335359767755
0.0194628346128
0.024504479829
0.0288467592611
0.0574346517627
-0.0433052154732
0.0302646885046
0.0583505065912
0.00296685552128
0.0881370474472
0.0371594167708
0.0710828918262
0.0648233775047
0.0364943354521
0.0710099591214
0.10342518657
0.0936264529794
-0.00738127055694
-0.0236056419321
0.0750714582441
0.0512232143373
0.0366469732707
0.0518861086772
0.086726135961
0.0184963869637
0.0201653465059
0.0165076153043
0.00182069229789
0.0479883394799
0.0140313548394
-0.0532012013095
0.0671286602126
-0.0408562280759
0.0877382981901
-0.0220617286615
0.0506295040641
0.0469679436101
-0.0256863823934
-0.0203948618269
-0.040656757031
0.0295808092227
0.109922668642
-0.0721062892313
0.0150301081288
0.0615026217981
0.00852202142325
0.128869986292
0.0540842366589
0.0858260059741
0.0961222215445
-0.00324666472051
0.00286018034069
0.0656843027291
0.131074812246
0.0582727681097
0.116448295621
-0.0420806862505
0.0782294960985
-0.00322895610604
-0.015173110623
0.0270558740465
0.0788003013454
0.0591459891048
-0.0342185289181
0.00574615356707
0.0251091789756
0.0939333117313
0.0234661249241
0.0358743522433
0.015665479663
0.0170522087648
0.0523760944444
0.0072240524569
0.0374564104396
0.103178263195
-0.0547703242294
0.0674251925848
0.0840735944576
0.0332994616973
-0.0678417985922
0.0754671510097
0.0819656712605
0.0161901493208
0.0828491848496
0.0917936448122
0.0254773141632
0.00198766062389
0.0414420781442
0.0854488466176
0.020645642168
-0.00101071548136
0.048157043331
0.0415629000173
0.0964524509758
0.0355591686477
0.0128543400491
0.068633652391
0.0979792435368
0.0479047581662
0.0594523864651
0.101667116298
0.0914528442769
0.030875791756
0.0820841823363
0.0450065301254
-0.0117652149411
0.0627881244133
0.120708748688
-0.0124250125793
0.046981713795
0.0848522040941
0.110575910278
0.0847644690534
-0.0121172566935
0.115324951722
0.0192296283119
0.00704590752514
0.0805103366854
-0.0139446971108
0.0796333401425
0.0776191382335
-0.0972064801468
0.0750925279236
-0.0137454884934
0.108721400404
0.0719293194319
0.036883852442
0.058257797849
0.112776116585
-0.00663670345459
0.119036296598
-0.047186397466
0.0907013414031
0.0514381073273
0.0195049776141
0.0753139437111
0.0109506929743
-0.0384731814869
0.0955020928909
0.0105859346662
0.0892479140682
-0.0463843052451
0.116780564498
0.0599525199001
0.0973838288443
0.0213336022073
0.0373781222709
0.108345473397
-0.0648444651474
0.0740175656267
0.0788682736332
0.0332291447081
0.0755258661962
0.0301642640654
0.0953048511754
0.0606535369208
0.114625312798
0.0452962811836
-0.125826605671
-0.0906731345446
0.0219385007208
0.0591906223016
0.0302406249485
0.0134103797264
0.0372956585947
0.033974314341
-0.0784474649614
0.0683654849916
0.0287927083993
0.0542811053244
-0.0165907187306
0.0551921924524
0.0599011530482
0.0982632851307
-0.0132469087107
-0.1537709294
-0.0419286112963
-0.0201744967147
-0.00558153229276
0.079303879311
0.0230012026421
-0.0655706086037
0.0514194814045
-0.0201696033616
0.104038090192
0.0516228333723
-0.0346749517798
0.0147302330208
0.0390653289476
-0.0112711242843
0.0432181654771
0.0569536974222
0.0172220032458
-0.069234534484
0.00906040734974
0.0511131413132
0.0765448313758
0.0708285895104
-0.00827576499014
0.0858119061028
0.0573457044856
0.0394862762855
0.0901022941756
0.0864449687558
0.0689746097436
0.0498930834735
-0.0766006557194
0.128939896519
0.0740712443717
0.00499015145475
0.0190753764043
0.0687503408254
0.0217767203188
0.0633985740173
0.0844016029867
0.102512713331
0.0135219675448
0.064384003321
0.0213693099567
0.122796261779
0.0905493540432
0.0191707211874
-0.0266730985676
0.0357796922073
0.0581615601844
0.0850712507048
0.109273995787
0.126730195384
0.109866773636
0.0596195743353
0.0507793622116
0.0105904954071
0.0075873524923
0.0624159501154
0.000366650150422
0.0703751851617
0.103342437443
0.0672032554336
0.0576226963324
0.0867395732478
0.01338953711
0.0410195979056
-0.0940306909533
0.106486360508
0.000790163361472
0.106507889718
0.0921258017326
0.0833727961449
-0.00442752536411
0.0515339607602
-0.0218619523725
0.0901204830018
-0.116257595863
0.043088191083
0.0246964749137
0.00399631933939
-0.0513602987936
0.033406273283
-0.00962780426627
0.0548456162238
-0.03823944926
0.0436052521332
0.0686590029285
0.0406646057215
0.0230659729197
0.0157928943951
-0.0288501901479
0.0227744794366
0.0804133653728
-0.0499109731382
-0.00357313272924
0.0132179178794
0.0841788669753
-0.0119003402563
0.0185456045162
0.0280459366425
0.0407190803176
0.00440464483617
-0.00659306593535
-0.000472979807057
0.0320242925552
0.0268859407068
-0.0306398878641
0.113441480866
0.0986475224828
0.0961097957344
-0.0128050321261
0.00301766153513
0.00251191235806
0.0059727387846
-0.0189567939956
0.0918764233481
0.027615503295
0.004736374522
0.0547347550591
0.0548683693092
-0.00216755800827
0.0978245643785
0.106111661219
0.0958427572126
0.0866552290731
0.0210075943122
0.0566645815337
-0.000215012319916
-0.0579787740948
0.0066300213203
0.00262032506959
-0.000604944034805
0.0889316875695
0.0419385107838
0.0321427062262
0.0289422473995
0.023996444399
0.0870166698849
0.060191801555
0.00937253596586
0.0390277843222
0.0961429073078
-0.0328023234163
0.0133788876504
0.0468754061981
0.0915523817868
0.114111454027
0.0951166855567
0.0444177238444
0.0770557172737
0.0719650444858
0.0163680852538
0.0973885089761
0.0283794518426
0.0627699294713
0.0721857929245
0.118026002184
0.0952033709106
0.022388367824
-0.0227354416494
0.0526575029332
-0.0141082715158
-0.0120234927825
0.0802587861413
0.0625183714378
0.0799145776787
0.0242232031109
0.108888830747
0.0648285850448
0.0500896065281
0.10915501203
0.0878964619169
0.102115444395
0.104147838685
0.0864018676014
0.0464859415277
0.0262906581552
0.0611476004229
0.0487342297378
0.0795524348525
0.0330432631625
0.0629327527011
0.0541494810064
0.0498872016336
0.134150861333
-0.0243510925882
0.107341866832
0.0545806537784
0.0600112094827
0.0452375827762
-0.024141342779
0.0268915817752
0.0474069407238
-0.031905391082
0.00831084607692
-0.0109252378831
-0.0282017465418
0.105822557422
-0.0166645910774
0.0175924402273
0.00352087942908
0.0200665736769
0.0184210486528
0.136321033696
0.0884679204616
0.0249188097845
0.117686018205
0.0476516921998
0.100004548648
0.0693661385843
0.0312765066211
0.0696644559866
-0.00816166024144
0.0848139006513
0.111700704481
-0.106417504417
-0.0441168313006
0.0860778949306
0.0296043338017
0.0610608371735
0.110310859488
0.0839798812727
0.138378816816
0.00694791511475
0.0310198722313
0.0669735701799
0.0030772894526
0.0561315327834
0.0259313553435
-0.0862101966246
0.0445005517078
0.100265975091
0.0698201678153
0.101716138668
0.0520523044562
0.00326889267614
0.0435321100632
0.0968300961726
0.0662543077003
0.0823456459253
0.0549133657765
-0.0446925184927
0.0804117267104
-0.0532054374914
0.0922853596669
0.019042820861
0.113849387576
0.0738523968433
-0.0162377773826
0.0559682026631
0.106292005861
0.00719602620431
0.0899458408186
0.0115182387296
0.0826802297955
0.032062485237
0.0678053436139
-0.035291953216
-0.000187548948286
0.144403902575
-0.0307516576573
-0.0031325586661
0.0603623763964
0.0661818357199
0.0698449205486
-0.033252128597
0.0783243796123
0.0522440409026
0.0117309848518
-0.0635478740525
0.0480331739106
0.0833076377096
0.100817155886
0.0358430613825
-0.0112515241352
0.0525998230142
0.105529217563
0.0224747701211
0.0950978682712
0.0190355432163
0.0645927959448
-0.0250520835859
0.0867197611032
0.0425686451704
-0.0463922702578
0.119314838606
-0.0127881755778
0.0845790997252
0.0353778765762
0.0654874718398
0.0113421465884
0.0684021370881
0.0552560411536
0.0286067069965
0.0237190204951
0.102260647154
0.0716544682914
0.0754511287694
0.0213932629059
0.0411140141029
0.022419771464
0.143567789359
-0.0554060488695
0.0443833579929
0.0658420054747
0.0187203437161
-0.0038871414001
0.0536278096687
0.0589740698322
-0.0118251462343
0.087542843768
0.00776857733447
0.034818970616
0.047680163076
-0.12354998365
0.0307257360912
0.0848853262597
0.100294140908
0.0735678443006
-0.0130883047137
0.061475141925
-0.000375669311147
0.0882483995973
0.0276111011053
-0.0714644165466
-0.0126914023305
-0.0301242431724
-0.0540436745045
0.0119150150766
0.0172816700196
-0.02381880238
0.0218486183514
0.0342269916166
0.0780029688712
0.0651854739101
0.130341947042
-0.00753290169762
-0.00365867271861
0.0564643314354
-0.00956747995548
0.0402624064252
0.0260106608296
0.0555341121004
0.0634649523777
0.115949053004
0.0165712808833
0.106878197943
-0.00604480251524
0.0727198911869
0.0428631569755
0.0915694462017
0.113668599127
0.0372797926547
0.00207865820125
0.0520993312282
-0.0447918689004
0.0129714436028
0.063882535549
-0.0483344493551
0.0419534785342
0.140187125558
-0.0292547105323
0.019907686853
0.0482602676917
0.0782358715685
0.00429070171762
0.0812301826512
0.0543993708129
-0.00252381354734
0.0857851107076
0.110532639217
0.0161912773702
-0.0152140964841
0.101966938535
0.0076313545144
0.0287399383503
0.0262023771474
0.0170705382667
0.0756829956012
0.0200104004793
0.0972968179578
0.0806224098139
-0.0201811017405
0.0773392727829
0.107757765764
-0.00663662090968
0.0631136337027
0.0955277666396
0.0571578442399
0.0532203666861
0.0938620821404
0.0583170453763
0.0446531142798
0.00157820319511
0.0222384984851
0.064717522434
0.0508022739076
-0.0866724205511
0.115536755701
0.1157551481
-0.00158867548074
0.0161420791828
-0.0226133811167
0.116062251373
0.0787777252059
0.110906412889
0.120095864804
0.021765771948
0.0297011374465
0.0950785249818
0.0236836879598
0.0214729103079
0.0387342359592
0.0329013262479
0.0663946546073
0.0153341652087
0.0300149044216
0.137434569456
0.033335437184
0.0883984042556
0.0620511236219
0.0621525682729
-4.66713868992e-05
0.0847491364727
0.00727456858331
0.0890907776405
0.0732035763064
0.000688364879871
0.00104875987839
0.0835625970789
0.0597767466607
0.00827592284968
0.018873931758
0.10941325056
0.0157186179447
0.0585643102398
-0.0754594730053
0.0487637834876
0.105894068945
0.0362528220286
0.0712869654092
0.106618527056
0.0124434176534
0.0752344285657
0.0370512706979
0.0733033164413
0.106595453073
0.0581804426728
0.101578442056
0.0505657524074
0.115152824814
0.0999533145728
-0.0367648317677
-0.0032989354126
0.0802012804339
0.102831661437
0.0914724119018
0.0907163780259
0.113034514077
0.0537862054679
0.0407494489366
0.079534481719
0.0287297889946
0.0980707983324
0.079960966115
0.0718617291301
0.0306295697864
0.000493664322814
0.0128336299695
0.109906529936
0.0276841938316
0.0763533376116
0.0142149410232
-0.0255819569945
0.061173135428
0.0603414064076
0.0334129164364
-0.0251420463574
0.050306225305
0.0800878944798
0.0473370868568
0.128483837952
0.0147586491672
0.097744766924
0.0896242295647
-0.00358368894638
0.125757705404
0.0866209956894
-0.100830477427
0.0634670756128
0.116817097245
0.044977140175
0.0894998325945
-0.0466218442229
0.0877775065217
0.128543234991
0.0353853743768
0.0709442826759
0.0479250898467
0.0317442806894
-0.0219918842206
-0.0142939642695
-0.0457492101068
-0.00346758335178
-0.0371121689492
0.0833656498479
0.0385624111803
-0.0102493833075
0.0336149445987
-0.152525611608
0.110923627497
0.0586308276978
0.0783251764197
-0.0350548083755
0.0198277558323
0.00759623314446
0.0957928554451
0.0448308889855
0.0266964171014
-0.000868299414705
0.0713902675814
0.111346836383
0.0788157447681
0.0699191619475
-0.00495089183111
0.0650351673872
-0.0303916499368
0.0346342244022
0.0309740471342
0.0256184636284
0.0251261477381
0.0833135802737
-0.00857982219108
-0.08389125964
0.0382509665865
0.0612902476041
0.0602545611141
0.0417012006314
0.0132506499246
0.140704579309
0.026270461624
0.0247525022699
-0.0776295617552
0.124856324583
0.130857660624
0.0246274639034
0.0973002965755
-0.0568660807156
-0.006339220754
0.0918936146985
0.0966697568759
0.0856601824061
-0.0724040219375
0.0456886763196
0.0508000130412
0.0485448153348
-0.101898750317
0.0449695177489
-0.0122789125862
0.0795777897402
0.025626505276
0.102451876959
0.027942739811
0.0163199538258
0.0484800377769
0.0939354363167
0.0565587907887
0.079570710331
0.082234455642
0.0896863614733
0.0878879971488
-0.00276658461178
-0.0359222054032
-0.0613972758308
-0.0381604624235
0.116947954428
0.10033843843
0.106320207456
-0.0285682847087
-0.0813338265999
0.0321119908279
-0.0017446880978
0.0555817329239
0.100807229321
-0.0288201963416
0.0484089628619
0.0496747037479
0.0897560825265
0.00175103327538
0.0501525475009
0.0717032150463
0.00415964308566
0.106348028733
0.0953422711274
0.0540719955602
0.0895824153702
0.0884881376084
0.104499120638
0.0286480635705
0.0619300254986
-0.00753843007859
-0.0206976122024
0.0540382873257
0.128165060967
0.11911301607
-0.0283573019963
0.0486864591519
0.0235011306365
0.0605646018548
0.0772691073094
-0.11228147849
0.0655826599449
-0.0639243044576
0.0726892039172
0.100025513966
0.00945742416875
0.0398518901946
0.0472752857339
0.053541555392
0.0605555170096
0.00386395063715
-0.0040511765937
-0.0535174712308
-0.0145765487923
0.0136381154573
0.100784966269
0.0806306146049
0.0400987814382
0.0849814973655
0.132400910801
0.0662114756037
0.0577150033118
-0.0662338571987
0.0639479123462
0.0308028275652
0.0649211261475
-0.0529688425391
0.0670787167699
0.133085110408
0.049112012701
0.0252049638404
0.105993429062
0.0614753692861
0.0236896905664
0.0881990766533
0.034735080288
0.0963058470177
0.0238603236542
0.106760654249
0.0274455512626
0.039229069278
0.0707939987055
-0.0132880906303
0.100793517904
0.110516923449
0.102278082354
-0.0829418499676
0.0294428060449
0.0402704849981
0.0659761234659
0.00481023285779
0.00218254749893
-0.00164635677038
0.092442571758
0.082584470598
0.0571909272202
0.0424158450885
0.0539050276028
0.0292448735682
0.0282069414054
0.0580577025105
-0.00815439705043
-0.0844916079431
0.0844948948375
-0.0330899698839
0.0636965731829
0.0364711139083
-0.0102497586695
-0.0826088009061
0.0437775671103
-0.0800944329852
-0.0440045128191
0.0234836202188
0.0404482978895
0.0122796338945
0.128948230849
0.0315929697295
0.106844647328
0.100076603589
0.0905150984523
-0.0153678600663
0.0784781300217
0.0819990186981
0.038104083324
0.102414268792
0.0441545556268
0.0664389381945
0.112321160225
0.0155665747846
0.104287456376
0.0372702328261
0.0852013994012
0.0284782631256
-0.0517538718165
0.119046348464
0.0353526528734
0.0440421543413
-0.0660596208613
0.0924126083084
0.0497004561754
0.0718998054325
-0.013400193008
-0.0138007853255
0.0152722332603
0.0626304082343
0.0410219071823
0.0686725810105
-0.0679809066908
0.0169857130409
0.0547434425127
0.0460538019559
0.0406042816123
0.0851441978972
-0.0252506087266
0.116742904114
0.00461852834664
-0.00413464615037
0.113337550419
0.0647556884409
0.0682415382516
0.00171824980989
0.0152866366795
0.123097440214
0.0155334529999
0.0863581299007
0.0204643491018
0.0388080579575
0.021236771332
-0.0210653959764
0.0770687089171
-0.0702201308411
0.0592882449679
0.106571401385
0.103534018564
0.0317582678719
0.0312986206565
0.107788645609
0.0341902385146
0.0717475832168
0.0817906579458
0.00869986550937
0.0179215505241
0.101267068168
0.0436935790493
0.0846388920315
0.0896647104158
0.055957129384
-0.0261248328548
0.114809822862
0.129051878464
0.0553789429059
-0.0282522308386
0.11429747806
0.130259933542
0.0805473169819
0.0882980940248
0.0634233499285
0.0655921238501
0.0297316139938
0.122274199451
0.121512125124
0.0827969991698
0.0532550452209
0.10428362427
0.0491141028473
0.11507096217
0.0245323377528
0.107812786092
0.109949494728
-0.0432688516941
-0.0691030446988
0.0546608916445
0.0754891608824
0.093872333059
0.0201297592647
0.106234350335
0.118944197318
0.0892142826208
0.00306926719781
0.0488155675136
0.0366030507147
0.111092038002
-0.10522316246
-0.0539331171415
-0.0209177050105
0.0100875785581
0.05406581452
0.0818597617479
-0.0312833628943
0.120518392065
0.0896199885581
-0.0441564775633
0.00905406251319
0.136986535471
0.0338126799876
0.03407720355
0.0968387792066
0.03845302559
-0.0916442077172
0.104389888141
0.100162490373
0.08760261411
0.0517843655463
0.017992097236
0.0672474061376
0.020272303611
0.0604293855927
0.0831381163169
0.086466825128
-0.085991651561
-0.0329541822654
0.0148341747565
0.0839365111076
0.0526321828974
0.0939850015203
-0.00315508913265
-0.0159220433901
0.0924763154853
0.0989063518892
0.000601715350468
0.0577576346682
0.0461906104235
0.052478807608
0.0155084183065
0.0332498542654
0.00454845381936
0.0961993639497
0.0963846748454
0.0812968006557
0.0444401756733
0.0566281808844
0.071758572963
0.0594163614346
0.0290367889621
0.0366361217081
-0.0213639721124
0.0277520771613
0.111390264224
0.0407539394047
0.0231967505134
0.0810179063564
0.0364113298089
0.0620192356256
0.02264707201
0.113990222689
0.0425802206886
0.0593345157784
-0.0236709233931
-0.138814406868
0.132805441821
0.0397105355009
0.0608540984976
0.0685909294099
0.0785460398635
0.0305820678539
0.0202178546365
0.0317478167163
0.0398201231804
0.0602418979475
0.111731345811
0.0719636392416
-0.0524041029559
0.0999663020538
0.0476679072556
0.00654416435331
-0.0665661191484
0.104173729982
0.100099149935
0.0500015558393
0.0495500085615
-0.0193589437618
0.0447677302779
0.0721911635686
0.0532152210335
-0.0495362819259
0.0860608836997
-0.0499694435236
0.0534231000159
0.00956607269883
-0.0354637148164
0.11306415486
0.128422975548
0.112268221704
0.0629926439705
0.0818341621076
0.0739730981208
0.0478054653488
0.0310527504479
0.0734097543849
-0.00128042686551
-0.0220714039009
0.00745167933518
0.0799935106336
-0.0291431463856
0.126447857069
0.0768216569511
-0.0211960455441
0.0761077808695
-0.00827880545275
-0.0808870441956
0.0629769671315
-0.00177129566149
0.0525475345642
0.0694577446342
0.0819487606348
0.0589045237837
0.040001212754
0.0885946115421
0.065097781809
0.0139628169605
-0.00107877589749
0.0728700746663
-0.0274130009223
0.0911349980719
-0.00102585425713
0.0897457427433
0.0424544873139
0.0127209505264
-0.107284731931
0.0855627221106
0.0516456224538
0.0422905321813
0.021403373836
0.0525128434259
0.096545201951
0.068111283588
0.0802697883807
0.0844548165478
0.0939035932314
-0.024257859198
-0.0352167720584
-0.0195977243073
0.0305688674317
-0.0391289292516
0.029141273361
0.120113829887
0.0337298475711
0.128396894816
-0.064939652548
0.017781617162
0.0401073337399
0.0846793458734
0.019059216482
0.0766542365882
0.127158026887
-0.0585728419328
0.103607419303
-0.0142296018274
0.00944538576598
-0.0133329006908
0.0481811511931
0.0618765016563
0.0377182659232
0.0203032392916
-0.0179311392688
0.0387154059185
-0.00366090128702
-0.0148589828476
-0.0898170954169
0.120806545149
-0.046256689407
0.0371005326589
0.013443491885
0.0593469852158
0.049542973849
-0.0132305191636
0.00542496258741
0.0678117908028
-0.0348664783298
0.0527386826228
0.046578232514
0.139121122937
0.127364485477
0.0601907630598
0.006497019283
0.127192008885
0.117654903011
0.0380531825674
0.00386983504746
-0.00472711774982
0.0356018899779
0.0806113365616
0.0798929803979
0.0834076183419
0.0599846632832
0.0544666514286
0.0542330103625
0.0144366501617
0.0940609564592
0.0396046535798
0.0861082649724
0.0950836741741
0.0319904058726
0.0668230524386
0.0739518376635
0.0543427587193
0.083906704272
0.0849069605115
-0.0615963277621
0.0801571119867
-0.0357091617102
0.0645194548868
0.00446326531328
0.0603322386861
0.0957911228068
0.0552256249565
0.00451268036324
-0.0380023489534
0.0429109508613
-0.00452019216075
0.0912188245549
0.0200433176515
0.0507295818314
0.0355332497698
-0.0368961751739
0.0904292283034
-0.0159403071628
0.132536929359
-0.0205554647606
-0.0194440733003
0.070738625144
-0.0275416261628
0.0312870591949
0.0512573357168
0.0314762475873
-0.0173521349212
0.0537323323991
0.0600686169825
-0.0504031388653
-0.0190353886903
0.0413359086463
0.0165235396162
-0.0279058571698
0.0201251442063
0.0822309766391
0.0594563713319
0.0301446222805
0.0841075518463
-0.00126090008812
0.121540202359
-0.0800376201477
0.0137518675449
0.110793613793
-0.0117820313003
-0.0064769713493
0.0841092965772
0.0677461119131
0.0811977251187
-0.00189531295619
0.0675020166635
0.104858945501
-0.015777106674
0.0318215978049
-0.0617260336495
0.00153285589856
0.0245007047227
0.00468319923258
0.0256895764276
0.115823573587
0.0734298231994
-0.0898253047065
0.0242215860325
-0.0296549483009
0.0873343121266
0.119795209601
0.102915621057
0.0502813176787
0.0605055206549
0.0175925156607
0.0286431467424
-0.0752933739468
-0.0363226257127
0.00446303820631
0.0378183390259
0.0928088953268
0.0195130137113
0.102514094936
-0.0882760562054
-0.11245466254
0.054876697536
0.0677839371509
0.101584995721
0.0950311607865
0.0743859615033
-0.0332730324178
0.0543362473291
0.0467198619632
0.118928428534
0.0367197568272
-0.0277558427352
0.0951811118561
0.0830623740475
0.00323947339576
0.0633980377589
0.0792087654731
0.081932047781
0.0225258468235
0.00981638930982
0.060558025582
-0.0068765687589
0.0451216816302
0.108202495281
0.102398245275
0.0400015449178
-0.0585788816545
0.0195847752899
0.117752353508
0.0545551218076
0.032221511525
-0.00787724340448
-0.0106337962765
0.0583493306449
-0.0141785554054
-0.0058223111391
0.0271644684217
0.0554987034853
-0.0333616669537
0.023419160785
0.0525754719167
-0.0437678804542
0.0291247893455
-0.00506716964759
-0.0222929441118
0.0448844906455
0.0862144875136
0.100248293841
0.0373795663934
-0.0934919561929
0.103324049742
0.102883030495
0.094745056114
-0.0202416178776
0.102229634676
0.0541093331413
0.0777950278665
0.0276134266097
0.0113863835812
0.0622942059426
0.0589529050625
0.00424654358521
0.00612892922386
0.0282719915947
0.0329333018331
0.0260844930356
0.00377020638901
0.0170607794218
-0.0142154169572
0.033419073496
0.048811333711
0.10480242388
0.0185236800578
0.0435069819272
0.0037709699881
-0.0154557691379
0.142796318371
0.0291969546051
0.0976595574605
0.0470673296561
-0.0703665716254
0.0122385888084
0.0646137001064
0.0636175349316
0.040117603102
0.109552203522
0.0593720482156
0.0859331975728
0.0290691777133
0.0772380985032
0.0253312930445
-0.012064897848
0.125220133906
0.0765870140445
0.0539416401421
0.0257423764174
0.0648318043388
-0.188063867331
0.0355582115166
0.0113282369041
0.063565013989
0.103166407402
0.0408175558374
-0.0432869568811
-0.00153806996927
0.00517671370752
0.0604560259833
0.089455741545
0.0489510547265
-0.0514505434992
-0.0107361718558
0.0302749892202
0.115362367111
-0.0372494575728
0.0562323138932
0.0887467158154
0.058842438007
0.0618114107387
-0.0418116145603
0.0723263872137
0.0248146141677
0.070075506732
-0.0289847152412
0.134218466837
0.0657419707519
0.0548844300162
0.036761812563
0.0471058055868
0.00811481764131
0.0638458749628
-0.0164228584721
0.090412558883
0.0146983595496
0.136781505677
-0.0117751526339
-0.0122233741394
0.0338845620055
0.0514680851252
-0.037006676163
0.0448261234841
0.115419646806
0.045244212971
0.102483620296
0.109401043708
-0.0254883879493
0.00363552929139
0.0406907380203
0.0269626417369
0.103530137164
0.0633428950207
-0.0635274966685
0.032036956283
0.0926662854195
0.0353328905105
0.0357411079512
0.0551888684052
0.00692414997351
0.0144890979441
0.0237656186861
-0.0226873222832
-0.0627502997508
-0.0254088920863
0.120290073175
0.0080847517658
-0.00198391877205
-0.0230055998524
-0.00702535259785
-0.0381706016597
0.129377502679
-0.0435095725981
0.0229875739881
0.0362591761761
0.099006595845
0.0643720545049
0.00879577361973
0.0497189113864
0.0449881934596
0.0648824795677
-0.0071109020535
-0.0737370518165
0.124234064618
0.0549962585524
0.105724969517
0.0564758612287
0.0921055796937
0.00223542160997
0.0767274574682
0.0880043026646
0.000609133597409
0.0495835002272
0.0735601321675
0.0620670750306
0.0779814114822
0.0573813397617
0.0920306090081
0.109994795651
0.0938099057899
-0.00077721425478
-0.0259210361383
0.0248211462808
0.118054815112
0.0444600705737
0.0572167134707
0.0854517252188
0.110690072096
0.0485118470666
0.0517095159775
0.101936768381
0.0148044552681
0.0110119712234
-0.0012309364384
0.125850595969
-0.00524484784807
0.0552057176223
0.0764530307838
-0.020032483101
0.0357800791677
0.105127547733
-0.0122270804126
0.0883035514131
0.0848057276063
0.0536101317676
0.0554034410707
0.0342921654476
0.066198918199
0.0615124341451
0.0240003861554
0.0458381027986
-0.0303843919837
0.0241065011271
-0.0286713152429
0.0299542624733
0.0539221796353
0.0189384232863
-0.00451741350124
-0.014619272663
0.097128313253
0.0660872484539
0.108605037567
0.0165074127089
0.0129143393374
0.0293730426179
-0.106057905199
-0.0120068772285
-0.0458863162622
0.0696738668487
-0.105232784233
-0.0368295336222
0.0742457617436
0.123876229719
0.0823991122735
-0.00215318657268
0.0798923848294
0.0166971427389
0.0898579370197
0.107216907163
0.0569586925087
-0.0862431248691
0.0860141215503
0.0217616395919
0.0588485263911
0.083975930326
0.0326547968712
-0.0162837201418
-0.010561865903
0.0460037641861
-0.0233666848948
0.052933396283
0.0690746295809
0.0228345042796
0.0772807328946
0.0118537594715
0.035997637596
-0.00366879071959
-0.00585322298855
0.0861613729377
0.0450982835912
0.0196221788583
-0.0293011194424
0.0357027693199
0.0966270043242
-0.0117352384434
0.104427198337
0.135941051424
0.0852837711669
0.0440482450322
0.0502919391046
-0.0219976460164
0.047150992624
-0.0121434449558
0.064444121748
0.0693970152748
0.0338561239187
-0.104708419817
0.0511138541143
0.0238021317373
0.027315362103
0.13762524769
0.067670061096
0.0299047734686
0.0912938280677
0.111099339936
0.0939018040577
0.101527086174
0.072840137469
0.134187905885
0.100941983793
0.0178857249099
0.100711978445
0.0577153404836
0.0664178725797
0.0160669962958
0.00675024299206
0.0651746318158
0.0368842525222
0.112810935594
0.112094592998
0.0926378916012
-0.00987976360467
0.0699621706242
0.0332855543191
0.120083026511
0.0186262977283
-0.0629130599437
-0.0389271129412
-0.0854766059625
0.129722194765
0.00357335314153
0.0162511611657
0.00356238761928
-0.0753433818954
-0.00365936844633
0.0553931994165
-0.022584121367
-0.0379596926311
0.0541346990883
-0.0259522452036
0.117582752185
0.00277482493446
0.0327833876257
0.0722278315087
0.0209501271959
-0.0147096501242
0.0134119270297
0.0900786660844
0.0796963792376
-0.0215747742225
0.0709555898022
0.092927404752
0.0355805484403
0.0480102179506
0.114539600119
0.0327665565419
0.0603723866265
0.0350190852042
-0.0977628622069
0.07213561797
0.00186789931653
0.00378068032824
-0.0521767355361
0.0236598285208
0.116217285925
0.0373314828855
0.03124703653
0.0695934426652
0.10473441202
-0.000461179163583
0.0149437811768
-0.0315893153531
0.103657821948
0.00667235770406
0.085514664885
0.0799538033578
0.0061759237065
-0.0551145880749
0.0115702685427
0.0590675546208
0.0456985453628
0.0925809471831
0.0510056663383
0.0432789994732
0.0291179928155
0.0638627223664
0.0211120469051
-0.0101498576379
-0.0686120172631
0.0440494002548
-0.024236358887
0.104959522089
-0.0410235872392
0.0879413105592
0.0242447467206
0.0658683575334
-0.0228889372834
-0.0232808983299
0.038336667675
0.000404911237993
0.081076581416
0.0358417101644
0.0277826425648
0.0129211162776
0.0832686567156
-0.0726926708212
0.0990229100064
0.140413690269
0.03869918038
0.0477402615431
0.0489515618464
0.0130330788713
-0.0116182963623
0.12316792004
0.132309203155
-0.0184826000266
0.0960725685799
0.0626064548094
-0.00464157372213
0.0165064113869
0.0847893874179
0.0096875540793
0.049376370653
0.037722363997
0.0804700035428
0.033420877611
0.0636923700974
0.0665829461353
0.0419048635884
0.0587107948818
0.0977627566266
0.141574541362
0.0534346644494
0.0125861717805
0.0086945636133
-0.00290014390219
0.0254502533075
0.0613716521262
-0.000249685129614
0.0321696265244
0.0514200342543
0.0921679955492
0.0513638721711
0.0643639788125
0.0965028229142
0.0642035081881
-0.0362870145494
0.0143689977526
-0.0279178623667
0.117999860795
0.0997317709026
0.0308013950636
0.0236451375481
0.0393578908762
0.0749770799839
0.129898733354
-0.00556962527508
0.0483790974337
-0.059199050691
0.0877180983654
0.000865616230199
0.113192976391
0.030873193561
-0.0227938112252
0.100895000505
0.0597386171026
0.0721582020579
0.0805384271782
0.0740569737064
0.0215402032518
0.0828134618828
-0.0452862646703
0.0844359885326
-0.00193085919375
0.000232513168701
0.103900758022
0.0230253871219
0.117638262259
0.088747340947
0.0571011365001
0.078687511323
0.058082794836
-0.00480812928375
0.00365044798125
-0.0334592487956
0.132206976083
0.0170151996159
0.127787483847
0.047761883625
-0.040962985272
0.0658082944657
0.0134793017222
-0.0253112041069
0.00240002176703
0.106902732941
-0.0195334958589
0.0575149495694
-0.0442222811243
-0.0682781668737
-0.00722508433724
0.0336210078231
0.0710353948706
-0.098468002335
-0.0176178102339
0.00996280033351
-0.00761459780578
0.0942604148323
0.0131261017198
0.0861613522683
-0.0113343156909
-0.043961276145
0.0542652975914
-0.0364327044768
0.121719277855
-0.178771141731
0.0810387599571
0.0696048493402
0.00193299495867
0.0981541753709
0.0324293328703
0.0146866881458
0.0181184487135
0.0534522781906
0.042662467758
-0.0458036465979
0.0222093564928
0.07259450075
-0.0614604405265
0.0219397177914
0.0492454114737
0.0486740463114
0.0546622178828
-0.0581240860226
0.0432614250506
0.0783505600465
0.0134944338648
0.124196621715
-0.0110035817514
0.0790004839927
0.07378560423
-0.0222499690236
0.0882754390033
0.0386924942584
0.043908559131
0.100961266336
0.037608575505
0.0903841563918
0.0615373406681
0.104918989242
0.108102574304
0.0306256915275
0.0940843054395
0.0670950597347
0.104281820615
0.0573189306917
0.07378452387
0.0466596518117
-0.00195564075768
0.0528190908359
-0.0481433217097
0.0563583095764
0.0857237100542
-0.0475916239527
0.0410212801583
0.0968095262055
0.0978296601407
0.129641540855
0.0849482784504
0.108309515888
0.0817660343444
0.0816507675046
0.073216908807
0.0649308618271
0.104702459026
0.0486179322791
0.000581756059068
0.0415639976725
0.0445654100314
0.00440634774605
0.0244486556636
0.0643791018023
0.0845116355878
0.048958528794
-0.0867722920106
0.0558462083655
0.00178123789365
0.0284870808755
0.116844178311
0.024566411
0.0855819773557
0.0363889594977
-0.055912905417
0.0533421239071
0.0289963322726
0.0116430627585
0.0716191028044
0.060596718226
0.0220460941475
0.029068860556
0.0317648598176
0.0690650330215
0.0484777932613
0.0540689385799
0.115113971308
-0.00310174608401
-0.0962427158936
0.0562112055987
0.103059852789
0.0582567259032
-0.0496939460518
0.0563317106482
0.0553669999512
0.0258005730979
0.0784721555648
0.0905465771372
0.11964728482
0.00106830334621
0.0192420503512
0.00873957651498
0.0612684723862
0.134011678753
0.0165056625356
0.0664826774905
0.113779395082
0.0895956090489
0.0610317179009
0.115400035238
0.0674979165075
-0.114281451842
0.116364675898
0.0771681700834
0.0183612324848
-0.0340784662567
0.0663192122563
0.00140574807043
-0.0902518222992
0.11424606903
-0.019552922892
0.0704707623717
0.112087870242
0.00825739446069
0.0528353842869
0.0411916507237
0.0630888844432
0.0574059348563
-0.06767163005
-0.00924808114626
0.0512656912933
-0.0776465642834
0.134220961909
0.00403751586821
0.0316792375483
-0.0440381344756
0.105944373655
0.0993372003297
0.118998480135
0.0537271641903
0.0040479437209
0.0438078631706
0.0780352927044
-0.0123082642372
0.0554562797678
0.0568196858616
0.00685777804238
-0.044263579426
0.107789035178
0.00481804298493
0.0948875855213
0.0427596465086
0.117557595483
0.0805821846426
-0.011356906295
0.078038953037
-0.0096481525557
0.0965508019097
2.20618938229e-06
0.0201994805564
0.0304027607047
0.0629460734382
0.074534361135
0.023216231813
-0.00564769511568
0.0861467473042
0.0434713884096
0.0121547124999
0.0249778423151
0.0137393722065
-0.0468066065574
-0.0275515407523
0.106257669319
0.0643035969709
0.1379549849
-0.0213292705371
0.00637821313623
-0.0297229821788
-0.00797848076496
-0.0705114364428
0.0177006479541
0.0182636659095
0.0391493461153
0.108230857888
0.040064668488
0.0541667923701
0.0934782466247
-0.012641043657
0.0735805886737
0.122731952295
-0.00191247317234
0.0431441735117
0.0877656821147
0.0719730795863
0.0406134506909
0.0156525046629
0.087955837119
0.00404052878721
0.0497978617752
0.0312186495187
0.0670422521886
-0.0324905941663
0.0569650197886
0.0613176618719
0.116614938949
-0.144454983678
0.0949765298252
0.0403146378641
0.0751951361863
0.0448654597613
0.0702220298388
0.130178588011
0.084765113857
-0.00836632368585
0.0536418199934
-0.0297105021474
-0.0517322943651
0.0335904254163
0.0604913742954
0.0282380592937
-0.071004642616
0.0205548321845
0.069815337059
0.0753987783526
0.0383808136141
0.010971993749
-0.00526378491927
-0.0179276757951
0.0438479143528
-0.0166766984775
0.0516492944568
0.0926187358942
0.00780490850704
0.0847443802378
0.0698322564084
-0.0119793204831
0.00555262011339
0.0676313307536
-0.0233195259092
-0.00860293975056
0.0572892801943
0.0524459154096
0.10769393004
0.0128567264976
0.0661057424017
0.0894635809476
0.0951828178388
0.0119894052861
0.0248387795885
0.0223456776231
0.0954653468887
-0.0195789257514
0.129987604244
0.0417698746548
0.00807765875789
-0.00281353867877
0.0677971558566
0.0844248473206
0.0337571831207
0.0130628916049
0.124829628336
0.0629957258667
-0.0128974691755
-0.0067118501036
0.0176200760893
0.082112321071
0.113925871425
0.0660515695747
0.0486473030982
0.0783333280817
-0.0443935832993
0.0903540808057
0.0107290375383
0.0564616870873
0.0344427026266
0.0929996577837
0.0183654797552
0.0306708922368
0.0620863172203
0.0836006735301
0.0845768871229
0.0483398617323
0.122031610827
0.0247831370318
0.043057162114
-0.0138680807772
-0.0142799800556
0.0642887473128
0.120817896501
0.0674608517502
-0.0577570479691
0.0765318880604
0.065542119475
0.0130197180858
0.0745758085923
0.0301532309491
0.113797603544
-0.0281758706388
0.0390399514837
0.0815704418968
0.0203954482067
0.0950788072841
0.0207190450178
0.0997036837015
0.0501387005476
0.0932887314374
-0.025821492838
0.0513038578414
0.0941301459204
0.0580590279744
-0.000421515254667
0.0101586827646
0.0789491637327
0.109659138677
0.0535441495307
-0.0498787102267
-0.0371873072967
0.0607799693853
-0.0166665072431
0.0288556284422
0.0557227521215
0.110578361543
0.0603340648778
0.00954612603998
0.0642272865052
0.0244805310531
0.0266713722807
0.0595015762054
0.04356902134
0.0481297770186
0.139627520214
0.0789448789149
0.0781471913408
0.0116986758127
0.000668669099625
-0.0227161722369
0.0984710161867
-0.00343322329932
-0.000207389885556
0.0522533723004
-0.0883076471393
0.0716352019705
0.0492357250089
0.118421318862
0.103867098421
0.0395379945122
0.115870191905
0.0996723121611
-0.0563322291408
0.0478867124863
0.0398413302287
0.124936281861
0.107357270611
0.0307626461408
0.0122868785001
-0.0186559948677
0.0466389023821
0.049436546299
0.0129012330358
0.0326473813581
0.0215354718279
-0.0186729317368
0.0169880781657
0.0510672653584
-0.041647820003
0.0027485562903
0.0742447028061
0.0025270963637
0.0278650241349
0.0285095435787
0.0134695631567
0.0200170635764
0.0801778982077
0.0154496566487
0.0226870889218
0.0265667106097
0.0861113679763
0.0763036204466
0.0590912568875
0.0194797915731
-0.0370468821808
-0.00887330363082
0.0442338632277
0.0437483850551
-0.0408415374731
0.0229911925656
0.0287890014361
0.100823685364
0.0115660707385
0.121200365823
0.0309717496103
0.103571920547
-0.0643183997468
0.09631860567
-0.103014037813
0.0958103185637
0.117729043118
0.0513126814816
0.0502677816239
0.0492509298551
0.0455580279283
0.0989124539886
0.0939332648906
0.067333388834
0.097296857039
0.0403438067932
0.0763941366527
0.0649984661322
0.0913243233089
0.0751546021794
0.0903455766989
0.0240109389325
0.0136777074617
0.0413782520256
-0.11466063793
0.0749433004509
0.11408742051
0.000507009920199
0.0526723535691
0.0535607070322
-0.0424143477394
0.0350131273233
0.03173569608
0.0258260834651
0.114626633124
0.0808650669526
0.033139294284
0.0105498158652
0.0586129961774
0.0544770489605
0.00564700722272
0.122223042417
0.0215443972528
0.0196064888538
-0.0644715761607
-0.0147214037882
0.0379531325027
0.108996513941
0.0731350568303
0.113282514058
0.0387063221512
0.0176340431732
-0.00143202560168
0.0379066507128
0.0773154984913
-0.0524531519075
0.0435687887088
-0.00180587186656
0.0735213400476
0.0805990461813
-0.0149814598294
0.0165657120847
0.0469096206129
0.0444705777452
0.00780298261347
0.0186156323681
0.0486193316489
0.0490535159296
0.0574749334376
0.0296733497323
-0.0485855987121
0.0735535336454
-0.0371733211912
0.0881552471933
0.0445780976003
0.111521782168
0.0153059302412
0.0046771060542
0.0522316765412
0.0432469460825
0.0459757139106
0.0215673629389
0.0230505578256
0.110675043626
0.0471297110471
0.103490408906
-0.0412298733979
0.0687160674605
0.0497934532085
0.07788563068
-0.037686297063
-0.00720256206627
0.094870213086
0.0717330624168
0.0660877989958
0.0522434645065
0.022662016069
0.128152568601
-0.0173013027032
0.0784648472294
0.0871144615398
0.101200923174
0.0274227490632
-0.0445301022875
0.0219537383382
0.0498791326199
0.105599756427
0.0915397193625
0.0814697979465
0.0597429982737
0.083775608272
-0.0331754737405
0.0193168034251
0.0824213920738
-0.0163693156341
0.00355363208723
-0.0240415310975
0.107435303592
0.0817330342853
0.0128278443437
0.0187816967122
0.0672608637332
0.0635120585449
-0.00911178288772
0.00377165865138
0.0103798962224
0.0448207457106
0.0724544952642
0.0874441665305
0.0322172626841
-0.0439904760779
0.0172630393407
-0.00429628094969
0.0294201450683
0.026038154701
0.0357652502846
-0.04116910272
-0.00384937216487
0.0441654760808
0.0491910588171
0.0787921823291
-0.00411250488107
0.120542803535
0.0134925208232
0.0363048208306
-0.00983582495606
-0.0327545562511
0.0259483004521
0.0361638347966
0.0178891626396
0.105351830531
-0.0164700235071
-0.0441050670575
0.104273209145
0.0653186892489
-0.0310521375255
0.00225842102307
0.07138576732
-0.00518979723934
0.0820087541546
0.0803323045443
0.0636048916731
0.048763388625
0.00153434906726
0.027534349018
0.0788632284463
0.0730137238582
-0.138615838077
-0.00497480012443
0.0877182472431
0.0708454329401
0.122241496706
-0.0291296904642
0.0666174994213
0.0115356094616
0.0768877880203
0.0981092706949
0.0204512549299
0.075647169609
0.0852518919969
0.0038332730516
0.0745828517364
0.114004166846
0.047031000898
0.117552573371
-0.0246410812183
-0.0338542184107
0.12187702853
0.0790672643256
0.0725304885432
0.0460152641958
0.0568377446109
-0.000989625490137
0.0087363884284
0.0752439377902
-0.026731898835
0.10003924783
0.0066126301469
0.0246522695419
-0.0147268517458
0.0513314491154
0.0553372506178
-0.119743771627
0.0443082001485
0.0644381563473
-0.0241388404306
-0.00266779625795
0.0431088867917
0.0238625784607
0.0127924162973
0.0970670198838
0.102016099501
0.108103937201
0.0519988331025
0.047007201702
0.0126087585344
0.0608074410182
0.00768314144169
0.041837584368
0.00929601621747
-0.0217482494425
0.0655966142571
0.0435683496259
-0.0211609306303
0.0564691684491
0.045866361988
0.063886058852
0.0783701591738
-0.00338523876106
0.0441013081764
0.0537549640286
0.075219288577
0.022158392667
0.0564262217302
0.00139597947233
0.0778511088844
-0.0264051119523
0.0686621483314
0.064056485165
0.0606913466004
0.108661758338
0.03647336147
-0.0202798934847
-0.0309594757445
0.0951130283185
-0.0206420406238
-0.0182962363805
0.0312557003707
-0.0349581076738
0.0185526916624
0.100055191854
0.0797096400815
0.0458680185722
0.099377690045
0.0789869259801
0.115993295105
0.0204550250558
0.13211227045
-0.0735132134765
0.0134443337184
0.0649163892276
0.0808756167891
-0.0294639775798
-4.37987265549e-05
0.121255098961
0.0587403057699
0.0696506159465
-0.0352940097806
-0.0074552788095
-0.0233308473374
-0.00748938693372
0.0685351151859
-0.151900359524
0.0454145779825
0.0540128675698
0.0567854459976
0.0992552636846
0.0577159941832
0.0305900251449
0.0747378613055
0.0783383519187
0.0385004168344
0.0493132531033
0.0433748303847
0.0182503949741
0.0629509449366
-0.0249860015272
0.0476654911375
0.0511986727505
0.0477866290113
-0.0239895312321
0.138441610173
0.031768850441
0.0929135244529
0.104809968627
0.0433927733306
-0.000942546978356
0.0229597778502
-0.0266772468763
0.0155485400813
0.0591236021897
0.0499638174427
0.102304677881
0.0278996888371
0.0872105784682
0.0364251963917
0.0637814594494
0.0659268435447
-0.0194115888687
0.142465207686
0.0398793198847
0.0835257528157
0.0682804439852
0.104944685268
-0.0360278584632
-0.0225831531661
0.103112268227
0.0288759321834
0.0246904991963
0.038854689573
0.0497805904015
-0.047842802186
0.0240251840629
-0.0388766495967
0.0722963430274
0.117247821794
0.0678875155822
-0.0477535338067
0.0223632949899
0.0717365894898
0.00538506403074
0.0346236647453
-0.0286817685286
0.0868980729079
0.104023268068
-0.00989852090318
0.0109929282439
-0.079713600355
0.0660885163518
0.130782341748
-0.0472109683636
0.0645099853486
0.00600900712604
0.0580885625131
0.080252876408
0.136999753771
0.0201762079502
0.0972319889177
0.114105043659
0.111490028304
0.0944783118213
0.120650392076
0.0608526709504
-0.0740798564148
0.104050169464
-0.0234414570763
0.00290328815478
0.127916030677
0.106848323029
0.057287132897
0.0521147948687
0.0951283984315
0.0209790405139
-0.00787762736198
-0.0645265945926
0.109270016448
0.0433365815408
0.0110396935128
0.0321971578848
0.0886872210436
0.0854665139652
-0.0237962076057
0.0114400569448
0.0203315890051
0.0882678099376
-0.0365847932897
-0.0270761328866
-0.0174945644929
0.0901884033154
0.0248428702304
-0.0145047837966
-0.0168333430415
0.0492870559213
0.0316281811201
-0.0893897108102
0.0590146855643
-0.00863665890214
0.0900549988238
-0.0259097093847
0.0881946203491
0.0258298495721
0.0820518112567
-0.0187273967871
-0.0243054724213
-0.0801631315198
0.0242881215352
0.112255609064
0.0287009940198
0.0653104850805
0.0423296159061
-0.00198527308652
-0.0178722493316
0.100983365531
0.0482098059939
0.097123973211
0.0416043698092
-0.0143203754306
0.0268128913056
0.103998361488
0.0259102705929
0.0340316495781
-0.0277262880885
-0.078688360425
0.0890497129835
0.0161344383575
0.0844633738862
0.101838691243
0.0672736417697
0.0724061373167
0.0965598189542
0.0826493124232
0.0986579036019
0.0442990276197
0.118744720908
0.0866871194568
-0.00167077803277
-0.00413519032499
-0.0439687448254
0.127378762721
0.0801664125825
0.0032104386629
0.115296893483
0.0782719461826
0.0282089828993
0.124845776374
0.0303037185243
0.0805012488927
0.101628251594
0.0175748299962
-0.0549815677458
-0.0209324335264
0.0381300775079
0.0784991451951
0.0978397945045
0.00915444305888
-0.0837304976177
0.0770709672335
-0.0315643122002
0.0486126529054
0.0608042613551
0.0574405861818
0.0055578168832
0.020239540868
0.0960509272263
-0.0103870069096
0.119535876292
0.0547151493006
-0.00757337054023
-0.0162063084275
0.0653993217605
0.0472285642592
0.0210280465523
0.0410139021323
-0.0489047363479
0.0188667707665
-0.0238286957904
0.115186704191
0.00218864241149
0.00746988545268
0.0796284195657
0.12207735363
-0.032543640995
0.0821083045514
0.133097144179
0.0121506684661
0.0851763522926
0.0167043697468
-0.0176263246046
0.00692908731948
0.128749594702
0.0902557198219
0.0972217212568
0.0283017023856
0.0987495448755
0.0620807093999
0.0732549803184
0.0996282772829
-0.00618755123096
0.0237954101742
0.0495131000526
0.00995306782765
0.0920865432629
0.0813208085119
0.136716438078
0.0139409798758
0.049979085122
0.0746905362826
0.0828145294146
-0.071642432009
0.0387016579532
0.0847727075637
0.0840608403162
-0.0146687614432
0.0333740187727
-0.0256248668174
0.122524819869
0.0980172021883
0.108778571304
0.00901330204957
-0.0240254186298
-0.00288200667286
0.0470700764687
0.130170414532
0.00289260678194
0.0233987400884
-0.0745287022666
0.0305755833029
0.0867944111
0.0378990636611
-0.0200139859107
-0.00120510982306
0.0473988786741
-0.00345252118933
0.128161672333
0.0065782532079
0.0574672033256
0.116646019378
0.000491311731382
0.0432095282824
0.0177403422158
0.0338874354822
0.0151389153509
0.0519824811544
-0.0238980181077
0.126478122926
0.0448609778292
0.0683241391574
0.0902928686766
-0.0210360965896
0.0243604320228
0.027603829025
0.037656786423
0.100835081357
0.0419482711793
0.0104607560352
0.0440554085398
-0.0888904672267
0.0987486295615
0.00781247090647
0.0193248535536
0.0538315157489
0.0658856481669
-0.0403639895145
0.0539767711969
0.0617326654956
0.0264138815054
0.0679636080163
-0.00142804479009
0.0644343446979
0.0112850020127
0.0792434410832
0.0243850178257
0.0192610289062
0.0129379212964
0.0231233076839
0.0606347279663
0.0836218112341
0.125440976219
0.104839376988
0.037461721696
0.0513545401176
0.0219488738935
-0.0331268374471
-0.00090466662377
-0.0530767536985
0.0653974733037
0.0823492864648
-0.0185298473991
0.0345208803505
0.0536842635186
0.11533613346
0.055452466112
-0.00406010163416
0.0417030692383
0.0836322050292
-0.0222544223647
0.102461189454
0.113638734723
0.0869120674074
0.033914652099
-0.0211062165271
0.129799228857
0.101152616022
0.0121419802238
0.100442299434
0.0864856514039
0.0374938599043
0.0447383529254
-0.0197764881049
0.0297412065944
-0.0246981438407
0.0520923334434
0.0562852942898
0.0944039100647
0.0927198500678
0.0700513464283
0.0490993198745
0.0659730946457
0.0363637972101
0.106196289401
0.037542772001
-0.122054113055
-0.0117117712868
0.0214700789206
-0.00218727818031
0.0231409387411
0.0404844046735
0.0159302690967
-0.0424502924998
-0.0445404657808
0.111015410237
0.0902938745339
-0.0344331974112
0.0808763220288
-0.142856679931
-0.00400922548086
0.0474506057517
0.0603503288173
0.106345224569
-0.0748046047599
0.0665426858784
0.0629059020195
0.0787191093165
0.0813068368757
0.0394594842707
0.0359189660677
0.0735719158829
0.0409938655441
0.0295598049915
-0.0486373399374
0.0317083140011
-0.103789484563
0.0438031524599
-0.030032319957
0.0514887511981
0.0129185443709
0.0495622233941
0.0854439872538
0.0571718653596
-0.00148960599271
-0.00580817717118
0.087392380358
-0.0152066482719
-0.0445341064855
0.000638981037428
-0.00652762839873
0.0510807285908
-0.000686488006407
0.039019255559
-0.0402834089966
0.044666294631
-0.0662424150323
0.0561373389438
0.0796335947418
0.104380307546
-0.0130073836742
0.0854244837837
0.00147990767243
-0.040796508738
0.000652763941995
0.0712011798371
0.132910325623
-0.0374022833153
0.0535666862065
0.136354504718
0.040324489932
0.0339519341745
0.0435539763891
-0.0033968165318
0.0201567288039
0.11320670832
0.0350317077852
0.0223903732969
0.0950129318316
0.0234990981592
0.0447947699396
0.103316957385
0.12901898101
-0.0249523279693
-0.0369994657976
0.0554150862114
0.0705065995733
0.0329405634947
0.00141312671355
0.129320261023
0.0505424797943
0.0476859544298
0.0788548312171
0.0515407080563
0.0686658799909
0.0755376682421
-0.0599635935364
-0.0700700985553
0.0218034298654
0.079598329942
-0.000333925873976
0.094353268584
0.0501354995524
0.0215115180643
-0.0147996871185
0.0351391664593
0.105575331608
0.0699179663983
0.06391682368
0.0583944525475
0.0366519339077
-0.0425195581196
0.0313965233552
0.0922230419826
0.056454498087
0.132493783043
0.0707986069986
0.0134896380415
0.074584742341
0.0570249470534
0.120040740315
-0.0299562525268
0.0660346245827
0.0262767031525
0.0384632395264
0.0612343602649
0.110837431426
0.0835697151685
-0.000290657181781
0.097911857178
0.0078521125726
-0.109820171447
0.0720696975965
0.0135573781549
-0.0165944018879
0.0422338518777
0.0972731240961
0.0989869131394
-0.000382663291466
-0.0520601529058
0.00620911495232
0.0203784992072
0.11113462634
-0.0868749892484
0.00275090515654
0.117859427726
0.0229804736873
0.130172851651
0.0489977914988
0.104499626263
0.0577919523125
-0.0267123997345
-0.01300949941
-0.0159600148483
0.0611586927018
0.0222326878416
0.0239918211795
0.0603147928513
0.0730017350988
0.033694233885
-0.0261264360889
0.107331532082
-0.0457853812649
0.0718805656368
0.114265487932
0.0624721003576
0.110561055869
0.0808836378259
-0.00104516758602
0.0528731528504
0.093279696625
0.0596409617646
0.103397892572
0.105882509271
0.0618099495621
0.0713968145999
-0.000291181832271
-0.0444512899427
0.0118011265122
0.0446389049976
0.0625497252669
0.0549422688799
0.0450302059716
-0.0256175656353
-0.0232870657735
0.0602145146358
-0.0214909120659
0.0766847253942
0.100740417695
0.0854291597317
0.120508950727
0.0891461653875
0.0305217175194
0.0958818906216
0.12792664479
0.0457156778076
0.0534741230022
0.0345361114573
0.077056326359
0.0568409003777
0.0766835648329
0.0674155303145
0.0758174169095
0.000573289687672
0.0283973558835
0.0637123880759
0.0414676809894
0.0767329357329
0.0483515932728
0.056506534947
-0.00219629252476
0.0883803272854
0.089843258035
0.0190047925149
0.0248884598199
-0.0108404205943
-0.0570183555374
0.0348946490234
-0.0548294395464
0.0660453970619
0.0665543371889
-0.0026390727964
-0.0248539885889
-0.0120376505948
0.0707246887573
0.121589141309
0.054660997765
-0.0282075813164
-0.0225714319916
-0.0176969449682
0.0320525183801
0.131882001867
0.128625307157
0.00482220565047
0.09340992827
0.0373306344849
0.0721420164083
0.0432909727729
0.00408431432245
0.0231549105881
0.0292529804833
0.0260520183519
0.1233809011
0.104225680261
-0.00419815631688
0.0426834919691
0.094770347729
0.0828684303318
0.0423622158059
0.0757624685847
0.0787252466329
0.0808074426247
0.105192785537
0.0131374214408
0.0132099166752
-0.0203780802717
0.0226211092682
0.066506742945
-0.0380525345419
-0.0235092980016
0.072660320074
0.0602209074453
0.0253711670269
0.0370745390404
0.0659843502172
0.0780079427622
-0.0324299128575
0.0798053566242
0.111638481514
0.101622319916
-0.0230221895803
0.0938264301514
-0.0322139287029
0.0835748037377
0.082165767467
0.0872626677284
0.0710591352591
0.0378817828434
0.0717908716677
0.0451754937849
0.107820928176
0.0464442690396
0.0363989023537
0.092183378392
0.0474391727111
-0.0395719123216
0.0378815307641
0.038171746444
0.0174668447445
0.0350542721551
-0.0734145801005
0.101248223171
-0.00572052009716
0.0432955069396
0.0372207294489
0.142765515722
0.0560453443436
0.0254875456451
0.0199515450821
0.137698485794
0.0348067097813
0.0305197042565
0.0203760489428
0.0619325739191
0.0907313549381
0.0590085768827
-0.0121289704934
0.0819419862678
0.0362238661811
0.0806171535226
0.0498983030169
0.0326041071337
0.0170260102519
0.0937479185333
0.0657565521255
0.128966407417
0.0153610221601
0.0561310869037
0.061841860249
0.104765727098
0.0420054952164
0.100778837086
-0.0681400118329
0.0697554934814
0.039521260594
0.0581318462621
0.111959491277
-0.0318079226129
0.0579118830427
0.0930303833716
-0.00706700205674
0.136851384496
0.0634450021784
0.0248801465476
0.0156145791973
-0.0822019019548
0.0265692620213
-0.00701897296413
-0.0141250323673
0.125878104771
0.031071743367
-0.0274079490092
0.0962685591573
0.119717225649
0.128223466244
0.0221278195389
0.0725119754921
0.107768245554
0.0656462858445
0.0601372822965
0.0845268008119
0.0276083280605
-0.00109892592221
-0.00705474065721
0.0204489417459
0.0364812575827
-0.0152358483911
0.0532659727843
-0.0774095661705
0.0474955095599
0.061630891344
-0.0920934708273
0.14811647931
0.0791303005645
0.1244609786
0.0775134922269
0.0259728038176
0.0194008013036
0.0224841727383
0.105694537983
0.0510735731327
0.0345604186788
-0.0579175944332
0.0386173464235
0.0794941403485
0.128472481639
0.0579608115448
0.10222998771
0.0695609139722
0.00931939373782
0.0826308579575
0.093323666546
0.00707480770505
0.0348099270908
-0.0424491372299
0.0609236410707
0.00749754334356
0.0603670179275
0.11657969069
0.021233574461
0.0290961021384
-0.00601761269272
-0.00963185009638
0.0630091297161
-0.0781564907211
0.0750471536132
0.102810425295
0.0589096881032
0.0299101392839
0.101107301807
0.0832761610207
0.0807564978619
-0.00298667661293
-0.0199937450234
0.0763926488702
0.0502469755364
-0.0257167913999
0.00916314666463
-0.0594562992634
0.068938196474
0.0117624573949
-0.0468853430129
0.0826658331012
0.0290623401576
0.0765072407935
0.0394024154595
0.0784665475829
0.00393618526489
0.130089195271
-0.0600544933313
0.0619100399383
0.0947183726905
0.0770067659178
0.0852343162627
0.11056158409
-0.00968782551687
0.0130077992899
0.0828086511038
0.070859671847
0.0299730881833
0.0155669095711
0.0755250358779
-0.0455247371794
0.0402273345903
-0.104040460378
-0.139423241378
0.0499404423506
0.0518177043723
-0.012025736482
0.00141848949097
0.12338965702
0.0758726712187
0.103301686921
0.0451773452852
0.0287559552429
0.0263349826327
0.0375375649617
-0.00673498303721
-0.012551109178
-0.00714870814796
-0.0631735469557
0.0792380862737
0.0580869446337
0.118904154313
0.0550668634481
0.0268936210363
0.0155072598469
0.0259610398589
0.0292040397473
0.135451141834
0.104850108871
0.00983599183392
0.0365917805631
0.00338118101362
-0.0385481376154
0.0513089451663
0.0879614748254
-0.0329585540008
0.0333419526643
0.029139977994
0.0914220656439
0.0782199894108
0.0353392815592
0.107503264405
0.0829769045835
0.0595334820526
0.096677645936
0.111189729725
0.018953354993
-0.00579698918061
-0.0518222005573
-0.00123461957812
0.0287837257008
0.02782521625
0.137504020667
-0.00666826204482
0.100451114095
0.00233693445566
0.108011020368
0.0495895960069
0.0460854003628
0.0818598831097
0.119695275113
0.124871018445
0.0354922640012
0.0160756206481
-0.0716966791986
0.0229941974817
0.107069352419
0.00797650158981
0.00446708598327
-0.0212177359973
0.0655713907473
0.0380714942599
0.0254350838639
0.0888929950737
0.115880805632
0.0724870148754
0.0189220031311
0.076085917896
0.0156405497992
0.0257915149801
-0.0308223092583
0.0626684150653
0.0924837022923
0.0850893993123
0.0437697595887
0.11392712571
0.0883173126338
0.118406251002
0.0573814799106
0.00513465114657
0.0249676037358
0.0605540454023
0.00389357377489
0.105404376412
-0.0565170841589
0.0692226210002
0.115402762409
-0.0922820922523
0.132345441209
0.00533706142249
-0.00379896529937
-0.000566082076093
0.110833890797
0.0268989441085
0.122511238735
-0.0322854614841
-0.0027150193987
0.0298856222076
0.062988098656
0.0138306804673
-0.0618426729838
0.0980643521435
0.0735296014204
-0.00418708326687
0.0723180928227
0.0968321808237
0.0511252808218
0.073979824512
0.0686135565941
-0.161327272318
0.076112030795
0.0432642215398
-0.0136833595888
0.0396274310385
0.00931657633163
0.0076003389793
0.109653246214
0.0397320455581
0.111810731439
0.0600857898342
-0.0316983300652
0.0332728390671
0.123609566128
0.0426504921146
-0.0291698793659
0.138919199285
0.0136717499585
0.124729645352
-0.0417803753529
0.0154188584634
0.0753906001868
0.0235410524993
0.0509193378471
0.0536051700234
-0.0271264520029
0.0996241698012
0.0609181769782
0.0313130198107
0.123373055983
0.00431321289231
0.0255504044408
0.0668855511041
-0.00659903215843
0.0598370296931
0.00663925577959
0.0650873573013
0.0526393882684
-0.0608611832468
0.00927076675944
0.146724585191
0.0222527480779
0.0328189998997
-0.0450872345348
0.0337790440076
-0.0144527491091
0.0552527021303
0.0992160694418
0.0367054026313
0.0312689272668
-0.0255378839482
0.112584050833
0.0234674876903
0.0402077097932
0.0927640217924
-0.0350249436878
0.0479372200205
0.035036047139
0.0657864941095
-0.0695645306196
0.0382705293848
-0.0852144721519
0.0663923250524
-0.0176334919429
-0.0892632002481
-0.0836147949355
0.004452354777
0.0995231084018
0.0947816200878
0.0917977794245
0.0806204841924
0.028430466757
0.00709045459871
0.11992256413
0.0947870638936
-0.0519451055571
0.0272976122142
0.0613984177994
-0.0556854905572
0.0309877237608
0.0406330568174
-0.134351264234
0.0222993114625
0.121957191331
0.000561105640394
0.11951380358
0.0335096985923
-0.0408600322221
0.0991347348674
-0.00730929340991
0.0369849618537
-0.0383005968685
0.103541557245
0.101560396731
0.0661139346278
0.0913396094747
0.0414640377592
0.11661517936
0.00408356546151
0.0193901052797
0.0869924778635
0.00494977022384
0.0861294074529
-0.00249383924139
0.045926068588
0.0613150882691
0.0137852997471
-0.0982021972824
0.0333289921032
0.0393784307469
0.106662976944
0.0779445907429
0.072026976692
-0.0262167669046
-0.00292295535411
0.0360810431754
0.0382947770555
0.0386862054814
0.0209715271815
0.071548150815
0.111935271615
0.0224248976986
0.0387920596233
0.13351011822
-0.0560585007915
0.0207983797099
