0.100895811205
0.0779195902788
-0.00709656120248
-0.0477354772307
0.0962554631448
0.00338406566992
0.112226266685
0.0624907017859
0.00794460454618
0.0915714593199
0.102108687083
0.0275031779665
0.0149873597517
0.139423652993
0.0456195663126
0.0862349022639
-0.0420899852701
0.00749252079029
-0.0224050031847
-0.0178840059607
0.0809369718806
0.0830990486742
0.0532328827107
0.0703215623033
0.109107604591
-0.10511225454
0.00609312963549
0.0943130988614
-0.112245110769
0.0932195433496
0.10234271707
0.07363635263
0.0784491187771
-0.000199106097569
0.0452089161506
-0.00683088211497
-0.0139128824108
0.0962962500939
0.133516675535
0.0100045862688
0.0409054187105
0.0173296382475
0.12858402128
0.081030957849
0.0269473104938
-0.00670274385013
-0.0380095108536
0.061359844261
0.038989812425
-0.0154836273207
0.0731847058322
0.0330814421508
0.0782553565207
0.047504389139
0.0426865031552
0.052759421745
0.0077432443401
-0.0490563379407
0.0783991670755
0.0386490574782
0.0925389030457
-0.0738846534766
0.0405712833539
0.0700937215428
0.0791236429911
0.0580927218607
-0.00413359965564
0.00801449068875
0.0945339523355
0.0197711664173
0.00217433054038
0.0732826927103
0.0163725947234
0.0493897241834
0.104804021334
0.107264789127
0.082799012051
0.0842995478418
-0.0214262772883
0.0847428072149
0.112361444783
-0.0810914306288
-0.0824817794403
-0.0119154023987
0.00169409170199
0.0217631416878
0.0985925953729
0.0496345905879
0.115791899504
-0.0186220185637
-0.0213296970417
-0.0220746493009
0.0943541667749
0.0553617202218
0.0580500997226
0.0745338021287
0.0976688570186
0.0319873074324
0.00958113436603
0.0692863141119
0.117180161256
0.0296160685433
-0.0620717545473
0.104307715246
0.0626857725361
-0.0498799784436
0.0405098590311
0.051175427866
-0.103335155028
0.119769822552
0.0794050103869
0.0749407657328
0.058865973449
-0.0778767604476
0.126359469794
0.122906534651
0.0733971628965
0.023776577913
0.0982026776716
0.0397919302085
0.0780046133561
0.0257518165233
0.0814739719469
-0.0545081433321
0.114806296402
0.0375646740018
0.00776645013199
0.0444361898418
0.0352111243611
0.102770837751
0.107246611583
0.071503982707
0.0675490341689
0.0978126563237
0.0194373127754
0.0029411456704
0.0969926867825
0.0594919424938
0.0752910214606
0.118563405479
0.0979515235866
-0.00875161160852
0.0379058275538
0.0888074107971
0.0670078985271
0.0140260996481
0.0310684301524
0.0697089807328
0.0734917002492
0.115773068118
0.0675324688532
0.0580778642398
0.103474486539
-0.000822043555146
-0.00280013102895
0.07542361436
0.0350813387487
0.134043898743
0.0114048565965
0.0709030021875
0.0442345687567
0.0179340036066
0.0366585758799
-0.0309185951122
0.0631431808824
0.0202755751721
0.0409525115801
-0.0191604754535
0.0740675447673
0.122525018564
0.123195512037
0.105691098778
0.0726581451973
0.0745006603903
0.0666104806593
0.0801848880519
-0.0178078440368
-0.0128249378112
-0.147379990157
0.0974973818887
0.0294482610828
-0.0690309186912
-0.0164164380679
0.0482761562084
-0.0747827274812
0.0395801217385
-0.0467894507231
0.131345118672
0.100982963839
0.0847483926477
0.0616972006982
0.0494702796628
0.0525365025049
0.0805974103592
-0.0277012900383
0.0722818045561
0.0944835131333
-0.0609303370715
-0.0416273848324
-0.00509208845015
0.103002797995
0.106544979432
0.0715783698795
0.0115388726043
0.108841247378
0.010064488576
0.05034544635
0.0708097732084
0.0217097463996
0.126463206056
0.142058075933
-0.0574389795964
0.069781363982
0.0516731802906
0.0762936779835
0.0827814059353
0.0506264318997
-0.028431539381
0.0394400995891
0.0651249527271
0.100452485763
-0.0808849427661
0.121478170585
0.014382990251
-0.0110350317698
0.0201924430245
0.0200906414939
0.135890004525
0.0390784575138
-0.0136181156452
0.081948099352
0.0914008003092
0.107981670115
0.082917483988
0.048053808694
0.0710785363448
-0.126242406504
0.0499875947361
0.102231605246
0.0594270107141
0.0323162608519
0.0950088237207
0.0565016807781
0.00474065242796
0.0942992168268
-0.0744388477801
0.127212375093
0.0863472919997
-0.0272572177618
0.136566073348
-0.0944434616736
-0.00713225096533
0.114977639834
0.0444106019933
0.0696213608499
0.0955969407343
0.0922866541782
0.0634889629623
0.0949948491735
0.0705976999904
0.0780399456106
0.0188282070358
0.0699017691158
-0.0221365938551
0.0136816484387
0.0555521484334
0.0380501466489
0.0500258185702
0.101621308534
0.0910333926574
0.0977000135613
0.0582569115001
0.0250579828395
-0.085621356099
0.0725216883196
0.00900220687162
0.0519729973406
0.11471279009
0.0666936538982
-0.0374298063613
-0.0561564616775
0.0104868796924
0.0723582171125
0.0260528457643
-0.0990263038703
-0.0182556262977
0.040359548652
0.0612926661723
-0.0609711211284
-0.0714177991019
-0.02964888953
0.0820244700051
-0.00641110363847
0.0750552473834
0.0580606910352
0.0406655059884
0.104906631001
0.0796939981337
0.0362272279144
0.0483719543558
-0.00159427652568
0.106783279416
0.119413330951
-0.00413393547986
0.117746535281
-0.00954705207607
0.0480008865545
-0.0182545531419
0.0838478324573
0.0248188509998
0.12477778887
0.0435424405717
0.0633774635612
0.0838652395756
0.0271119150811
0.100834763161
0.128659735867
0.00988842773956
0.0856456269322
0.0389763619083
0.104075190697
0.0611532461523
0.13618753926
-0.0166617370414
-0.0166308510035
0.0893302827781
0.0279635152422
0.0658114642315
0.0283187147123
0.000557400033666
-0.00435871802793
0.0522164605543
0.102336699902
0.0279175459302
0.0581411519797
0.0181713584094
0.0300141272579
0.050677117747
-0.00464301594006
0.0621203460692
0.107402764332
-0.021669637575
0.0225512947471
0.0642249271157
0.0699771040931
0.0774974186113
0.0619454050117
-0.0242106544588
0.106179395312
0.110313433893
-0.0626111922499
0.103175181259
0.105535579025
0.0882107614002
0.00767234331841
0.0163059337949
0.11412566626
0.0752603905599
0.0716645825452
-0.0370880230125
0.0633023800603
0.0696475619602
-0.00602037545297
0.0937883988697
0.126544297074
0.0480536957205
0.128294828817
-0.0428156237787
-0.0484054393868
0.0254151610532
0.0958458696176
0.0619561320329
0.0535575536755
0.112139125725
0.0404236959833
0.0263492529119
-0.00215989800679
0.102102020743
0.0804127284304
-0.0479799754469
0.0137208474366
-0.0349140378057
0.0527711995045
0.0998560930634
0.073758262772
-0.0289014101518
0.0822678691659
-0.0204969462012
0.0378015326462
0.0827024808255
0.120611641972
0.0964940588176
0.0252495118003
0.11355551611
0.0247841345683
-0.0684976178084
0.0689154704275
0.130900549275
0.0362307443146
-0.020141406693
0.110200080514
-0.0281183193103
0.0372464776309
-0.049154755234
0.133237998555
0.00154722520296
-0.0144848527204
0.02327017128
0.0462182088169
0.0978565629611
0.0640220449112
0.080741973221
0.0752288338202
0.0492478725048
0.033402740761
0.0627009013859
0.000696944259692
0.0742036148193
-0.0434288374112
-0.1122670441
-0.0165678866582
0.0716562738455
0.102188004207
0.0344462971886
0.100812715299
0.0279306610888
-0.00157323179755
-0.0885952398906
0.0586504524754
0.116669994787
0.0334764108098
-0.0495195530908
0.012216454611
-0.0287153627659
0.0433385923055
0.0245998350642
-0.0671365240599
0.081105894075
0.034217364913
0.0420482198298
0.138713392997
0.0606777724187
0.128125242959
0.0479805410847
0.0832125196903
0.0334883667735
0.0290526959992
0.128936019416
0.122387181069
0.00994918387215
0.062440047388
-0.0803169034939
0.0681780533109
0.0900137943396
0.0430596092704
0.0308441727562
0.0547361512383
0.0341187952105
0.0300936258035
0.0848938502824
0.0532874690449
0.00579898874372
-0.144510126826
0.0304590128827
0.0504045505959
0.0232214749914
0.1253941033
0.0203364838601
0.119137086334
0.0366806910105
0.0785005526283
0.119204680165
0.0448152150579
0.0636218925702
-0.0845212850349
-0.0376632736168
0.0914275074764
0.0339769209484
-0.0257569398234
0.0813195087574
-0.0202689092117
0.121254738404
-0.00325460413248
0.0709437886996
0.115135852902
0.013124616203
0.112735979869
0.0453665607882
0.0227106590357
0.105686428813
0.122356549152
-0.0183112116113
0.0687958828565
0.0864264888432
0.126497596947
0.011808785677
0.0509785109073
0.0720351971045
0.0880879119964
0.056228687946
0.0397490736367
0.0219540059597
-0.0745898799277
0.0604939610898
0.0657690943399
0.0184187968537
0.0966262769257
0.0901120866829
0.0791334409764
0.0455434603929
0.0980451575299
0.0372831824222
0.117336872805
0.0758021189816
0.115919512222
0.0833783123194
0.0700290953434
-0.0586887629798
0.0685973259608
-0.0518991713114
0.0600696457063
0.00723287605281
-0.0450728393155
0.13111527561
0.0368490112344
0.0605066324216
0.0936351973434
0.12105795878
0.0308150848647
0.0350988885359
0.0222136171064
0.105521644884
0.00901863234822
0.083417042543
0.0681636958606
0.000545096733418
0.0404269555841
0.107650521093
-0.0228882656957
0.0185552968043
-0.0469299638042
0.0402433643478
0.00667167415382
0.0571284429014
-0.033392470838
0.00535428927033
0.0306205066849
-0.00633420613564
0.0622073436976
0.0748568814154
0.0604900505197
-0.0318396496185
0.132635126385
-0.0874379506148
0.122880021639
0.076949116737
0.0650299143753
-0.00783246654898
0.094869913802
0.0857573479381
0.0913594699521
0.0113853444164
0.0215029983305
0.0953238165117
0.0027427675858
0.0582366717798
0.0354923042989
-0.0136778547805
0.0998266326373
0.0571831524541
-0.0648117926589
0.0780931293812
0.119489891651
0.0795445709791
0.129903441733
-0.0111877803981
0.0555091592584
0.057536775554
0.0254157306439
0.0596931209882
0.07589892423
0.0930983786911
0.0460652252414
0.0757770466166
0.0689595202952
0.0201585892537
-0.0375846596454
0.142708571361
0.109312931429
0.0646801515085
0.0559576126529
0.128378061413
-0.000841193613244
-0.0198556627966
0.0150036545096
-0.00572932353362
-0.0152443155587
0.0642011849626
0.0515768965641
0.0390907601332
0.109339251213
0.0343778851801
0.0239766485904
0.0364346589247
0.0781358291366
0.0898794520191
0.0999869632469
0.0356440218348
0.0861702130926
0.0619840628803
0.0790968852078
0.0674149485979
0.0523009538851
0.0752354362357
-0.0270019291965
0.0578551730284
0.0670247041541
0.0826238926662
0.0686130616993
-0.0107382687529
0.0389309637373
-0.0391346016771
-0.00913052015623
0.0925231889146
-0.0181316849978
0.0428319596921
0.0283621867607
0.0562830193546
0.0375967871246
0.0541210499151
0.0495295436478
0.0982196751585
-0.047928557691
-0.0120087030941
0.0963143573868
0.0325469315735
0.0283785937123
0.094751629828
0.0850185870651
0.127615199195
0.00843731157677
0.0824818526372
0.122974408223
-0.0223723338641
0.0266760146473
-0.0372788841115
-0.0141756613441
-0.0753982607563
0.0091357352462
0.0283671635355
0.0796395421935
-0.0148161245447
0.115661071647
0.0494069149713
0.0761120982246
0.0763954882182
0.049619300151
0.0293686784045
0.0192764279753
-0.0179646150604
0.0769647670721
0.00968082461455
0.0401619961679
0.114492028529
0.0445998544367
0.0859753435749
0.108663604728
0.0640536936649
-0.0391629444842
0.0136877735789
0.100850735377
0.00409293362019
0.019820984113
0.0611613233355
-0.100916610272
0.0756302958618
-0.1105419442
0.137056564515
0.0870839643294
0.0890542921131
0.0379939762829
0.120558597659
-0.0499185432832
0.0351784828524
-0.0301750777504
0.0472902955657
0.0782055795676
-0.0414973470461
0.0512141300453
0.0724379316534
0.0968700840622
0.0292978147973
0.0248619418438
0.0347991800042
0.0691180217509
0.0340970770196
-0.0181662171181
0.0295640368817
0.0242693819967
0.145459810846
0.115945428662
0.11918664794
0.117192461165
-0.0533579338174
0.0277197650217
0.024909204904
-0.0182065865375
-0.00895239529158
0.0995688917333
0.0920057991514
-0.0433070957307
0.0618877105691
0.0582538721716
0.00215822108883
0.0556556212408
0.0263933783916
0.0141756974891
0.0413249536805
-0.0536383755672
0.0580274571236
-0.00310914015784
0.0448682733416
0.0545830162531
0.0568233187742
0.129795058126
0.0360935419258
0.0524554771655
0.115227934799
0.051585278925
-0.0094048541107
0.104255589658
0.0295953700279
-0.0359068515211
0.0917588019272
0.0324723872467
0.0473029586141
0.11694437405
0.0921245032188
0.0889182416472
0.0404639695983
0.057276140522
0.0540502672222
-0.0150695264164
0.0561092467415
0.0256391821705
-0.000134039910478
0.0673352652155
0.0754455494715
0.00955769269374
-0.00263160486686
0.112447090085
-0.0385118002942
0.125489747416
0.0505366527607
0.020314935684
0.0627211111072
-0.100983812919
0.0310287223745
0.053195157335
0.0154508281733
0.0864523765464
0.0181065492984
-0.0120270153324
-0.0123454882455
0.068492222355
-0.0167269919028
0.0614922031248
0.0995792914494
-0.00471924820461
-0.0597669798421
0.0875982650485
0.141302075884
0.0448217875204
0.0618352545162
0.0168093268735
-0.00175233389238
-0.0312705929916
-0.0747618692749
0.0221609891761
3.03799137438e-05
0.0867764943095
0.0167960570097
0.0754557868911
-0.0331852695098
0.0974181057052
-0.0267064230667
0.00630520061966
0.0397684192793
0.0711866827858
0.0498169580868
0.100939655994
0.0593373617897
0.103038499813
0.0831741304012
0.0262904586391
0.00260143930738
-0.00902070228119
0.108738868432
0.114245584033
0.00795695522117
-0.0194497252294
-0.0389218870021
0.0533959507617
-0.00103564069305
0.0751866631078
0.0462263988237
0.13181704816
0.0761775040746
0.115649467079
0.0977052421092
-0.0111448043147
0.0329701391741
0.0287454175767
0.0326693395148
0.0754983462876
0.0251061099493
-0.0842088224305
0.0993268823112
0.0704759492543
0.0536624277264
0.0517232244638
0.0278962095918
0.116392188705
0.0755539291221
0.107801405166
0.106693305068
0.0871519769669
-0.085637843485
0.0409773857506
-0.0189959458391
-0.127268670285
0.124138405125
0.0883481216512
-0.0176180685345
0.070022642942
0.012512288257
0.0136160334969
0.0223672430811
0.017543402659
0.0487119290617
0.058814265937
0.0695506600457
0.140327892276
0.0347967470895
0.02451669375
-0.00114654083404
0.083280078025
0.00501235889264
-0.00316976298667
0.0379011765938
-0.032812487106
0.00595767559554
-0.00917643842404
0.0757513411551
0.102009776743
0.117556622444
0.0946513425605
0.0646804046821
0.116631876186
0.0148382507042
-0.00830406761695
0.0991335713827
-0.0456655018356
-0.030304558491
0.0985946362137
0.0784641960192
0.0387363853891
-0.0458226872281
-0.000644144414181
0.0669606872425
0.0555195880588
0.11002553291
-0.0197617371838
0.0688268227989
-0.00947262219489
0.0290530718556
0.0788754157583
-0.0319521853226
-0.0191981144676
0.0644483929746
-0.110161199714
0.0882762523139
0.000467929671085
0.0929424369174
0.0471089965326
-0.0599925482165
0.023230768082
0.0571583383785
-0.0318155828197
-0.01888071226
0.0833527634381
0.0961057030708
0.0391291397121
0.110094510224
-0.00528991493367
0.0425875475087
0.00305584874203
0.00454928584211
0.0849375584424
0.0461755105233
0.0465748413573
0.0855336719463
0.0282301927515
0.0590019982138
0.0878667370234
0.087279824182
0.00902902095018
0.0599341763697
0.0351665856665
0.115028995161
0.09392936192
0.0193405855968
0.0903352688348
0.12957292299
0.036394336904
-0.0179294361346
0.0566535306807
0.0356826782511
0.0250278459599
0.0763915864948
-0.0170634539698
-0.0480231825309
0.0605925261123
0.0684129677202
-0.0690235705653
0.0331527259075
0.097427516606
0.0309133184697
0.0371341305402
0.0009707542947
-0.0182906333539
0.0296474250703
-0.0162421186162
0.0952880545689
0.0561903244764
0.0964751934879
-0.02310853436
0.0092269979457
-0.0216801668814
-0.0339754541251
0.107803990978
0.106975000722
-0.0986334348785
0.0414326365814
0.00940179843231
0.033770912184
0.136900666281
0.04147962431
0.10265223391
-0.00792526303337
0.0623099520602
0.118934643209
0.0569323604929
0.0510508066497
0.100730130608
0.00349222491441
-0.0302326463221
0.104204738413
0.031461881646
0.132222391471
0.0130428227961
0.106659440292
0.0417706603353
0.0993995123909
0.0813161924252
-0.0357880411733
0.0727760356216
0.0735051937319
0.0799956385755
-0.0413050950407
-0.029312402726
-0.0444068613342
0.0866423100422
0.0805723861514
0.106322582435
0.118874112388
0.0543770227406
0.0272667257618
0.115798454541
0.0398072779535
0.0404439112931
0.0182071286139
-0.00704137444103
0.0544231513626
0.00992384855357
0.0781651021852
0.0151593576886
0.0946225744433
0.0788019505189
0.0298669086915
0.0954233434849
0.0306553436557
0.0524999163901
-0.0406945353935
0.0533918412189
0.068313212618
0.0476761660322
-0.0278383088728
0.00519455511199
0.0186043851029
0.0600837463277
0.0159902752744
0.0265433989142
0.0932115419836
0.0756952423104
0.125055274605
0.0431989538578
-0.056584795701
-0.0250363912686
0.0168393179139
-0.0256872110285
0.0154079512363
0.060461850759
0.110246345192
0.0887765169927
-0.046098608854
0.0438173409599
0.124679872245
0.0757139584285
0.0039819004186
-0.0836744901144
0.0108161814337
0.0942455809374
0.00730547927094
0.0733331124345
-0.001588394444
-0.0309547061528
0.0658737155748
0.00230941901263
0.0701388119207
0.0792478472197
0.0871545938333
0.109640427195
0.0388965501694
0.0719534900269
0.051081507386
-0.006031645517
0.0694709385523
0.00891364119738
0.072697412971
0.0605034134852
0.102062258492
0.0706305152114
0.0379385337168
0.0896087708851
-0.00623820313012
-0.010688359737
0.0184265271722
0.0579961021301
0.017232171504
0.0451687575824
-0.0708747718691
0.124607865455
0.128850174339
-0.0178270560324
0.00340354151049
0.128207556828
0.0622417723368
0.0500216899578
0.106693689411
0.0928831912076
0.125911372706
-0.00205630464493
0.054407060647
0.0137189624418
0.0999351177218
0.048696613377
0.0612524040834
0.00160954333909
0.053089453396
-0.118512318117
0.0400710207791
0.0523900378426
0.0108367725275
0.097148084336
0.098554952757
-0.0224325804864
0.04378280203
-0.0596449864947
0.0861997695246
0.0792907148074
0.0521840326528
0.0317912709209
0.104656498766
0.0625031318445
0.117438227085
0.0619241403068
-0.10446227081
-0.0359524027489
0.0874480841428
-0.00681412604589
0.0258744625998
0.0734494781309
0.122982484072
0.0496145044873
0.0532909788911
-0.0439276142648
-0.0253581550608
0.000161995343164
0.0748447696794
0.0294435982647
0.14192573907
0.0664246021404
0.0821832091711
0.0204829229641
0.0637859674942
0.0603570771384
-0.0170664925281
0.0784029477726
0.0474227590612
0.104243173039
-0.0148907006116
0.101985339349
-0.0661328804003
0.117551813428
0.0215588511797
0.0345906636762
-0.00940246219896
0.0844906503191
0.0382554392665
-0.116520484408
-0.074645134589
-0.0386463581877
-0.0600467725951
0.0655403023093
-0.00874710690315
0.00505499425271
0.0952905686222
0.0392604182394
-0.00722363384709
0.0599891744723
0.0677711047212
0.000907723143337
0.0605276506688
0.0300696267207
-0.0255915566017
0.123210385139
0.0852878571972
0.0578275097094
0.0901965355888
0.0174826649545
0.0871804934311
0.0742284328983
0.0250852344396
0.0986832395048
0.0148744871902
0.0513810597429
0.0820899170906
0.0806335107367
0.0153253260798
0.0293447039626
-0.0578537190702
0.0592305164901
-0.0154185713892
0.0802503646356
0.0810546408371
-0.00573152331958
0.057993765161
0.0923260259536
-0.0706755613636
0.0971427262618
0.103225653499
0.0857141782806
0.0935823799517
0.0981332926904
0.0685232295346
0.0786989880942
0.0528283073373
0.0338241641017
0.0619059144098
0.00875769944322
0.0341417744431
0.0464903176781
0.0376903347567
0.102284894074
0.131007563768
0.00222528282426
0.0465775844157
-0.00111644539219
-0.0261803279238
-0.00161876088349
0.0111344911217
0.0385305229945
-0.0650259783363
0.0787455352622
0.0197477029386
-0.0332279140226
0.114495041602
-0.0692931919101
0.039862782726
0.066537502554
0.057004482563
0.0888608964066
0.0719543865183
0.0288214015038
0.0451329902816
0.00266213439742
-0.00663563132892
0.0238332672762
0.0318410517768
0.0526281359678
0.0393692242559
-0.0767030357056
0.118134416518
0.0304354467906
0.0536843906574
0.016511641101
0.0575988604261
0.0236953949324
0.0179902902233
0.116553858495
0.0999136116964
-0.00424992319059
-0.061058953542
0.0760696112859
0.0215779561807
0.064911045953
0.0638139072166
0.101637732154
-0.0406426517601
0.0131839235192
0.057685597653
0.0652690478287
-0.0679744139582
-0.00184039300221
-0.0973106493367
0.0923475619646
0.0688708665264
0.0797283608739
0.086344266412
-0.0626533560364
0.0323335442226
0.0549182474634
0.0789530524006
0.100443661146
-0.0539700124077
0.0975195005511
-0.0592539288006
0.0427505368739
0.0697662241322
0.033193609582
-0.0401252859493
-0.0142350682255
0.112052111712
0.135763315187
0.010115178965
0.066305313472
0.0790834589713
0.0949628966597
0.0735377664149
0.00300020858152
0.0886046561278
0.0803760226902
0.0263289054284
0.00394387384133
-0.00298115251198
0.0555179296019
0.0973671302487
0.117189469707
0.150326945936
0.0447782292755
0.082620483266
0.117986814674
0.104542390182
0.0225734749213
0.0766963570546
-0.0727426289961
0.0290842016121
0.0350503864476
0.0801022148338
0.015119382604
0.0721942594372
0.0179576656748
0.0497425595715
0.0391784032086
0.0453227819027
0.0459472082825
0.0660490450281
0.123952891842
-0.0381564643582
0.0402069545087
0.0263189980338
0.1039861636
-0.12227838908
0.0237356374575
-0.0474047509726
0.0676293616346
0.0572090793031
0.0581085239419
0.0547130448112
0.061140122578
0.0139876751574
0.0405442247079
0.0537974215268
0.0333353677814
-0.072342119119
-0.0155876807684
0.0777250172512
0.0367249064754
-0.00721799308169
-0.068630945324
0.00280292068118
0.101712472049
0.0156212727357
-0.0586294566673
0.089804923965
0.0526022136375
0.0984862616138
0.0135296243199
0.0801556572018
0.0850612383295
0.0856111102316
0.0372405646324
0.00613988672592
0.0415111204644
-0.0262986049002
-0.02333053559
-0.0326946775347
0.0961868625381
0.0322472628912
0.118938167706
0.00337038538524
0.132103419985
0.0444716027477
0.0817613046015
-0.0208099003258
0.093432707494
0.0455283053214
0.0818221079043
0.110071342374
-0.0166388010392
0.114506563497
0.107707434143
0.0716697054298
0.0388117305978
0.0984321976863
0.00317345625774
-0.0154970717971
0.0723384215189
0.107474399041
-0.0575412861138
0.0115322167332
0.114003348485
-0.0116555812334
-0.0275000499541
0.0838797492075
0.0583246457495
0.0117417260104
0.0447101691423
0.0712603434226
0.0688720602629
0.100885227707
0.0939813082411
0.077038082806
0.0602811616905
0.0458345018686
0.0753749602124
-0.00110051604089
-0.0757082043359
-0.0869988060195
0.0278240319445
-0.00298207910736
-0.0908532723883
0.101184267232
0.0624913035196
0.0933559167574
0.0814243350367
0.139979235369
0.00465895708847
-0.011367063959
0.0621720990207
0.0992233049584
0.116369268231
0.0465549165605
0.078007520343
0.0529030337936
-0.0301168886367
0.072626545673
0.0527043019518
0.0769266053542
0.0169843557875
-0.040481298437
0.132296844529
0.0232751992713
0.0791022214625
0.0966533120712
0.0415346822302
-0.00332390525982
-0.00872536686799
-0.025083186275
0.0394475454768
0.0641703270825
0.106090106557
0.133830415814
0.110388867519
0.0329104925068
0.0394214481292
0.107024646923
-0.05547739984
0.022340954546
0.0757520805495
0.0459768929396
0.0486064016639
0.0616088832462
0.095948998096
-0.0358772497761
-0.0486419831726
-0.00544215631264
0.050716872997
-0.00319841752254
0.0233321037822
0.0353449275061
-0.0436221711702
0.0692872520474
0.0621853335701
0.089027090506
0.0945677349677
0.0803444693708
0.0913931762442
-0.0972587225363
0.0128813676802
0.0358581746472
0.0527487034504
0.0104901145907
0.036979350502
0.0313324748393
0.122438977337
0.109324249543
0.120805308383
-0.0112815161738
0.0908008160574
0.115705808875
0.0856924335748
0.0981101084384
0.133149288967
-0.0585213458505
0.0613748931987
0.0459927762474
0.0920192027243
0.095126913164
0.0593363205668
-0.0161098761139
0.0514685156763
0.0114283506464
0.0699040803556
0.0372141638284
0.109404796475
0.0739233350806
-0.0122124798732
0.0135713062333
0.0144184041232
0.0301789337537
0.0112540566232
-0.0661931973024
0.0209606603367
0.0179108055796
0.101620590363
0.0126013765114
0.0370354264478
0.121326519607
0.120950765211
0.0875303401634
0.0299995499038
0.0368614103255
0.112482126449
0.0737225119553
0.0242202230534
-0.0551684809457
0.0636429548857
0.0429979901463
0.0607753089513
-0.0275711804495
-0.0468694116435
0.109373071148
-0.0259607898977
0.00292034792728
0.0884293122139
0.111294760731
0.084054995379
0.084295867834
0.142901466195
0.088093298133
-0.0294933216699
0.0959449128131
0.0931613439472
0.0579876270015
0.0416216065766
0.0380014940469
-0.0233204475635
0.00753371142604
0.0193810231138
0.0447438092928
-0.0224002626411
-0.0167681690881
0.0326598209845
0.11043508443
-0.0387639513861
0.0101614400833
0.0965108675232
0.127850392642
-0.0936775881248
0.0144516338131
0.0386451874154
-0.0223551878821
0.00401375936833
0.00176488090573
0.122818888251
-0.0203912204364
0.0485571085981
-0.0192422782525
0.0356672917625
-0.0218488086494
0.0183354874382
0.0882804732478
0.0695326661192
0.0180475247305
0.0489783189854
0.0838484383867
0.00733823929286
-0.0998865523479
0.0963097354231
0.0634132713729
0.036096768243
-0.02298387491
0.12500379438
0.0466992748261
-0.0036209986354
0.0659591422028
-0.00887615982194
0.105278389216
0.103970622493
0.0564820061244
0.0799851133264
0.076928879244
-0.0165487903773
0.116419826821
0.0397791876333
0.0844185032278
0.0580324585909
0.038239788702
-0.00399362812834
-0.0669136866812
0.0477730858907
0.033875004733
-0.0759956240354
0.113909469121
0.0233453907967
-0.0166005236648
0.00809842642245
0.0635369331446
0.0419246079853
-0.015742078362
0.0195714385403
0.0995050587248
0.0482269825487
-0.00882100389368
0.0158447523485
0.0168276174986
0.0619073604343
-0.0322755690754
0.063112660809
0.0299081600232
0.00560354084677
0.0368601596633
-0.0335029354723
0.0497141334841
-0.0111009321386
-0.0519973665326
0.0451849757266
0.0376535545208
0.0818083296095
-0.0267174908802
0.059085204847
0.0463466906536
-0.0744977947477
-0.00124267125049
0.0486804582273
0.0171144132119
0.0543011955828
0.0268322095647
0.111152769645
0.116335213466
0.0326510124928
-0.0307649369204
0.0152889201425
0.0451651905604
-0.0159147586643
0.046284822096
0.084888879666
0.101088472237
0.036442378279
0.0669259540079
0.0387206528343
-0.00557889726615
0.085493753069
0.0895619574386
0.0764417411253
-0.03760762691
0.0915188896742
0.0783505062834
0.0620908739785
-0.0425170410741
0.000524211184863
-0.0101498126337
0.0935943956713
0.0753764123094
0.0218683547848
0.0126562690897
-0.0531158707168
0.0784703022407
0.0788102073046
-0.0661969086677
0.0941499759855
0.132322646691
0.0790261509397
0.0564806376326
0.0847653874474
0.011895335446
0.0918622190235
0.0224728998777
0.0608543901132
0.108362107942
-0.00344419504889
0.0954344381527
0.00953665390131
0.0140633022729
0.0100999789463
0.0207693168119
0.0499152520912
-0.0160755194785
-0.0712810099851
-0.0601726305885
-0.0163303545694
0.0868068240743
-0.00282218824011
0.112906094019
0.0977587292765
0.0971266467783
-0.0687889413763
0.00101231616653
0.0639730954988
0.0268134951218
-0.133788916545
0.097927404298
0.0254158653528
-0.0312094016732
0.0125292025733
0.105387076238
0.0919546093459
0.0734411300428
-0.0413225646153
-0.0218916115979
0.0379930800287
0.0368646826675
0.0255743599177
0.0701638513614
-0.00158988096916
0.0444009232368
0.11480952766
0.0277753158128
0.0532886330983
0.0944382341149
-0.0329990097701
0.00677737074586
-0.0226232613024
0.0457806557789
-0.0947511986227
-0.0142311052974
0.0444426174365
0.000228374330558
0.0700138979548
0.0538473323774
0.14047024125
-0.00164614164328
0.0241671365316
0.0690819412733
0.133713717165
0.0347873403676
-0.0362099845419
0.0233534689945
0.0336965818525
0.0217854857605
0.0572237007928
0.129147882146
0.0663108799844
0.0056491017153
0.0215579017311
0.0202694667103
0.036397565586
-0.00195246685922
0.0922054358146
0.104335919833
-0.0124032186396
0.10611407136
0.117486761655
0.0681079208413
-0.0063239957497
-0.0141755730336
0.0792043714979
0.0624070319482
0.089871741648
0.0466213532837
0.0234880701049
0.0515223926611
0.00444869309407
0.0710012155183
0.116146459504
0.11700618969
0.0639309131581
0.0512458946849
0.106583406171
0.0143364003137
0.0345008675273
0.0284633166891
0.02274304924
0.0248247656669
0.0667398033289
-0.014502182187
0.0774265691989
0.00147351670562
0.00506043057629
0.0131348133339
0.0851733836733
-0.0102675186431
0.117531450137
0.0685627308463
0.0220442583144
-0.00725367146928
0.0886079206823
-0.00155144229446
-0.00912429321486
0.0679065637947
0.0787405533506
0.087299320997
0.0480169045015
0.00323665776759
0.0869488242558
0.0764999890374
0.0213523641586
0.0158071206895
0.0964821875433
0.060743237612
-0.0107104235239
-0.00734523223044
0.0406115159932
-0.0257661563061
0.0804698764592
0.0693286080816
0.0903465424788
-9.47465352281e-05
0.0997611333267
0.104916661377
0.0580610371687
0.0835130699327
-0.0742623045508
0.00473211740168
0.0829278457591
0.0252360812405
0.113115353145
0.121681689223
0.096920836108
0.0340720207953
0.0848691778919
0.0535264868713
0.102840092323
0.0616402040875
0.0246888411856
-0.00358125777917
0.0442038483327
-0.00148107822784
0.0939749709692
0.139055883209
0.0801417169724
0.0177028697273
0.0385707601533
0.0477071336909
0.0210738294894
0.0365813527469
0.0229433362267
0.094375813413
0.0982585280554
0.0783505484182
0.0238663404251
0.0739101489322
0.0816036891189
0.0203114832856
-0.0552539852244
-0.0230740973762
0.0610532162215
0.050675133801
0.029220058845
0.0571447050103
-0.0655794307607
0.0728954806318
0.109060590825
0.10614087524
0.056772720537
0.0424320352824
0.0978949217515
0.0534390193885
-0.0259942516279
0.0715627327374
0.107333255347
0.00404547053135
0.0947316266436
0.0204086097279
0.0619973509819
0.0810635392082
0.0494740469989
-0.0468204220344
0.0257740045237
0.127087585891
0.0037266433824
0.0278769617032
0.0317736647388
0.0795988410817
-0.0274732965597
-0.0346210489845
0.0838299977565
0.0310378369501
-0.0432554200235
-0.0485930763063
0.0804048209043
-0.0146791289117
-0.00493915684743
0.0961466662593
0.0431129164507
0.071930169455
0.0498326128381
0.0142806900688
0.018028101905
0.0686206576676
0.122829862898
0.0455662796843
0.0438214312957
0.0702935845675
0.0300008576634
-0.0397935279459
0.0738205309888
-0.0981071424004
0.0577490224365
0.0981535307336
-0.0452372160293
0.092135649772
0.0476245241126
0.0834389775531
0.0875364792174
-0.0320166591959
0.094579909368
0.029476111774
-0.048356674537
0.0982130918335
-0.124476684967
0.0317020292593
0.0348650640987
0.063722926845
0.0465990514627
0.0279603911043
0.0360988838532
0.0544247570727
-0.00973055052535
0.135968052288
-0.0434884088963
0.0534542475547
-0.00971946854167
0.0927008206777
0.0376978303768
0.109228902924
0.0163931948957
-0.0166393709869
0.0714918912715
0.0645484024025
0.00573865016132
0.0650143473707
0.0576121008736
6.25932532365e-05
0.0820283539262
0.0948506189061
0.0127542662683
-0.0133091797685
0.00454632332099
0.108704715791
0.0816153103229
0.0503166250414
0.0313360478887
0.0116984349004
0.0884801074495
0.119140119475
0.018102345318
-0.0195886669656
0.00287726983587
0.0398192913287
-0.0342141648973
0.132011599658
0.0354415513275
-0.0956765444659
-0.00789490222614
0.14552791505
0.0926857409706
0.116665193341
-0.0254192917367
0.0280919848293
-0.00830257197858
-0.00324723206887
0.0912696437607
0.144692802492
0.084071266245
0.108374149267
0.123240024982
0.0826677203927
0.068049735574
0.020596322907
0.0165518145032
-0.0611137674441
0.0184529651493
-0.0154101186697
0.029628169023
0.0326047765723
0.0208643827397
0.0379857911339
0.117286717997
0.0103119394052
0.00072771886518
-0.00269904476814
0.0943712654993
0.00439501111737
0.0727141804326
0.0335079805549
0.0632536045218
0.0768647481066
0.109829879308
0.11777304577
0.0724585512711
0.00298220010496
0.113069583482
0.0602096828056
0.0243657226433
0.0769241262993
0.0659163986108
0.0453778806523
0.0502639129973
0.12663045052
0.0767630469812
-0.0653473483318
0.0482888577046
0.0932600918234
0.0610501733488
0.0515114697397
0.107158080403
-0.0179461190168
0.0741735064427
0.126502302394
0.0215898117156
0.0772367832363
0.0564493731952
0.0812293938417
0.111429809011
0.0517883170629
0.0828162587421
0.0993233589081
0.0646158761717
0.0563819667667
-0.014110196277
-0.0700757986278
0.101567998226
0.126266380609
0.121372287807
0.104480609838
0.088764553845
0.0340707768257
-0.0230203305449
0.00854411422484
0.0872077194065
0.0671639656842
0.0507945155546
-0.0625565733805
0.126458889138
0.0261103662573
0.064311056112
0.0944028645011
0.0272081728478
-0.0698804967673
0.027675717492
0.0120140923994
0.0811786405529
0.0879308386015
0.0711622903912
0.0820038417998
0.0810477124221
-0.054981939383
0.0981780355347
0.0846694639084
0.0714978134178
0.0424471867616
0.00212356870023
-0.100841537275
-0.0696084443198
-0.013832344963
0.0293042440654
-0.0277523748904
0.0268845075214
0.0297392573844
0.0887774692424
-0.0900300769471
0.0750848518094
0.0726690316136
-0.0215502783317
0.0823640845947
0.0044847246066
-0.0117158601837
0.0530824808586
0.0233739910584
0.0992844822608
0.0505178388854
0.068825725839
0.108594749734
0.0467937270736
0.113935656028
0.01219437778
-0.0403642232508
-0.00990996837766
0.0285535773716
0.0204763880739
0.0474480896994
0.0301166165934
0.0559436833267
0.109152772692
0.0651837979684
0.0521080692729
0.0531135455155
0.0487618209135
0.0704864772945
0.125790998965
0.0780470258507
0.146527602911
0.0622523694664
0.0806250155942
0.0507794576582
0.0807114682877
0.105393636366
0.0569436436594
0.0859915852125
-0.0861493602543
0.103867656977
-0.0263276585487
-0.0121594261452
0.041516873653
0.0564895051354
0.0995526067477
0.0866514328688
0.0274409759197
0.0102659940685
-0.0395646470579
0.0766325561552
0.131448479151
0.0518372320819
0.0786078838178
0.0461747971448
0.0727510018151
0.0343634247393
0.0552477785032
0.0830729675239
0.0991809030616
0.0508590183374
0.0487660608118
0.0387272709746
0.0141865085096
-0.0682535269178
0.0277242728773
-0.0111998921147
0.00685938896962
-0.0170410949498
0.0787312956741
0.122198299695
0.0314985209824
-0.0255439391809
-0.0146527844259
0.0138843570281
0.0222398563564
0.100676230524
0.00220047960845
0.047990086962
-0.148889201098
0.0637246216056
0.0814399472114
0.108903208568
-0.0354926418708
0.107883206819
-0.0887598822929
0.0582526625964
0.0925091385379
0.118964003398
0.0650148393712
-0.013362995882
0.0363467814678
-0.0780321502414
0.0741742197455
0.0403221364447
0.0789945969789
0.0636053279899
0.054700103055
0.0443243682349
0.104939005978
0.0635901807856
0.0819918672112
0.0711712298537
0.118454991195
0.0808163552595
0.0561504822887
0.0916314700616
0.0476411338512
0.0301154370422
0.0664143788534
0.0642460666605
-0.00117895297943
0.0430456552736
0.049481568068
0.0906113286716
0.106927817616
0.0132020332327
0.0150379700884
0.073277481019
-0.0283616996363
0.103921100226
0.115328672851
0.0853920101019
0.0608499051225
-0.0523671915559
0.0143765297677
0.0207108995113
0.03725029481
0.078530615277
0.0697206258375
0.0146937745435
0.0804234124151
0.104575134087
0.0841790708029
0.101276501144
0.0629231509023
-0.0594124240077
0.0644494563306
0.00842096122245
-0.107195978186
0.0369489584034
0.0701516963214
0.114362987893
0.00578216319179
-0.0160937956367
0.037663692901
0.0264298405593
-0.0215500121438
-0.0887484380979
0.0593478102937
0.0379159319531
2.07864482107e-05
0.132039958426
0.127849919949
0.0126270569385
0.0123407229238
0.0727753810207
-0.0568531735525
0.133035212072
0.124011951647
0.0841688415206
-0.0890849278351
0.0538390355038
-0.0409407498796
0.109989603565
0.00382961045335
0.121248980956
0.103641473586
0.0624676893752
0.0199448663594
0.0462843780898
0.0306215161346
0.00977722579154
-0.0126249122379
0.035316156021
-0.0515138616799
0.0779692512993
0.0205921640937
0.130359564169
-0.00138119039688
0.0893882739341
-0.0601193557642
0.0271172736035
0.0584390675198
0.024371087535
0.0297526035887
0.120050360758
0.0636018439998
0.0595293801688
-0.0607453660911
0.0320659120289
0.132508637265
0.073936066887
0.114514743006
0.08172005127
0.12055429593
0.0494402658129
0.0752473219512
0.00895034728968
0.101326576011
0.031964251162
0.00183692536013
0.00793679702837
0.0484295321379
0.0111295270009
-0.0351716622388
0.0972187085825
0.0918707130571
0.117255967539
-0.0440282579385
0.0763355447591
0.107939843312
0.0746706237849
0.0763404983472
0.0756782691539
0.0643391139965
0.0248496532939
0.0467256156894
0.109563787514
0.0580735504032
0.0807516730931
0.0098470770249
0.0344278253752
0.105320922279
0.0266969410085
0.0225554181302
0.0528652672538
0.0810957911541
-0.0223949840271
0.0560711329903
0.0328161980112
0.0382678867973
0.068644065888
0.092496900325
0.0973022853633
0.0987401426696
-0.0612641146913
0.091253137597
0.0712618000296
0.0674073507503
0.146248994763
0.0562838085654
0.0508164762912
0.0145675824962
-0.0674586957429
0.0640051062079
0.108439965949
0.104973960444
0.0670204743506
0.0669686365785
0.0325337500155
0.118265021323
0.0523598332488
0.0430238827216
0.0771692569093
-0.0458641305133
0.067678113942
0.0231149747039
-0.0225720701451
0.0550572210679
0.0207635333119
0.0995293420507
0.0614296121857
0.0504049859288
-0.0163977050921
0.00860865056068
0.038093036042
0.0710674203078
0.0331639999617
0.0816714326654
0.00435527738848
0.0812822356886
-0.00264641237414
-0.0333608430476
-0.0103034935851
-0.00221601505749
-0.0363577184568
0.0933085762953
0.0935484143107
0.0638710667821
0.0329123058614
0.103111426049
-0.0047347015878
0.0497991449537
-0.00293563292936
0.0178897672224
-0.00797639019965
0.103252677066
0.0196550615534
0.141654570387
0.110820380066
0.041758232927
-0.0351469484064
0.0341563539142
0.0663519736585
0.0124451204776
0.0698623215648
0.12117447802
0.00678658345363
-0.018313654951
0.0516833253981
0.0208293341998
0.0263302363229
-0.00168010113223
0.06978522148
-0.0104180894478
0.0995170158282
0.0300578720667
0.138986793674
0.0142487770407
0.138441755204
0.0931239009273
0.0976570593924
-0.00849455930793
0.0689398671977
0.0415675904404
0.122938357559
0.0864240517439
0.049773004843
0.0611673902807
-0.034751622643
0.08267961218
0.0194468366941
0.0163378878909
-0.0551180823013
0.0262063604854
0.106531583378
0.00450635689142
-0.00595874525447
0.050878374165
0.0388394100698
0.0546734725298
0.0414797823655
0.0405472863703
-0.0219227945875
0.0629726249201
0.0959553171964
-0.0138502500645
0.0773030412346
0.0773682525653
0.059138996343
0.00500082299508
0.0709666225747
0.0559768961553
0.0522500064977
-0.0791516263813
-0.0179018681349
0.0675795393832
0.0291326640302
0.141878174923
0.0954663936743
0.023887304788
0.0921734562986
0.104440474724
0.00774409969242
0.0702573377083
0.00399079892887
0.0409837854239
-0.00143026200374
0.0393372622961
0.0630273174403
0.100279695091
0.0278305058328
0.106624207113
0.0363285437252
0.0385880552146
0.0591872303474
0.0454678440299
0.114480620056
-0.00369234608413
0.0086524503805
0.103864213329
0.0799149921507
0.0543584746108
0.141295702427
0.0131473854567
0.0110915162756
0.0442494364968
0.00762056635929
-0.0419057387533
0.0554307987577
0.0431335249986
0.105103598736
0.00775764039527
0.127051876335
0.0759459311337
0.064284805
-0.0254918972241
0.0265477179963
-0.0419723540984
0.0400840189372
-0.0406026294016
0.050229428642
0.10528175242
0.0557020380065
0.0942819573045
0.0928498987802
0.0365558843265
0.0685450524367
0.00305568416414
0.135991747968
0.0124049151759
0.0524546389415
0.00119163821931
0.0189299168072
0.0450774396677
-0.00726975264867
0.0826081840714
0.00226611176004
-0.068668695281
0.103482049878
-0.00690682458044
-0.0470529287134
0.0284309507993
0.105300084606
0.0309615176135
0.063372515895
0.086646691598
0.0112018404891
0.101621141163
0.101470849555
0.0896972633263
0.119975542889
0.0643730034572
-0.0581057906808
0.118554923
0.134009445126
0.0115890026989
0.0689294995196
-0.0122321642779
0.0933905967213
-0.00461153573871
0.115571593694
0.0634121359804
0.0681742667458
0.0629707102641
0.0857766571616
-0.00145642126636
-0.0593548795449
0.0769607713473
0.0680190378118
-0.00677948080533
-0.0440268335589
0.0902650867568
-0.0743381157926
0.0375038798994
-0.102540585027
-0.0451897332117
0.0764331726978
0.0444365135973
0.0332228342556
0.00206866116751
-0.012313025235
0.067978220711
0.0356775182562
0.00464128987914
-0.0194350442018
0.03172788896
0.0515802766016
-0.111602664643
0.00918250303993
0.115065213624
-0.0143260843102
0.0978808980241
0.0630894905528
0.0223197642146
0.0976021526268
-0.0282824879739
-0.0267474369177
0.0346229357496
0.130812963625
-0.00353666585243
0.0590614678403
-0.037164235155
0.041891471692
0.116510524611
0.111508070268
-0.00800695461254
0.108262280163
0.0915255110019
0.00426968623357
0.0561592837841
0.119217500732
0.0944635486749
0.084121598457
0.0681377235768
0.129966445712
0.108803434078
0.0152286479035
0.0510523268929
0.0449060962499
0.0893915561491
0.0400384637342
0.0045504287146
-0.0254040118686
-0.0374151078714
0.00360013165211
0.074115645199
0.060685563451
0.0795196650663
0.053999358061
0.0546104501703
0.0975164593173
0.0527872305352
0.00940393669763
0.0753978341252
0.0106434431883
0.0154950225255
0.0261551189864
-0.0528425851147
0.113815990586
-0.0217277177683
-0.0242275700233
0.0609532469394
0.0723255889862
0.0802678962805
-0.0347010436287
0.0921333508929
0.112708922551
0.112974588332
0.0490695625937
0.1140581464
0.0206540447943
0.00154169619853
0.0043742700421
0.0566290572814
0.0870272677079
0.0456358354638
0.0253470495647
-0.0149103129683
0.00891047605112
-0.0236303444772
-0.00554219840786
-0.0255108960484
0.033264984449
0.0976711514638
0.117109153964
0.0303349854305
0.0654595283361
0.0587698268239
0.125422076866
0.0982664135722
0.0563465526276
-0.091496962265
0.0598612247248
0.066675189053
0.00915231442071
0.0907182544983
0.0497780543281
0.0585448194485
0.0994361473181
0.0566683186041
0.00720817644195
0.0747582794149
0.0349369604281
0.0454419906521
0.115917543918
0.105859420966
0.00591988124515
0.0555233249069
0.0681395801551
0.0890657749436
-0.0268497652644
0.0615559296223
-0.0240970057646
0.0848062245057
-0.00143341623644
-0.00789852204686
-0.040390685955
-0.0189013021856
0.115649791538
0.0885489448457
0.105248213708
-0.0126650100101
0.0135464731254
-0.0279604940494
0.0543958094072
0.104977802525
-0.0497153845149
0.0171030102532
0.0263998242854
0.0247631226604
0.0522180339025
0.0404711853598
0.0415495094364
0.0783455414782
0.0721656405843
0.0884249488652
0.0463058324129
0.0730566085695
0.0904878319675
0.00246141231069
-0.0131781959122
0.0730546887463
3.28492641515e-05
0.00461524569101
-0.0786542629195
0.125864967433
-0.00182956550317
0.0669337826332
0.0856991583725
0.0920773503669
0.0572214467677
0.0536154041097
-0.0391400571459
0.0395677122399
0.00653248752067
0.0951444788137
0.0601513531526
-0.00681375163821
0.0988928673674
0.0204182654822
0.0813101721855
0.0987438132286
0.0645576788057
0.0162416597301
0.0258811531226
0.00747147972451
0.0107869629674
0.105872771764
0.0413220400834
0.111386384471
0.108102372373
0.0979510705757
0.0936993731744
0.0768588042953
0.0547805055761
-0.0192632088669
0.0959208536215
0.130955851027
-0.0726798020455
0.0528771061073
0.110372371865
-0.00589363368373
-0.00142357835328
0.115658794084
0.0185556026269
-0.00982162398945
0.0828685779606
0.0266401780172
0.121358904591
0.0535971563452
0.040467281388
-0.0124697237442
-0.0050670299384
0.0456618318874
0.058222249028
0.0378067874377
0.0615564009502
0.0262433220526
0.0856495815619
0.0442589120907
0.00554333320998
0.0931793980695
-0.00443497558919
0.0708572371878
0.00567481241129
0.0787057411146
0.077230150154
0.034638634529
0.00707545670054
0.00986776325969
0.064756724424
0.0481700149801
0.137614439988
-0.0356782212155
-0.0203226609853
0.122027753157
0.045629488937
-0.0243218812094
-0.0651876220826
0.00826621889449
0.117187324875
0.106969293679
0.0458147458324
-0.0381677282497
0.0592725057292
0.0637836829189
0.126981094493
0.0502459683266
0.035753106009
0.00611215325809
-0.0248169589222
0.0362036304542
0.123855764051
-0.0038265186928
0.0895164929656
0.0749006507913
0.0111498821143
0.0121142547498
0.115019559818
0.0331208318812
0.066243933649
-0.083594487657
0.102825847466
0.0154619718255
-0.00457131184338
0.0107666050506
0.0127942274805
0.0394579441362
0.146097989199
0.0627163379025
0.0686580921702
0.0898577969847
0.0896918262337
0.0534616082453
0.107718218424
-0.0478829287455
-0.0644995484327
0.0862819182765
-0.0909950695437
-0.0532936679265
-0.0267624246557
0.0677639035692
0.0296971541906
0.0404953839379
-0.0127823611608
0.0638244553801
-0.0881096012972
0.0470953203069
0.0112908964617
0.0981599582296
0.0438771940671
0.0687760351742
-0.0187034789139
0.0224558467226
0.00197318053463
0.00268881045923
0.0731883874398
0.00606441549463
0.113552890966
-0.00914013861804
0.0843642141723
-0.000559867965575
-0.0444359881384
0.0638074237199
-0.0392596488175
0.0326167758426
0.134746997748
-0.00716571212835
0.115824596618
0.0787106548009
0.00384642365549
0.0256807852554
0.0423370966582
0.0410243016594
0.0786304616385
0.0409385679874
-0.000151196774751
0.0595912370224
-0.0274449307114
0.00566658383044
-0.00358331784276
-0.00136438375916
0.0268023614271
-0.000369362190972
0.0488738711867
0.088969712511
0.0391485517539
0.0219969531653
0.124226734729
-0.0987798273864
0.0688147637758
-0.0537926396196
-0.0094079517926
0.000247407136537
0.014292301174
0.0166538421828
-0.0654087993745
0.122927541388
-0.0536547616286
0.0715567882866
-0.0373758250511
0.00450006629998
-0.0371660887982
0.0957499384013
0.130125598184
0.0211671998339
0.0163899781692
0.081057811266
0.0232110883988
0.00514868083661
0.0517051827247
-0.0428098997285
0.0698757449052
0.00162048687169
-0.0280801561375
0.0016235868309
0.10539617186
-0.0354916897698
0.0690614236715
0.0846283722719
0.00483538425743
0.0601025935795
0.0358831427028
0.11088214776
0.0162295479492
0.01332383333
0.102213468143
0.00830741192194
0.0835121486525
-0.0638550456282
0.0216069032557
0.0486521384952
0.105227651416
0.0333648776391
-0.0429061828098
0.119313269524
-0.0430306881424
0.0940425691549
0.101026247215
0.0637994342753
0.0949914501041
0.067000191629
-0.018303519833
0.0364407012629
0.0796676786339
-0.0176041442396
-0.0495499943112
-0.0209766166076
0.0678426573425
0.113059948888
0.0751053213051
-0.00699769882671
0.0178504903575
0.00386818819049
-0.0216856078775
-0.0488241584048
-0.0276358165688
-0.0123963568711
0.00568048305357
0.0990988777542
-0.00476816161657
0.0531534876513
0.0827204039031
0.0307573564231
0.0906224133287
0.0289482989857
0.0617674467881
0.0627132875238
0.0523979438518
0.104396025606
-0.124148293701
-0.0181875678655
0.0484755432843
0.054177395653
0.0012307937756
-0.0166354397989
0.106004306189
0.0147086994859
0.0417092047293
0.108325203698
-0.00506998511839
0.0285300025182
0.0898695434556
0.0327036005264
0.0476463669073
0.113138101352
0.0483394280657
0.023491334685
0.0897002576826
0.0366539392494
-0.0812576748443
0.0965550943412
0.123677677015
-0.00957631864066
0.0867934548097
0.0787599367741
0.107561615238
0.030350450704
0.0216683280961
0.0633279653139
0.0367265961316
-0.0526320630856
0.0860818958633
0.0114808101978
0.0983181679831
-0.036391430097
0.0774455340388
0.106719051717
0.0694053981725
-0.0148852609548
-0.0194707202144
0.101538161138
0.106479071243
-0.00155113506831
0.0523617736795
-0.0147137514836
0.0102580612945
0.105571114708
0.124514473937
0.0253309829455
0.0804230826121
0.0245759815289
-0.0343053554108
-0.0822170749964
0.00624434162099
-0.0248234084478
0.0489986275694
0.129412257527
0.0629862704693
0.0636927812381
0.112338151802
0.10680053677
0.125801430054
0.0241059906041
0.0120730129911
0.0195218176327
0.0282507727488
0.0331549962748
0.117208414893
0.0339851365557
0.0933630006438
-0.020716595647
-0.0365179389147
-0.0982937953922
0.0161074816266
0.0299205628026
0.0126251091431
-0.0162972698935
0.000720355620949
0.0579833882163
0.0264446347447
0.131888690781
0.0544585222275
0.0534177693914
0.106534828927
0.0406165834186
0.0683889104181
0.0507909910058
-0.00736069423775
-0.00900912231825
-0.00598754057599
-0.0367429269096
-0.0815301538112
0.022387781434
-0.00201908871158
-0.00830599141314
-0.0130893604276
0.0410681016696
0.0623847393241
0.119895216359
0.00520601464406
-0.0900919338501
0.0187057579352
0.00911130411781
0.00104381433561
0.10013072709
0.0596956123553
0.106688657755
0.0394411821484
0.0743789722634
0.0758545979381
0.0271246268888
0.0452782800988
0.0657006313064
0.00536461016945
-0.0446710927183
0.0333899601619
0.086380117406
0.018052475208
0.121129341181
0.125056683931
-0.0016950854858
0.014140336885
-0.076909373447
0.0555281638116
0.030487188154
0.00554353391768
0.0316228295381
-0.0110578570235
0.0332872494909
0.0419895991105
0.0183678786901
0.0944502322964
0.052915071594
0.0862181773075
-0.0163216795219
-0.000607778784705
-0.0813529502399
0.0279214633535
0.102037625266
0.0569703214435
0.0319280687394
0.0640827483595
0.0761717001884
0.0956234268067
0.0191211383416
0.016757177201
0.0843277590303
0.0414530899168
0.00828188904551
0.097325013425
0.0396582475532
-0.0123599495902
0.0580278574271
0.0719681090366
0.133506570754
0.106671737624
0.0132390032354
0.0883104215027
0.0550306023838
0.095149151396
0.096665645355
0.0620935858672
0.020751799678
0.131199825508
-0.0267675747884
-0.00494356105631
0.0852832274535
0.041599500304
0.00960243542171
0.0831749880474
-0.0859769528235
-0.0540021873606
0.0558626290928
0.0039669037279
0.0453056305753
-0.0328185166271
0.0482858501261
0.106897241746
-0.00403682529893
0.0847517318126
-0.0223399444344
-0.015744853685
0.0747771416791
0.00556373962737
0.0361970174473
-0.00503388007948
0.0274270401168
-0.00784764308911
0.0601190372235
0.00414050854435
-0.00950131268401
0.113980154716
-0.0230601970372
0.00932505072986
0.0404849149065
0.0833014356087
-0.0205180792197
0.109308495865
0.0362428909779
0.0914567096601
0.00808701577947
0.0772802961547
0.0565672143052
0.0896787923001
0.0570718251764
0.0143999326614
0.043760330438
-0.0142550392839
0.0591869466103
0.0225355343773
0.0712514553989
0.0692485087464
0.0229207223213
0.0103556695242
0.000407642966352
0.0338529443377
0.104065659303
0.0566322152059
0.00707941619455
-0.046375763405
0.0706279968689
0.0285762228507
0.0308257293961
0.00865037571105
0.0474239010908
0.127220683136
0.0973253405282
0.0479900818662
0.0283856298391
0.0761123079672
0.0780459642898
0.0396461694252
0.0630294950112
-0.00154893524763
0.0916090441413
0.0410023956224
0.110965463172
0.0183987428266
0.0849763088146
0.134585044995
0.00521915668975
0.0686083285233
0.0439298252503
-0.0135632877626
0.0989718809778
0.0491971668626
0.0329906721691
0.10697044065
0.0638542191098
0.126840270485
0.0859678584455
0.0788060852653
-0.0574080139865
0.0856975077031
0.00223602443994
-0.0477580481485
0.0405454381573
0.110257638106
0.0963043418926
0.0690118378352
0.0594871970918
0.0697652865429
0.123686262913
0.0456544357409
-0.0462989380943
0.0485211945897
0.058604133469
0.031949012045
0.105309847251
-0.0161468659121
-0.0295047870672
0.0217405485601
0.0332122477964
0.0119621583369
0.0750218356781
0.0626037597445
0.00865727362974
0.0153741005474
-0.0360397999599
0.0500408623616
-0.00216106815735
0.072100731239
0.0953089656029
0.0736876667522
0.053477819597
0.132904426182
0.0624624216857
0.101378756246
0.0978472907702
0.121281927155
0.0836400111224
0.0352417585341
0.0687219614435
0.0287390349298
0.0722980938902
-0.0521222161092
-0.054428399035
0.0727055511635
0.040005609421
0.108208066145
-0.0843973893266
0.0532361067767
0.107782618209
0.0669287021581
0.0635533048994
0.105751824458
0.0939669440341
0.00390816727189
0.0803331236947
0.0333120694247
0.113835809321
0.098398019333
0.131583039976
0.0841575623076
0.0147487689409
0.0618713203134
0.0492591647861
0.0288121506129
-0.110587333645
0.000366492929639
0.128567895858
-0.0652290406763
0.106014613073
-0.0321740680908
0.0748515005164
0.0576673932813
-0.0318831840131
-0.0146386073321
0.0604828149843
0.0905775781846
-0.01770737493
0.124815007844
0.0912020514605
0.0068566630094
0.0659427959096
0.0333654646989
0.00362901242499
-0.0596696107099
0.0311207505317
0.0512092238844
0.125140200778
0.144161995643
0.0427847724353
0.0672026852788
0.071370228834
0.0147648894455
0.00101278005215
0.0823991304675
-0.0837429299885
0.108190999019
0.0223191769483
0.0575445862648
0.0317052847795
0.0171141846389
0.0169301249836
0.112202438395
-0.00427427511269
0.0289989917911
0.110176533381
0.0927987765425
0.0867193113701
0.0732156300519
0.0980959560535
0.135114082725
0.039748278549
-0.0109165588512
0.0865168452688
0.116721249199
-0.00282515031256
0.0709490146956
0.037431375307
0.0551247423676
0.053648486712
0.0689373821711
0.0239689108402
0.00831859770024
0.118292888116
0.0359856508801
-0.024821791641
0.0909856453892
0.0997614534417
0.0508153778973
0.0631612314549
0.054094275633
0.0605269568617
0.0772023169037
0.0710430091694
0.0415646863201
-0.0674277192666
0.120408720157
0.068302480618
0.142172883499
0.037381899716
0.12065957134
0.0997550082172
0.0767357803003
0.0153252031628
0.12726311478
0.0187651365073
0.0979730649077
-0.0594439252103
0.105556036636
0.102368288372
0.0590316696673
0.072473445437
-0.000833070903526
0.0801201775976
0.0269157121084
-0.0678087081603
0.00340356086288
-0.0577841161539
0.113800015687
0.0146286366086
0.0564106883571
0.0942261209744
0.0557685051179
0.0554452901342
0.0798711901196
-0.0231841660181
0.0167097441799
0.109369679862
0.0252145371845
0.0341224054547
0.138106451613
-0.0284482173903
0.0206860504052
-0.00632178955185
0.0855565937257
0.0936661031363
0.0144905115953
0.038141671596
-0.0257096232481
0.0150115744366
0.0817012332388
0.0537318189756
0.00385185802508
0.0306705546679
0.0191995552316
0.0644762634147
0.102387591715
0.00358948973256
0.112148920409
0.0812845949254
0.0385652672598
0.0259414764691
0.0492257828334
0.0248809443544
0.14905645552
0.0151522762119
0.102901900982
0.0949849222224
0.0288231845978
-0.000785908833215
-0.00311781410739
0.0133203610075
-0.0484787094504
0.0998185399989
0.0672033637814
0.097890469341
-0.0130115368903
0.123395667034
-0.0569331636894
0.0775701870687
0.106367717119
0.00608050675583
0.0554637454125
0.0266008802879
0.0630150003414
0.0947001896415
-0.0535953513714
0.0539919305708
0.115409790657
0.0496038207981
0.0876805236182
0.00349314681745
0.0393226447001
0.0791413699728
-0.00295550076582
0.0854259779423
0.0676904858796
0.121117904601
0.0497464370973
0.0577297593367
0.0259516851741
0.0664714288151
0.0951129826001
-0.0360974768306
-0.0322076683002
0.0513430073811
0.129535609339
0.0189016922086
0.0309367051842
0.00945578712876
0.0368327161784
0.0218499771051
0.0320033997585
0.0972426570194
0.0355218308108
0.11667340726
0.103572701469
0.0348805040466
0.099563896642
0.141824298857
0.0767499379441
-0.0343377375781
0.134428820932
0.113086916517
0.061380589474
0.0666853946534
0.0934843174678
0.0161600742815
0.0429352411241
0.00964384121264
0.0601477541949
0.0755704299962
0.0549128793745
-0.0454318755407
-0.00286810718595
0.0814667915031
0.0286936562813
0.0768149966911
0.0654460812192
-0.0466656473486
0.121106238367
0.0630332009966
0.0937121424637
0.00458590260162
0.0377400934369
0.121493672344
0.10534726742
0.0348081037294
0.0372458143211
-0.0220549200832
0.0645520423622
0.090216341134
0.0755006563874
0.0753323081695
0.0516494136236
-0.0397152461225
0.10452640381
0.0440094553949
0.00737247705085
0.0764801619129
-0.0136227189543
-0.000604764258298
0.0389983921871
0.1149264231
0.0295902059996
0.0389381059949
0.138655542282
-0.0251634924466
0.112751280656
0.0889327829234
0.0238296834238
0.082603681002
0.000419242522218
0.0438034517617
0.0179424023734
0.125761540847
0.00531965999551
0.028388742538
0.0126708512439
0.0874876565993
0.0990649895829
0.0195441840147
0.0654199351509
0.0950651131217
0.0417754457738
0.034113284809
0.0170757524847
0.0449219666775
0.119311797817
-0.00348685119342
0.021174214335
0.0127682218294
0.083419677987
0.0263392617972
0.0467209842765
-0.0320234414436
0.0521639340609
0.0457685785669
0.0665271698282
0.0415791535025
0.0967299537589
0.0689389502004
0.11117979947
0.045745263512
0.00933633728941
0.0595669962394
0.0624900864784
-0.0814475960455
0.0114621267076
0.0479253778865
-0.0304197892661
0.0300768343484
0.0639456069615
-0.0852216927452
-0.129086801302
0.0219107967496
-0.064458810919
0.108895301979
0.0756117562277
0.0446049495242
-0.061385644833
0.0184134471197
0.0580357721772
0.134266174421
0.0525693469262
0.0607469584061
-0.0124644012635
0.0826116763023
0.111084268276
0.0916211724843
0.114136431865
-0.16275084898
0.0850611639871
0.0725839705381
-0.0069579769043
0.0181642430867
-0.0462954079207
0.0642391054256
0.0254758508761
0.0713359554116
-0.052848405981
-0.0486842100231
0.102080078652
0.119916200271
0.0464840646845
-0.0112082860926
0.010958026133
0.064213868872
-0.0168566257755
0.0751605478362
0.149562645051
-0.0201461352518
0.0798485439049
0.0763894666551
0.0360905923399
0.040581119773
-0.0660146367112
-0.0358899081771
0.0257052729913
0.00428477916943
0.0133910664544
0.0207741234099
-0.0473268854141
0.0220687437451
0.0301730223643
-0.00740743887463
0.0516636795303
-0.0475355365046
0.0255164532674
-0.00559943172581
-0.0347966402029
0.0400190005708
-0.000839107080811
0.0418676729532
-0.00627638208478
0.134541679844
0.0434260472515
0.0174545728009
-0.0956944779726
0.0976341030103
-0.0738416538246
0.0817063094214
0.0276345020586
0.0452264075316
0.0853575994
0.0999356814828
-0.00968475130835
-0.0381344222756
0.0708835204817
-0.0301759448443
-0.0129425065241
0.10135662065
-0.0140140452979
0.0131951595066
0.0806253639871
-0.000865374716629
0.0452433783109
0.0748770375023
0.00459223237972
0.0734326145243
0.0542519838309
0.0708559263524
0.0910695671206
0.0188107603378
0.0310997365652
0.0304675621009
0.0471544254132
-0.0395523193203
0.0425432185505
0.108747123465
0.0483784561483
0.0885909620779
0.0931891476329
0.0352808520499
0.130641644345
-0.0154684669695
-0.0964637471057
0.0809764309139
0.0584161480311
0.117899527
0.0255124464271
0.112092164037
0.00703377101774
0.0201980058619
0.037658364217
0.134613836073
0.0470151129019
0.0919883297559
0.0759356056021
0.0686624561009
0.0908119129075
0.0783404228885
0.0447487665693
0.0220135448758
0.109693273826
0.0656347316745
0.0721534450262
0.07543972649
0.0402880513379
0.0736666686646
0.0232255025269
0.0514126365767
0.0821580140744
-0.0229415512285
0.0171567862963
0.0144846751124
9.12688259618e-05
0.103952275121
0.041241700705
-0.00223248391747
0.00186290938201
0.102951891204
0.129606894616
0.0897036858267
0.0109551556251
0.0912668724148
0.0805312613038
-0.0125707770885
0.0446659272613
-0.00468292371581
0.0859776650793
-0.00148067653493
0.114269918764
0.0852227524086
0.038511298174
0.0825524747725
0.0809029893782
-0.0111816774025
0.0685834436873
-0.00101595636564
0.0574023413245
0.0590771872479
0.0968287860842
0.115574434566
0.0353337219958
0.108900903338
0.066366277832
0.0375905915827
0.0485468803936
0.0443760232082
0.037277823478
0.105792460709
0.0185445500834
0.0734715172042
-0.0816488555586
0.0666608762231
0.122975785907
0.0403626682347
0.0519075403884
0.0487195805511
0.06133718528
0.118261594572
-0.0103324202195
0.082716880381
0.069453306127
0.0134801231185
0.0681631943271
0.0639691086416
0.00479063187507
-0.0867068770696
-0.0259633845949
0.00746329167936
0.0544846081751
0.0171723546242
0.0115419751929
0.132953346076
0.0628754802209
0.0509715128697
0.00820821377545
0.0234847317229
0.079866056808
0.0639791665886
0.04896623631
0.0931492458481
0.0905538997281
0.0995007938728
-0.00546110330404
0.0841508648122
-0.00575484002876
0.0730862423877
-0.0068110367801
-0.00987081855934
0.119484338629
0.0465106643128
0.0905793245042
0.0905530731418
0.00558167482645
0.0428179622473
0.0666680459677
0.0367439626489
0.079353087373
0.076507286866
0.0330015218965
0.102292562764
0.0983709395871
0.106012342579
0.119724355679
0.113603416567
0.0884112334247
0.122358978982
0.0068175405192
-0.106313186005
0.0299234454373
0.0480281603759
0.0286442830568
0.01406954437
0.0651648635878
0.0381937135875
0.082958345766
-0.0653528189884
-0.0935573954628
0.0158079958815
0.0730969302121
0.0083597835424
0.0325142177983
-0.0241671069017
0.095322135144
-0.0747147227151
0.0299150686416
0.0443932158014
0.0482861943957
0.105237181146
0.019392631285
0.0567473098621
0.0310617347975
0.0982862351237
-0.0802014290392
0.0558570612616
-0.00138810049841
0.0678250143418
0.0425722835697
0.0426145683854
-0.00556866124299
0.0933877657572
0.067170367963
0.0484959568167
0.0913026727651
0.00051407982088
0.0546811931574
0.0482587238427
0.0459184738593
0.0985858150658
0.0516400185392
-0.0387606535718
0.107658139771
0.114833667511
0.0177437926208
0.00424711881475
-0.0282530650773
-0.0425874987941
0.0818449082652
0.0417158643787
0.0376953663631
0.0181863568955
-0.0478999818964
0.00563988275069
0.0968795556105
-2.54122314685e-05
0.0716959400357
0.0752419473597
-0.0781195969951
0.0671132904181
0.0835404481041
0.126666489861
0.0867268231253
0.0172206570582
0.109635004245
-0.019923966514
0.0296346031732
-0.0338791288019
0.0122007240685
-0.021301315433
0.0142182520033
0.0574698244446
0.110111121302
0.083559154934
-0.0443816731985
0.0597204912917
0.0231882947719
-0.152756951812
0.0898554058684
-0.0498688568515
0.0806188527278
-0.000211989064558
0.00789025030929
-0.0114973922896
0.12931115653
0.126022768694
-0.0212769608942
0.119985257815
-0.0422662818959
0.00778799138777
0.13245135315
0.0368344136402
0.115256984734
-0.080261673648
0.0420136586383
0.0861808078565
0.0495389107758
0.0272587381813
0.107369238942
-0.0375192778087
-0.0139242074195
0.135343022846
0.0136161220008
0.0450633652534
-0.043624885295
0.00431452121081
0.00214713968095
0.0420798450205
0.0125163081565
-0.0791211252045
-0.0273656880532
-0.0306573279214
-0.0168140697766
0.0187021189242
0.0662587437673
-0.0409231937729
0.0348703469967
-0.0125114208828
0.0942616501089
0.0491586870973
0.0954022428472
-0.043133480341
0.125183970412
-0.0210671514474
0.0984370040364
0.120726521833
-0.0498679250569
0.0335671096799
0.0786313896867
-0.00591297515173
0.0126083844899
0.0368273299743
0.0265980215754
0.0707864749397
0.0408624732808
0.105857942225
0.0370237206676
0.0540947710297
-0.0463996477713
0.122277564999
-0.0304203624611
0.047900502225
0.0751755982452
0.114268619544
0.104690984411
0.0441910763928
0.00404453822557
0.0761441270165
0.131682009759
0.0495346392916
-0.0204941017019
0.00640690198571
0.0611846613737
0.00803091741073
0.0409437323344
0.104049297095
0.116355914963
0.00830869211089
0.0459277570691
0.0910639810057
0.061906155199
0.0605971490623
0.0791560060819
-0.030148396893
0.0700210235839
0.11035867518
0.0351501830297
0.0954282071977
0.0280425863875
-0.0289804371925
0.0909859274677
0.121791767677
0.0564027770124
0.056160810357
-0.00348448851205
0.0746720024241
-0.0499084607457
-0.0267734666594
0.115987029426
-0.0552457954693
-0.0432295475127
0.0229626267011
0.116481192848
0.0603887249383
0.0417798467384
-0.0102273323291
0.0840248797725
0.033377767813
0.0432730920515
0.0517941173604
0.131473310115
-0.0450178067626
-0.017252139633
-0.0204095059502
0.0597539426923
0.106341756793
0.0635190727909
-0.00290893870529
0.0336757430724
0.0155468555934
0.0366999881888
0.088342618392
0.100330205792
0.0356094951981
-0.0928192703906
0.063165594092
0.0292661226179
0.0228604114741
0.0847191750139
-0.0365075605314
0.0538358373239
-0.0776261127071
-0.0123120722345
0.0112796284125
0.0818905736156
0.101416206606
-0.00944461356108
-0.0363562997393
0.0940278848425
0.0629988899669
-0.11149691187
0.0800268920131
0.00103901739868
0.0957380507562
-0.00255813633805
0.129734432478
0.0810215547913
-0.000271807197572
0.100111592465
0.0814835714267
0.0340772727403
0.0982448191647
0.0445748528583
-0.0495119263057
0.108406894562
0.00994160846921
-0.00694210048597
0.0757969824454
0.0945029656553
0.0801985079024
0.0576935985571
-0.00736552641712
0.0237288062093
0.0456511324934
-0.0450480941239
-0.00580790382233
0.0928395673038
0.0395712919458
0.0647725117122
0.107700742011
0.0560843822986
0.0286506794988
0.0300621505729
0.0330698501828
0.0337687242944
0.118859270478
-0.0515284770849
-0.0381455058016
0.0579526095838
0.0330011164649
0.080777993176
0.01005468968
0.0564544388888
-0.0431329655835
0.0801192290885
0.0232956084325
0.0024249090999
0.10756195957
0.1083105298
-0.00673848757238
0.0552802199103
-0.00100280493177
0.0744059110813
0.09655543374
0.0441596591888
0.0777405480556
-0.0230568306311
0.116991135347
0.101734993986
0.0199108622426
-0.0764125901527
-0.0398190656143
0.109432606751
0.104064103588
0.121856861781
0.00564494830773
-0.00364372648708
-0.00541647184113
-0.0431967972787
-0.0394253979632
0.0625242496943
0.035358722078
0.0668250143222
0.116209794813
0.0438787943345
0.0635446498433
0.0925335664568
0.102096468754
0.112958803032
0.0336605447167
0.0266825669771
-0.00823519422586
-0.0259007610719
0.0297814985961
0.0428740030742
0.072762204897
0.0686280870174
0.0514613646999
0.0473753822269
-0.0253859018049
0.12334446745
0.0811511527873
0.0505782897086
-0.00758465817491
0.0457842708338
0.0447245114307
-0.0959953788374
0.0768474147636
0.05036387176
0.104445708574
-0.0565135444489
0.0191063289391
0.0660990016032
0.125009471046
0.116973575588
0.0528194223568
0.0766676344969
0.0983016682225
0.0461084585446
0.0738434938793
0.125964164499
0.0782730741881
0.0302661629964
0.0711619567303
0.0514598147077
0.13142009694
0.0727826878591
0.12936459736
0.109077028447
0.028735962532
0.0299751901909
0.103962077239
0.0177517423495
0.0850860079868
0.0907509006399
-0.0371082632067
0.0383340718882
0.121938241851
0.118280148553
0.0366195016555
0.0665265031491
0.0853132307814
0.00381142427128
0.0107995420702
-0.0701249723519
0.0778257205711
0.0523414302698
0.0432010141196
0.117375897348
-0.00297341449619
0.084764252629
0.0655546862858
0.126806932897
-0.0220476496344
-0.00459883718848
0.130042459684
0.0396011574055
0.0706718125057
0.0216953516381
0.0514358886259
0.123488528659
0.0329206927844
0.0531470998258
0.0474530800991
0.0448621754938
0.100385813579
0.0596649898883
-0.0338685853245
0.0872001927454
0.0306623297929
0.00214784840653
0.0713234762707
0.0677421462914
0.0305227921697
-0.0375056363891
0.0586501818933
0.0253766829676
0.111543746488
-0.0446746558493
0.0140224433689
0.121057991092
0.0768744254419
0.0251853117328
0.0623065327799
0.0202648919171
-0.0241332566262
0.0664802099789
0.082846756074
-0.087402231798
0.105973573726
-0.070938709922
0.030956259501
0.0435946864742
0.00166514929511
-0.0403821262786
0.0907333041178
0.113263422047
-0.027720603327
0.057872837181
0.0485766620698
0.0874985144825
-0.0194747080086
0.0666461846832
0.0616048199026
0.0417720846922
0.00669994040889
0.132954024058
-0.00906734516033
0.0406995475196
0.0599540668207
0.125712166492
0.0252794518529
0.0408475622907
0.0988208392747
0.0830422513141
0.0432466773097
0.140642988396
0.0528265720482
-0.056780366118
0.139316224304
0.0178077317968
0.0487547301817
-0.0527182200214
0.0264024443134
-0.0579507239955
0.00469239467014
-0.0528347089437
-0.00883925394697
0.054488405171
0.123265845979
-0.0486268924307
0.0342098861317
0.0700263393294
-0.0389502568003
0.11874662162
0.0488280054386
0.030107669883
0.0305433309581
0.0191295724148
0.0362649496702
0.0652723947015
0.0993618498228
0.110148726512
0.00531272286089
0.0265847343587
0.148625807134
0.0929451663898
0.107763613673
0.0761677735603
0.00880745489321
0.0683416681739
0.0353977955839
-0.0263206345623
-0.0102139922221
0.00771419449039
-0.00687554829178
-0.030556488621
-0.0322605244847
-0.00765021448055
0.100581037109
0.0304730809338
-0.0717192556437
0.0525677516019
0.0289768817751
-0.0698318166495
0.0487047881444
0.035198306582
0.0760530477582
-0.00742490658338
0.0551719763765
-0.00329196953005
0.0799799130292
0.124325307406
0.0643443802417
0.0748183952144
0.0873679407508
0.110681755585
0.0316646351859
0.111516711596
-0.0133734182198
-0.054856467981
0.103729091694
0.0763544701195
0.101494368836
0.0417956683451
-0.00227115441375
0.112394111771
0.0282084895398
-0.00394164488447
0.122246058237
0.0351500999116
0.0620138986561
0.0928805874268
0.035673745633
0.0577848266742
0.00597283570671
0.0127004211807
-0.027129199459
-0.0210954415577
-0.0381625753009
0.062965927075
0.093408069494
0.0555802814131
0.0363025814146
0.0705507060914
0.0508700637758
0.0711068023655
-0.00725859478699
0.0127045001385
-0.00112685294143
-0.0498200940416
0.0605537491451
0.0896913282132
-0.000840235865042
-0.0566500330494
0.0143425732511
-0.0042589308528
0.0749707845748
0.0374687177966
0.0232635345938
0.111820912607
0.0402708049615
0.00942698438293
0.0598929207128
0.0216655386892
0.120525207837
0.102285357344
0.119756418135
-0.0475371258822
0.102631418715
-0.0304731580249
0.0743273419705
-0.0860647233206
0.104534343252
0.120881385311
0.077512758787
0.0110958121828
0.100840313723
0.0223314925097
0.0495794094881
-0.0171114703267
0.0547187172768
0.0409054926732
0.0301240516362
0.0565917581373
0.0973256043594
0.0252913480321
0.123442310059
0.0977673789139
0.106974571022
0.0798346762921
0.118246735656
0.0702322947857
0.102951969745
0.0500944318314
-0.0239552543128
0.0706710752177
0.13946901274
0.0680028084153
0.0654634457232
0.124175808832
0.117397916988
-0.00249406490284
0.0962554958792
0.0932825952182
0.0488778065803
0.0625053141457
0.0987350087319
0.0404634359869
0.0133540434882
0.011431458288
0.0320802028617
-0.0641701536763
-0.0392065616045
0.0299552084796
0.0520719403867
0.0291063680492
0.077595259278
0.00899257286759
0.0512737891436
0.012667288431
-0.0519648499365
0.0144411975582
-0.0373042639652
0.0531271957491
0.0288008664095
0.105077373071
0.058212178547
0.0299056184071
0.0765086991152
0.0520872240168
-0.0513065415048
0.0276939953272
0.0601871585088
0.014011560671
0.0711705378986
0.0160385880009
0.0110355959626
0.0565752905521
-0.0706510258062
0.124080628159
0.113395760366
0.0213805786069
0.0350644457905
0.0234777173657
0.0718627062395
-0.070130224183
-0.0348334203393
0.00992762555819
0.0800473441152
0.00403671485762
0.0408592733582
0.0750896126613
-0.0389306214362
-0.0152280887274
0.103334379998
0.0698041072403
0.0750067898989
0.105940524013
-0.0410979802402
0.0513838418506
0.116914786441
0.0724783525191
0.0382013211952
0.0276734506172
-0.0241564435038
0.0270288923027
0.116756279832
0.0272143439164
0.100505460125
0.0966890170627
0.0871746158912
-0.0346219989541
0.108344222984
-0.0120484877916
-0.0148520942705
0.0359520066017
0.107314181177
0.0515907688707
0.0927913222793
-0.205104988309
0.0306903309513
0.112182910649
0.0952178041376
0.116714646706
0.0374161160938
-0.117677816671
0.0225727837361
0.0433085119344
0.130783125613
0.00854278753988
0.0358217053592
0.0242130354823
0.020979239835
0.0940600784238
0.0799915661923
0.0804979296902
0.0384570280478
0.014064968407
0.0805083455518
0.0282762633957
0.0447285886452
0.0409885982038
0.0940255143127
0.0782351474361
0.0822368527416
0.0598785450787
0.102627720343
0.0659929964656
0.026458031522
-0.0239129897231
0.112055409161
0.00613009488232
0.0899962128142
0.0473476910834
0.0283359049789
0.0888032919471
-0.120446651527
0.0357290462429
0.0807546863853
0.0998910690439
-0.0280647084233
0.0138817646468
0.111948140028
0.0240640128233
0.0963331192604
-0.0180654616269
0.0114303637968
0.0673312227314
-0.000576613031366
0.0354368052847
0.122550248663
0.0558544539679
0.1298679155
-0.0738381564076
0.0384315193653
0.0829974802611
0.0465463323367
0.120648599828
0.00029846996128
0.0942604211713
0.11903048142
0.0670894621576
0.0158304722056
0.083593913475
0.034232985885
0.0270602228324
0.042579477441
0.100423727933
0.0613974653068
0.0467572217195
0.0900657552404
-0.0192463727876
0.0420692815632
0.0213529863365
0.136646792726
-0.101827491469
0.0927879405124
-0.123701783243
0.0787709084753
0.0414189069898
-0.0357937966772
0.119421750614
0.118803792501
0.0111608147168
0.0499607133755
0.11682254611
0.0922835168268
0.129476141875
-0.0212751287613
0.0340071810703
0.119071570188
0.101774539293
-0.00365705165885
0.0900513783537
0.0464235572242
0.0139219397137
-0.078693693231
0.00573593687004
0.10630511601
-0.029450978655
0.0189175247903
-0.0655287834184
0.0371467739609
0.118719765433
-0.077913773478
0.00243489662328
0.0319976929659
0.0719896561129
-0.00545833016449
0.027985404682
0.114056727073
0.0359064122788
0.0320804862756
-0.00605423111885
0.0138935790504
0.127894599646
0.0211338746901
0.0695230241474
0.0324693394054
0.12198794655
0.0241272771882
0.129305528266
0.124639956238
0.0953916401071
0.0418632467893
0.113244910137
0.0748839545905
0.0850695216306
0.0184602740096
0.104119476473
0.013995370853
0.0132677370949
-0.0132299028573
0.0511396607433
0.112226177888
0.0976045696585
-0.0657045776846
-0.0516788230052
0.0331451013399
0.119747099469
0.0727765695664
0.00264342861
0.0770318778063
0.0836475823308
-0.0618917331213
0.0992468073144
0.0588721206385
0.0190880994439
0.0264552732563
-0.066579080386
-0.0110019318661
-0.0181577794074
0.0659769427341
0.0538696241655
0.00467883963696
0.0898785883804
-0.0256270087522
-0.0157701290991
0.133948569392
0.0948377645345
0.0658562525717
-0.0355411408321
0.0878256063215
-0.0503365286481
0.0348778806511
0.0675041237752
0.0310035923472
0.0727233912352
0.120035501874
0.104907998017
0.0718215665754
0.0767144420519
0.120173828285
0.125431905016
0.0467711486708
0.0545956679528
0.0543305652671
0.112232648276
-0.0354498069094
0.0181440992014
0.00945170699806
0.0150899282023
0.0841783700285
0.0475204768495
0.00328815257893
0.134095615861
-0.175895673166
0.0499258751031
0.0355393797136
-0.0138980069464
0.0708035319857
0.0563054055808
0.036517412472
0.0953449285362
-0.0151198052862
-0.0171163829881
0.119714284765
-0.00186523544695
0.109633912427
0.061006762443
5.44880299982e-05
0.0859471516816
0.0673778379716
0.0651066809731
-0.0167222547678
-0.00576383421034
0.123262592221
0.105871815023
0.0151371783613
0.0219367524112
0.0774562067758
0.125697924982
0.088316114202
-0.00771846775186
0.0899508938282
-0.0707510525914
0.0173587321371
0.0558632530537
0.0489064368376
0.0914531814915
0.0935468528908
0.0542612093916
0.133636770774
-0.0288309795445
0.110793247657
0.0909519466177
-0.0179956640555
0.000393714933399
0.0502908088035
0.0607950017575
0.000372751058711
0.0616909252051
0.0260589701208
0.00805790087601
0.0618789326136
0.0311571232107
0.0931297445617
0.0415407896465
-0.0322888483571
0.0838572386981
0.0479326682173
0.0969195036992
0.0560903427939
0.104735158883
0.054787726301
0.117856092606
0.0764533309063
0.0532643606528
0.0999379944458
-0.0088722205839
0.0396880682478
0.0997734110334
0.0963299534926
0.091311265381
0.0450092262598
0.056554940008
0.0776448026408
-0.0739902748567
0.0144541222156
0.00664888486332
-0.0201975251233
0.102740150527
0.0397531748742
0.117179815091
0.056392328609
0.0149593744238
0.0879903099364
0.106992271334
0.0470407637985
-0.0126934243965
0.0216684894968
0.0712001925837
0.124487638369
0.110940357105
0.0789677573865
0.0118338655589
0.0834500200923
0.050515751215
0.0328541195904
0.0939743564323
0.0767904152622
0.0539206525645
0.112528876519
0.115423619152
-0.0174320924953
0.0249473051375
-0.0251829485499
0.00909828770537
-0.0298608048551
0.0492974733154
0.0968947432073
0.0748998037671
0.137649757679
0.110003924879
0.0843892705435
0.0905573037943
0.0680148773334
0.104375377364
0.0539868109408
0.0309761564384
0.0833272617727
-0.0292567463806
0.0100689347995
0.0313492978351
0.0746452222832
0.112545066151
0.0815255135253
0.10587233198
0.0812915464791
0.0251677196711
-0.102907223722
0.0837757696033
0.127529978842
0.0173589627913
0.125924607956
0.0801645938207
-0.0468382541219
0.0412517878714
0.0376055042676
0.0627593905143
0.091977018021
0.0251471502725
0.0259219511989
0.0455417500282
0.0530109596941
-0.03201244586
-0.0138222258717
0.0491451780692
0.110354090206
0.119496788954
0.0611052441533
0.0374859177835
-0.0122407055498
0.00865974034877
0.0604935685705
-0.0930919542263
0.0629755267785
0.0445856691859
0.0451129940058
0.077469305288
0.0981239431386
0.0596332067176
0.0746830049342
0.0455716448077
-0.0354371476527
0.0999883662475
0.0792739014275
-0.0105947177081
0.0253452180551
0.0758146452019
0.00185587652716
0.0529396204247
0.0628334461682
0.080118237139
0.0535246847492
0.0397262801362
-0.0330964593691
0.027815896327
0.0778524799505
0.0358484520374
-0.0583228730126
0.132187182017
-0.00597248126197
0.0463337977994
0.0781091879869
-0.0388841273687
0.127195573008
0.0529933274472
0.0621881865741
-0.0773880363288
0.0276494027885
0.0297200375677
0.0767128012373
0.0814689765814
0.111501399555
0.0960535050867
0.0459614983431
0.000468716979795
0.108231310756
0.0753605486832
-0.0575997893076
0.0974072750731
0.0607665213774
0.0395338854453
0.0526905596936
-0.0121428470537
-0.0461427146958
0.0652235010662
0.0949316571848
0.0696862917371
0.0212351577206
-0.0466898564635
0.0663634224113
0.0162593899426
0.0423772290498
0.0926101167458
0.0358907141765
0.099324483457
0.0636433349543
0.0472254077178
0.0624818543323
0.0466964563603
0.101228682768
0.0789229800197
0.100620165142
0.0555571965294
0.0815745655858
0.0605345560802
0.0563229715294
0.0517607646327
0.0673036793174
0.0640923317296
-0.0598359788961
0.122269046152
0.0545702769398
-0.163260589268
0.137893439213
0.0619125879535
0.0891096272284
0.0472411355935
0.0526561485305
0.0278264861448
-0.0336274954573
0.0266903269366
0.0242997297486
0.0990810669953
-0.0542612028155
0.0512866807782
0.053129346783
0.0722287923749
-0.0284450439515
0.0455845697543
0.0681711116667
0.055967175234
0.0496938139771
0.042352784734
-0.00733375286842
-0.0342465257812
0.0391079071071
-0.0625722559293
0.043117978954
0.0321485643285
-0.00789712712461
0.126284636045
0.106752537905
-0.049491932864
0.10792532746
0.0146611988321
-0.0568232505641
0.0553699413959
0.0509362812819
-0.0530124037956
0.0361913489876
0.0735699379767
-0.102198974987
0.0316969008
0.0312233122535
0.0139279098933
0.013187992409
0.112139414629
0.136479162709
0.0978837124954
-0.0105999888446
0.0445751619032
-0.0221152936404
0.0486011017775
-0.00860368035962
0.103707607928
-0.0695518093226
0.0436303491672
0.0210739324741
-0.0372324284596
0.081457293366
-0.0354408038611
0.0972976945645
0.00224325478803
0.0884993421641
0.035760020591
0.13956758152
0.0979728500728
0.0228374147713
0.0187292524638
0.0437034855556
-0.0156244742302
-0.000896193905738
0.115091753489
0.0245099565
-0.0160156306808
0.0358694301117
0.0482835086757
0.0291581504324
0.0357866185511
-0.0482071431764
0.119043796349
0.0604894391421
0.121057846801
0.136713702941
0.0112860692471
0.0756411268907
0.0497310004546
0.0845616146917
-0.0293339280209
0.057932336558
0.0137894562123
0.122084837619
0.0946888961816
0.112494524251
0.0113011786882
0.0296892109112
0.0406235915367
0.0303691086815
0.0502623016964
-0.00541113493271
-0.0749259729724
0.0457809684012
0.0743787275457
0.0600065751764
-0.0189070856027
-0.0131337458861
0.00760025577489
-0.00788351381945
0.039216889654
0.0249759923707
0.0739617925703
0.0161151082765
0.10629111875
-0.0618780466072
0.043691465424
-0.0695234090433
0.0766058168838
0.0269635590716
0.0626261743646
0.0226637085525
0.0669749122582
0.0234688378996
0.0575496338208
0.02539999157
0.0749666192055
0.0295650906602
-0.0852816137274
-0.0030404503898
0.0348150600788
0.0888390174117
0.0191978639436
0.0140643109646
-0.000497471765836
-0.0589942956691
0.0252399102131
0.0351930891752
-0.0200159561323
0.104587124761
0.0154155745933
-0.00121641408359
0.0325844321981
0.0830675065936
0.0253030194342
-0.0407200221676
-0.0774920657553
-0.0407775386202
-0.0224526173805
0.0940503606972
0.0295411792369
0.0941287572612
0.0317765885949
0.0285664333706
0.0282696580997
0.0980108006256
-0.0352640436242
0.0656761735691
0.124784363419
0.0254749150887
0.0503867925184
-0.0471910089127
-0.0408810237299
0.0451383557232
-0.0747673066945
0.0375925286873
0.110143216064
0.0823112500497
0.0163823159496
0.115553941699
-0.0248277675329
0.092915220419
0.0808083493958
0.0397102351918
-0.0164930496687
0.0620881090998
0.0865672302573
0.0279260509341
0.0272475587799
-0.0174460290445
0.0276658298166
0.0600094590933
0.0413520400545
0.0227081499305
0.0715805862685
0.120427870235
0.0443281120434
0.0483880266155
0.126931052084
0.118373675158
0.0385593935771
-0.0096224519891
0.0669175812769
0.0064819642134
0.0951350617165
0.0568155946365
0.000755025581962
0.0168514048756
0.113415881954
-0.0551598609687
0.13815541421
0.00898817260455
0.0535568848767
0.056800550794
0.065725185202
0.0517307031781
0.0367747991003
-0.0233224016689
0.0445117853867
0.000439181684571
0.0642348064044
0.0486547114149
0.0628313393508
0.0407313339925
-0.0302905556298
0.0937097357546
0.122098365434
0.0949334849195
0.093344202293
0.0872754327838
-0.00707452357008
0.00119381164853
0.0839544914662
0.128944363388
0.0502899818807
0.0458455466294
0.10453532907
-0.0265511002213
0.0822275558494
-0.00141846044226
0.0070926704477
0.0325852429645
0.0462019286158
0.066529056997
-0.00526163802472
0.0758932480144
0.072074852128
-0.0170285015915
0.00882292601432
0.0560704503705
0.0839961292454
0.0442993460226
-0.0111594327795
-0.000266111754637
0.0874241635156
0.0405090348583
0.0743155470794
0.0494796621796
0.00447382887479
0.072055126665
0.0749490103215
0.038611754688
0.0921144382126
0.0919705033977
0.0360150891932
0.110317292177
0.0438080870379
0.0321716592642
0.0658177716221
0.0794890304
-0.0890877286782
0.0632273964499
0.127200161564
0.0724808073573
0.0869811359151
0.0259354715861
0.0442469641066
