0.0623337903569
0.0890097463985
0.0350505871208
0.0300087107378
0.0796299077408
-0.00104122157946
-0.0487680733059
-0.0238204434265
0.0482015661788
0.0756561660635
0.0828022253205
-0.00174400803501
0.0236655108674
0.0672817720449
0.0670452626544
0.0772381055662
0.0173754994795
0.0711015466741
0.135799612474
0.0778209726494
0.085901275747
-0.00633105368901
0.0488609923136
0.081345325171
0.00301282714566
0.0737825871479
0.0235021470124
0.0752333974608
0.0198851219743
0.0484796751486
0.0832542962809
0.0726671799644
-0.0590435109525
-0.00120257087577
0.129297396264
-0.0807386253958
0.00529509170284
0.117662077439
0.0984877505635
-0.0611663028592
-0.0216926144604
0.067253440786
0.0556169793334
0.038040018219
0.0628764112887
0.0588439394571
0.0217086760792
0.069683086288
0.111969532055
0.068317276978
0.00921647880375
-0.0291669650269
0.0769743829383
0.016672915005
0.0973341781073
0.0654951633697
-0.00914732902064
0.0347372945183
-0.0221991250983
0.00147705800822
-0.00948120583879
0.10625006112
0.0104731372639
0.11449612399
0.107959751857
0.0298331244459
0.10028425461
0.0392012386207
0.0855766838749
0.0224817624635
0.00313399722387
0.087390072321
0.125467482219
0.0385643069426
0.0315923630002
0.0258532199737
0.0438934575946
-0.00473324526197
0.011336944748
0.0740429003025
0.0151102445279
0.0548329072123
0.119837578705
0.0909900477406
-0.0217356358163
0.0382395646934
0.0435924917863
0.0385777021039
-0.0384356050241
0.00892419613272
0.0991996613256
0.0735711342179
0.0662231965963
-0.0255009746205
0.00850695310779
-0.011689040434
-0.0125223814346
-0.0651092300906
-0.00413991767793
-0.00570062422752
0.00653094642032
0.0449264197318
0.118824760688
0.0809922686961
-0.0193382517496
0.0641206418135
0.0497849224175
-0.0335864726485
0.117708176884
0.0559478711596
0.0233331107443
-0.0289286911618
-0.0193003120965
-0.0142942451005
0.0502228262386
0.0228243515813
-0.0208073745818
0.0866316536065
0.0319488199067
-0.114499244487
0.107493662984
0.0130698370082
0.121348449921
0.121123149736
0.0341777162425
0.00137325372371
-0.000313239149555
0.0514570054524
0.0514403849702
0.0238314060305
0.0889354814146
0.0402027038997
0.0558325542516
0.0212299765387
-0.0410503428258
-0.0910384213395
0.0719444341109
0.0703530792346
0.0813878596861
0.125841667526
0.00643025482447
0.068602590979
0.034918559141
0.0396973788961
0.00149947280239
-0.0388690396507
0.0589282865414
0.0655995378115
0.0876528740904
0.00517628509314
0.0915520128817
0.0647245519694
0.000949242888572
-0.0229677160402
0.0667563208832
0.00460684494488
-0.0534573389596
0.0806339492495
0.0221164205816
0.0590113073781
0.0486935798767
0.0439632541023
0.112687232615
-0.0362431287068
0.099372442237
0.048387912534
0.0501431943637
-0.0817109203597
0.0632169480563
-0.00848158776019
0.0538784981892
0.0329226435024
0.0717792640296
0.00329925938565
-0.00421105234012
0.062608928247
0.014305055758
0.0528892390091
0.111051541896
0.0592511684178
-0.0503308540636
0.0513406994648
0.0355281625096
0.104796546047
-0.0613453142727
0.0424378001913
0.0285846420674
0.018949726149
0.0655346045745
0.0952827601855
0.0655335397776
0.0160943894604
0.0550072650277
0.056731403224
-0.00561054857063
-0.00999487424539
0.121708658752
0.0393156963257
-0.0034627926023
0.146388211008
0.0861006375657
0.0375494950205
0.0494998277661
0.0272462925577
0.0909831719511
0.115921197876
0.030442549363
-0.0277977392552
-0.0726467782554
0.00451244322147
0.0997666791029
0.0276209326164
0.0894699014446
0.0414145941708
0.0885584547744
0.104121348459
0.0466577148874
-0.0476627011888
0.0452716535172
0.0974651247592
0.1035894902
0.10483411626
0.0373610210298
0.0791806593169
-0.0558765794872
0.0817819678919
0.0891709641279
0.0416331746032
0.0669197916767
-0.028393466144
0.069198715503
0.0526094249318
0.127638864014
0.0869972548938
0.0438521618066
0.0696614636201
-0.066193590283
0.0855933530289
0.0988145673599
-0.0269486507249
0.00366546930373
0.119299743423
0.10023247854
0.0635690063364
0.0995919644531
0.00619819271689
0.0727821834388
0.105474332473
0.0109417632494
0.0763425955775
-0.0184872583285
0.0965324010781
0.106745411925
0.0386649671809
0.0824692886857
-0.0150705202201
0.0482909240404
0.0865834133564
-0.0322615491795
0.113662242436
0.0437699315473
0.0928817313851
0.0181421944855
0.042236351363
0.0924365488361
0.0414331723749
0.106613496275
0.088616230336
0.0768230112454
0.121049814241
0.000483715133115
-0.0374936761607
0.00624386858441
0.0226622914831
0.11363922622
0.0165759198257
0.0937715799134
0.0479513242436
-0.027870723315
0.11010198505
0.0272492277093
0.0633960146172
0.108761827632
-0.00329078359789
0.0424369704949
0.0277824861246
0.0410531894103
0.100639020436
0.0920420475836
0.0630634006473
0.034966583381
0.0719323077573
0.063338932989
0.069010798505
0.108226412412
0.0868724323569
0.0995719889259
0.0772743681942
0.0608450389655
0.0533827351513
0.0181919201312
0.0496588895868
0.0819806459551
0.0712295955526
0.0485954929431
0.0489413712575
0.0781609059172
-0.00505979570992
0.100642071818
0.0634456961093
0.0844794795959
0.0284960443338
-0.00276575330076
0.110520373625
0.0855841788812
0.0617753034351
0.0735575549671
0.0825086770125
0.0551761112782
-0.00503592031358
0.137024188417
0.0111077851911
0.104520453739
0.0122967818947
0.0808999350144
0.0440197694907
0.0502503153556
0.0664520439368
0.0982387225298
0.127589666606
0.0983881781933
0.0350577760943
0.0874391767454
0.0160491308789
0.0703157829032
0.0249875967705
0.031503316439
0.133502098802
0.0693214615757
0.0699839657404
-0.0482304306747
0.0589158554502
0.0364298569939
0.0351470793946
0.103566928128
-0.0180908305132
0.0971763209497
0.0275030953948
-0.0183400364272
-0.0568396864974
0.120270893743
-0.00495644212735
0.0373619260164
0.0342378082023
-0.00138158779002
0.0574751665896
0.00721945541612
0.0200066620366
0.0883710447119
0.0584454864691
-0.0939944362565
-0.00225270153564
0.0389583156771
0.0487267230943
0.0910202636015
0.0354196335671
0.0398285859243
0.0757413510444
-0.0596451644389
0.0459133481872
0.0858920630348
0.109542932672
0.0101569096107
0.131144820594
0.0584600137985
0.0886257305293
0.0522463704104
0.111395187983
0.0286953423305
0.0724644659058
0.0759849335608
0.00497339169718
-0.0637178543645
0.0458626126156
0.0860773360664
0.029921512719
0.0746005512754
0.0307185009691
0.0886296907106
0.0446417028776
0.0247176848759
0.0622692052529
0.119492128481
0.00505893638926
0.0221927941785
0.0201683647544
0.0541328423846
0.0458320793492
0.0589744528417
0.110508526566
-0.0105490205909
-0.0336549348808
-0.0383780650217
0.0977926390804
-0.0310514840054
0.0385446530396
-0.0390975290635
0.132964847542
0.0420482799887
0.0113629012019
-0.0286770208091
0.0911771119958
0.0792906672391
0.058196438457
0.0951070349177
0.0632863216001
0.0799527834794
0.0389670656927
-0.0610251414529
0.0540743871131
0.0113637989943
0.0289710967405
0.0108878490273
0.0465553566401
-0.035590033944
0.0374655423444
0.00412012758667
0.0565595006975
-0.107976490456
0.0621893866568
-0.0185683887042
0.0839966017203
0.0238776562522
0.0970037764369
0.0882083164599
0.0868802213347
-0.0122686899905
0.0644596988041
-0.00267348823004
0.0576074385769
-0.042508746175
0.0588675531166
0.0133263656809
0.0980213737855
0.0695725385876
0.090535784794
-0.0815747737794
0.118476301718
0.0136942148415
0.132875732006
0.0924072426965
0.0482988428151
-0.0977720528606
0.0982923790978
0.038141551815
-0.0838214798552
0.0500829015028
0.0696031140271
0.0927529327457
0.0503167035884
-0.013968018562
0.0499265046421
0.0829817915499
0.0264172787099
0.0250593213747
0.0793232798308
0.0982772521306
-0.0263582541319
-0.00355245386548
0.100404380895
0.0770655254576
0.0491172318742
-0.0130664009024
0.00300706131357
0.117904931717
0.020007256275
0.107057767346
0.0477828996652
0.103725036049
0.0869536208142
0.101532971364
0.00984116043212
0.0795602995284
0.101132116227
0.0864038561677
0.0176909066031
0.0709010312501
0.0863235390954
0.0365973790527
-0.0125015048164
-0.00792675773446
0.0982586449621
0.0541826687326
0.0834375424854
-0.00165266237767
0.109024553375
0.10548552808
0.0529256221932
-0.00866138360836
0.0917270841595
0.0687019641904
0.0830520610948
0.0389633476782
0.0943873647249
0.11464377003
0.102164992117
0.0603702212709
0.0770233492588
0.0386367208235
0.10014466792
0.0218629581819
-0.00522796471637
0.0770193383915
-0.0426039703272
0.0812405407209
0.0149608243446
0.00633724510785
0.0573791136075
-0.00866428225249
0.0890893367644
0.0725764373673
0.0719320919517
0.102936891627
0.0897515864546
-0.021184140104
-0.037108942926
0.015225017109
0.0767130631107
0.0924398412061
0.132631211992
0.0974359863709
0.0276062024266
-0.00983119446634
0.120580470235
-0.0345298350678
0.0787832369841
0.103882198137
-0.0267834446545
0.102502374257
0.100134567355
0.0950487181743
0.0351077822517
0.0526943108245
0.0483841951884
-0.0224660684833
0.00228929687122
0.037365562502
0.0159534671446
0.0934129643418
0.0436343431245
0.122701926818
-0.00503011846055
0.0179868404004
0.099303454498
0.043657412869
0.0867239976093
0.0741477815195
0.139285550372
0.0513712345319
0.10704507496
-0.0463296059273
0.0422624983909
0.131753431628
0.0779097759728
0.113218958717
0.0557767184576
0.0827432186551
0.0100982791723
-0.0444231817091
0.0361478338952
0.041707473488
0.0937067276609
0.134649780361
0.0109453794875
0.115053220774
0.0699519590918
0.0759696307769
0.0564547798864
0.112631926251
0.00595722218672
0.0400003027053
0.0130339960353
0.100609369883
0.076231173452
0.0954849717771
0.109667560399
0.0680618808114
0.0201502532854
-0.0487372158509
-0.115108363846
0.065955426379
0.0485474680559
0.0339743851497
-0.0273661213652
0.0335362181599
0.0533271197417
0.0356080560639
0.0617134201561
-0.0642705287816
0.0650364830643
-0.0497114386449
-0.069028693061
-0.0472896029121
0.102992574793
0.0396503462095
0.0489666115843
0.0597136187298
-0.0638685255895
0.0309040458388
0.0535290481955
-0.0146209487209
0.0969908679662
0.101414881264
0.063308438188
0.013037125662
0.0966149708649
0.0694282131622
0.0273136978975
0.0220380732733
0.0602490033272
0.0542001503256
0.0202884767689
0.0884042804914
-0.0368944131431
-0.0307466078731
0.117709297243
-0.000611003844767
0.0537313428192
0.117688139202
0.113747833801
0.00366673068311
0.0462503719637
0.0754166244222
0.00875221281441
-0.0631697313293
-0.0793877015116
0.0527129319444
0.0235118918317
-0.00849071331603
-0.0034658401718
0.113861026822
-0.0480841490744
-0.0532615216028
0.140772063389
0.022528802329
0.109507990743
0.0645407628558
0.0865085268379
0.0763610495453
0.0236939207224
0.0604867797042
-0.0219265328975
0.0752523059481
0.0967987396014
0.0749454408367
0.074629537431
-0.0900812277003
0.115789275493
0.0233093461091
0.084118117913
0.0356351930608
0.0950826959988
0.141901222959
0.0918507467067
0.00387764163351
-0.0432748067388
0.0572181481365
0.0864859232117
0.106176163138
0.0552560424506
0.0424103435792
0.111610152492
0.012525483823
0.0276003346449
0.0114265363821
0.118380918231
0.108108241539
0.029056845474
0.0925168361776
0.0352801591187
0.0371910514205
-0.0356375375725
-0.0965873094249
0.0939981283011
0.0655968225411
0.0181170884985
0.091202287448
0.00295086841435
0.104618292442
0.0679814398057
-0.0178751694551
-0.0140752779503
0.0811610566151
0.0215111167875
0.0396876782722
0.0733808645882
0.0969938490866
0.0610028063795
0.0616036383351
0.0845836569745
0.0420717500933
0.0862282943405
0.0834801136509
0.0390529488604
0.118053164056
0.0838200798732
-0.0491020153763
0.0665217650207
0.0144731681874
-0.0272178064698
0.0421525609251
0.0212642166405
0.12945871983
-0.111524028964
-0.00240420876015
0.0587168502743
0.139357993935
0.0857718910577
0.0356757123042
0.0361551330042
0.0547453513877
0.00657064690522
-0.0293345184774
0.0761755490847
0.0960551630908
0.065458843467
0.0248341505577
-0.0158174448744
-0.0118673222932
0.0244373795953
-0.0105298892249
0.0598363345322
-0.0489459931748
0.0600498884525
-0.00703905422303
-0.0190232411231
0.0419111699541
0.0915185031274
-0.0106233538873
0.0267445353542
0.0526344392151
0.074855383003
-0.0154986870812
0.0680289875571
0.0827574414133
-0.0206710984635
0.0992623053297
0.0845416325173
0.0676096708412
-0.00513782919073
-0.0271864251581
0.058576729521
0.129301671894
-0.0374869153202
0.00966740129497
0.0250666888012
0.0803193032647
0.0553007069841
0.064708116968
0.0591708095081
0.0244497975962
0.083068616935
0.0871923175325
0.036143963967
0.091789990892
0.0259613040433
0.104249995236
-0.031003801874
0.0767565945577
0.0421682440102
0.121560060861
0.0269453169495
0.0749189910717
0.0412635602373
-0.0191001749376
0.0762047219154
0.121045560978
0.121848460879
0.117527399244
0.092889552362
-0.0619004273417
-0.0116261001715
0.116819812003
0.0108308653108
0.113726046468
0.0416975009243
-0.0416361982641
0.0737640968464
0.0861948417203
0.00198152200535
-0.00597405343573
0.0137725785381
0.0498241507612
0.0681526614812
0.0546268494249
0.0846391410756
0.0513867619074
0.00603229553781
-0.00216581912245
0.0556178344388
-0.0328595121816
0.118045115156
0.0417516355805
0.0713864577748
0.0741270011682
0.0534750095766
-0.0445755692631
-0.00708382736752
0.0312255753267
0.101145545642
0.099953571185
0.103868303406
0.0636095506458
0.0434800543708
0.0508933125043
0.10010470425
0.00474316646979
0.0818042080466
0.114350666267
-0.00381310800977
0.082637770559
0.0384137269684
0.100034945233
-0.0554317794663
0.04322869657
0.01656416908
-0.0200051739052
0.0499845478958
0.0176183475177
0.0404523738052
0.062126669431
0.047738117547
0.0648658502226
0.0781077550789
-0.0416929351114
0.00505224841887
0.0872623469969
0.0332448824163
0.120167526317
0.103814043305
0.101766529626
-0.0141668417645
0.00646251848867
0.0420523846406
0.0248883948414
0.122700868723
0.0653488945484
0.11545065309
0.00411119649972
0.0244526162678
0.00685963692699
0.130909776155
0.0705977858608
0.126057676089
-0.0157381514127
0.108653648018
0.0821761586213
0.0459381482557
-0.0119498896959
0.0350990329969
0.101339727531
0.0201340637939
0.128652266519
0.0591104591113
0.0281160276774
0.0907407700581
0.0285944665524
-0.0632752036636
0.133550390402
0.116903782317
-0.0378472792977
-0.041088130133
0.000668954054037
0.00468402744237
0.00403868418509
-0.0592735718799
0.0506132618443
0.125618006772
0.0424767795437
0.00387261189348
0.105311082075
0.0460841686266
0.0262425709313
0.0760157937865
0.076956369895
0.0674969728696
-0.0621017895287
-0.0259056958201
0.0870657355257
0.00340147110031
0.0851154772994
0.124853692641
-0.0175102598948
-0.0290823245218
0.0287332311396
-0.0425896713545
0.112998381416
0.0876203090453
-0.0927647643561
0.0960776774511
0.0901602136348
0.119893046905
0.0799096467179
-0.00355576798181
0.0221630445604
0.115127840679
0.101478778453
0.0490776771956
-0.0660294698695
0.105883804379
-0.0258283461987
-0.0816656571719
0.0949947425366
0.0957345269625
0.133636055598
0.132937203455
-0.0173209682076
0.0661214932079
0.0782023289035
0.0248360979679
0.0903013476627
0.0599607387852
0.0228368365146
-0.0217181094146
0.0853338372818
0.0460563614299
0.0733646459452
0.0636337006239
0.0642019802246
0.0759434532036
0.0408050942821
0.0488879904675
0.110225016582
0.0590407720059
0.0196870428343
0.0678021794779
0.0612905744967
0.0535018248227
0.063548800809
-0.0399705833873
0.0218938293305
0.0797799736475
-0.105960026323
0.0569088907649
0.107756180929
0.123787023124
-0.0135221302456
0.060352394963
0.051653577134
0.0493719423243
0.0418365337615
0.0106257969344
0.0895414641084
0.0246877197566
0.0283873491584
-0.0290545729724
0.0517071431254
-0.0197067931166
0.106189848648
0.0176711963424
0.0864985556534
0.0476561141425
0.0288519325062
0.0575958769619
0.00554984955072
-0.0165918908381
0.0356180016661
0.0588590012206
0.104997978356
0.123549100917
0.0634641585047
0.0336835563969
-0.0960529718879
0.0745768514624
0.0917122187409
0.0461463639112
0.0795010534149
0.0904052070847
0.0869477682952
0.0566971081618
0.0584270777472
0.0204989630324
0.0805117079209
0.0771353652318
0.00714943462274
0.082719280564
0.0347269060548
0.0562169473032
0.0982627076101
-0.0151810226419
0.128579511882
0.0808505468168
0.083727535629
0.0272460891945
-0.0401370251093
0.0448708918709
0.0808369333817
0.0266332546864
0.0150837827211
0.00419021199719
0.0677206982055
0.1016670765
-0.0733503471994
0.0636379581795
0.0328883902856
0.00607253479014
0.0691535213284
0.0340613852232
0.0785327689387
0.0886309311024
-0.0145312041374
0.0332989970543
0.09338833616
0.00121835791646
-0.0176920885184
0.0218402917364
-0.0100477113298
0.123890313101
-0.0837461179109
0.114077085951
0.0704431632052
0.00488661238074
0.124506266753
-0.0526283831572
0.0481838730046
0.130002410804
0.123822039725
0.0682921524618
0.0918275929487
-0.0220938102808
0.0693350045464
-0.0152007296776
0.0111699318824
0.135312317028
0.0259645701152
0.0152007889255
0.130661642655
0.0148456375359
0.00400309618506
0.118903259404
0.100983038464
-0.00465884568235
0.0679777689573
-0.0342956770774
0.0856912373646
0.11250826576
-0.0926734950143
0.0029045873894
0.0181019829765
0.0434418967335
0.00272549517411
0.0989897206223
-0.034078945266
0.0604135971898
0.0176755355462
0.0324506682583
0.0765119089054
0.0135198418806
0.0729510268648
0.0438780768558
0.066785144104
0.00932992067384
-0.0357817988685
0.102506752718
0.0530217519238
0.00479430198339
0.0909946496514
0.0345622208066
0.0648457387964
0.0260321836597
0.0639256502505
0.0283396737662
-0.0470158274454
0.0753401863371
-0.0190961425938
0.0577246674026
-0.0200494755696
0.0595301143297
0.0537124713114
0.0266446104768
0.021606904552
0.109513576205
-0.000574962210893
0.0137880401802
-0.00479571655555
-0.036750116667
0.0868715469062
0.102605528447
0.0643563586949
0.0804521096552
-0.0216346494442
0.115085553805
0.00863740616127
0.0735156724493
-0.0919691279205
-0.0219924553313
0.0518069800616
0.0184565136068
0.0321762532429
0.0716541644834
0.094730366478
-0.0328863279327
0.031938439375
0.0340217509298
0.0144409807342
0.0485857741763
0.0922524313516
0.0929357156701
0.0131731915255
0.0792282814514
0.0290093863355
0.0116289102792
0.0826515989233
0.118041320808
0.0516887788289
0.0496993629274
-0.0027523698087
0.0836528870866
0.0583011002642
0.118578757838
0.104154573798
0.0684514795352
0.0326025921921
0.00785548419595
-0.0655354592944
0.0464030772147
-0.0230039620052
0.0275251588384
0.049850088696
0.0801723120715
0.00826741417534
-0.0485553902575
-0.0802632609719
0.0352629857937
-0.00717977654981
0.0877257608891
-0.010965845089
0.0349671657943
0.0834053065957
0.0878884524353
0.0321004181891
0.110203536408
0.0462736199023
-0.0419579732378
0.126071258893
0.0413807831658
-0.00706774229146
0.107629039665
0.0198559974454
0.0867870621931
0.0452235380274
0.0582661456085
0.0502388543195
0.0335020608694
-0.0382702038664
-0.0110655055485
0.12823115098
0.0329363459182
-0.0429904815794
0.0067937723898
0.038797452708
-0.0536726069813
0.0667581722832
0.00751905453132
0.0976959366681
0.113532881878
0.06118920564
0.0382403735254
0.0205142396099
-0.052586825128
0.0396108986585
0.0232778963653
-0.0442920123272
0.101594172952
0.046902754376
0.10692098468
0.00437215846608
0.042413054589
0.112535199904
0.0141866033894
-0.017854157307
-0.0322593350574
0.00145483208139
-0.00238118756011
0.0476024701132
0.0379876014584
0.0495700369155
0.100022175977
0.084631094094
0.0450201376999
-0.0344592322964
0.125032891516
0.078239083929
0.0748330535376
0.111341655838
0.0556124357615
0.0193681737457
0.026633717443
-0.00728247109519
0.117763206886
0.0049890987025
0.0809787468689
-0.02835277929
0.066588987103
-0.021780935076
0.0490702060483
0.0400671262346
0.0999569454791
-0.0193311163741
0.0435731989604
0.00212054348632
0.0311897153559
0.0800341070161
0.0574429020958
-0.00305570062104
-0.0317647721672
0.130429471993
0.0151409576258
0.0903352665674
0.00280524192809
0.0498129823433
0.08478168801
0.0475584662618
0.0446784849933
-0.024528392125
0.0759203561249
-0.0632347780545
0.0460947685141
0.0544527907528
0.0326954138736
-0.0437949798309
0.0786898574427
-0.00293137842101
0.0848293951981
0.0691747560335
-0.00805835344249
0.0987487861467
0.100145530162
0.0665183248127
0.0657857404605
0.0164404507556
-0.0340043583018
0.0111931160738
0.102178067876
0.0526848537198
-0.0945183887928
0.0183674177595
0.0303287224401
-0.051055198586
0.0891781380768
0.0725021103236
0.0722831685295
0.0568646289019
0.000890073075704
0.00170270403846
0.0671679951105
0.086864138668
0.0821857871961
0.0421686078618
0.0376773451539
0.0356184982811
0.00284840665719
0.0509905309093
0.0350886244379
0.134586358222
-0.131335434864
-0.00451370492403
-0.037390234736
0.0757630160196
0.0168745839203
0.0995565065006
0.0501169968362
0.0765595493406
0.096059022024
-0.035381488526
-0.107342523953
0.00802305549493
0.0661606084743
0.105091145168
0.0877905210327
0.0362888650817
0.0927154778883
0.11718518696
-0.0821235613622
0.0677579212283
0.101445170724
0.122958686573
0.113335857332
0.0291009748097
0.0828285537592
0.0554165582934
0.0163012750571
0.0947902092304
0.0240970709191
-0.0502874817359
0.0533430913417
0.044716385943
0.0448103476467
0.0636609277721
0.0303388861887
0.0690198785658
-0.0505228951646
0.0177832168827
0.0425873850587
-0.0163111049176
0.139323378543
0.0295149255692
0.0170855706368
0.0471101849744
0.0919159226946
0.0596885515502
-0.00368312100465
0.0484573071136
0.0538574888566
0.0407904353064
0.0614621164871
0.093437138427
0.05320313147
-0.0463644882927
-0.00640569188849
0.0762613035084
0.036345451111
0.060509297851
0.0167328081258
0.0535212490955
0.0714418241143
0.103408894752
0.0535332051619
0.0638374537289
0.0295687294774
-0.0276904089718
-0.0610801851644
0.13605397084
0.127420654366
0.0504011877905
-0.0623178877221
0.0971892526281
-0.0235333724752
0.0352829881015
0.0473547072417
0.020691687701
0.0348408360089
0.000370835298428
0.00811514095648
-0.0841590180489
0.0654346356862
-0.017861775915
0.102851248215
0.0733932791769
0.0758026327437
0.055226612653
0.11103257235
0.015221308598
0.0314190641904
-0.0712732564163
0.0642865893911
0.0353802177678
0.0131582874376
0.0250140102055
0.0526159599549
-0.0295049540963
-0.0385147671594
0.0838954597719
0.0647639701355
0.0423973134712
0.0630725058058
0.0705856830667
0.00486210948893
0.11690647393
0.0200203605309
0.0146145323482
0.00828254131772
0.0581549450917
-0.0242938248975
0.0532477205845
0.0606602201732
0.0587735737564
0.0763108190973
-0.0381250325833
0.0491866294052
-0.00202704935316
0.0177607923751
-0.000349988854163
0.0595609457989
0.064885453236
0.0768917736947
0.0342035574196
0.0486324075733
0.0820744313573
0.121872512532
0.0387261422659
-0.00163891991828
0.0781911503798
0.0332633766631
0.062846590241
0.0311964019295
0.0966590028607
0.00127176609399
0.0883953071171
0.0287358878615
-0.00830595527335
0.069312276433
0.0484606203659
0.0924685353255
0.0180125704641
0.0104197610431
0.12730744762
0.106271329697
0.102718070953
0.0140445589996
0.0455513820948
0.0447219744482
-0.003553924032
0.125456250067
-0.000620063593736
0.0723049726477
-0.0492912704317
0.0695618828354
0.0994495861143
0.123423273624
0.0393132950605
0.113297750991
-0.0296340217247
0.0466221957739
0.0401719526604
0.0801401381521
0.0135587701751
0.1183506019
0.0738993719209
0.0654056861616
0.124813798221
0.112692028119
0.0500194851839
0.0620150151624
-0.0665937527816
0.0818024651754
0.0278418971432
0.073278230979
-0.0338151523992
0.0733178010817
0.1246055558
-0.00908203108922
-0.0516808941196
0.105996361613
0.0898347130208
0.0710215775041
0.0189145471459
0.0180295393829
0.0417103673053
0.108120434191
0.0361550655206
0.0765800643508
-0.0760633980939
-0.0195205268581
-0.0157853526518
0.0736329719831
0.00951313483852
0.0910351883107
0.113285310802
0.0284887951198
0.0658190975771
0.097108726009
0.0573860758509
-0.0146929718308
0.0929761872798
-0.0518600784232
0.0251909783148
0.101729199243
0.103553637793
0.108613426385
-0.0214776899631
0.0834566263658
0.0401527025277
0.039412179116
0.0737216716216
0.0908429501924
0.097700584999
0.0385676226353
0.0748577447432
0.0459965449235
0.0204408136059
0.1041948146
-0.00606439533561
0.100250063277
-0.0211665379803
0.0201384677812
0.0453938022908
0.0471191881478
0.103988539639
0.125360647771
0.115518720382
0.00645669886205
0.0188334567317
-0.00153730489741
0.0099426207695
0.0109256543161
0.136269515446
0.105792617254
0.11495549876
0.0244495241072
0.040408802019
0.0338173113355
0.0765758579845
0.133161416767
0.0123096301738
0.118727688234
0.0925432311587
0.0967281710275
0.0540819327534
0.0580427360992
0.000829940820248
0.0255848778818
0.0720948035428
0.029904129299
0.100094894905
0.0953813747928
0.104902387314
0.0971844952451
0.100905647033
0.0129158171736
0.0685114216387
0.0526370339927
-0.0396792250954
-0.0367145126428
0.0754063608718
-0.104743733058
-0.0190210647098
0.0598974099291
0.100090535706
0.0385940936428
0.0150094792813
0.033306886834
0.00260927761347
0.0679823560972
-0.00746672273195
0.105903834307
0.0734930192618
-0.0240256370795
-0.0183900215595
0.0217840396989
0.0958720957236
0.0578032847788
0.0279937198729
-0.0527144718309
0.0642897892363
0.0235183309381
0.0182547265589
0.0220903406349
0.0295960920814
0.00388512597667
-0.0182682529563
0.0835923947452
0.00257152389792
-0.0898806977604
-0.0168894728834
0.102382987852
-0.064601752325
0.0161294492002
0.0802610449483
0.0347277823337
0.0897894304807
0.127851566797
0.0777040697817
-0.0096910512741
0.067717223777
-0.0167920196318
0.137937853029
0.00725442286513
0.0166203366497
0.101839618703
0.0865921397303
0.0561358302847
0.110528690203
0.114542288438
0.102453534755
0.0401099647114
0.0351192723606
0.0680419321116
0.0140108098498
0.0820249594969
0.0663747169678
0.089910365895
0.0502413807602
0.0200388684175
-0.0572852400658
0.0622794842713
0.0640844188016
-0.0304395414571
0.0959847133721
0.0446255799429
0.0645045694269
0.023029939714
-0.0528616280804
0.094532817794
-0.0124218236787
0.0753798006468
0.079276203514
0.0917274538422
0.0727959279405
0.0781358283788
0.0865091011071
0.0838030316257
0.0205616744593
0.105805315162
-0.00193874284263
0.0557652968504
0.0548621043951
-0.0610541629166
0.08520055072
0.0712892586333
0.0565301077806
-0.0552412088169
-0.03702230564
0.0519977702608
-0.0114004926846
0.0302025799571
0.0255632070704
0.0183830921814
0.0573370228294
0.0730724496846
0.119589642885
0.122283805588
-0.00728131599945
0.100323901248
0.0835419540407
-0.0544154091941
0.00238101162315
0.1134397105
0.0376870029621
0.0756603202599
0.047532945705
0.0752363721943
-0.0162834325473
-0.107654893246
0.0484063279496
0.102766267013
-0.0562421343555
0.0216683746002
-0.0522691281258
-0.00466446461453
0.0367984373377
0.132874026956
-0.00810369802802
0.0846843697224
0.0316602383662
-0.0418546225771
-0.00127750801749
-0.0719545959409
0.0851783478808
0.00706928017517
0.0950476580445
0.0669913817239
0.0348761713665
0.0698852887757
0.10069493876
0.0590185971569
0.0634479684644
0.0340561587787
0.036169599946
0.128039652162
-0.0236016009148
0.12613588711
0.105982620664
0.0493098590454
-0.0207801864204
0.0666865501586
0.0418637443985
0.00408987588427
-0.0404738320882
0.0251540136088
0.116551847541
0.0528049283851
0.111310248319
0.0019414273594
0.101522430612
-0.00150400040075
0.138673956598
0.114358039977
0.043408229231
0.104521230126
0.117682972037
0.0667288605732
0.0564673383598
-0.00942846755146
-0.0109827138562
0.0102239938505
0.0548680698859
0.0820259291743
-0.0397600669057
0.0230621892839
-0.0206523813016
0.0741666501734
0.0801403314884
0.0380076837339
-0.00643720276492
0.00408339619396
0.02896149068
0.0728779943879
0.0366156059121
-0.00403562599841
0.0205637926171
0.0363624274618
-0.0548906940364
0.0546796667447
0.0333056051966
-0.0207364929525
0.0810497774015
0.0536011459409
0.0607696257003
0.0580162900825
0.0466487711432
0.0700290130112
0.0934710025514
-0.0349137658957
0.0702455484029
0.0213652734915
0.0869306597309
-0.0244694797144
0.032695311399
0.0641529287595
0.0868124808407
-0.00599239006706
0.0512009819237
0.104613931552
0.0296030936882
-0.0251695654413
0.0322964433811
0.105962317721
0.0235528006986
0.0654999700874
0.107735121199
0.0659431803418
0.0843285862115
0.0791912069456
-0.0228820085054
0.121197843802
0.0359546451934
0.130273197038
0.0562673760141
0.0848554084248
0.0463000568402
0.0106252739862
0.00813108569039
0.00229371057094
0.0612362395021
-0.033363241778
0.0686365102871
0.0486238483059
-0.0882278893523
0.0578738402001
0.0598463685143
-0.00069736518409
0.0859447918407
0.0217542582756
0.10647612421
0.000505989466124
0.0338331876906
0.108224105928
0.0124731022658
0.0568074103359
-0.0111387514961
0.0651173206992
0.141452415013
0.042404990827
0.0799895499042
-0.0268293229495
0.113349571148
0.123472959777
0.0776232616446
-0.0156684294958
-0.11045955522
-0.0762849316314
-0.00164738072906
0.0150568562367
0.111725071668
-0.0156588644561
0.00792932183679
0.0648710216344
-0.00352134759832
0.0554690407152
-0.0603437214046
-0.013636496693
0.0904117951842
0.0251857609004
0.0729182966816
-0.00727981586094
0.0691087426559
0.0578406259017
0.0616615200832
0.118716026297
0.0321777765374
-0.00246165045367
0.100568486913
-0.0123921718817
0.00819232277492
0.117215089505
0.0286908789294
-0.0107421109744
0.0348101253654
0.0174454070649
0.0797609811717
0.0960503924744
0.0668928352901
-0.10201071431
0.0460070377258
-0.0200955638048
0.128809529108
0.0910708036115
0.0964149603121
0.0689228650368
0.0209990985679
0.0361138427977
-0.0363230892321
0.0350482905077
0.127404807486
0.00812251421153
0.117338938918
0.036475292175
0.0712046618717
-0.00308094017248
0.00868957654257
0.051565349502
-0.0253707261427
0.0921840427172
0.105405299388
0.110143057305
0.0377524599696
-0.0331128699997
0.0652240545554
0.0957914932275
0.0241109074074
0.00641280076089
0.00996324182188
-0.00343226539317
-0.0354381223116
-0.00130925401757
0.0794324127342
0.0808224872453
0.0208582153441
0.0915676192269
0.05669392029
0.0490605018725
-0.00768424955798
0.0422524582021
0.0971111043209
0.0607619438609
0.029018965151
0.0185617223507
0.0310399522266
0.141459879289
0.029500168666
0.0761542900621
0.0990520473187
0.127151424005
0.094445178795
0.0643413365498
0.10695488945
0.0139894561901
0.0534501452785
0.0769404101161
0.0533482348979
0.0579445549181
0.0633627399454
-0.00959251345117
0.00370353304011
0.1194876127
0.0390102987368
0.00986742810183
0.0536764905672
0.105759913173
-0.0048942462132
0.00711725645641
0.0616635137701
-0.0112745385991
0.102628456762
0.0539259312845
0.0276761011861
0.0132792698273
-0.0055200347261
0.0426192956218
0.0686766150295
-0.00167038384057
0.00204493234518
0.0864868989999
0.0462923670261
0.00811822110927
0.059555128056
0.0687873475452
0.0596106961251
0.0963128670569
0.0254737532375
0.00150831621376
0.0043667246819
0.0624688785332
-0.0151370311102
0.0443808142769
-0.127031737219
0.115976715841
0.055683823381
-0.000587549402695
0.0614064358802
0.0690682227141
0.0900368210921
0.039594921429
0.0343172249869
0.0528679457728
0.102021925066
0.105729712614
-0.0106705424758
0.0744570646258
-0.0725861936626
0.119375317509
0.107764880993
0.108175497622
0.101867533852
0.0270422736015
0.0869286684492
0.0943461848841
0.0651860141757
0.0468959009841
0.114164799555
0.10806507342
0.0102902022665
-0.0847780791853
0.0180101307484
-0.0127291299235
-0.00223376708716
0.0866815769198
0.0827874270993
0.0926601898863
0.00124700266703
0.0565894299645
-0.0169273293867
0.0938166969388
0.0327036547623
-0.0398699978052
0.0337068217444
0.0329814461575
0.0371249802185
-0.00347250064451
0.0965539149686
0.00105004479928
0.0981464725302
0.0426600509344
0.0324377515798
0.0439915032396
0.0792373843212
0.040832536067
0.0754915507785
0.129804149627
0.060230973622
-0.0332664263813
0.0573734469714
0.0293780760947
0.0146909640488
0.00502510503866
0.0175580029587
0.0172655651008
0.0615767696619
0.121842896378
0.0920096080369
-0.0333981707902
0.0233888013426
0.0202833715752
0.0698604323468
0.0588291478513
0.00681172680109
0.105627509958
0.0159839754567
0.0196923206443
0.0611866647043
0.119679819917
-0.0112936480143
0.00189003104895
0.101628034353
0.0975471548744
0.12815530989
-0.00956156434844
0.0570070713014
0.0347445401979
0.0136266090289
0.106843343357
0.0502835128328
0.0508282142385
0.0966209075165
0.0576424730924
-0.0367992812707
0.0772137283311
0.120143131901
0.0334896505768
0.10027788867
-0.00106955732188
0.0406353270783
0.00624431254804
0.0930053874299
-0.0472299499851
0.0726186667933
0.137130676096
0.0272743416998
0.0454417247526
0.0424010044939
0.0900370351634
-0.0290837379454
-0.00466793415368
0.0605218870683
0.076413536915
0.0106519139657
0.00809689973555
0.03772020707
0.0375418881734
-0.0418912018223
0.044169005357
-0.00452420910051
0.12922500047
-6.96185911071e-05
0.0801317852086
0.0784532775365
0.0502763070642
0.113693377405
0.0694852735887
-0.085980940892
0.0804534849604
0.0756822006762
0.023325557778
0.0908176992907
0.0305301748836
0.0366976146221
0.0497297736214
0.0251740311083
0.111684059313
0.0628799683695
-0.0611209594869
0.0862344962226
0.0608918120418
-0.00554955368787
0.00413734262901
0.00980443973808
0.0925028252803
0.00766782033186
0.0482314918402
-0.0191671859015
0.035094527156
0.0197654822383
0.0878592648613
-0.0159108409457
0.0428243418416
0.103481703816
0.113926695652
0.0633514035008
-0.0223672413505
0.0338223135558
0.0323056354393
0.0549053492344
0.0275468461688
0.134727953043
0.12896129299
-0.0293717638275
0.0101336782876
0.0292311957956
-0.0410746891323
0.101506975343
0.0446073411985
0.0694496571699
0.0251915833835
0.00452030539871
-0.00807970937006
0.00555875032266
0.0401192518737
0.101379695193
0.00621440276183
-0.048991216646
0.00373418219205
0.125297379696
0.0496353570882
-0.0186939563889
0.073992411678
0.0475048195718
0.0519431786566
0.0620129114954
0.108267798041
-0.0381668534432
0.107606074599
0.111659660136
-0.0524922213228
0.087356834262
0.0848506881276
0.0172933932158
-0.00769787571803
0.0556135762174
0.00936269909512
0.131241235739
0.0977110395762
0.0441865728179
0.0652518256695
0.0415131059008
0.0167571363616
0.0194400765026
0.0313340212499
0.0556509467184
0.0875827919769
0.0517999002976
0.0461752004827
-0.00285199626435
0.0667862417375
-0.0190145505702
-0.00139996604442
0.0230672020895
0.0197299267825
0.0873121965033
0.0472492594699
0.0872716349934
0.0701955432056
-0.0342507908571
0.0898606544618
0.105801844492
0.0851823145329
0.0324768726212
0.10911822867
-0.0200702648344
0.0491875823821
0.0337424852593
-0.0296962018731
-0.00305150957761
0.0523325422926
0.0254891096322
0.0932649963685
0.0225353451023
0.0572537142959
0.117550628629
0.0817070984464
0.0982387732703
0.104116641806
0.0747355079616
0.0290973601163
0.0419332628079
0.0294898233073
0.143103933167
-0.0525665098512
0.0351590941889
0.112730593635
-0.0489785997893
-0.0430461498909
0.0307631839484
0.0570594735668
0.0761197633789
-0.0139611751854
0.070821699849
-0.0950855629839
0.136254661649
0.0508371052868
0.0998980113415
0.0197957686464
0.084981424167
0.107047693856
0.0934994446214
-0.00163793576555
0.0532496655976
0.063313714218
0.126502985131
0.0568354489282
0.0892573194874
-0.0424175379003
0.077820214077
-0.0554442868667
0.065948407026
0.0802046018572
0.0316161272089
0.054892466397
0.0675403333846
0.0796572333944
0.138928826338
0.00400353173066
-0.0520790270494
0.0190651265736
0.0245045281549
0.0788534327567
-0.0164729562338
0.124754516444
0.0808410245895
-0.0153790549131
-0.0111724319319
-0.0121826597914
0.11479486679
0.0873570075318
0.0401852607484
0.0868816748048
0.0805548224005
-8.24469653864e-05
0.0348582722473
-0.137697900152
-0.0195583185138
0.0211031089597
0.106256444014
0.0553166172517
-0.0835022567043
-0.0313846585987
0.0664576891925
0.0327319773146
-0.0276072486552
0.0645625844146
0.0697697351708
0.0531039684682
0.0418514542578
0.0187925268631
0.0588136957806
-0.151643929983
-0.0160251009767
0.028351903056
0.0488162198508
0.0615809774371
0.0532015635541
0.0952534490928
-0.0255181097474
0.0498495887451
-0.0331128299541
-0.089330461734
0.0637974104427
0.00202909069369
0.1158819982
0.0513797932411
0.130610070842
0.0240697588243
0.0437090424847
0.0608544193292
0.0666010430748
0.0963720201478
-0.0546042952667
-0.0121055458618
-0.0347624241594
0.0967749563129
0.088651329991
0.0619274078347
-0.0684787485771
0.0175513857655
-0.023400377644
0.146367144458
0.0422403921776
0.0915875963668
0.0420200641453
0.0354637451341
0.0557306058436
0.0688107006751
0.0766996173959
0.0778758493486
0.0524492242296
-0.0416584365652
0.0926121505536
0.00354693299642
0.100723651929
-0.0298621374458
-0.0146224637991
0.0590092924549
0.0719251702181
0.0560632997441
0.125653827559
0.107823851846
0.101212102623
-0.0267521522286
0.0140127691225
-0.0557397821877
-0.00812758585301
0.0192585827033
0.0570843636328
-0.016743887971
0.0841508332139
-0.0177555051046
0.0429149248838
0.112385752886
-0.00219075922007
0.022912001617
0.0153357865217
0.0250904584561
0.0184718186905
0.0564737148211
0.0520124142069
0.0863963333629
-0.031344646654
0.0335027456898
0.0877345535387
0.10725046128
0.0136234242964
0.0710308050437
0.0266111228954
0.083620562977
0.058858892621
-0.0227490371018
0.105326509696
0.098247938944
0.0656410124858
-0.0312322873763
0.0874854068519
0.0797009240924
0.0817356908449
0.0878214874982
0.000333300970444
0.0133282922393
0.142311383484
0.0550073712019
0.0338363131045
0.0851870853555
0.0602698646514
0.0954056916207
0.0175790497126
0.0192531088407
0.00241978762585
0.0701398719823
0.0856113672797
0.0871414867853
-0.00513778236212
-0.00267736569994
0.0225214882726
0.108067582556
0.0887337748865
-0.028160464376
0.0846318610186
-0.0444133549631
-0.000400241980639
0.074239899811
-0.042923261115
0.00740524286733
0.0715589494079
-0.000175073039983
0.0772401709206
0.0508597847019
0.0461540821475
0.0690015728059
0.08521200836
0.0428805300754
-0.118209018541
0.00730061659683
0.0161864975558
0.033116867351
0.110336043601
0.00349357372057
0.101845666363
0.093508208329
0.0567207377595
0.0962701516463
0.0262949383125
0.118407549179
-0.0479008783293
-0.00285857927548
0.139284030912
-0.0157844169185
0.0326883696585
0.0853490228968
0.0893038750862
0.0504534055488
0.07454151001
0.00282073095324
0.0561988442861
0.0350960707692
0.0637691548434
0.00866730444234
0.0432840288453
0.117214484632
0.0108888014551
0.0230574532615
0.0124719990082
0.0265491696691
-0.0454006681911
-0.0721312971728
0.135835914674
0.123550695839
0.0669373661064
-0.0666291852228
0.110320817424
0.0480345465724
0.0478145599935
0.0633585701103
0.0536545952507
0.108471551541
-0.00285523228411
0.0624313805349
-0.0105820698621
0.0687249082233
-0.083645976106
0.100097102662
0.0111058980598
0.0671933966838
0.00611917608309
0.0413077874989
0.0431333075578
0.00486521930923
0.100164944292
0.0568562178486
0.020220371376
0.0643480799451
-0.0101720644631
0.086693339116
0.0753828496411
0.113261326143
0.106419849848
0.0335380722984
0.0554418115323
-0.00660815551073
0.0346154475888
0.0492021716284
0.080976526117
0.0767964085383
0.0431432282249
0.0642848540085
0.0569162102084
-0.02389417662
0.00845420203165
0.116326802509
0.102213826492
0.00789271164582
0.0816075321568
0.0376487979948
-0.00030073758203
0.0430233958848
0.0595813925478
0.0665464258007
-0.0197806700028
0.0753410303077
0.028912006034
0.0679356657204
0.05034139712
0.0117198043255
0.11309374138
0.0332766058795
0.0366731464611
-0.00561039448595
0.067175956907
0.0865227040872
0.00461390448366
0.088838813364
0.0615890027702
0.0589052115305
0.0854005676304
0.104528226279
0.0979580482158
0.0154807750169
0.0116958508809
0.0998121995812
0.0732174115021
0.0272675980104
0.0635514392093
0.0765973705599
-0.0220917931206
0.0973137918041
0.0186569142139
0.0561634162608
0.0409211031535
-0.0171899082896
0.0590641604583
0.0196654750738
0.0366889302981
0.0608147346064
0.0219620765067
0.060546468188
0.0418580307964
0.0537555463878
0.0679078662994
0.117176604362
0.0408765858119
-0.0102867632879
0.104314504893
-0.0139704174904
0.0639956263246
0.0682650291778
0.0451639118916
-0.0211257877839
-0.0510119387675
0.107731387664
0.0941465920727
0.053209392984
0.13446697535
0.0365782074489
0.0785807547701
0.0193277464409
0.123637490144
0.0714284767868
-0.00759329608318
0.0310568853292
0.0243465181557
0.0724587791827
0.00367285144227
0.0950356819104
0.0764200843161
0.0406355401073
-0.091381962137
0.0246027329703
0.0206697990354
0.0505041912328
0.117596031293
0.0213405691371
-0.0656038367224
0.0597066887589
-0.0831679422527
0.0960949238037
-0.0350277456063
-0.0664846190182
0.112342160861
0.0677281927262
0.00900670988918
0.116267126331
0.105685704209
-0.0122104632941
0.113398251849
0.123889369355
0.0541474713441
0.0666947571552
0.126069916191
0.0109725993322
-0.0187421172647
0.0221225662372
-0.0119511868871
0.0576879773446
-0.000521138562563
0.0260551846814
-0.0305640480166
0.0914560409975
0.0769835833867
0.0636885708232
0.145958698588
-0.0184044240475
0.0251899887316
0.132580243713
0.0473922210558
0.0171877950381
0.0550658636663
0.0359941637407
0.116241648403
0.0337447173369
0.0961930888597
-0.00640597207482
-0.0291561053573
0.0707384070387
0.0528469773357
-0.0355540696264
0.0869291312009
0.0451587575415
0.0900211668058
0.0171823258346
-0.0262850404195
0.0284140201383
0.0836682236947
0.12371328356
0.0455473870281
0.079756333548
-0.00892942759608
0.0313669414891
0.0920939028997
0.0219993910339
0.0960655376703
0.0217500105646
-0.043864327798
0.0363661030875
0.0351783991149
0.0367447926562
0.0525322643403
-0.0304282402672
0.0238892823823
0.124881739613
0.0132960522495
0.0376891621805
0.0659627119177
0.0690286410005
-0.0362670207839
0.101940029705
-0.148428706849
0.0810790303559
0.0182910945507
0.0539561314577
0.0943444817408
0.141149785195
0.0787714164985
0.106183155923
0.0399654158953
0.0443655167255
-0.0519458857923
-0.0137905756732
0.104408624553
-0.00712060612305
0.0541636835555
-0.0147800546029
0.0642067371328
-0.0232323001748
0.0652935990267
0.105635941593
0.100570519774
-0.00831126249071
0.0298660295839
0.0518567103015
0.0860015157063
-0.0518085047569
0.0520990856723
0.0133313683266
0.0815822738907
-0.037459429497
0.00583891542682
0.0161221945601
0.07755954156
0.0380390964621
-0.0505844240715
0.0814502013567
0.0882504405028
0.0072201825032
0.00305880335799
0.121994865037
0.0211397815489
-0.00527158458492
0.0827390598967
0.0499334344039
0.0829397223389
-0.00616496173562
0.0516385582351
0.0911560325219
0.0955143824565
-0.0389910750872
0.0501697731376
0.0368209410362
0.0817623733785
0.0788423479621
0.0814585737178
0.0270067763341
0.0468060211705
0.0845073363193
0.0466808386896
0.0834645387488
0.0513025681101
0.118346012861
0.0399279540703
0.0458839815964
0.102246152174
0.0773833545773
0.0375906655077
0.0628570768221
0.0686246752628
-0.0272289564349
0.09809802144
0.090012140384
0.00839319651856
0.0174176839321
0.0345448260472
0.0597270696232
0.10113187791
-0.0127837331903
0.0624608567212
0.0898316066188
0.0418331514589
0.0496842005888
0.0320145579244
0.05294339888
-0.00762902835061
0.0600139164781
0.0139036074244
0.0916125190472
0.0997389656916
0.074859744002
0.0301962377779
0.0247520453706
0.0689399517704
0.0251970074124
-0.0087394971161
0.0507005716464
0.0855236667314
-0.105567835498
0.0471150369861
0.122826909934
0.0714999488649
0.0716730237731
0.101315929591
0.0508289762751
0.0198158269601
-0.00666694040752
0.0243565994659
0.0682859808337
0.0279948465115
0.126569439971
0.100344524017
0.0978537091163
0.0651495791462
-0.0788594091849
-0.0546184856137
0.107045671366
-0.0360340582932
0.0106033403572
0.061477351393
-0.00448060886382
-0.0169648760543
0.000117027842892
0.0772380303837
0.014802444349
-0.0278437296848
-0.0108076156571
0.026747041559
0.0765792670236
-0.0301358086787
0.0482160763717
-0.00146722057647
0.0990488465926
-0.0221622468686
-0.0286344846252
0.0711563331388
0.115804758977
0.0555429397634
0.0218746648897
0.0785645478312
0.0585000807287
-0.0182064096416
0.0555340372022
0.0697691883404
0.0139111973818
0.131804483474
0.0347987945244
0.0310416008678
0.0865270423042
-0.0584857047306
0.098990422776
0.0533267548695
0.0185857813801
0.0204770631993
-0.00491153495324
0.00874423832352
0.0886792194916
0.0526364117938
0.102367960506
0.0280101435887
-0.0292504987792
-0.0491146055497
0.101131130321
0.114058444391
0.0584963488478
0.0335272567217
0.0353504084192
0.0821085551738
0.0312161548597
0.0188595064345
-0.0104711268697
0.0805986232078
0.0209266673778
0.0696804364565
0.013865498569
0.093501873491
-0.0479620576409
-0.0205148227646
-0.0851920399221
-0.00031181371121
0.0154722527723
0.0964661817383
0.120710794831
0.0926015945589
0.0534865837545
0.0877330469242
0.0300463865321
0.130410688542
0.0734935798557
-0.0112316372054
-0.0168550344248
0.0122223908287
-0.0747894708002
0.0506092865052
-0.00574599491951
0.109330609275
0.0515085325225
0.0417244650485
0.0504912740167
0.00844733357287
0.0752408272086
0.032800562865
0.00203846861186
-0.00200263035929
0.00225868475306
0.03454524733
0.0233686839152
0.0249409982982
-0.00615787826492
0.01226295024
0.0462846907246
0.0188562497461
0.0527083596825
0.0121407482914
-0.00660681837094
-0.0896645464184
0.0578932573824
0.123087675189
0.100307647689
0.0387065598653
0.0549173617597
0.039911733605
0.0273363666451
0.00694954326655
-0.0106808678669
0.0547797545618
0.0680860740813
0.0432571418098
0.131904008662
-0.0182687301917
0.0895985757428
-0.0187962610593
-0.062829880244
0.0192140731414
-0.0809646725262
-0.0219339405892
0.00321345475198
0.136580132407
-0.0144604645704
0.0316857287984
0.003222696988
-0.063189340308
0.011678131595
0.042518046056
-0.0542883090327
0.0403146586714
0.0598830040792
-0.0564246692571
0.0685079356908
0.122694185392
0.123668967046
0.0135037417868
0.00894577538208
0.138972385943
0.118535686172
-0.0949175282229
0.116004372143
-0.0214888826574
-0.0403055587728
0.129657357418
0.0826435074296
0.0637344679869
0.0724045851816
0.0326204271958
0.0326891496846
-0.0661295945327
-0.00101936583738
-0.0354556716887
0.00783377903523
0.0218513763645
0.0827598898142
0.0256661443575
0.0641077161191
0.0817693140143
0.0309867248395
0.0856927991746
0.0312332495178
0.129441579681
0.0492921910493
0.0801233798912
0.0755928490004
0.0298887460484
0.0335778948087
0.118805967322
0.0232903655314
-0.00715306687722
-0.0807102938792
0.0104692303031
0.0799399395288
0.0172887173824
0.111329906824
0.105476518328
0.0116484549272
0.0430775943118
0.0844308735062
-0.0188869850526
0.0960573355001
0.0136818785057
0.113291890345
0.0673323294127
-0.00519044596535
0.121980854766
0.0333324021735
-0.0504731652651
0.0840004004833
0.0404238025769
0.0285831122488
0.0706864643339
0.0519115663762
-0.0211108422434
0.0596703902499
0.0537281098076
-0.0759422203118
0.0899682404217
0.102131387531
0.0553410962899
0.00284486995374
0.0277651824723
-0.0963255619723
0.04148902251
-0.0378280772323
0.121958889824
0.06739851346
0.0445786178272
0.0577217305159
0.0964114083328
0.110190462915
0.0159062083291
-0.0640596230763
0.0520150432675
0.116246487889
-0.0481433340245
0.0893259192396
0.0697427002445
0.0684632034821
-0.00898957129301
0.0998384790011
0.120000452808
0.0284772258087
0.0909554183594
0.082440368483
0.0389682148524
0.0125875839359
0.0742157091997
0.0142473064667
0.0676035261217
0.0277478665226
0.0848289713554
0.0625940122496
0.0231182751554
-0.0891692482458
0.00468914025116
0.0848888233052
0.0260456514998
0.0814633599654
0.107130470531
0.0195795653317
-0.0777696038689
0.0402967258074
0.0262154875828
0.0200204595309
-0.0472795041278
0.0603479478016
0.0773171686851
0.0523618474049
0.00620969432392
0.0710287401773
0.0812356394118
0.0300179371112
0.0612884112944
0.0359819361134
0.113507375866
-0.0017692802786
0.0624253843532
0.089840469809
0.0273720349273
-0.0254280801845
0.0529921593798
-0.0312171137053
-0.00990752480747
-0.0228146063797
0.0672828860668
0.0799580951172
-0.10765030744
0.0233478856898
0.123046155082
0.0742831932483
0.103433563766
0.118496483526
-0.0172194659807
0.0900652763944
0.00786116057225
0.122814762786
-0.0183210966592
0.0182167066926
-0.0169840780981
0.0862235128104
0.082649422258
0.0335566802319
0.0948425721743
0.0870746658988
0.115013795908
-0.0101358783712
0.0280616994598
0.0653224710558
-0.0249474549012
0.00271297949617
0.0520065386645
0.0324663140177
0.0715916652957
0.0300904149992
0.00225479438451
0.111220301188
0.022809038168
-0.00456579314985
0.0242812318392
0.0772622201447
0.0420897456792
-0.0197620285854
0.0428897979845
-0.0662793416458
0.108046942836
0.0198915926337
0.0111366793387
0.115471705007
0.123566629108
0.00418780255528
0.104222692903
0.0820760980955
0.0389914706559
0.13225466891
0.0536726442068
0.0674341919676
0.0456264321418
0.0521479418072
0.030436323634
0.0732278072028
0.0280547334504
0.0225976706982
0.0688733712892
0.0534436077356
0.0693505579961
0.0436034082015
0.0742315240442
0.0921853512183
-0.0567753337245
-0.0161750973139
0.066049275331
0.0678885687966
0.111573189449
-0.0376947858441
0.122709213597
-0.0185178410629
0.083154158262
0.0748341477569
0.0675280784364
0.0392316438492
0.0432049151116
-0.0485349487169
-0.0975782017411
0.0376503306929
-0.103791210483
0.0263947035177
0.0610957998175
0.109386553382
0.018170498024
9.95619925579e-05
0.0661531722372
0.0836153961033
0.0989497209394
0.098730176632
0.0911663300697
0.131658203369
0.0447627227746
0.0443027915453
0.0469788244713
0.094217177362
0.0543962321952
0.0186970226402
-0.0701073567406
0.042336052189
-0.0335054525624
0.0696105469957
0.104564474459
0.0668658790582
0.00586319206792
0.0657787085958
0.07328276708
0.0638076244873
0.072421288883
0.0641970479791
0.0162424527679
0.014621644925
-0.00618701648225
0.077715294111
3.91193938345e-05
0.131941467828
0.0781552880194
-0.00234099125936
0.0350219628152
0.00180621564071
0.0692163660372
0.0823567511226
-0.00362039841232
0.0962645826731
0.0341153165069
0.0583076822471
-0.111492090802
0.100799224855
0.0155458930962
-0.0492699928636
0.0628329399535
0.0976822754857
-0.0129569159066
0.0283404583543
0.068342587604
0.101500595649
0.13353868556
0.0873542082819
-0.00428401067062
0.096549704904
0.00192287774106
0.099851344844
-0.0682811341806
-0.0686786012723
-0.000436268601327
0.0173687201339
0.0433098884927
0.0617798916517
0.0900771544421
-0.00298495673609
0.0494984864743
0.0442670248854
-0.0235534094543
-0.0105651266883
0.0752837413347
0.133557688957
0.077285998012
0.0751443287249
0.0627913645628
-0.00729046625165
-0.0380812042795
-0.0412437185278
0.0683594974314
0.101367568407
-0.00901284516381
0.133893559117
0.0377899310961
0.0711619137578
0.104711682693
0.0703285103485
0.0549112823725
0.0457945556125
-0.0397569920598
0.0118354034355
0.0329203530946
0.051576598297
0.109403018596
0.0976308507835
0.117879113842
0.0485899366055
0.0558963999486
0.0844477423516
0.00625954614879
0.0617758041929
0.00649398006247
0.03104386603
-0.0307300038958
0.00713496790598
-0.0542414761808
0.032237176974
0.0064655711624
0.0775652258363
0.0206158177584
0.0996063420374
-0.0481857105029
-0.0339428599508
0.0633234663499
0.0275708948882
0.0887746868893
0.109077232514
-0.00748856489941
-0.0218076713099
0.14060346242
0.0756579054149
-0.0121463958559
-0.000733931378839
0.0978331476397
0.0242978075208
0.0398551838854
0.041117640751
0.0766643502913
-0.0534539146196
0.0972772289437
0.111430257413
-0.0644822453401
-0.00990732363384
-0.0431039714118
0.0268135764896
-0.02590973885
0.132860982302
0.0205869105482
0.0780008013914
0.0780299041806
-0.000281511560047
0.0397824846044
0.028915012832
0.0537076367075
0.138802768251
-0.0376710475124
0.0159942255739
0.0366219117024
-0.0792276419528
0.0437124020875
0.0914280893032
-0.0485186574081
0.0399283816368
0.114637313028
-0.00714424980124
0.116649205779
-1.27626159223e-05
0.0605758732122
-0.1488275879
0.128006918604
0.0784266934438
0.0814429511735
0.0770823723441
0.0968832303726
-0.0213247462703
0.0766369876331
0.087538156433
-0.00630310301129
0.0396231984322
0.0182134768524
0.0639727456746
0.0308311749287
0.0603477009157
0.0769496409943
0.119924101234
0.0978507903939
0.0218750596332
0.0327618816433
-0.0120776460168
0.126740582633
0.0946040427866
0.0394337061569
0.0903310535015
0.0701668320648
0.0666019975897
0.088422271452
-0.0219791687091
0.0418819048304
-0.0912212521946
0.140106926512
0.0996696171161
0.00780381088133
0.0997615744888
0.0860828156662
0.04554454757
0.0441680281186
0.0857935235552
0.0794045201095
0.0588632742665
0.0404927221452
0.0180512260756
0.13110229933
0.0939735515748
0.0279813865098
0.0172282580334
0.00174600409456
0.0667202301655
0.00251025189226
-0.0950308496782
0.0778355773127
0.069315928314
0.00997707370877
-0.0265728328147
0.0728215446049
0.0924609627496
0.0981606764313
0.0469109090834
0.0285343222622
-0.0189078116747
-0.0244407996707
-0.0615881464179
0.112138372101
0.0733940292675
-0.0395029195185
0.0209023395898
0.0979526628199
0.0461903191151
0.113943538738
0.0293040271508
0.114512696849
0.00379953140789
0.00473338039705
-0.0474920769432
0.0592220081577
0.0188901847414
-0.090422813258
-0.0148839406552
0.00267518546118
-0.022806029223
-0.00932095580312
0.124718535977
0.063985269149
-0.0495762031165
0.0830699607663
0.0107120016043
0.0710146920091
-0.0738819495288
0.104304210372
0.0410094579803
0.113552625755
-0.0423963772857
0.112524260448
0.0695587463602
0.0989229355042
0.0820879492911
0.0549804715596
0.0562190208574
0.0162791431315
0.0842219000598
0.0362359152678
0.00401935972352
0.0578170170299
0.0837775968731
0.118485304524
0.0311352860901
-0.0609110770834
0.11546945553
0.0123351917857
0.045549261526
0.0547029904017
-0.0562534824595
0.00497231927732
0.0259587999651
-0.0729830928593
0.0766734262566
0.10636812305
0.0665240810898
0.000190802224976
0.133046334562
0.134144927644
-0.0398147238275
0.117283476556
0.0100883141527
-0.0511638828233
0.0282074099245
0.0208002319722
0.0640202161253
0.0812887525259
-0.0471981699282
0.0856228683689
0.0391682471702
0.0674272986301
0.0351599290515
0.032643318631
0.0590871668446
0.0419948444369
0.0936383505492
0.137835109942
0.0971065315243
0.0298485362022
0.116980310781
-0.00855590840198
-0.01869463247
0.0740017718988
0.137100397758
-0.00356193281199
0.0141109963226
-0.0349302585476
0.0123411548881
0.0441113699893
-0.00649449865514
0.0168291282272
0.0187024917303
0.0697957395029
0.11854417024
0.0766538947141
0.0701389299087
0.0756700507145
0.0982781305926
0.0812127012123
0.0909203200477
0.0259388618781
0.0686565427956
0.0657231251139
0.0382305999344
0.0324729302525
-0.0503512303909
0.0376552216687
-0.0248465120506
0.0376260395539
-0.00394058684733
0.0490358409017
0.0137016003713
-0.0228801035806
0.0434901359704
0.0262853204087
0.0961521589219
0.0762990302712
0.0988303487918
0.126237564855
0.092215307343
0.0962858268495
0.0385214688581
0.036926098216
-0.00655983394174
0.100939987598
-0.0144085409324
-0.0046708066075
0.0055504197205
0.0745531947741
0.00558903132342
0.0344525314145
0.0877329875577
0.0590079956619
0.0978333922648
0.0664992102522
0.0982622434396
0.0470425713969
0.00714341749107
-0.00903547049019
0.025780498472
0.0573751888838
0.0141436399218
-0.0161565359873
0.0084436788102
-0.0406093690676
0.0785915199909
-0.022645374953
-0.0091432259757
0.0723997147001
0.0463281878778
-0.00396304309639
0.0602457307448
-0.00732909500217
-0.0269750262039
-0.0340205022005
0.122146441683
0.0801936625244
-0.039723104765
0.123768419917
-0.048759304511
0.0846028377266
0.0774828978242
0.132889154572
-0.0731236039828
0.0894486620736
0.104898312771
0.0827957552517
0.0128808909311
-0.00850307283566
0.0397453783151
0.108611826962
0.0739680524244
0.0394845627099
0.020497098042
-0.00292969022751
0.121980126356
0.131214804278
0.0795353748581
0.0264408198908
0.07156347179
0.100477385615
0.0750871026844
0.00792025816088
0.0325403476806
0.0401673463457
-0.0335280535169
0.0906406748584
0.0975900837315
0.0843559835215
0.0430805934512
0.0579482808923
-0.0486607849234
0.102019707011
0.0498893581364
-0.0338936483388
0.0507861812511
0.0115415231411
0.0697090456298
-0.0480027995798
-0.0286148717352
0.0949974412773
0.0344398173613
0.0661195032328
0.0663984253548
0.112629580084
0.12112619739
0.074000429194
0.047004252918
0.00635158013851
-0.0135354377919
-0.00209885321287
0.0450503203545
0.035121462493
0.0500299155357
-0.0185128380531
0.00468508271029
0.0265883564071
0.0166092365778
0.115018853754
-0.0825287542448
0.0781431093912
0.0317707066159
0.14707204462
0.109714213191
0.00702419089286
0.0770356718846
0.0458531019212
-0.0110465987589
0.00607442228358
0.0836064397592
0.0368012126027
0.0928128389352
-0.0203069398848
0.0202312301158
0.0264141426993
0.106047026634
-0.00519085558812
-0.0299856204166
0.0367333459426
0.0367528398216
-0.0269707621372
0.122641648642
-0.000835722226325
0.0318769519609
0.129452555013
0.0507328659229
0.0496917916523
-0.0115847567381
0.0138866361315
0.0582184902586
-0.0125031422235
0.0620233973787
0.0625480724469
0.102354064433
0.037706638999
-0.0182536270482
-0.0313646423176
-0.0523538712129
0.109880014405
0.0850075405385
0.0584028014349
-0.111028700678
0.0672722798401
0.0655687698998
-0.020305117033
0.0539961184154
-0.0323558193481
-0.0110069008937
0.0319186173131
0.0942503001244
0.142021141054
-0.0896008167834
0.0737774631032
0.00256188046717
-0.00158187697612
0.129013356897
0.0477794598245
0.0669895513255
0.1270700506
0.0842399476763
0.00444437396268
0.0609232702536
0.0594827253176
0.0967252341544
0.0247435458543
-0.00992012260038
0.0608226570612
0.0830269598881
0.128660809496
0.0680552662185
0.0450652911154
0.075447275236
0.0114171386359
-0.0176307916678
0.0865566493091
-0.0641616935759
0.126130708734
0.0385093264558
-0.0600506186691
0.0756257276621
-0.138974193867
-0.077031105505
-0.0274094446759
0.0872711701303
0.00711994781632
0.0627325892472
-0.0822694391579
0.0290187401729
-0.0135401582868
0.0237681164278
0.00553614514315
0.0302048774534
0.117848819603
0.0806675949722
0.114838808277
0.10084811913
0.0344358603601
0.117722241146
0.0444974029186
-0.0150442063484
0.092481309719
-0.035516388929
0.0866475496805
0.0215008760935
0.0499763464841
0.0124352501815
0.0294963136089
0.0382533053441
-0.0114159016063
0.0747798226238
0.0413271330386
0.0836895180659
0.0467292966006
0.0868317902303
0.0585831832404
-0.0390496958883
-0.0197620939192
-0.0485801416214
0.0900196357029
0.0801969977723
0.111130001119
-0.018314206578
0.0463150665153
0.139245836831
0.0517099974047
0.0255109563557
0.0445836518159
0.114381909868
0.0486332833268
0.101848482726
-0.00378215039959
0.107656192463
0.0314962010691
0.0569559347275
0.0103338431764
-0.0169841791925
0.0784028221215
0.0544577078829
-0.055099315815
0.0144133981183
0.0373946174419
0.0930112665549
0.0580601539531
0.0539331025256
-0.00932828037186
-0.172673302933
0.026665026942
0.0686932076996
0.0621141418723
0.0650218659625
-0.00751473246045
-0.0182784175719
0.0360334967671
0.0271306387792
0.0762829906178
0.00561872775657
-0.0559035714574
0.0261232528025
0.114867722701
0.0804158027075
-0.0292034118185
0.0256200811643
0.0216921411511
-0.000472643961047
0.0907387222199
0.065232973894
0.0188454437226
0.0662781403845
0.0533646409271
-0.0745683742805
0.0651368342262
0.0016632458573
0.118386771801
0.106417165608
0.0648894469321
-0.00933831572334
0.109396451778
0.123118053501
0.0675588053226
-0.0124404905532
0.110252582972
-0.00800915499948
0.0201278760786
0.0685722090327
0.0235732298446
0.102151030664
-0.0190298794037
0.0137601639994
0.0555977262021
0.0982828665782
-0.00116615970749
0.0837055073425
0.0860910751768
0.119059903952
0.0492500570499
-0.0405477311051
-0.0598295966508
0.0505296764093
0.0573479385801
0.0873281136493
0.0247401775402
0.117499739955
-0.0468272491321
0.0676094369661
0.111942135101
-0.00949218918944
0.0993843702637
0.09374839272
0.0613789735806
0.0726899317426
0.0300388784036
0.0406005220773
-0.0424483963284
0.124313070125
0.0557772793179
0.0425455470018
0.102551434146
0.0857485159886
-0.101105411521
0.0449962123385
0.0284132457091
-0.0365740866709
0.0313309226385
-0.0462188291275
0.072043489958
-0.0360110106197
-0.00767523745461
0.0635575316275
0.11257135656
0.0723147188576
-0.00842199705007
0.132015469113
0.122379830037
0.0155698805854
0.0988677197435
-0.0203392391133
0.0792962044697
0.0269584622944
0.0904392695229
-0.0264640416733
0.0331205748651
0.0605489076943
0.0467025292763
0.0610271837229
0.0717853831282
0.0370095606628
-0.00300540500839
0.110421663234
-0.00104333079497
-0.00802505633951
0.0566809100712
0.037114516202
0.0897481598869
0.0349936126646
0.0314576964723
0.0836430444316
0.0906309519669
-0.0574133799388
0.0450731356329
0.105254223088
0.00705435800551
0.106531126212
0.0718145049798
0.0244362859177
0.00584317822315
0.11071376147
0.0697338767297
0.0793470327763
-0.0337964688201
0.0480881218686
0.0679028390587
0.0477629036248
0.0601599246696
0.0542595566586
0.0121995460807
-0.000724594154786
0.0340290045391
0.0442166108271
0.0829437580706
0.0503456521568
0.0436435828763
0.0278432811576
0.0202590906065
0.086877097724
0.00705027949901
0.0438068024444
0.0273413133966
0.0450905793671
-0.00822417686908
-0.0889719643576
-0.00270565249739
0.0643396893091
0.032908207631
0.117989985999
0.058320695802
-0.0296367928123
-0.026423190222
-0.0460977707041
0.125358637373
0.120459871262
0.13194909445
0.0569287681512
0.113661984307
0.0363343250974
0.0693602664438
0.0144824090718
0.0814424536075
0.138439661645
0.0973883217873
0.102356130521
0.0912361744787
-0.0311799555689
-0.0375261766617
0.0898881792771
0.0141887324338
0.0475279630856
0.0379550556465
0.122245787867
-0.0161755379421
0.0928486179152
0.00855431722068
0.0735760411894
0.0105117991857
0.104321623695
0.107770041757
0.0827820080333
0.0978324780344
-0.00913117567555
0.102346734749
0.0675811401366
0.0347769148774
0.02397214489
-0.01447707935
0.0639306101243
0.099996189302
0.0566858365748
0.0216458213473
0.0127328663297
0.0794650089623
0.139011137183
0.0538218411196
0.0349853041895
0.0557039335379
-0.0294474667275
0.0877032122033
0.058598964737
0.104055598907
0.103797179692
0.0282101826963
-0.0265473968496
0.0394401152865
0.0518018231336
0.0468876722867
0.0998165320596
0.0308549416627
0.0194315070945
0.0597495038585
0.0635022341879
0.075522491788
0.015586794888
-0.0117138716471
0.0612573640712
0.107553256508
0.0649020515672
0.0459957425851
0.0410687614037
0.0394711323043
-0.0194859610855
-0.0349971916493
0.0418911559695
-0.00427953847499
0.0743495911778
0.0582235058824
0.043130144141
-0.0669054405118
0.0110171801025
0.0636993031018
0.130901019947
0.0610064450737
0.0324558405353
0.0220575453602
0.0835979583001
0.129803275606
0.0666316153449
0.0583334586491
-0.0226728373255
0.0212866859247
0.0668848789302
0.0129524530989
0.0815542585992
-0.041834557908
0.0845670108263
0.0307698548768
0.0526656241778
0.0157605584313
0.047055570442
0.0345495645775
-0.12122425275
-0.0570292015022
-0.0104610779337
0.0651389525521
0.0208197589255
0.0498091720716
0.0871460115794
0.0958350259822
-0.0182063978261
0.0634568424267
0.056865617599
0.0240016677854
0.0535972001101
-0.0482617793177
0.0100953225653
0.00692034772671
0.0271978051684
-0.0575286436363
-0.0358444446763
0.117661030137
0.102373206746
-0.0202782124546
0.0838185657407
0.0271801461037
0.105894528282
-0.0268698426796
0.0220558275047
0.0174675887313
0.0783131598455
0.13334408368
0.0821012796758
-0.00327561183642
-0.0888187042115
0.0482325196815
0.0209200980495
0.0980128575938
0.0252626486864
0.0829002471151
0.106781263924
0.0908853139604
0.0218642427933
0.0292822063924
-0.00407767808664
0.0867445727228
0.00375326930248
0.134775729023
0.0493884248753
0.0293543327703
-0.0462645831362
0.0726837321306
-0.0453596990501
0.0332586694267
0.0466714483661
-0.000381085527657
0.107199806115
-0.0245121626933
0.0129020369776
0.0370491154983
-0.0284825141703
0.0473065829276
0.048426947016
0.0752840555502
0.109124251568
0.0795019953271
0.0590609473636
0.0782151109486
0.0683465524976
-0.00362750870686
0.0276950938377
0.0850411491016
0.0173590722673
0.0360840730662
0.0968302652933
0.0743973208907
0.0198829742298
0.0482902354564
0.0654063802776
-0.0723151444351
0.0280930013349
0.0489398388363
0.0396980929812
0.0290091280086
0.0813811660623
0.0169169617082
0.0547321058863
0.118131152648
0.00265925892886
0.00170846750365
0.0478430421239
0.117736025896
0.129592524827
0.0205639904716
0.0327283971089
0.102418312682
0.0407361387598
0.00259414152353
0.039937225837
0.0819338405677
0.0695716098474
0.0196507064427
0.102530148793
0.035482220398
0.128516723252
0.0415851101305
0.0198326893464
0.0202369198821
0.0284448389289
0.0388897705148
0.13548831173
-0.0275197341784
0.118525503303
0.0520559025169
0.0221067672316
0.0220109777759
-0.0267452986391
0.0711260734658
0.0022365915777
0.0674174572113
0.0411044544706
0.0996499929367
-0.0220523172579
0.086379152626
0.0469969675244
0.110301097591
0.130217304991
-0.0466339038522
0.061739235591
0.0593658186879
0.0501746522356
0.0590163074544
0.102685342525
0.0882332428421
0.0475591531776
0.00262378503105
-0.141682242589
0.0459105007714
0.0327539222814
0.0999808011163
-0.0166133146137
0.0336770459302
0.056576599446
0.0783176495236
0.0942062749484
0.109426973401
-0.0774802832011
0.0290142268121
0.0483145853315
-0.000737534214188
-0.0169590791488
0.0726105454296
0.0635996252169
-0.0460455430023
0.0764628690868
0.0708757866564
0.0554386644646
0.00124850410552
0.0180599253029
-0.026072380816
-0.0860304622555
0.10894744422
0.0477357694952
0.108350353843
0.115089279118
0.00503553582628
0.0647311031899
0.0781616025877
0.0299289165784
0.075199428331
0.0545340068035
-0.00115460958311
-0.00962179604969
0.118282977055
-0.0386248790141
-0.0544548422345
0.00819551161539
0.0666974436114
0.00688059887264
0.0723851509954
-0.0131286607132
0.128236682741
-0.00124027984903
0.0509680767415
-0.00146389575159
0.0103988402482
0.0928062213054
0.0135927843649
-0.0354643311267
-0.00291435780478
0.0664040018617
0.0870798311174
0.0761103583789
0.0219860601027
0.0914282469508
0.0640146810129
0.117560724042
0.120313538359
0.0660783090174
0.126161246393
0.0100555268827
0.0104446437291
0.0476968854545
0.0400232265905
0.0354498787174
0.00871194442299
0.0877770559121
-0.0389346170886
0.0773342056529
0.0453517920568
0.0139798382044
0.0987825153988
0.108771408341
0.0969232625992
-0.0241153754342
-0.0422116830893
0.0804864846693
0.0948271356192
0.0505692568023
0.0408709399651
-0.00808967658078
0.0897449059119
0.0384284984475
-0.00608525094103
0.0522571591698
-0.0196887164648
-0.0388836224726
0.0766110741302
0.0949167257157
0.0636760055327
0.0688593434875
0.0464191653687
0.0585088475942
0.0463556014147
0.0850882203879
-0.046651778565
0.0444587474498
0.114649569089
0.0572842940063
0.0319438703501
0.09055336866
0.0191530790076
0.026343758984
0.0194689625986
0.0729592557263
0.0118674593831
0.0782465355447
0.0440492027435
0.101263783179
0.0730412820228
0.0863479187134
0.0419242395587
-0.0310035509145
-0.063424553269
0.0338573106017
0.0645170030139
-0.0110534355127
0.0181634473761
0.0792691905656
0.0477595695711
0.0683469932047
0.0437539163603
0.0905676286784
0.0731527892559
0.0359099807253
0.0566936495366
0.0369436626408
0.0223880087194
0.0147523932144
0.086454954912
0.00577419067734
0.0108434930777
0.111571848124
-0.0531516586209
-0.00616437101608
0.0782669305485
0.0796901044822
0.0376541469997
0.0512106804716
0.0264400426162
-0.00597492321958
0.00976993312914
0.0314274842191
0.0624428134495
-0.0213005149799
0.0333827537424
0.0825141873198
0.105104109516
0.0390684926145
0.0190116522665
0.0171168622441
0.10202058623
-0.0500157185279
0.042364399406
0.113477599181
0.041067700167
-0.0275998520414
0.0897431184763
0.0473824677558
0.0154850234879
0.105595884483
0.0143137500829
0.0587105876138
0.0207640752206
0.0298301000982
0.0576870515045
0.0312610453315
0.134649176074
0.126247205626
0.106705607408
0.112862084341
0.0716703707682
0.039099282323
0.0489371141363
0.0948042522289
0.0111040361123
0.00874602335768
0.0765670778009
0.0338895738684
0.0401376606094
0.0392793972973
0.0814445978336
0.00218016261194
0.11599363264
0.0335725071038
0.00385493677824
0.0586411851317
-0.0111566858024
0.089132881334
-0.0453777660895
-0.0330127406349
0.0944877294639
0.0695119384006
-0.00670135834367
0.0550382854074
0.0523356026653
-0.167069090802
0.0593161463554
0.0621722622914
0.0181941280251
0.0371823233023
-0.0373782093817
0.0255820557468
0.0513546786594
0.0456278493096
0.0561856874672
-0.00820493201445
0.0996299395729
0.0197213380356
0.0595968462504
0.073796767537
0.0867536227906
0.0176013190729
0.0746793213889
0.0482344077095
0.110401563675
0.0119536922051
0.120772741663
0.0118315853145
0.0351912233611
0.0058628619138
0.0759415868742
0.042391719357
-0.0215346095812
0.103590639315
0.0623655742244
-0.00489179509456
0.12171881788
-0.0422702991127
0.0660662985436
0.029052114282
-0.0229132145771
0.126163749451
-0.00147103225286
0.0768213007958
0.0351867285025
-0.0512031181552
0.0634987494649
0.0688347432392
-0.00233202692733
0.104228172032
0.116651733485
0.0363394318054
0.0983322795847
-0.00900513648614
0.0440497972553
-0.0351975881672
0.0195656700296
-0.0295328055061
0.0605241998328
0.0884959568587
-0.19953361048
-0.0251707000638
0.0831831460116
0.126399331969
0.0782301212803
0.0781596091749
0.089389584762
0.0829077797363
0.0179680119794
0.00224838199481
0.024737754385
0.102495667909
0.093222762146
0.106505121543
-0.0540330897053
0.0668322190517
0.0164532189436
0.0169985637172
0.0633381500488
-0.00927015406273
0.122495400596
0.0378209095707
0.0384785823358
0.130068614586
0.0284623663648
-0.0152447639694
0.0692017419807
0.129367360676
0.07728669934
0.120248498175
0.106381800213
0.0181142931575
0.131134525308
0.112252999936
0.0499455208897
8.59503728687e-05
0.11057779851
0.0716991248025
0.0546522391221
0.0851859997349
-0.00972758472153
0.144728692522
0.00737174929879
0.00073714098707
0.06712678558
0.0693135754935
0.0714692060828
0.0145508258436
0.104614048762
0.0129607438871
0.132806065525
0.122332078261
-0.062217184626
0.099547297368
0.00311703208729
0.0466985158236
0.0970424549063
0.083505451472
0.123649664755
0.012599170165
0.0972536503933
0.100331857917
0.0187844931561
0.0454534242782
-0.00803233684253
0.0680620686699
0.11730802966
0.0651236677475
0.00730175505224
-0.0453772749034
0.0887624638454
0.117682470454
0.0560995686743
0.036503947681
0.126703008336
0.0616392982255
0.0663176858673
0.045902043528
0.0597437190566
0.0955038573201
0.065445023264
0.0230499795501
0.0727795284344
0.0348228927564
0.032177006746
0.0608175924379
0.0683292108306
0.0418697910732
-0.0215561750517
0.0751605822964
0.105967364959
0.0836615724176
0.0483703949573
0.0245471145247
0.0887544756995
-0.0465424971917
0.11592485994
0.0714159786309
0.0599814095901
0.0148034981107
-0.0614549825528
0.0537095045223
0.0954973778668
0.0171979503984
-0.0479649995324
0.00418095955436
-0.043605724861
0.0255610761422
0.107797638153
0.0300632060139
0.114798817609
0.0691464984442
0.093984554642
0.123007397412
0.0694053329075
0.0736474141721
0.0803111568509
0.0565264336892
0.0323639867508
0.023248940098
0.0461506018439
0.0145911699162
0.0322498894638
0.0741413859494
0.064190394396
-0.0532056976633
0.0444051243975
0.0667190524005
0.0559410378669
-0.041261462765
0.101644361355
0.0609682483502
0.0417249682043
0.044089078837
0.037122176562
-0.00907626132673
-0.0242153609461
0.0520431651442
-0.0127404297666
0.10839660312
-0.00626613846622
0.0690600768107
-0.0434789720259
0.0241014095375
0.0681769022159
0.0751035100544
0.00971234570929
0.0103227183962
0.104023903478
0.0459134246724
0.00564127828263
-0.0195135130395
0.0785855495803
0.138543325327
0.0500040586656
0.0869405500446
-0.0448476300354
-0.00623628343394
0.103098732535
0.0226907384929
-0.0111643630889
0.00616954269035
0.0766756386376
0.00561236180635
0.0887598504155
0.1135365049
0.034703173381
0.0660047931366
0.0569751164719
0.061550625228
0.0186037258592
-0.0340014164183
0.082895776769
0.0367158871908
0.0578587601308
-0.0113909956722
0.0190225438184
-0.0490504020041
0.0158219888582
0.101115725629
0.112503523508
0.117804352686
0.115679066813
-0.115121939886
0.0226519043435
-0.0490193248498
0.0942306478144
0.012367274066
-0.0428106591473
0.0223661123726
0.030581382575
0.0828168576093
0.118746944795
0.113113061992
-0.0903523554575
0.113332455856
0.0552223143546
0.00624867980657
0.0766540011625
-0.000653627432467
0.0456812024715
0.0655099037764
0.069907142743
0.128306099715
0.0947198627047
0.0529077454042
0.0467697461872
0.0774396618706
0.0290944067698
0.0694436670977
0.0712951109709
0.0831226255068
-0.0392359174012
-0.052545789266
-0.0168070176082
0.0440451610221
0.0652230189682
0.0567123926492
-0.00103071525805
0.0127988948659
0.0717379360871
0.12929577498
0.127199350554
0.10397997014
0.0655434414306
-0.00606188802632
0.0261039612009
0.0420974545092
0.111995222415
0.0428035780234
0.0200014479793
0.0828717398514
0.142815465365
-0.0367856733842
-0.0184778248926
-0.00196180239363
-0.00134128993785
0.0464951351884
0.0485464634113
-0.0329636985334
0.116866607683
0.0232141197206
0.0887059260944
0.0447530942568
-0.0340938573725
0.0159162356277
0.0402574754938
-0.0119692039854
0.030358463764
0.0241241154884
0.0140334183025
0.0832738307961
0.0126090083961
0.00111265609429
0.115281501017
-0.0231201684648
-0.0327681179652
-0.10665618744
-0.0164397581722
0.042373178266
0.113339479067
-0.00986906535703
-0.0522209192723
0.0424655315289
0.102595488955
-0.00441017350706
0.0591327936499
0.0880845959141
0.0672231089885
0.000493713098685
0.00326504989586
0.0623988792431
0.0763438801062
0.0554485535668
0.0437965083016
0.0826897111635
0.101532549917
-0.0267176967842
0.0145189992336
0.0182253895205
0.0371963158689
0.0230885735646
0.0808197094095
0.00905342047642
0.0592231620649
0.0556141440294
0.106074437391
0.0286336300366
0.0253590052603
0.0446533097484
0.0832612425483
0.0737405074556
0.0553697277604
0.074602879392
0.0642852242591
0.0802120950783
-0.0109827921393
0.101573870607
-0.0353842931231
0.0335752738247
0.0421470142062
-0.0242336836776
-0.00286802037572
0.0106326799632
0.014171321305
0.0145561331665
0.086432769965
0.0255316255157
0.0124268909307
0.123166268786
0.127000216077
0.0174352979268
0.056743176728
0.0671477591774
0.0660265185901
0.114715193407
0.0902786660763
0.101228736721
-0.0555870806158
0.0250479465154
0.11901140317
0.0390076593275
0.0309831311503
0.00952610067307
0.114729885265
0.0130320095098
-0.00562422276547
0.0751976939622
-0.0263466221439
0.0740530500169
-0.0556914912984
-0.02251955708
0.105201588348
0.0772476413248
-0.0159962085632
0.126099328024
0.0610360461369
0.0967606044948
0.0454901646264
0.0730300154934
0.0537929800174
0.118552138227
0.0435698993759
0.0300482373093
0.11424358767
-0.0558401114301
0.0885004543798
-0.0228622398926
0.0743493723945
0.0586597397275
0.0665083556118
-0.0129423454541
-0.0450442133105
0.108402465342
0.0780332220107
0.119806884887
0.0145809181703
0.0989588178363
0.068643372511
-0.032500535965
0.0237652501101
-0.0873338641863
0.0316677009652
0.0378116465782
0.119801922287
-0.0497088300057
0.0191472035557
0.0550140280433
0.075019572929
-0.00392306101172
0.105620890299
0.0369992481552
0.107399779448
-0.00547426181628
-0.0113033995123
0.0914588424382
0.0176768827102
0.113798795574
0.0357062802959
-0.0445653063553
0.0780452040502
0.0189257501071
-0.0052726275663
0.110344180595
0.0278604049025
-0.0293780459427
-0.0335146540732
0.0239141106928
-0.0443229072846
0.0253062998613
0.0837248927828
0.0561413962205
0.0684610345956
-0.0135041366091
-0.0114963537736
-0.0379859601036
-0.00744329929307
0.0316153337365
0.0546094717968
0.0587102344234
0.0164262260725
0.0820877751443
0.117509932687
-0.0398448641406
0.117702236668
-0.0320858888742
0.0192658144255
0.047398423367
-0.0593351644174
0.110937875701
0.0109272217164
0.0689460567561
0.0383458117274
0.0125803141774
0.0896845709094
-0.0262051927824
-0.0266540491178
0.0646622253897
0.0944841134916
0.0537082912122
0.012867449511
0.0386704614754
0.0377399241873
0.00527160750755
-0.0139634388253
0.0172720013957
-0.0198210352774
0.0442002658974
0.080830099398
-0.0360723738469
0.0735481036299
0.0337973303043
0.0395282816056
0.0840103900975
0.0340468438725
-0.0289915924474
0.0307434543128
0.0140317570545
-0.00207113042388
0.0226038594194
0.00718704009744
0.0953597559343
0.0214460811709
0.0708214912467
0.0910269016141
0.0878138196839
-0.0328832692342
-0.0399791895206
-0.034898552361
-0.0157813294888
0.0921192548161
0.117554445734
-0.0385377011026
0.0421963712384
0.0885001979116
0.0097139473242
0.0682636092403
0.012025183949
0.0026413351387
-0.0494566583713
0.0693904522018
0.0436988646641
0.0246732787539
0.0355295450799
0.05967149583
0.0169700520273
0.100751631447
0.00481933034854
-0.0303570646622
0.0847277269533
0.113189566736
0.0217658283376
0.101813202616
0.107182021645
0.0262427263459
0.0278646409129
0.0510892046356
0.0154320016436
0.0505266101741
0.110982062051
0.0814292248941
0.0638884961837
0.0113990545113
0.0355823356549
0.0514825057602
0.0364350850638
-0.0500616098382
0.0588268648085
0.0641088673631
0.054090541389
-0.0894590970295
-0.00668520247545
0.00686684181346
0.100410672572
0.0921821235493
-0.0250542937398
0.0877334315764
-0.0193499647573
0.0192652479892
0.112273409251
0.0093331719304
0.0812926759391
0.0613084002806
0.105434990526
0.0609046438144
-0.0131076723738
0.0153929345072
0.122167134173
0.0549777035846
0.0141428024579
0.0812825937858
0.0892630238895
0.0132717037133
-0.00122946294496
0.0775802591366
0.0143441026521
0.0626531550383
0.1123522586
0.0176204790218
0.0761181052935
-0.0113369464131
-0.0737695456076
0.00734714258077
-0.0248990036534
0.0151320330669
-0.00853258928319
0.0664387709158
0.104185750209
0.0903830223855
-0.0610276646739
0.0293426426588
0.0458299636212
0.0834225829056
0.0932417574116
0.0382271099481
0.0716538142557
0.102906797192
0.1034948985
0.066923968115
0.00684398618893
0.0547946726092
0.0957729225058
0.0539805392353
0.0571998953636
0.00614762038672
0.0479051025992
0.0655872592799
0.0493958760262
0.0239579065993
0.0822037016051
0.0899594499057
0.019437341342
0.0143160433547
-0.027732611726
0.0970394724842
0.0515303688278
0.0214398603586
-0.0782725557404
0.0639884186508
0.0851445512763
0.113607418186
0.0636725493235
0.133453414909
0.12088130436
0.0137429163557
0.116541271265
0.0932094279663
0.0145429542754
0.0113822775631
0.0013891451593
0.0846761952301
0.123180666626
-0.167740320095
-0.00136720648627
0.112003939563
0.0685117346009
0.14574801311
0.00542066268966
0.0425465615758
-0.00761644493671
-0.00609226058822
-0.0873856056679
-0.0642730068796
0.0754816287967
0.110760096004
0.0116151451616
0.046004531303
-0.000509339635892
0.109982627268
0.0389856340063
-0.0132384813078
0.0575048083434
0.0516713230206
0.0236278048866
0.105092193889
-0.0273551830864
0.106691817843
0.102272365114
-0.0684798026122
-0.00394416505159
0.0968499202818
0.0478157882176
-0.0300949772513
-0.0270387492744
0.136050935048
-0.00198018993113
0.0420855630709
0.0194128708525
-0.0154485761961
0.138690968163
-0.0439818970756
0.106603857972
0.136892266857
0.102143159106
0.107908761817
0.00495731687947
-0.03268412074
0.0559671587828
0.116575591844
0.0350241434754
0.0892790932108
0.0795562844875
0.0387868390474
0.0259432781495
-0.0649474184849
0.0163267833798
0.0836594692335
-0.080605585378
0.105587288164
0.11227087177
0.0856655817826
0.045647657028
0.0737535834432
0.094327100983
0.00876512765513
0.0100688504926
0.128332190073
0.0517348272401
0.0627877564994
0.0679246291772
0.0367728782873
0.0485351027274
-0.086301227896
0.0604712524408
0.124349791775
0.0453474466072
-0.00444832019931
0.0708448918339
0.0419316003324
0.0775874417982
0.0915632150442
0.0698715419887
0.108723360808
0.0637449100821
0.0818851234404
0.119187952183
0.051302210978
0.0734529148563
0.0737925593466
0.130187816641
0.0134882097171
-0.086666767564
0.0236566353105
0.0801461233224
0.0104330478396
0.0788841768998
-0.00676969871457
0.00154064221454
0.0100634910652
0.0338129878342
-0.0521910039656
-0.000628430039983
-0.0274018073397
0.0301298827757
-0.00713834061653
0.0595869589734
-0.0216938892299
0.130257389537
0.0425566212275
0.00706979043355
-0.0369163359253
0.10340496243
-0.0837645400359
-0.00228681598619
0.0856100965278
0.0644116764345
0.103350326057
0.0223918497706
0.115443992413
0.080177694155
-0.0398028233322
0.0694707335127
0.051791185013
0.0458908818305
-0.00522704711995
0.00195018851449
0.0631203415993
0.0271968945572
0.00236903386191
0.101004977634
0.0695896377609
-0.105457772468
0.0941706998699
0.062222414348
-0.0398646169835
0.038017036456
0.114478742204
0.0743524329983
0.0206663819243
0.0749352655445
-0.0171005225006
0.0538018110397
0.0387066122125
-0.0137920736676
0.119625317923
-0.0442962502398
0.0960630071875
-0.0156074040324
0.073796040314
0.0104086372583
-0.0175166141127
0.0227173888767
0.0131778406394
0.0857100750361
0.0517951367807
0.105545104971
0.0804377419136
0.0603479079909
0.0383666158572
-0.0705337236636
0.0115845125233
-0.00150444203476
0.0266305385183
0.0455666314052
0.101107221575
0.0384996053367
0.0757342082588
0.0356961333064
0.0820645478718
0.101678282405
0.00258248405505
-0.0152642734005
0.0673629749316
-0.000167836185591
-0.00558365425196
0.0769835986242
0.0762940826347
0.0661972854418
