0.0989117912653
0.060038862534
-0.00202427867618
0.00144249477431
0.0170427416732
0.0626969415837
0.00684156540897
0.0371329756936
0.0199393722562
0.0238796871416
0.0685437090562
-0.00595696957659
0.115660262822
0.0824502657024
0.138403222489
0.0555031060387
-0.0795256308
0.136066526954
-0.0152357123723
0.125574917773
0.00539035607697
-0.0132072918081
0.0479850185163
-0.0323906934583
0.0835071574295
0.00498084952985
0.025095008637
0.0841806787243
0.124285131608
0.0860442414392
0.0261379993171
-0.0216472409581
0.0280113081193
-0.029325729892
-0.00888870533167
-0.104523159646
0.052529806274
0.0557221894245
0.106511566857
0.0238933313769
-0.0461174616647
0.0910570055784
0.0168660149127
0.120311538077
-0.0629782647879
-0.00764307391147
0.0539996346085
0.0882980828217
-0.103961665515
0.118649202053
0.0910365328126
0.03894803498
-0.0315948085779
0.0279049604331
0.0609436538839
0.0811558886848
0.0442945682148
0.0880991523141
0.00846428901212
0.0797086079194
0.0549896850362
-0.023547397589
0.042113427389
-0.0544839163629
-0.0620634670887
-0.0144401706015
-0.101854619528
0.0513793792313
0.0496755016515
0.0202074901207
-0.00543923116676
0.00282195338106
0.0731366079587
0.0387932972144
-0.053713699941
0.0461192545202
0.0223570848173
0.0375865776615
0.0296348650613
0.103857571739
0.0708601944
0.00939119683515
-0.00363087888245
0.0497109328542
0.0030342542611
0.0828280003258
0.0857870469059
0.127059030347
0.0333890433909
0.0609145921
-0.0186938236652
0.055418013977
0.067342460879
0.120863811264
0.0258728900663
0.0806773139457
0.00479104254293
0.0757734036474
0.0337661449886
0.0185289998083
-0.0167938102302
0.0353391974475
0.116291290148
0.073785870192
0.0657344246877
0.0621555141519
0.0753909782575
-0.0354614655797
0.026278906844
0.0598540446594
-0.00199671404989
0.0907703438776
-0.0199270546811
0.0224942893776
0.0991176461153
0.0799831180822
0.0770358695568
-0.0243149484237
0.0290603598734
0.0337414642
0.0934438228305
0.0242276645748
0.035528035816
0.00983436802265
-0.0571614568051
0.0218130202575
0.054067312962
-0.0243729079925
0.0514711994649
0.0355976323553
0.0685216843617
0.0858558161461
0.0187274383275
0.0302699645591
0.0663129805389
-0.119290182705
0.00545778811329
0.0720042816396
0.0106501803415
0.106057589023
-0.0477029602784
-0.0210749380765
0.0911457041869
0.0993946005795
0.0669066763712
-0.0113560467242
0.0241342750647
0.019250120563
-0.00920853560967
0.0621010917285
0.0877271712036
0.0802453905081
0.0315794333823
0.0662107371282
0.0858591138275
0.0245924859857
0.0151436574899
0.0461102531001
-0.0223752601992
0.0377759138126
0.0999030602436
0.0738922189634
0.0684436916478
0.108863174587
0.0256449909596
0.101774924183
0.0716277522613
0.0763151006144
0.00511740074161
0.0724720642935
0.044390801139
0.0707520692211
-0.0386273712431
0.101526235986
0.0743473664355
-0.0244137461877
0.0832912027198
0.00496506162607
0.0188852281162
-0.0690801173166
0.016978512304
0.0546426991531
0.0531961518164
0.128228188565
-0.0726328944407
0.111373951963
0.111904481337
0.14298882256
0.0657464870578
0.00849423299665
-0.0286733776116
0.0188201591142
0.060024812683
-0.00235300107075
0.0794083351253
-0.00535562229759
-0.00905459203658
0.0460551455518
0.0123892911777
0.0892230983128
0.0391276879347
0.101704834334
0.0506006995132
0.0605443821926
0.0531235018245
0.0864338097456
0.0674328937032
-0.0304149430358
0.13824975265
-0.0234212590741
-0.00326410982093
0.0847976268001
0.0236047799212
0.0969087140593
0.0645516872123
0.0837292485771
-0.0749812592421
0.025888901477
0.0188039064515
0.0256011246531
0.0584545914302
0.00713450703867
0.0203329031081
0.0736580928137
0.0950020070269
0.0559972272214
0.0686861993514
0.0967126954634
0.0607116801986
0.107692664815
0.115156045179
-0.0245673067172
0.00317329717018
-0.0104936284335
0.097961811187
0.12871247005
0.0439625085062
0.128322294896
-0.0297487831084
0.112153413925
0.0909640423743
0.124283678765
0.0205276856581
0.128324502865
0.00985253289682
0.0670051983199
0.000601970600471
0.0570839228225
0.0444254235379
0.0487100024941
0.0836649425043
0.0492831490905
0.0892949736355
0.0777061297566
0.0680588848412
0.0701872004685
0.0262943571205
0.119067638284
-0.0206339696344
0.0569949536913
0.116444938528
-0.00957892190256
0.00878186523562
-0.00319361449751
-0.0322407619976
0.110053638561
0.130308854388
-0.0355392617797
0.12093030856
-0.00984525357946
0.0459435533903
0.00571672603962
0.0634857003619
0.0839343742623
0.00056485531751
0.0833450895539
0.00396915640872
0.119208562723
-0.0391961180203
0.0938275506594
0.0161578642147
0.143981668209
0.0596746273626
0.0697432501382
0.106969540382
0.0786846125942
0.109075689499
0.0830205668736
0.0797148985533
-0.000338947130754
-0.0688166415411
-0.00342573714428
-0.020532673592
0.0858173445959
-0.0111824863247
0.0422483100218
0.0692285187429
0.10588079613
0.123120892928
0.00333176663698
0.127509471932
0.0874518363078
-0.138042719179
-0.0418230032718
0.0832360905555
0.0588931368106
0.11056704509
0.114328634719
0.0706628787879
-0.00674452671809
0.019500398418
0.104927402949
0.107973470707
0.0697381942235
0.0396160803626
0.10711302173
0.0927715687349
-0.00759104253063
0.00222633115211
0.0853309048304
0.043522024999
-0.0344691762281
0.00329242978276
0.0679033350173
0.0727691548206
0.0116759332319
0.11287328986
0.00500212513227
0.0254658746704
0.0420931103004
0.0128747103748
0.0844996943096
0.120085589223
0.0327055258251
0.010308364294
-0.026308653185
0.103484799168
0.101248148106
-0.0101158920036
0.0176920619029
-0.0692080609849
0.133215367046
0.0930132538206
0.0164050334903
0.0557533447433
0.0139293620252
-0.0312606992861
0.0799744884729
0.0436274923945
0.0502088006989
-0.0145807619638
0.0372952813026
0.0835187700588
-0.0619453881921
0.00647396088931
0.0936369581286
0.125196949063
0.0637799098534
-0.00279828198274
0.0903270596188
0.0638466831171
0.087635234341
0.0204906622343
-0.00515036150173
0.114820048015
0.0199427794064
0.0654019741629
0.050879767562
0.0370557941081
0.0809708692977
0.061734242283
0.0872422787306
0.0769636535228
-0.0541868874156
0.0504137672446
0.0976545623326
-0.0158018624464
0.00582833510597
0.050757703236
0.0777602487945
0.0130600134882
0.0643216429173
0.0214150403383
-0.0153884651475
0.0199223137267
0.0480276126907
-0.0026582215853
0.0351065113931
0.0194753840101
0.125964424396
0.098034180546
-0.0652455470979
0.10097497435
0.073152609853
0.0837981335541
0.0312636797139
0.1157404598
0.0330597653832
0.00944373801289
0.0663262397225
0.0161349924488
0.0598446700353
0.0986860482545
0.0137131961552
0.0911803648141
0.0386744416281
0.000708159540255
0.00548119288497
0.027374156779
-0.0193650806864
0.0746637839117
-0.0159483272889
-0.0259038621916
-0.0220758867768
0.0929602177242
0.097902693609
-0.0320399269475
0.0540792399682
0.0282364236409
0.123856920961
-0.0518561983394
-0.0122390143799
0.0968506959744
0.114842417043
0.0722330140756
0.0744727506662
0.0241853182834
0.0167279390453
0.0235928747737
0.0716074535493
0.0891455233967
0.0568978358627
0.0435539072653
-0.00582476540318
0.0199577267983
-0.0524264724664
0.0556647803389
0.121870199748
0.0459879119274
0.0633254773482
-0.0614157881476
0.0533381329159
-0.00947746903506
0.0505390234021
0.128965839483
0.040776617795
0.0251584165968
0.0690596240121
0.113528699202
0.130992451605
0.031673503611
0.111009927437
0.0965117069544
0.0743766092791
0.0972572923096
0.118594303666
0.0801693672437
-0.122469192748
0.112186612684
-0.0355576174083
0.00392549236661
0.0369147210583
0.00820084380496
-0.023953169978
0.124077387067
0.00749920397216
0.117311324889
0.0896783579676
0.0612597148392
-0.0681738835147
0.0605393483828
0.0386264892213
-0.037968143773
0.0753961118243
-0.0404189218577
0.00804771084376
0.134864500403
0.000672952636743
-0.0169554011897
-0.00516155639451
0.111723854544
0.0745178122237
0.010351311758
0.112607720392
0.0945594567544
-0.0119557117952
-0.00241833075997
0.139689235593
0.114814638764
0.0440573553905
0.11031418045
0.0557961493404
0.0331771293168
-0.0378418493945
0.0264854614982
0.119008496924
0.00312348283391
0.013606152433
0.0869254112769
0.0561903236298
0.0998619957331
0.059186249644
0.0662279112635
0.0418166111931
0.0722390871051
0.0938925253841
0.0862560542964
0.048733601775
0.0227523235351
0.00437833626013
0.0652825490941
0.0306692005721
0.122411236054
0.0896171650808
0.0240556073855
0.030633881081
0.0337862364181
0.0938483140789
0.0280709391851
0.027504254632
0.0717235304982
0.0568990116886
0.000618721378558
0.0174486934505
0.0649962446219
0.0311398590531
0.0925436795282
0.089703375461
0.0370032612464
0.10986146206
0.0136268599694
0.0784863098437
0.125666332467
0.022479758921
0.0310106003163
-0.00870002108374
0.0555463284868
0.0585161937133
0.0376200468574
0.0032436521961
0.0914117473902
0.0858626491473
0.00671834659366
0.101281086623
0.0630698308828
0.0178548207995
-0.0278980896953
-0.0410390454139
0.039933992065
-0.027845699124
0.114829436848
0.0674956690673
0.0325512912662
-0.0234016309707
-0.0160149905723
0.036829532549
0.0622405004736
0.117878187488
-0.0208484886697
0.101819072262
0.0515873047256
0.111172651267
0.0613600543993
-0.0782439618238
0.120937411486
-0.0405529868572
0.0908071335688
0.105273319466
0.0724089122876
0.0103380231202
0.00239014423207
0.127740803901
0.102161892881
-0.0450005509376
0.088298971986
0.0510202892397
0.0412892522002
-0.0497424334914
0.0846635188392
0.0524224275256
0.0527956820841
0.131544030896
0.10605384345
0.0449520763132
0.05401831429
0.0578089715702
0.0327446827308
0.0351303343994
0.102121695083
0.0811977737031
0.0494476704761
-0.0319923285252
0.0811655361624
0.0377320784183
-0.0356753705043
0.0839908293899
0.141406054972
0.0835849467796
0.0523790703077
-0.0801107042072
0.083766102518
-0.0726225593812
0.067645955453
0.034191408399
0.0718151110661
0.0393244459799
0.0546113963049
0.00438635102287
-0.00729121617008
0.00620545453037
0.035866685076
0.0212508781321
0.0443588640759
-0.0176478000574
0.0812814780154
0.108444421538
0.0404232458041
-0.0290183293778
0.0888521673267
0.12362601692
0.0767235630193
0.0537250469455
0.0796387504334
-0.0245391202317
0.00225729679744
0.0652995606683
0.0576383718018
0.0708951068454
0.0290527363983
0.0363676223396
0.0467565549044
0.128726651798
-0.0609395378096
0.0253209954748
0.0843771217828
-0.00904241489122
0.107940775562
0.0146406161172
0.100753593883
-0.07428089277
0.0696540186056
-0.0397832852016
0.0180408532043
0.0776675062464
-0.0211293832972
0.0379702642487
0.123088601212
0.0879920736537
-0.00452363902639
-0.0232980889451
-0.0508065142878
-0.0475835303665
0.0663596616014
0.0871405897298
-0.0103524714843
0.0146502734131
0.0436909435026
0.0138555767969
0.0866992782389
0.0641559513202
0.0757713036115
0.101443655863
0.0905449792795
0.0214095349389
0.12197588873
0.0991337643059
0.024545005271
-0.00171149388272
-0.0579330323919
0.0574640703928
0.0754745745409
0.100221043636
0.0438814901499
0.0446165725499
0.023359747397
0.0380186186727
0.0509758367232
-0.00143388584004
0.0931555416651
0.0120672548414
0.0792449272234
0.00974197806261
0.0036982149321
0.0245626629669
0.0574645109979
0.0171527272398
-0.00251924682144
0.0914342446963
0.100987227438
-0.00395719351214
-0.0450478455932
0.0332880990102
0.126151687444
0.0851413347613
-0.0414644077338
0.0907521639305
0.102883082011
-0.0124092681342
0.0266530284584
0.0938594654776
0.126536122599
0.0351481847349
-0.00766565760472
0.0220785145476
0.0611631495607
0.0815999110716
0.130673182846
0.0632297782207
0.0355459930515
0.0201124500885
-0.0613226879018
0.027729520917
0.034449540509
0.0366119081467
0.0726129768631
0.0449824073288
0.0646389954645
0.000296321049957
0.102500821932
0.09023161179
0.099771250094
0.0218124609324
0.0807297650904
0.0875109376184
0.0604670651968
0.0103045067655
-0.0460548263668
0.126938678967
0.0500519947526
0.124670011735
0.0314283445579
-0.0132986841411
-0.0268276157318
0.027126863249
-8.49438238975e-05
0.103742125332
0.134507828261
-0.00147464276095
-0.0141298113569
0.0716388725297
0.00593495500079
0.0196517722246
0.0178173174855
0.0149503050043
0.106903837341
0.0782424920605
0.0959869391632
0.0366079034111
0.0512593501206
0.0312480608739
0.104461203621
0.0913895232928
0.0391080677738
0.0533256674054
0.0259053944901
-0.0363024261091
0.0428606072538
0.0201032983254
0.0836946722222
0.0508594013323
0.0260168156652
0.0867181181149
0.134381509443
-0.00873448589356
0.0922158027858
0.10657478268
0.0202974777191
-0.0079197015441
0.0649285214601
0.0852202572373
0.0338956444984
0.00508722922573
-0.0341992246186
0.0646869793572
0.00853784302253
0.0917839965102
0.122348489857
0.00266588092602
0.0294919774889
0.101304640163
0.0969483519574
0.0256300262745
0.0419642520911
0.0207029052904
-0.0953649367188
0.0506248079594
0.0602999626305
0.0629990540352
0.0298532760959
0.111982463264
0.0789693133629
0.0498770658141
0.0909558106575
-0.0100417570649
0.0674705502436
0.019311521487
0.00847477787204
0.0490072762115
0.0651513826046
0.014201906847
0.0246303409061
0.116217787431
0.0743775350303
0.0416361439832
0.0352267163992
0.0755168830081
0.0595019159125
0.0796529978366
-0.0251341189962
0.0684405629606
-0.0304768668125
0.0389906633555
0.0925371603846
0.0686758179604
0.113034193482
0.121461656146
0.068974144919
0.0691439315725
0.0536117459314
0.0891114965585
-0.0164880418747
0.0801374388482
0.0910775894432
0.0852201813525
0.135407206354
0.115330756573
0.0403043898062
-0.0343222535699
-0.000667123754694
0.00837451344587
0.0519466773749
0.138760244994
0.0785081500682
-0.0246202757728
0.107801051353
-0.0257699217357
0.12268261062
0.00449709289457
0.127255105865
-0.0145949093002
0.0348164619011
0.0497218837362
0.0147372592622
0.0724935783215
0.0431394399601
0.0877936186046
0.00754628795823
-0.0177881928626
0.0144160727375
0.0716935025479
0.0855280718162
0.0931679521902
0.012317982665
0.0441682298769
0.0563617878572
0.0436823641714
-0.012191197146
0.0568584716409
0.0082476284419
0.0537704156185
0.0741348669867
-0.000366715543021
-0.0393543188696
0.0728548292213
0.0352077554583
0.0355382766225
0.0970125195142
0.11773108094
0.0868248482741
-0.00489452568487
0.0889242679523
0.0220804793839
0.0272899376054
0.0508124827647
0.0596818789061
-0.00267153215089
0.0511362323786
0.118827686175
0.0576352334456
0.0265285160607
0.12139860492
0.109020103489
0.0587337531745
0.0638313794961
0.012340891384
-0.00362210911723
0.119385017314
0.0377250596859
0.0698911256663
0.057573372173
0.0731866324583
0.077968165706
0.0228286107655
0.137226740895
0.0375669123327
0.0310880523266
-0.0189721174437
-0.0575425995
0.0788032854831
-0.0404953580481
0.0837663063815
-0.00505209692604
0.0582220961307
-0.0123163204248
0.0308968060801
-0.0213794927612
0.0905261190813
0.0928024180727
0.127828408924
0.0319076802842
0.0631716955669
0.0615956049343
0.0317833330959
0.0168122474336
0.0846918761464
-0.00930140891394
-0.0220442239175
0.0988482225621
0.0521471166703
0.0313134597114
0.0658913860497
0.0388256149382
0.0416358611951
0.0126268787561
0.0641738338298
0.0646173944528
0.0766520629338
-0.062632004853
0.0114172711409
0.0974456018466
0.105483368596
0.0133452751609
0.00761191275306
0.0522216517609
-0.0218196846184
0.135181312098
-0.0315597002405
0.086627765262
0.0817646159214
0.10459350407
0.037166237161
0.0500637306591
0.0489573055727
0.108885973167
0.0563260573285
0.0845235294929
0.0014846351719
-0.00229328339773
0.082635174678
0.118889030929
0.100609458749
0.0444539846036
0.0406597844813
0.00878532662926
0.0419450213694
-0.0511401597779
0.079791308042
0.0511058042197
0.029564717905
0.0633285474596
0.0124187005507
0.0228711984993
-0.0390159340955
0.0751472897262
0.101813953371
0.114861291241
0.0502591613175
0.0719296006037
0.0921043953916
0.0697640637104
0.0494693726883
0.109772115305
0.10710304235
0.0688170991319
0.0303478249526
0.0542173440358
0.0935206855813
0.0364172639634
0.0914740015505
0.0207700819034
0.00692578874598
0.0916747198077
0.0240351991299
0.0421872637895
-0.0654428724302
0.0314049936569
0.096856262997
0.0542679242082
-0.0749998540707
-0.0483155408903
-0.00375999134143
0.0972394095461
0.11994692513
0.0259826004033
0.0932658463945
-0.0452961651767
0.00488680572452
-0.00570494919227
-0.0149721056762
0.0686381405173
0.0446992244566
0.0879682952909
0.133604160253
0.111289973455
0.0417375409404
-0.093011049756
0.0607841360961
0.0157696842974
-0.00604475064804
0.0609781894767
0.0935449386824
-0.0226380051582
0.0647165037304
0.0561227260587
-0.021304968877
0.123439950709
0.0691748056046
0.0525585385727
-0.016884944903
0.141875386157
0.130439242977
0.0968113749914
-0.0112683833498
0.022227831523
0.0336999701006
0.0566158020478
0.017860017498
0.128406726013
0.00349235966658
0.132116240739
0.0329438602777
0.0426180146999
0.0753996699321
0.109122503669
0.0149567701801
0.0534621023663
0.111852857559
0.00194839861227
0.0404800709073
-0.0110681202662
-0.00835287166722
0.00861206158064
0.113421357441
0.0361050594218
-0.00182598044658
0.14571756299
0.00477017271873
0.124773379233
-0.0202606727619
0.0470038327679
0.131930314749
0.0364382930938
0.0220292672499
0.0278786926379
0.0831991967135
0.0374881093657
0.0879682187954
-0.00604443941469
0.0994042454836
0.11984204076
0.0618353348835
0.0449476085305
0.0204367754232
0.0195388483122
0.0918758742184
0.0492708070193
0.0817053365874
0.127611590047
0.0940875089042
-0.108565868704
0.0399373539262
0.0250069946786
0.0519774901212
0.0660596660169
0.0797570588825
0.108368685171
-0.0032866126572
0.00623982564774
0.106116241291
0.059321838947
0.083075536115
0.0450150281276
0.0587363356237
0.0921093493426
0.024162964295
0.0307463657583
0.0469674155154
0.0976698432979
-0.0378027011113
-0.000591477515407
0.0442788080389
0.0297276968898
0.083767002775
0.0212496825921
0.0552082702181
0.021384289343
0.119325181683
0.0179213832785
0.0216903434154
-0.00298950735261
0.103288882164
0.0296735627241
-0.0324044581534
0.0939416589712
0.0559291979642
0.0330692318785
0.0491973622176
0.0893382025267
0.0652153897392
-0.0269833150524
-0.075677831141
0.13276867052
0.0163181571059
-0.00767279497493
-0.0322787213054
0.0225309212488
0.00626619018203
-0.0429592994363
0.0967163949789
0.0547612338828
-0.00118337889903
0.115938746826
-0.00531096598749
0.00898707354448
-0.0115392268527
-0.00664025755025
0.0613040289084
0.0506271154304
0.015155800536
0.104683755198
0.121721228239
0.118856758561
0.114700621474
0.0296118712669
0.0576765004443
0.0493644790507
-0.0323737710081
0.0658019000645
0.055752046637
-0.0477415838088
0.0201406563258
0.0792760122582
-0.013744526286
0.0644362746802
0.128287019734
0.0492782391606
0.101230043478
0.130787930274
0.00529187735386
-0.067946941165
0.0290371508642
0.0290620032631
0.0911693723838
-0.0150896398861
0.106304460619
0.0447290723578
0.0651998006021
0.0124548619701
0.00728575316086
-0.0224030796885
0.0137704349137
0.0547681184258
0.0836876301803
0.00385774529193
0.0216643688277
0.0943169988551
-0.0558402021901
0.053970024799
0.104565810344
0.0649412852592
0.10084260403
0.038709280807
0.0042807938072
-0.151678216839
0.00468950506031
0.0936512575068
-0.0257152281958
0.00419229885155
0.0651426362547
0.0360585866455
0.0970211421818
-0.0579963508181
0.0659165284391
0.105771005811
0.00306772285845
0.0498764773165
-0.0136952045737
0.101917775239
0.0201919307654
-0.00332877907866
0.0195916154842
0.0442951300396
0.0537472682133
0.106552509403
0.0488127761213
-0.0510298858421
0.147655972874
0.027928240364
0.105769604652
-0.0190001320624
0.0321004507462
-0.0405128661455
-0.103702936835
0.112607659656
0.0379219243227
0.0530209850986
0.07080178004
-0.0137509783289
0.00828151164243
0.0651300381989
-0.0386017768777
0.0303557293296
0.0958907899427
0.128476206424
-0.0110201412773
0.0366119709722
0.000926082348382
-0.00246861735573
0.055342962606
0.079487851879
-0.0203749463991
0.0223541776295
0.0436978150445
-0.0235413790011
0.0918596967817
0.0670645971847
0.0306141713879
-0.0120455755622
0.128047959574
-0.0118639665581
0.137504468187
0.0941105732024
-0.0526920673639
0.0716621432355
0.0338006339218
0.101459705202
0.0192705231435
0.0350023368102
0.0501936372055
0.0678036078869
0.006863332372
0.0727065748578
0.03832450282
0.026784972372
0.135052820832
0.0605456812841
0.0753402944296
-0.0524390909487
0.070317519428
0.0345888249985
-0.0131845872804
0.0458660781938
-0.0412995586751
0.0104562063528
0.0890144279067
-0.0237277746785
0.0669014906659
0.0927836493757
0.0104683929597
0.12897623529
0.0838312861177
0.0949408541971
0.0689595283744
0.0147654429035
0.0831074287139
0.131739576296
0.0526672086247
0.0403164919664
-2.63365347246e-05
0.0325838987855
-0.00618727809897
0.11777113133
0.0979993402924
0.0266584890107
0.121047175144
-0.0979962270739
-0.0183583313907
-0.0135876632349
0.0853477861862
0.0764783918463
0.114654928107
-0.00893890933497
0.0418749099834
0.0696509076405
0.100445601884
0.0555197050628
0.0242119831282
0.0729136926502
0.0273668692163
-0.00121914655236
-0.000898605393951
0.0456492968133
-0.0335557479462
0.0156407277134
0.0504398927768
0.0733310272321
0.0725797470266
0.059107537677
0.0512557877032
0.0563981097456
0.0194832916587
0.0597638789003
0.0616752668666
0.0179540690787
0.0246850265434
-0.0147510927192
0.0367262919207
0.0778457288611
0.0979155398746
0.132833069199
-0.00809297673497
0.0882477543677
0.0946888383001
0.0619479644095
0.0107826052908
0.0276886061629
0.108005642545
0.00280938910911
-0.00125605910977
0.0753864833197
0.0108360453257
-0.0381834946353
-0.0145678642521
0.110074856859
0.0452535698112
0.00785057623293
-0.0187949157479
0.12023819101
0.0731971618814
0.0539697702554
0.010886599986
0.097178543691
0.0560172354482
0.072784172395
0.0662237137446
0.0589892882714
0.0390984817728
0.0220021323103
0.0352136238195
0.0803809058073
0.0122541082533
0.110241526487
-0.0132979394374
-0.00674631755262
0.0609529264742
0.0183335765956
-0.00627146802825
0.0720846824701
-0.0278954017677
-0.00638330953109
-0.0328135907638
0.0535272459969
0.0766264072983
0.0221337005058
0.00174093900088
0.117521598097
0.125613150276
0.0544553572529
0.0773841578521
-0.0446009696263
0.0363379948746
-0.0236163727996
0.0751285222615
-0.0118088543649
0.0262537074976
0.0310965600054
0.0706057286535
0.130446648152
0.0410248868236
0.0555630399574
0.0729505025373
0.0221292037322
0.0648223796046
-0.0787983503439
-0.0224017149168
0.00496905988799
0.0578913492608
0.0860753431656
0.0214379622577
0.0686751275328
-0.0533438006566
-0.0499587426981
0.0617572577448
0.0694557138043
-0.00418765303172
0.0438910648292
0.114004223114
0.0188784401971
-0.0442393553256
0.142925022542
0.0375950706818
0.0869502962149
0.00917618983627
-0.017060870498
0.101872932054
0.0941410365497
0.000372085555665
0.0492887958905
0.0940954259339
0.0753204046878
-0.0109376366382
-0.000308841485795
-0.00261138208888
0.0330833315525
0.0956398568921
0.0377322567515
0.100703017245
0.00727391412817
0.0432082384607
0.0686150387068
0.0806804152266
0.0432939630485
0.115781760249
0.115866348654
0.0289916059132
0.0625312189857
-0.00100309604682
-0.00538769516955
0.0131215129223
0.0563060579456
0.0479184952822
0.0220103266533
0.0969741747782
0.0403822686573
0.0765642113874
0.00405019231081
0.0475931585703
0.00416920549837
0.02064967215
0.145589779458
0.00246579153142
0.103826276615
0.0250312096987
-0.000488010954659
-0.0273990184021
0.0487780274136
0.0996026011102
0.0301599064392
-0.00179142606187
0.0200453990738
0.108566429722
0.0349723081605
0.0972647133768
-0.0171428966701
0.0471615609283
0.0943094112985
0.0850500485707
-0.0287547954218
-0.0051159552576
0.055742721804
0.0287203411499
0.0903779435243
-0.0758910145967
-0.0061760358833
0.0525161206311
-0.0343935493829
0.141906765484
-0.00706207313098
0.0509683746473
0.116783942763
0.103232374491
-0.0258050508327
0.046707179762
-0.0413631876617
0.0247809854119
0.122547928796
0.0999365210476
0.0323247000363
-0.0164889226701
0.0393148570655
0.0307355542034
0.128005188532
0.127413229509
0.0597848308605
0.0318728718917
0.043991632977
0.0983585448023
0.0552709415611
0.0623587032601
0.0260373864059
0.026411317642
0.0164063519908
0.0764381090753
0.0469337642003
0.0791868877497
-0.027727928604
0.0588417722997
-0.170696255101
0.112317566919
0.00906195593077
-0.0401011783844
0.0931909078899
0.125114543456
-0.0158523974965
0.0616089786907
-0.0135073769394
0.0244364510494
-0.00528666980629
0.0589950713126
0.0891920132907
0.0452269061606
0.0984351301389
0.115138300674
0.0989576539016
0.0622137411674
0.111960495078
-0.00134422033886
0.0258702500948
-0.00855926361693
0.0452485925245
0.0132349239602
0.0144325594071
-0.00709377317299
0.0977382064718
0.128462874244
0.0468585428668
0.0590553443357
0.0996374805323
0.0960958836087
0.067439908237
0.0852356030051
0.130843466845
-0.0278223863164
0.0971905153252
0.115996743712
0.067709113126
0.0937215818164
0.0949766280003
0.00549217202591
0.0880925505606
0.044420067375
0.0503535349641
0.0671994628679
0.116432425224
-0.0631813249324
-0.0123844600329
0.0265180966855
0.129990078106
0.0661013728972
0.0970707907515
0.0489736143404
0.0046141409778
0.0695132505738
0.104301668575
0.0341394608236
0.0110239681264
-0.0117324212062
0.0686995539501
0.0699231722216
0.0472610036442
0.0702733658998
0.0105108422373
0.0533545422881
0.0495928078775
0.0998771258123
0.103271284364
0.110475366541
0.0204483981924
0.0709384191942
0.067754999788
0.0304632117981
0.0851269695006
0.0111537719285
0.102642825954
0.114829398121
0.0423833654512
0.059606287008
0.00270665136019
0.0200076890409
-0.0612531724608
-0.0576592158193
-0.0315929078004
0.0695040981551
0.075582455815
0.122931537796
0.121000307384
0.0726946474038
-0.0116958854498
0.0137862090085
-0.0632537031742
0.0164778272683
0.011709975872
0.0106824818323
0.0643929265403
0.0515179995846
-0.0264994580001
0.0898849924243
0.0828570573191
0.0462725303828
0.0385860603116
0.0819203253113
0.0518944209967
0.0882678894206
0.0522753051532
0.0565707344423
-0.00430589471138
-0.0347398082136
0.0709792623395
-0.0170731313882
0.0845625655258
0.0679094109958
0.0267308755187
-0.0114814305836
-0.013249734852
0.0338050002236
0.0112072347023
-0.0567108324505
0.0889318634702
-0.0407340351226
0.102037267752
0.0936512945612
0.134932686267
-0.0026036497713
-0.00914194419012
0.0132693556174
-0.0369868098724
-0.0183804136223
0.0267186242479
0.0605677992601
0.0749986831063
0.00478629363872
0.0645609615484
0.0820841027117
0.00642547033814
0.0872206659158
0.00534103260325
0.00457133527037
-0.0350493390381
0.127742372338
0.0802034209871
0.0591250393272
0.0233742625987
0.0911059262164
0.0695011172362
0.0516531187013
0.0988040693471
0.0427512436218
0.00379728971949
0.0665181034306
0.131072818379
0.119026945168
0.103631278962
0.060694587467
-0.00202806554166
0.10436316212
-0.00229108074529
0.00700949209116
0.0514112106079
0.0477971650444
0.0547208922132
-0.0121763492799
0.0695656367575
0.00804635772368
-0.0647489606827
-9.02264433078e-05
0.100297264811
0.13653222624
-0.0112076970544
0.0672634534103
0.0345993324643
0.0579326204024
0.090105757623
0.135221531821
0.0353572223027
0.0711973467585
0.0414885265857
0.0397323936047
0.066064248261
0.0313941136778
0.0380349805946
0.0126326936643
0.0982458058389
0.0371752620092
-0.0118762713954
0.0759604937696
0.0128817451468
0.0480476325639
-0.0103738688268
0.0463691260494
0.0730798695681
0.116764097238
0.0929143670655
0.10001175236
-0.0139560147128
0.0159909177409
0.131144613716
0.0966881237528
-0.0922214132293
0.00792930384461
-0.0749378347179
0.0872214327062
0.0540626871604
-0.0245719223449
0.0596082013157
0.116144260968
0.0467606757645
0.0542390626889
0.0231588566868
-0.0532858486321
0.045913395755
0.000836092651675
0.0816390540794
0.00902571267078
0.101327172441
0.0414278657386
0.12440100827
0.0502972268662
0.0701924779704
0.0515723310608
0.0592053265087
0.0133824815045
0.0430841139658
0.0321985767148
0.0730941295817
0.0856744266546
0.0463190048285
0.0755204374375
0.0533025752503
0.094092876951
0.065106151809
-0.0131057741438
-0.00630475644941
0.0163086429119
0.0216529152885
0.100159116295
0.00455381726361
0.111480758496
0.0719991281169
0.0859354617012
-0.118486208338
0.0381703412539
0.112237233803
0.0747254384384
0.0673056450169
0.0851883894398
-0.0346084791658
0.0810667227302
0.0584755505138
-0.0033324083376
-0.00612809562912
0.0152365226358
0.0763714244084
0.115115898064
-0.0208383602864
0.0751164758592
-0.0155159571219
0.0204900837251
0.0191161256022
0.108695552233
0.0531442270188
0.0174202142139
0.112927403048
0.0801810226169
-0.0249267010194
0.00474545777524
0.0329054358138
-0.0348460338635
0.0271149769628
0.0653036862333
0.121489570821
-0.0014321634032
0.0213539525719
0.0133314093352
0.0676193478035
-0.0190938518065
0.0476139718431
0.0179971626276
0.0260872266683
0.0507943576155
0.018772444454
0.0446668373136
0.0656920687253
0.0575348320932
0.0135625247864
0.0548478789743
0.0949993811655
0.0297534893753
-0.051647052566
-0.00327453285025
0.0687562608258
0.104853353323
0.0909084290846
0.0502545974063
-0.0128010478066
0.0346316046782
0.0395913141503
0.119374320294
0.0413532368512
0.048611207616
0.0276043485716
0.0540158597696
-0.0222098882018
0.0481227147356
0.0695007176884
0.072975665746
0.000479470560471
0.0875245474134
0.101737939836
0.0499166796727
0.0149246195168
0.0415369922425
0.0163472138689
-0.000183835640582
0.0211402353373
0.0461513966026
0.0683321082872
0.0780565840872
0.0625828858678
0.0663569098236
0.0753471067867
0.0599679432473
0.0817577274228
-0.00770725199139
0.091432714193
0.101812017069
0.0285134057698
0.0139553549268
0.0735641368199
0.0748093666993
0.0051731091712
-0.095470155393
0.0635016236344
0.0299138403647
0.0580699767877
0.00930262185632
0.0875052843279
-0.0600497748779
0.0364667704404
0.0901980624791
0.129277235492
0.0175685232978
0.0858409242104
0.0280860295438
0.0732147351364
0.0545360777455
-0.0168246714419
0.0360648787044
0.0398981207129
-0.125327531443
0.00294287974932
-0.0775555056514
0.113738092907
0.0784973751362
0.0411350981321
0.126055535613
0.120080610159
0.0544985981926
0.0805397123102
0.0517314933213
0.0293210681393
0.068339815829
-0.0127682874098
0.0735331614202
0.00402204114809
-0.0212726222501
0.0668212424916
-0.0103182077188
0.0274098659088
0.0711479180511
-0.0120428169217
0.103350147576
0.0937110471044
0.0844735147271
0.0239992281041
0.0319945727634
0.0381080749259
0.0212472345304
0.015175387053
0.117985305608
0.123140091466
0.0247048052512
0.095260261164
0.0630073697564
0.025198372486
0.0404559926647
0.0316238480812
0.0650358888415
-0.00214979470646
0.0277741958799
0.110167597766
0.0344154328417
0.105866760339
0.0385101836163
0.0413267190014
0.0517015249289
0.0945990987181
-0.00452677677173
0.0824253274833
-0.0216840423661
0.0963294409554
0.0319173733568
0.114227076913
0.0674732777387
-0.0693920213253
0.127218951689
0.0911494269036
0.0883933376643
0.0590182331392
0.0278502702114
0.113237060968
0.056134331497
0.0744679845795
0.0316076433917
0.100728965291
0.0685219887966
0.0148449833869
0.00964639748643
0.0434308392336
0.0743635482201
0.00146473644547
0.031579404592
0.0343062976093
-0.0647403976802
0.136815803654
-0.0296298692523
0.0863961088549
0.0925906002554
0.00546962003179
-0.08603072722
0.0119264974243
-0.00568810461754
0.0661748611354
0.0569856489943
0.0213570829644
0.102339457811
-0.0175798988253
-0.0723827910537
-0.0671959361261
0.102234192422
-0.0186827042373
0.0692273962046
0.0541904308986
0.00664426687799
0.100708773573
0.104768253387
0.0792090635712
0.0813502817675
0.0389976482017
0.0846073353854
-0.0212064447992
0.129167457051
0.0342990991384
0.0656456386917
0.126166144868
0.0913822998095
0.0480959487441
-0.0182384165205
0.0777694808631
0.0814030331078
0.126642507241
0.0973378465873
-0.0143440889973
0.0089149656239
0.0506528901783
0.0598018547103
0.076936112838
0.0602225668407
0.0368721830761
0.0950535256893
0.0309906740108
0.0574321325254
0.0963857853296
0.061991704413
0.0971560631737
0.0471926446418
-0.0603058339767
0.0360335602481
-0.0539724473052
0.000552373032367
0.00640416953533
-0.0104223152654
0.118225032363
0.126559889906
0.0161153517395
0.107102916987
0.071494072012
0.0804994298266
0.0101458039156
0.00566711788141
0.055753343198
-0.030915653046
0.00171121235244
0.106802035031
0.103510616093
0.00697960918937
0.103657155613
0.0869246378188
0.0607407006519
0.0969927902474
0.0297515217124
0.0395960743633
0.00500819636778
0.0478997911312
0.120817167542
0.103555824809
0.0244791246815
-0.0135306097745
0.0505818334541
0.0564254049026
0.131042337037
0.109361761714
-0.0033725066982
0.0884901139638
0.0582566567735
0.0284113426973
0.0766119495355
0.0177247580623
-0.024337054646
0.0618734514058
0.107418878146
-0.0685580173369
0.0392466407976
0.0292665730545
0.0953566979527
0.126317660916
0.0471862693084
0.0218519076896
0.108167669347
-0.0351186516865
-0.0789846898221
-0.0429166784163
0.0628941221671
0.0616585171672
0.0593854100402
0.000426111748752
0.0295434830261
0.0869351736244
0.106743692963
0.143288095401
0.0666451726702
0.0134181439162
-0.0108886880733
0.044225423035
0.0501549116798
0.0876562365313
0.0743917664766
0.0832309867985
0.0721909941675
0.103683180005
0.0635599439687
0.00489152470142
0.0972766744092
0.0102001963818
0.0366827377934
0.098325512405
-0.0138429582961
0.0452949181186
0.0448316651401
0.0171190505098
-0.0301627084932
0.0666222022685
0.0419214064251
-0.0519336592936
0.0291635587025
0.0533187880605
0.0203468971917
0.11179391884
0.0244120773817
0.0147609920934
0.0338114783288
0.0131547714318
0.0945813923092
-0.00435269109976
0.0993594321109
0.047726633281
-0.0214535559724
-0.0380338149521
0.0638299457805
0.0843981027237
0.0849319757668
0.0712335963373
0.117306999498
-0.0442951432229
0.0748295092072
0.0731061348419
0.104537540305
0.0601339525632
-0.0478592724864
0.0457566640043
-0.0760490875527
0.0464366082784
0.0583005150626
0.0442639181262
0.0126966068468
0.0989257300688
0.00985439001731
0.0990873038309
0.055250963285
0.120310857451
0.0617235914717
0.0899556772035
0.0895813279767
0.0855287350947
0.107744890301
0.00301535983266
0.0844018308824
-0.0117640162095
0.080009617349
-0.0478599803811
0.0154320009765
-0.0517875237204
-0.0123426157326
0.0308889325261
0.011747067097
0.0952855608335
0.0561257853297
-0.0156622972686
0.0704405555802
0.0741957762062
0.0266056990178
0.101721096328
0.0953110552559
0.114453824211
0.0418153909439
0.0463990063531
0.016984292385
0.0447290849307
0.0271485465939
0.0389273583604
0.0900557363381
0.0504894590536
0.0335356015973
-0.0610741563897
-0.0472805687466
0.0105290919939
-0.0257900614772
0.103478168147
-0.0112090178021
0.0954975698653
0.00897410113678
0.0600879832299
-0.0373889418127
0.00477139286159
0.0451653455495
0.00987326367199
-0.0403594291892
0.0615076813616
-0.0268062389539
0.0434700045125
0.07669396856
0.0793387521393
0.0378627503399
-0.00421009248966
-0.00128089655351
0.00637086008351
0.0351167478803
0.00931394259469
0.0813929807761
0.127258595845
0.0841727263779
-0.00936515426717
0.0110281347103
-0.00221681842609
0.0318282928782
0.0627863666182
0.117014720571
0.00268822684376
0.0703869272562
-0.00663423633982
0.0786437095052
0.0371815309448
0.0426945847286
0.126283838328
0.125452490038
-0.0616763687027
0.0232769967682
0.0568219888404
-0.00313255242481
0.0399813256811
0.10826095212
0.0775685346797
-0.0448828038837
0.0531474624789
0.0552696362361
-0.0370274188237
0.124364707426
-0.0435735125508
0.0758899283515
0.0546746011593
0.0218511664366
0.0787973656358
-0.0279056853115
0.0580680229513
0.0764452729057
0.0259718055477
0.0188794248024
0.0608132182032
0.07218428008
-0.0455407852555
0.0688368451266
-0.00150799119993
0.0309557808596
-0.0294455842183
0.0295805815527
0.00147174594599
0.0747565772365
0.0243587376532
-0.0593905623396
0.126484513624
0.0966204048839
0.0506326821478
0.0140159881106
-0.027652354299
0.0873208396404
0.062188961462
-0.0194449269027
0.0101885743664
0.0924745989633
0.0513108379915
0.0541161462425
0.102947924235
0.023747239445
0.0752573173877
0.0432076809892
-0.0201247348342
-0.0082987261851
0.0609196627637
0.0260022610911
0.0233560266747
0.0716960617186
0.0819114327762
0.0798253829043
0.0807803317277
0.0641865507861
0.108945986442
0.105650249431
0.0630700213124
0.100201497567
-0.0396759616919
0.0698828859541
0.0602805669241
0.0666588757295
0.0777020704947
-0.0219198760358
0.0129674518155
-0.0552024080099
0.0535294102377
0.0963824654565
0.0595662477558
0.108896677323
0.0831502717905
0.0106387943752
-0.0134189258115
0.0277394744267
0.0281245991655
0.0157072807155
0.0749289026555
0.0795278790634
0.0994541660727
0.043091282273
-0.0100043741495
-0.0158160365899
-0.00611588175181
-0.00659494554628
0.0600847019901
0.00492846162787
0.0493971077185
-0.0441054007271
0.111138174504
0.0709995352478
-0.055496336528
0.066682395945
0.000278975997403
0.0700983091832
0.069176826818
0.044357067615
0.0422995010353
0.112329600933
0.00833612929241
0.0255750329891
-0.142755104693
0.0976536804457
0.0133440831503
-0.0279985070805
0.109427977864
0.0996370860399
0.0203010145688
0.0376211676794
0.0928495163148
-0.00817721148549
-0.0360006426858
0.0345018199353
0.0194602579242
0.0587219773566
0.0285051351994
0.0413709438188
0.117917604014
0.109472157436
0.0462218898571
0.0037447869911
0.127493164294
-0.0936741516122
0.0742302439484
0.0583097928675
0.069932732122
0.0865827081848
0.145863247984
0.0731092467067
0.0392918306162
0.00564787596301
-0.0308521450007
0.0851941445467
0.0100044789631
0.00761388649728
0.110326531599
-0.0640930141047
0.0736361589026
0.0795859537607
0.0761287801473
0.104788834321
0.0242202554402
0.0173249740137
0.0746438104362
0.0903730954379
0.0278123929399
0.000283439721017
0.0379726538513
0.0311469243604
-0.00865941371896
0.0698699418021
0.0420684130728
0.124182212473
0.000573430433788
0.00398150403118
0.0334186364189
0.0235283601653
-0.0140678181605
0.0649795043885
0.0329580996044
0.0739545174672
0.141938200173
0.0361388278857
-0.0030412224916
0.00602852512175
0.0162673281853
-0.0180948298159
0.0750848800265
0.00206051564065
0.00673061784483
0.0947590906141
0.042364517174
0.033706910862
0.0797651195644
-0.0405686351341
0.0617213620459
0.0872231597909
0.054796203371
0.0890739804418
0.023079498634
0.0747501622363
0.115007951986
0.04287212425
0.0046609041524
0.0339956269346
-0.0196413771508
-0.0635058079236
-0.0172542898916
0.00429179948462
0.0313926215293
0.125401638209
0.0775457064038
0.0193628597652
0.0565905328811
0.105539883893
-0.00227857822337
0.019879980117
-0.0742034239508
0.135525600116
-0.00840970745057
0.0503007929546
0.065748569008
0.106284954345
0.040319451616
0.069139492286
0.0293874966845
0.0422295975818
0.048163637413
0.0692698221475
-0.0536125274212
-0.0343277816799
0.0338201437923
0.0824659445171
0.0944735411498
-0.0078968342528
0.0437163276258
-0.00529597529214
0.139076312236
0.0650602197821
0.0314288345056
0.129415355134
0.033976901961
0.0620491846321
0.0528772705726
-0.0197380050335
0.0941618000328
-0.0412128785606
0.0853285678066
0.0572216095267
0.123834422075
0.0475008274024
0.0467116852834
0.0215202862186
0.0695782849181
0.0418587125353
0.0453189512456
0.0332662871629
0.0473678792308
0.0242476099095
0.0673164989487
0.0845420635886
0.0617439135105
0.0908570128492
0.0201206045171
0.0341471194939
0.0331052030257
0.062907657404
0.0159124040738
0.0658293838571
0.101310054327
-0.0057077467839
0.0847199927242
-0.00809203301557
0.0175179782769
0.0894388841236
0.0323157009168
-0.0224983661013
0.0569398428881
0.066454359454
0.0747165264292
0.0424514359784
0.0233122513906
0.0251367623834
0.00221823271172
0.119622655983
0.106964014955
0.0652222644781
0.0830938384803
0.0853467605692
0.109280568477
0.13904528157
0.0644882559066
0.0784105293323
0.107412620789
0.000565192553577
0.0905922656715
-0.0187369511726
0.104563189988
0.0827321331257
0.104327306537
0.00836481632236
0.0278885034609
0.0623638581687
0.0708788540082
0.0987061484888
0.0339281088008
-0.0509724918906
0.0739074195671
0.0296499582727
0.0972916040155
-0.0349552258155
-0.0237568016364
-0.0445453031894
0.0324526705472
0.0479182418579
0.0145266325085
0.100540355109
0.100459995293
0.00104053552032
0.0469194833059
0.0901844582309
-0.0596065009218
0.0549723609267
0.0397502837862
0.129692094254
0.0534847019429
0.0728922404157
0.0214734998214
0.0604120352417
-0.113585134718
0.0476779913997
-0.0636107488275
0.0490048328011
0.0133593513761
0.0696795585208
0.000385953115605
0.0732906261552
0.109054152279
0.110983663868
0.111035536693
0.106148753951
0.141134115505
0.0708245891525
0.0620464883873
0.122117302856
0.0679501867924
0.0341440188343
-0.0514234848222
0.0839133440669
0.0488273761611
0.0498514314289
0.0967508619612
-0.0181222925943
0.0726639819451
-0.029102643411
-0.0182876762548
0.0391510739732
-0.00537040996354
-0.02200551903
0.0638055335023
0.0875663646651
0.0820200720337
0.0195992094555
0.133504938286
0.0414976081594
0.0391870870701
0.0382144366973
0.122603785705
-0.0242316196507
0.124773482524
0.0730409062851
0.0617032041391
0.103782394921
0.0125002001123
0.00385963719917
-0.0130535345224
0.0366390178592
0.128174534179
0.0423989929522
0.124658209668
-0.0340857254278
0.0704141646347
0.0418449416675
0.0717134770405
0.0532244769204
0.0738737983174
0.0167953151569
-0.023189977503
0.0100979747127
0.113643793941
0.112072689572
0.104220368157
0.105815012689
0.0629483922041
0.102990384337
0.0307834382825
0.109258704451
-0.0405853621468
0.0367674363932
0.03464381344
-0.00168886220103
0.0652854268964
0.143176407642
0.0916451787789
0.11231125077
0.0384667023735
0.106299011314
-0.0245829619542
0.0686270826248
0.0193100578948
0.0620052566307
0.0501306073619
0.085603664207
0.0820158198362
0.060039746477
-0.0210577298577
0.115850706262
0.102734814778
0.0489351989978
-0.0103755602962
-0.042306712091
0.111888134596
0.0237240917576
0.0244442521574
0.0285320301277
0.106079079842
0.0718048185294
0.104541991218
-0.0543498707453
-0.0185467597858
0.0459230797975
-0.0951780650454
0.0946103850582
0.111663124509
0.112427228143
0.00148056846206
-0.028607650872
0.0606648632832
0.0228230783054
-0.0123856525002
-0.0209460250589
0.0307819503692
0.0677933791014
0.0989298688574
0.0348200639288
0.0157530071041
0.00146385816697
0.0630961375406
-0.0299085362551
0.0776916171582
0.0605025800972
0.0935618041412
0.106810562557
0.0587838429906
0.106388781059
0.0883010920327
0.099279214973
0.0409848129856
0.0456501691216
0.069715707458
0.120358026585
0.0778878832875
0.0500819438206
-0.0209983666541
0.0754332410672
-0.0747224859741
0.0338748524465
-0.0986775550142
0.0324610214524
-0.0390829365822
0.119431741606
-0.0230560164044
0.114966004762
-0.0217850143738
0.126183731309
-0.0946943152906
0.140135972768
0.0439128525902
0.0374770314746
0.0817672405453
0.0083243534989
-0.0454244531185
0.0495770390514
0.0500669408371
0.0578505103887
0.0249486286985
0.0567916220536
0.0638550852401
0.0390259656418
0.12250240201
0.0154546119003
0.0649812093707
0.0175623239664
0.0989919544683
-0.0341387087171
0.0698053662531
-0.0458899612663
0.0354596382036
-0.017912643561
-0.00837294712998
0.0652605092065
0.0960155781001
0.0160351665543
0.0704153841651
0.102881969778
-0.0317509271734
0.101263179889
-0.011556546175
0.0243111624862
0.0139911125301
0.0181661928056
0.0193678618909
0.021525379042
0.0287558035667
-0.0590997876183
0.0372242864054
0.0889526019625
0.0166203780364
-0.00746688803702
0.112270057575
0.112490878776
0.0114289630925
0.0690271209166
0.0323085779062
0.118032583371
0.0302954363432
0.140686747387
0.00180842096105
0.0333065522941
-0.00352011431784
0.0622059344661
-0.0400045238725
0.0920547280663
0.0605147023062
0.0558390448357
0.0614852700538
0.127046878268
0.0127947047053
-0.0508117707705
0.00868077705863
0.000950174351833
0.0194898991693
0.0256296240916
0.0636626702563
0.0206597610818
0.0650263614699
0.0321322973598
0.0269491319409
0.0441477944884
0.0394661868629
0.102350403766
0.0743528417462
0.0819811540496
0.0275111460683
-0.0231075295903
-0.02532064579
-0.0123113643528
0.0118521314224
0.00879664300104
0.0907630158959
0.0553532448751
0.0698012756043
-0.0233793580622
-0.0424414655591
0.108463080248
0.0983313160896
-0.0408260505839
0.0414516378591
-0.0263530127576
0.0747534755653
0.0368813268423
0.0875099078685
0.105915690646
0.0291392029064
0.090901376902
-0.019079780254
0.0434591500969
0.0463134733469
0.0773645321963
0.0961641640189
0.102329564145
0.0528065811922
-0.00334973574598
0.0608123374642
0.0656897167446
0.0782695598285
-0.0431496691421
0.0741720082209
-0.00600477556454
0.0786790550468
0.000945078431747
0.141755180175
0.119632663387
-0.0309013019272
0.0613913825433
0.00485610565596
0.036466549545
0.113006863799
0.0601215245048
0.0371558294453
0.108312005287
0.0535486038741
0.0949565461927
0.106966321213
0.129152365113
0.0528612419509
0.0013778568502
0.0287234689481
0.0975179523654
0.0288176322124
-0.00791533108545
0.127488659365
0.0872085375832
0.138214249048
0.0266055824471
0.0853031090706
-0.0720773546711
0.00561633368319
-0.000531006649102
0.0374115008272
0.0605861253546
0.125328251437
0.0690097601297
-0.000532788491125
0.0228689999027
0.0532803729895
0.104035087097
0.0506514748587
0.0889712072126
0.0943993997271
0.0965772654214
0.0975276529996
-0.0145372392534
0.00278092701306
0.0552112376666
0.0516635499723
0.0788859757838
-0.0102807268963
-0.00575316323297
0.0267523667122
-0.00611472476163
-0.0515143152755
0.0522442252072
0.00145872827976
0.031728994778
0.0737314593888
0.0874787895961
0.073115022103
0.00227430005008
0.0995525031977
0.0672519261171
0.0724382206926
0.0588507703478
0.107066125444
0.0400437961448
0.0806737390467
0.0888998995886
0.0154993314075
0.0432392995193
0.0797173019087
0.0632424076742
0.0165017607268
0.0139767280831
0.0446917932842
0.0501933245077
0.0927957296865
-0.117373533156
0.0801896276608
0.119209273915
0.023499212677
-0.0113913504712
0.0101215633191
0.130385231117
0.130880388101
0.0783460938938
0.0652470315758
0.0476427072545
-0.0145001093431
0.0632185812988
-0.0226751581467
0.0779987650226
0.119447455677
0.0905196058488
0.000683277172874
0.0762066587364
-0.0390042389345
0.118630715044
0.072995024599
-0.0548687070677
0.0942397472453
0.0274180147747
0.0170908544897
0.116803814927
0.134452711901
0.0968005383537
0.0393206496685
0.0477947123874
0.0715552187371
-0.0892407664153
0.0220476353666
0.0356700334986
0.0753801552065
0.0257689597172
-0.0476060232894
0.06187286283
0.0755545468038
0.00465593548708
0.0189684610223
0.14438148122
-0.0232831978937
0.0341381101503
-0.049720892036
0.0728560164148
0.0828141829764
-0.0130670263189
0.0370612735572
0.0264649183173
-0.0135521780538
0.0405999662453
-0.0139734195025
0.0385150755823
0.0884625506022
0.0750956495568
0.0806486818394
0.106393483658
0.102963908508
0.0297522207672
0.103310946242
0.114512281612
0.0169176452977
0.0351337012907
-0.0130989376162
0.0815354739456
-0.0352362206131
-0.00448690883807
0.0898418986383
0.112752312222
0.0222294116744
0.0587037471882
0.0408394718794
0.0715926641456
-0.00730392563722
0.0539916667117
-0.061582329669
0.00950389657735
0.0342519399924
0.114254551069
0.0637571455435
0.0327823883556
0.047161647683
-0.0092318614881
-0.0121479911804
0.0617487321047
0.0761335760012
-0.003549192461
0.104676808702
0.0495766133061
-0.0137559860136
0.0984839943713
0.00840930527989
0.0440093101658
0.0984172902261
0.0199837103487
0.0954368232354
0.0699874395566
0.0638495398956
0.00816195975153
-0.0814972691188
0.103773917118
0.037102589114
-0.0386962762681
-0.00918087197426
0.0986250850193
0.100135019271
0.0878141722148
0.00974354402268
0.020927011666
0.0683566236972
0.0871623947322
0.0288463614482
0.0265463990589
0.0645685422108
0.0253076341913
0.101067819456
0.00767681245372
-0.139008012708
0.0642794587837
0.0525980724114
0.00817760811706
0.0197638492719
0.0882191350756
0.11847743554
0.00206248588569
0.0486314217125
0.076509932032
0.0489321689936
0.078739755583
0.0698581854299
0.0578104292687
0.00133376585226
0.0657252592293
0.0850917751618
0.0396274464867
0.0935568594375
0.0872023043915
0.0328793745038
0.072835359478
0.0311724368771
0.0249650029497
0.0363305683939
0.046085451699
0.0896115442759
0.0806469752737
0.00557996302336
0.071858779817
0.018610940797
0.138669372783
0.00076615194031
0.103690585334
0.0398861038598
0.0399104059805
-0.0255706745261
-0.0508406119639
0.0592981268119
0.0198254562679
0.0616467233166
0.0843751506682
-0.00529132842765
-0.0145383917315
0.0432514810916
0.00499175337751
0.104901759159
0.0321583869547
-0.00581726207754
-0.0814715307369
0.113143542118
0.107082848721
0.056240621548
-0.00995332812544
0.107796573606
0.0880934121813
0.135465349872
0.123213629012
0.0902520310656
0.00387915309986
0.0592808517496
0.0533467055432
-0.0736498566246
0.049223411523
0.0570840199715
0.108379332988
0.074318435073
0.0998858111719
0.0280073006704
0.116923171958
0.126693079345
0.117638793662
0.0211405126225
0.0357158632431
0.0359344821564
0.00932648930702
0.0172231806994
0.0943195350258
0.0865798978516
0.0219366477384
0.0253224192764
0.057232797228
0.0355986918828
0.0146186833849
0.0483588752294
0.093061211493
0.0798830205107
-0.0434450906677
0.0881268354461
0.0547605506241
0.0984457980343
-0.0233047036651
0.12494454461
0.0913059409637
0.0651838111783
0.0237357560347
0.0692938836334
0.122635172566
0.104824412042
0.0538543889003
0.129069631722
-0.051069485211
0.0149947220603
-0.00330793568657
0.0642634782694
-0.0616339784425
0.0461466840049
0.016644127429
0.0295922896378
-0.00560190627571
0.100887125169
0.023845378812
-0.0156837091843
0.0584179553428
0.00590222490359
0.134564554329
0.0370476810509
-0.0592656833729
-0.0529230621081
0.102758150816
0.121326525391
0.00114818362413
0.0845266931435
0.00175934769896
-0.18858647296
0.0592548256007
0.0646647124595
0.0539191276013
0.0504059262077
0.0551241851033
0.0815623651313
0.00752918662719
0.00117984047515
0.00614984083345
0.108640319937
0.086562006928
-0.0195854693014
-0.0222227767209
0.136964626372
-0.0307567650553
0.0856005088626
0.11989186981
0.0830550469942
0.0824064405726
-0.000280362966879
0.095219430729
0.0238437825152
0.0768542163324
0.00381718361792
0.0812857564754
-0.044897351693
0.10163507474
-0.0446232781566
0.0698005566356
0.0824369236702
-0.00712448209122
0.0528779785321
0.109885400719
0.0596983158618
0.0820179570631
0.102531323784
0.0248314254626
-0.0292046160094
0.144055708929
0.120065267293
-0.00909422548379
0.0366032922042
-0.0130008930901
0.116378436446
0.0883454431662
0.0521558049567
-0.0092014075052
0.0275287440681
0.0426292559511
0.0336944904408
0.0367124743527
-0.00777274085686
0.0591855499622
0.0295532375265
0.0628371990624
-0.0305327804014
0.0952212431583
0.00570590884452
0.00452367434454
-0.0167114420829
-0.020035944793
0.122576023131
0.0739435997772
0.044511029486
-0.0768617094883
0.111447774957
0.107439386563
0.0463851282243
0.0919994594138
0.128994362492
0.079548465349
-0.00427287467474
0.0178482691409
0.0696135293113
-0.0372055761824
0.0627341209105
0.0946754376367
0.037405082228
0.106780100005
0.0436990478373
0.0861804138928
-0.0446029873238
0.0224917082092
0.0382372812941
-0.0533550919949
0.0397187137596
0.0327691583249
0.0714915060284
0.0400328166402
0.0418617248611
0.0844294294359
0.0471383998186
0.0249089888666
0.0186395464723
0.0103326287445
0.0489501933321
0.0560098907676
0.0468107934974
-0.000570382616258
0.0520950096141
0.0691162976396
-0.048834354015
0.000116229068269
0.125342578216
0.0845186864198
0.00687349594415
0.0676166819785
0.00820140284611
0.0703933358155
0.0552174422612
-0.0147744929922
0.0503836333641
0.0829908240905
-0.0129144869293
0.113228619976
0.046420560744
-0.0708525801307
0.106824694207
0.0579549016145
0.0721059510411
0.0843307953933
0.0264659068768
0.104282309095
0.0345467574473
0.0024062507892
0.116358385067
0.00667511538713
0.0595473746169
0.0641410068209
0.0791937155131
0.0293198105677
0.00370466951468
0.103319499517
0.0761995714999
0.028604666305
0.075647143144
0.107172927111
0.0163906214886
0.082198700213
0.11553842902
0.0997926113912
0.0315487283331
-0.0365375310836
-0.0138990072103
0.083902161
0.106884752668
-0.0971891970417
-0.0438379115803
0.118694388636
0.0740824566794
0.0633647174047
0.0996699723102
0.0975851639011
0.0770793486299
0.0541601057095
-0.0134107403159
0.031515266363
0.0326124138605
-0.0156077214933
-0.0251650581492
0.0511173989451
0.103216817332
0.100876497315
0.0593455412666
-0.00378336019712
0.0158634423701
0.0917308939587
0.0916315031561
-0.0292580649724
0.0295399001275
0.0672908671564
-0.0182724261227
0.103667907927
0.0764765417952
0.0349702323591
0.110448061689
0.0950602471362
-0.0164711602778
-0.0132887236628
-0.0532680145607
0.0226870948261
-0.0553689292473
-0.0126497617839
0.103625580107
-0.0409682521381
-0.0748704774371
-0.0469416600087
0.0880235138427
0.0160058574787
0.0382008467139
0.049400451266
-0.000214930846695
0.0295285712857
0.0907459303423
0.0337177273725
-0.0212884923351
0.121525907235
0.114330010416
0.0238512129341
0.0448174352543
0.0131673802169
0.0546944631057
0.0923813350085
-0.0276231126891
0.0833403090501
0.0655136558713
0.0328123098674
0.0452958094474
0.0838824771984
0.0833384790358
0.0642990458552
0.039150461759
0.0383742790281
0.0298147258172
0.000141928191864
0.0826794974247
-0.0227201294021
-0.0631587290915
0.111355273342
0.0756854693003
0.0428228628169
0.0913419555698
-0.0494731346552
-0.0183115568473
0.0696209377606
0.00185953106032
0.0633316987762
-0.0219985519155
0.0525738911241
0.0552248999443
-0.0157438040496
-0.169313921347
0.06898898989
0.0275798810517
0.0798890525033
0.0352064110527
0.037800734534
0.00111769269126
-0.0156010735439
0.0754516603386
0.0980322075254
0.0532464543879
0.0270660078019
0.0111250570259
0.0585797835245
0.0219302483578
0.126404250281
0.0751550163096
0.108493198303
0.0573165495813
0.12658182465
-0.0760409330438
0.073887715891
0.0375442951544
0.0427564426469
0.135592851589
0.126837585565
-0.0046135134944
0.0647984389587
0.0937643788782
-0.0349321141975
0.0132844445056
0.00578069230155
-0.0112964585512
0.0167303090481
0.0342444830668
0.107502541272
-0.0328836893819
-0.00482138679025
-0.0612777989831
0.0160693321233
0.0754310205515
0.0924570136631
0.103274096146
-0.0266408293185
0.0739905724633
0.0605589269843
0.0356495353543
0.0871855025765
0.0524106597833
0.0478905149694
0.0635036558161
0.108145912703
0.120126963872
0.0238326270027
0.113964136243
0.062142797892
0.0917193788639
0.0552689513393
0.0350232200052
0.0266831541367
-0.0112722583511
0.078049024403
0.141924706104
0.116528607894
0.0155374146348
0.0275196734138
0.0274892232311
-0.0302955474182
0.0748752103967
-0.0132503945626
-0.00939321460529
0.0469183507004
0.0635800502379
0.0249351113424
0.0495339788548
-0.0546773773794
0.0991855965479
0.0749747089197
0.0559797305619
0.0827133021207
0.137471771899
0.108099596789
0.103253299918
0.0632666766436
0.0541310015672
0.0563106294618
0.0340810672644
0.0921031299167
0.0611243354429
0.030011582047
0.0676237921548
0.118116092443
0.0713311907075
0.0867185271243
0.0094474852911
0.0142354197591
0.115005034343
0.0529043687657
0.0313190950458
0.12883464645
0.107333580849
0.0977821976979
-0.0533658887753
0.0418922228034
0.0819477109268
0.0496038169561
0.0875240507387
0.115996701256
0.102736046919
-0.00435815623591
0.0449413765707
-0.053456179869
0.00561285980456
-0.0630923801901
-0.0127026907148
0.0241304468166
0.107645275766
0.0548313603436
0.0874728548346
0.0629414758979
0.0853413789133
0.120411499096
-0.0344284723921
0.0828572696968
0.096809273474
0.0851269057874
0.021000198253
0.0113070044634
0.0379963819172
0.00354637592464
0.0829329039875
0.119762700964
0.0236168189452
0.075398724702
-0.0236379198038
0.106560808332
0.108672361689
0.018318407946
-0.104538155959
0.0619423035346
-0.0145264517462
-0.00577718629223
0.000137254076792
0.0853171655913
0.0723360336364
0.0125727021596
0.121073533158
0.0731943566822
-0.031084498278
0.107230987204
0.00962404022619
0.053950960251
0.0364207504101
0.0812794373598
0.0521501376371
0.0394461678451
-0.0477402174561
0.0145065449301
-0.000897875704282
0.107880461695
0.106850939795
0.0714340431131
0.0671528852849
0.0631984372811
0.0995141753816
0.0320542807587
0.035641718797
0.0864920943645
0.104706366006
0.087521320701
0.0405893074349
0.111247222921
0.067965645445
0.0113544463122
-0.0571889851905
0.108124793507
-0.0115597687426
0.0690053965395
0.018308801318
0.119613399134
0.105290365521
0.10973691151
-0.125648391865
0.0328141390386
-0.0123075701155
0.050742190718
0.0714314097967
0.127621566854
0.091268027448
0.08526784364
-0.0416108501753
-0.0385393047936
0.096587589221
0.143680883382
-0.00522054761647
0.132955572264
0.0908750349198
0.0736467602269
0.105936296027
0.103489348093
0.0548356766356
0.047243267183
-0.0531051679771
-0.0511593900808
0.0996321501479
-0.013145257412
0.0905950776635
-0.00348481892139
0.0587774121288
0.011875139974
-0.0101614780953
0.111151418012
0.0996606188441
0.0725263669663
0.0485279528453
0.0416645640243
0.0290159373263
0.0862435050401
0.00338413474791
0.0778065556892
0.0828218257601
-0.0254406696163
-0.0912840726364
0.0696551292813
0.0335769003538
0.0467532004064
0.0782709908144
-0.056011116755
0.0183504822309
0.118347499166
0.0616712529234
0.120832998872
-0.0194943156836
0.105209341619
0.100235069168
0.0881726021134
0.00664628394649
-0.00609247738825
0.0452447784593
0.0109769054445
0.0192189723044
-0.0591706778364
0.0435539063524
0.055694833338
0.0970015510831
0.0462862622656
0.0536907402088
0.0141812699676
0.0860316610422
0.0627683897237
0.0869051002875
0.00241093316833
0.0561359202986
0.0638974056215
0.045524450255
0.0855447176934
-0.00410163937886
0.0532680020231
0.114981346527
0.0647264553265
0.0249970096792
-0.00802541600406
-0.0102894396578
0.0705002042957
0.033867342412
0.10729790713
0.0840766274107
0.0940175390802
0.021980103545
0.100147103811
-0.115601150932
0.0775024701899
0.112489629727
-0.120792577459
-0.0197318560301
-0.0129622437497
0.0598239358806
0.0337137566301
-0.021312804544
0.0546270205972
0.0346222650832
0.0870684873818
0.0994228994064
0.0508261959145
0.0274067478188
-0.0135397516318
0.0639210500146
-0.0131572525683
0.0543101912962
0.0123188802203
-0.0464927941652
-0.00679227184356
0.009412860517
0.0290938368582
0.0776488648783
0.0281804781535
0.0220632467022
0.0626111156989
0.0343880860517
0.0323508330469
0.0795687978384
0.141231807873
0.135930095644
0.0630172005026
0.076229784078
-0.0307932828063
0.0618368897119
-0.0114796079063
0.123094652982
0.0998453890832
-0.0158724603842
0.0418762091219
0.00601738285768
0.0358201943295
-0.0314078731548
0.129163172854
0.0542898384565
0.000313013608365
0.0214625942632
0.118484968676
0.0615490632568
0.0457972153183
0.020116774669
-0.0342329378236
0.077930390516
0.0591685588144
0.0188450359538
0.0466080383627
0.0754028135436
0.101789197947
0.0210831643975
0.0288353626864
-0.0108535931214
0.116878990475
0.0593930696291
0.0849749069738
0.0871050174604
0.028862900163
-0.0564740714163
-0.0561242728697
0.0466071089421
-0.00730041669993
0.116944160541
0.0701545177373
-0.00824919726248
0.0654309568974
-0.0267427850926
0.0342610827656
0.0283523688452
0.0103003894915
0.0561686918074
0.0422839197504
0.0635570777817
0.0136241742272
-0.0345331966471
-0.0929071198143
-0.00136669670335
0.0884406731822
0.0392344450917
0.0380449109036
-0.0182509094824
0.0645641315029
0.0885292447874
0.00725283802587
0.0138755021901
0.102250586136
0.0831206629271
0.0770927109396
0.0566364326947
-0.00480930850983
0.0332864899689
0.0771264735258
0.0709723878352
0.0102903323795
0.10584824477
0.00931429257396
0.139368104934
0.0116041144992
0.117487866803
0.0469245415069
0.0553086197804
-0.0230312297742
0.0743200540137
0.0822172323161
0.116329684558
-0.0173974417501
0.0569448406411
0.0215025022775
0.0919470445129
0.0216914676775
0.0807490062811
0.0370712507251
0.110263849693
0.0865956493077
0.116009175993
-0.0307375902837
0.0733160994333
0.0705384325118
-0.0458750542061
0.0729115387251
0.0452760708041
0.0272294593534
0.0657687432593
0.0815968720625
-0.0324701783318
0.0423827275323
0.0717910549264
0.0520505582351
0.0831984466192
-0.0204700490292
0.0132676471936
0.114118332156
0.0330431557922
0.0208653407161
0.0911308177292
0.0857427221148
-0.0555223735371
0.0290832920687
0.107264197373
0.020289977415
-0.0285028338514
0.0792065184591
-0.0320125302536
0.0599004704982
0.0512909698629
0.0474585603262
0.0276553803517
0.0507200284507
0.0514598505512
0.0543077087888
0.0660453710784
-0.0188328601559
0.00527155569123
-0.00993509686719
0.0426774158226
0.055340605127
0.0435323882955
0.0641872754219
0.0717888740604
0.107658678365
0.0426147917829
0.0727562682911
0.0494445704062
0.134902101113
-0.0498621787054
0.0725731407914
0.0432498801525
0.0490078206763
0.0239096104035
0.0166644730037
0.0813483241612
0.0719349851269
0.0685591023175
0.00998470723658
0.0725829294916
0.0548737486791
0.0874101802201
-0.0435519134568
0.097808293087
0.0309112770425
-0.0423579185035
0.006385178158
-0.0074391067983
-0.0257191846336
0.0527102557999
0.0656644768677
-0.00562231778348
0.0509688302085
0.0773395587548
0.0306897612418
0.00455829250655
0.0362500533434
0.0998537358857
-0.0228816284687
0.14823423973
0.0532602432123
0.0452594424095
0.057466045756
0.0146446854582
0.131507774907
-0.122364354521
0.0982166278878
0.0797170320297
0.0672662864868
0.102702281771
0.0108455837044
0.108224661944
0.0873191500222
0.101600123032
0.0725514312835
0.0490158115358
0.0510515746078
0.0483987023595
0.0199478314579
0.0485975817821
0.0183958889968
0.0529341734912
-0.0174843767918
0.129749466909
0.00277682063326
0.0866908758992
0.0224413507958
0.0908769437459
0.0376702740801
0.0325232153591
0.0336180762429
0.139595913689
0.0318428978037
0.0679883090768
0.0353901349161
0.0785090946278
0.0704842374919
0.0705884528074
0.0877916595397
0.0838325698417
0.044554124555
-0.0622976312928
0.0209476967961
0.0392971489277
0.0739749228964
0.0532315691413
0.00111490481588
0.00167039820244
0.0392247203024
0.104045837857
0.10841869726
0.0847446635056
0.0298587130648
0.0254565273141
0.0915409439502
-0.00855660371934
0.13545799471
-0.00568775111327
-0.0389911740016
0.048360433244
-0.0140203598954
0.0841404285706
0.0865853819259
0.132398866181
0.034386522341
0.04393849105
0.0864967380368
0.0712094067646
0.0471424081081
0.0420615757218
0.00237132875808
-0.00146634264109
-0.0209980754041
0.0158080456274
0.0724819655697
0.123779606415
0.0539181674067
0.101440019364
-0.0389597231837
0.04165669991
0.0199854438928
0.0285206461081
-0.06404474623
0.0597720869099
-0.037160397613
-0.0393012760008
0.0677674223345
-0.10060675818
0.0173399518231
-0.00286175013398
0.0521696764549
0.107948783305
0.0672443647725
0.133116530367
-0.00341919681852
0.0862682463595
0.00401059363336
0.0592115183413
0.141218682936
0.00630425417563
0.0614850754664
0.0722455400636
0.0670295877042
0.0542093460394
0.0643982336471
0.0370036241621
0.0930040776529
0.0930387194242
0.02942797289
0.109799161551
0.0547555840052
0.0816239018778
0.103617216426
0.0272444345059
0.0329543397903
-0.0449265175273
0.0263871087646
0.112947238724
0.06910558058
0.019206098421
0.0176091617434
0.0327644144618
0.100624043661
0.0841758479855
0.106260725316
0.107307590739
0.0543342789183
-0.0937394261357
-0.0630003753866
-0.00293069685826
0.033733295087
0.0764055058529
0.0933127704225
0.0532819103151
0.0614398806374
0.0748602433796
0.0901881574536
0.135769018414
0.0678931531091
0.0961927612289
0.111371233207
0.040237709438
0.0573818758267
0.0495956676623
0.010737994798
0.083211187017
0.0877532120171
0.0768710862671
0.115881332075
-0.064165948643
-0.0170248598103
0.111634303004
0.109532377644
0.0401342917917
0.0122777887484
0.0693213593995
-0.0581160537059
0.111818789994
0.0409781339212
0.0262974596677
0.054604880616
0.0350103080889
-0.0504152446247
0.0354652592292
-0.0596182746671
-0.050065511476
0.109857118786
0.0577941047581
-0.0234980138336
0.10775152668
-0.0846879966549
0.0118088607128
0.00362035291367
0.00925867791473
0.0075393006782
0.07837692437
0.0021704475277
0.0240792775197
-0.00754073804459
0.0650910981624
0.0919925517222
-0.0324640936227
0.0533888851132
0.0337471810355
0.000237843735544
0.0851266067194
0.0193029846424
-0.00547748936683
-0.00231990186881
0.0676626894111
0.00713161581997
0.031130413608
-0.0216765170784
-0.0329253159845
-0.0294101939165
0.0601836765457
-0.00914401536276
0.0170523828889
-0.0118892273296
0.0667628980545
0.01010820265
0.0117666383605
-0.00863363626997
0.0222661476089
0.0161653807504
0.0426993242213
0.140246570423
0.0299419870895
0.0134150807203
0.0101094246149
-0.0179972906787
0.0647202027831
-0.0888179961098
0.0978938246845
0.0934473033522
0.0177395983444
0.069115573349
0.102276178375
0.0818160501815
0.0208815278426
0.0268075724132
0.0269415189511
0.0640920058129
0.0591505825186
0.0852502146044
0.113745967263
0.00959003217378
-0.000558212130345
0.0591875995714
0.111643812949
0.0675909976657
0.126869418968
-0.0118918376831
0.0267834084375
0.0561397659093
0.0989330788454
0.0663309141388
0.0793352436794
-0.0420800253945
0.0807187481721
0.0236457404362
0.0642789470183
-0.0500326771649
0.0448265382141
-0.0503893253777
-0.0420548996057
-0.0012428510909
0.115104777513
0.0760174891242
0.0276728865771
0.0229352514739
0.123213519008
0.102235289612
0.117130516148
-0.0126004464301
0.0493758426524
0.0835411659495
-0.00578226213514
-0.053587639324
0.0147339150858
-0.0317479754426
0.087298317547
0.0438308985699
0.0912182100439
-0.058872276751
-0.00159857865829
-0.0482242962125
-0.0153618226754
0.0775508477119
0.0279909151522
0.00709661899062
-0.00895772734205
0.120214085514
0.0651630966816
0.0604448553728
0.0256301331142
-0.105930818475
0.1153471051
0.0184222946162
0.0446646315219
0.121869112994
0.0905585177276
0.0968850394728
0.0629869938314
0.0448328741038
-0.0203462665137
-0.0384271561004
0.0692021475766
0.0585084521472
0.035479805211
0.0627492101782
0.0406667274211
-0.021790537377
0.124135492669
-0.0544373447881
0.0794998923254
0.0495594525407
0.110234672055
0.0366749363668
0.0394473665986
0.109872784307
0.0573883573261
0.0173685733128
-0.0165146242768
0.00062291529652
-0.0532878714988
0.121020113165
0.0597502037402
-0.00865915877382
0.0138274087053
-0.0560383604514
0.0542324333785
-0.0270021039071
0.106913996125
0.000637817160126
-0.0142765040333
0.0901631071241
-0.0285273785813
0.0536158016973
0.0126798851091
0.0340977514645
0.00833663363312
-0.0823136111623
0.0445491866837
-0.0223623138034
-0.0332756297013
0.0366302667867
0.0308869276557
-0.00282186496114
0.108149367101
0.0841776392381
0.0381359577208
0.0625471375977
0.0331659833172
0.0319821839268
0.0771157523346
-0.0466373294757
0.0506359555672
-0.016718112373
0.0327678930034
0.089548510904
0.0115032031273
-0.0930759454369
0.0701620382938
0.058246222313
0.136269194395
-0.0266721136919
0.139202757789
0.0563338174272
0.00381508554144
0.0765386419703
-0.0968729126953
-0.0388904043218
-0.0758624584956
0.0627176786836
0.0157712005427
-0.00681028722679
-0.0459814193913
0.0979639790247
0.0819256887987
0.00327137075231
-0.0152146742425
0.110108980416
0.0446093548234
0.0690944696631
0.113252790026
0.081283080327
0.120962724935
0.0412628689732
-0.0445396574264
0.078492379243
0.0338415962027
0.0574687037026
0.0638703128339
-0.0210416959411
-0.0213705033288
0.0864971293109
0.100524132437
-0.0262187429276
0.0840234432654
0.0416263072373
0.0663817371549
-0.0344695808314
0.0362313978917
0.0624152325041
0.0446102089511
0.0923723549393
0.0349566740398
0.078027139259
0.0590615134533
-0.00373022807432
0.0608299581019
-0.0195804865779
0.00467576075882
0.000442321383603
0.102288404025
0.0433457222799
0.0131907601119
-0.0890099661814
0.0380344108798
0.111248472423
0.00530714816846
0.00673339871409
0.0658924413192
0.0978151300518
0.0921614725058
0.0688433769002
0.0925578042394
0.0554785815223
0.0649491474202
0.0442690079867
0.0211979095906
0.07045109275
0.00333332963378
0.0429209533518
0.080732477225
0.019712074215
-0.0259385622449
0.0328579156974
0.101337037303
0.0683756266788
0.0612176762232
0.0231628999183
0.0715362260811
-0.00435186141725
-0.115317859047
0.108618108069
0.0331458082071
0.0443715448431
0.0671919297945
0.0237449185039
0.119816213032
0.0124678110797
0.0655734058993
0.0562982437064
-0.00209342244124
-0.0508775838482
0.0871747059795
0.031627101242
-0.061913911974
-0.0233876535192
0.0289462496338
0.0707057987069
0.071148099484
0.044687122809
0.0517928451274
-0.00180424316291
-0.0261933238498
0.115828663127
0.12116330041
-0.00545523471061
0.082625685668
-0.0113541895272
0.11279461808
0.101527257861
0.0293750323549
-0.0267825425998
0.0629009419442
0.00528055865917
0.04718162527
0.122297594018
0.0795110477374
0.121732267735
0.076869039337
0.0634244564104
0.12199305476
0.0563089188366
0.081562627403
0.0957032920942
0.0821334072184
0.0946226981718
-0.0127712478885
0.1062938847
0.0863812464063
0.121268719344
-0.0147477829182
0.0669742513617
0.0563689634376
0.0244187890235
0.0349551216969
-0.00693223379645
0.0630169771155
0.0296263055495
0.0580173750445
0.0194012091803
-0.0360827442098
0.0220059154804
0.0299828737092
0.0386898555381
0.0269817350721
0.0697592350305
-6.99670185327e-05
0.0865291741262
0.11958767293
0.0908007516101
0.07094630598
0.0829349448972
0.112967606927
-0.0594003040981
-0.00427843100758
0.101516326221
-0.00826106350916
0.0602340990049
0.0595399487659
0.110554705821
0.0563261184232
0.0537732934497
-0.00258056929999
0.00674273060911
0.108165844225
0.0718668138892
0.00903426972811
0.0524750429016
0.0272929453767
0.0475777954286
0.022306327806
0.0392289663988
0.0459460220263
-0.00691720823638
0.110522846463
0.110373024897
-0.0810202604291
0.0231980676692
0.0125991317042
0.0102776203513
0.035647079264
0.0636073729471
-0.0468037933117
-0.0142897227581
0.100367970914
0.0714264561598
0.0157519838083
0.00164276555445
0.0922294209877
-0.0361458083955
-0.077857791022
0.012841133932
0.0250895062101
0.027924018872
-0.0302037944183
-0.0162897567801
0.0525349513041
0.0760312748099
0.0394864721429
0.100576692877
-0.0132815522885
0.0679041771371
-0.0518089172969
0.0846253132874
-0.0709397254915
0.0038934005704
-0.0214205223692
-0.00626729269107
-0.05252961036
-0.0323677719189
0.00830164482923
0.117902724168
0.12324595144
0.056372698141
0.0940771576574
0.0646261724257
0.0850731579125
0.0347171583814
0.0784477583644
0.0104606135008
0.0433214286305
0.116947181666
0.0320714121602
0.0578331296843
0.047665226479
0.02307319386
0.0480884599523
0.0586384853483
0.0955737553052
0.0330106707125
0.0803112112244
0.105710780088
0.00191349839443
0.0740222157764
0.106526914771
-0.0351958072183
0.0610486759117
0.0148799543796
-0.0211897555043
0.0728604876234
0.0234091344792
0.0363997801798
-0.0143843177997
0.0762549743188
0.141234297806
0.00945382688093
0.0223220013145
0.0355122015328
-0.0601533334004
0.09919133362
0.0342801098579
-0.0151750639366
-0.0145721261147
0.0438808900823
-0.0110358725759
0.0325799540752
-0.00918233832876
0.0765569020011
0.0713772946416
-0.0473201831836
0.0965014282853
-0.013826060976
0.089112675688
-0.0293813804329
-0.0303994384945
0.117858896873
0.109526452854
0.119216614525
0.0734544617046
-0.0601204563368
0.0515944755291
0.0544781341743
0.0365036473369
0.127292302344
0.0160424017262
0.0322538132007
0.0126502100064
0.00992643531069
0.0145734722669
0.100340806007
-0.0317015382493
0.0776191653367
0.101524095801
0.114387948053
-0.0064777075105
0.0803193566165
0.110738380701
0.0963064262918
-0.0186790926015
0.119911566779
-0.10350376526
0.131521311941
0.0254359593837
0.0568226487606
0.0385287564525
-0.0689327182849
0.0741139717749
0.118307712499
0.0155169539743
-0.0441209713172
0.117115856579
0.0858987571056
0.0481327715403
-0.00884282315948
0.0472343595148
0.0828035542666
0.0579709678871
0.0242103721145
0.101002928479
-0.00869465559687
0.0452826357759
0.0313621266461
0.00235263168713
0.0639581946771
0.0914336042789
0.054871889795
0.00195510965887
-0.0181208162107
-0.0130978892294
0.0900850403689
0.0522411137684
0.0367865164866
-0.0154059921358
0.10063186182
-0.0181090544846
0.0702635570262
0.0278023600107
-0.0372672227123
0.0214360614428
0.0142698601344
0.0995123540519
0.0585397926564
0.107533012018
0.103820148271
0.00692547750495
0.100229903928
-0.0199438000241
0.0870127518596
0.0698550784005
0.10202850562
0.073292448573
0.104792381935
0.0547732209529
-0.0238008492329
0.0974073218067
0.0255007494495
-0.0398462191816
0.0148185997949
0.137361663104
0.013651685048
0.110308529385
0.123054778362
0.0814506303211
-0.0064488304209
0.0157283092487
-0.00194192184446
0.0254986768523
0.000334519000726
0.0653178826331
0.0948857305462
0.0176218796827
0.0694889189549
-0.0258654925611
-0.121577209964
0.00364981890989
0.088095030058
-0.017901106826
0.0504607332522
0.111396924104
0.0846305041602
-0.0230227211466
0.127960967381
0.0233182856867
-0.0116704977646
0.0630721202923
-0.0056107530442
0.0611724849317
0.0208763295742
0.0893900109336
-0.0335292860363
-0.0472059846654
-0.0203548557368
0.103785265552
0.071117356889
-0.0345358043844
0.0322672277341
-0.0199010074582
-8.52953301038e-05
-0.0227889053164
0.0686698893517
-0.0142204252107
0.0201670584658
0.105442008469
0.0566882500204
-0.0246756565875
-0.0885491578807
0.0337883326008
-0.00799163355198
0.0526030759387
0.0363302831132
0.0203530697724
0.0462790596598
0.043101841885
0.0536657403023
0.121374840137
0.119503998467
-0.106637722884
0.00253685688443
0.0745197269622
-0.0142851004361
0.106286458976
0.0848940878057
0.0903762234307
0.0773700555736
0.0864967152562
0.00993100992397
0.0949344271587
0.0662393057432
0.0151192803159
-0.0089553829876
0.0355371383285
0.0993922268901
0.063110443319
-0.0100600000698
0.091206158589
-0.0312461336004
0.053889741005
0.0986964349525
-0.0559537254346
0.0538331376657
0.0491566450123
0.0575479692204
0.0731627122075
-0.0216903649807
0.0177305321811
0.0628060177082
0.10727545633
0.0288137411904
0.0476422155208
0.0137437846815
0.0651876160227
0.0733517627654
0.0733162995568
0.0987454134245
0.0152235525578
-0.00240922961437
-0.0189140107069
0.0745841641527
0.0600481211043
0.0213497032568
0.0439434567144
0.0988208007267
0.0231413091185
0.0282258879354
0.00133313256874
0.00912933062269
-0.00579713518436
-0.00348276158518
-0.0354926116172
0.0778223584597
-0.0270476532195
-0.0320661194414
0.0423048670404
0.0399444469287
0.0762514712354
0.0615562643108
0.0356467504561
0.00746816884175
-0.0466205209264
0.0431059235511
0.00557911436961
0.0303582179233
0.0196630578996
0.104348878003
0.0185476001204
0.0911579801925
-0.0116812847654
0.0797501848308
-0.0122365044869
0.0935569961434
0.0420231094029
0.0708891399965
0.10707490851
-0.0115713557932
0.138721568761
0.0332101564824
0.0849155004435
0.117683369466
0.0832835688426
0.054358413086
0.049527289197
0.0206739916824
-0.116784464961
0.0137421234396
0.02423203598
0.0808505196105
0.00737820649161
0.0546937597353
0.0605376829262
0.0725615195321
0.0719839299348
0.019407506945
0.000654787853641
-0.00892055460686
0.0695063455198
0.0746483282864
0.072448535696
-0.0172024825091
0.028858644515
0.0441267256277
-0.0339142521403
0.0628735417578
0.0373811202682
-0.0388559847832
0.121466025177
0.129302506901
0.0476454971508
-0.026244130334
0.0291972063262
0.0558572242338
0.101435882243
0.0482290328902
-0.00570659583995
-0.00835775176052
0.00395201715882
0.10001850877
-0.0553377672954
0.0639062259516
0.130830402291
0.0734072997062
0.060241467951
0.114676302138
0.00538625038262
0.0212195638997
-0.0140420894494
0.107182571801
0.0929043149426
0.0557862656568
-0.0414973103926
0.0681174307346
0.0701155287654
0.107560081655
0.0642900225402
0.0383019461358
0.0910183867264
-0.0795618962329
0.0157635929361
-0.00660721056186
-0.0246796387164
-0.018338027384
0.0800520308676
0.13119049249
0.0978521426672
0.0275512136626
0.0974709627532
-0.0247093475577
0.0341059803742
0.0414048683372
0.0958651863028
0.0463148772243
0.0478327826271
0.0454140653861
-0.0117796231248
0.00367393962868
0.0753893218227
-0.0356773234824
0.0196682529752
0.0989621805537
0.0387126036827
0.0475356014471
0.0620997573251
0.103774266054
0.0043602170953
0.0972258878893
-0.00291079763173
0.0546540242738
0.0811327061807
-0.0158539598056
0.0100643393824
0.0219530994295
0.0911510353926
0.00774662453618
0.102268442318
-0.00719423653032
-0.0411311711859
-0.00842929271815
0.0332665030713
0.0393780697739
0.0875117979528
0.133342543968
0.0613373913056
0.0749935647438
0.0405200123109
0.0417063003443
-0.00117485300856
-0.00943218458855
0.0126913266524
0.10584905748
0.0378069128975
0.0651191636015
0.0303851834546
-0.0545411716298
0.0130010952124
0.0793785841254
-0.0362305131083
0.0671208301299
0.0435485279407
0.136091778148
0.0109413885376
0.0757428960803
0.0289121654503
0.0924093335635
0.134338619591
0.0381872250884
0.0268646247285
0.0123772687833
0.087983071948
0.0896764818795
0.0590624926956
0.0333385166446
0.0901307387149
0.0729747688958
0.00679291080487
0.0227484647843
0.0916482235352
0.0750365804785
-0.0128723248781
0.0501213120374
-0.00279988229639
0.100950983726
0.0899845256297
0.0370530822796
0.0732004342341
0.0882790302107
0.0820012275685
-0.0146947797027
-0.0400506376822
0.0620614779115
0.0218971791819
0.0806495103321
0.0317617430196
0.101401883351
0.122683553532
-0.0300074212595
0.0760349871075
0.0961051846556
0.0582061361688
0.0393352035071
-0.067575521192
0.047233714793
0.0341071958665
-0.0340861776253
0.0557356553975
0.0827832134167
-0.0456823105867
0.0406504619052
-0.0563666494424
0.0571055723115
-0.0361050332651
0.0861289099323
0.0218450993191
0.0148947720862
0.110376400105
-0.00164071719672
0.017399517975
0.0329256613848
-0.00104083902614
0.115370830865
0.0639946840802
0.0905662241807
0.0716025300983
0.0597328023052
0.0486582402388
0.0947418752128
0.0977905732521
-0.0227529608251
0.116135142886
0.116780749864
0.0521010286153
0.071491059324
0.00262964090452
0.0762310141277
0.00329763989736
0.116960653393
0.0555693651327
0.0385958956686
0.0981363340064
0.0633378636137
0.0861951639247
0.0141746735817
0.0245108899675
0.0459085202508
-0.0724439133506
0.110665903363
0.10399633392
0.0334776812808
0.0750761143971
0.0611571946672
0.0123571149403
0.0423237082709
0.0779338479497
0.0351067857775
0.115288245766
0.0691514990965
0.0858545599898
0.0467353563352
0.0425107691062
0.0563079464201
0.0781568316744
0.0647577218854
0.0576891652779
0.0672848543652
0.0186227166469
-0.00453241767798
0.107866452546
-0.00796046687034
0.040917277216
0.0781116508724
0.0496227824384
-0.0488472592043
0.0439297980587
0.134701837064
-0.0303339129588
0.108698617531
0.0579966373562
0.100836778561
0.107528721239
0.0864333187492
-0.0392921336194
0.0269382737227
0.086207074255
0.0741864761174
0.0702651836621
-0.020337753511
-0.0354980915863
0.0393664978695
0.0577822366588
0.109709310012
0.106333344204
0.0756923624274
0.0251268004077
0.0148429377323
0.00943454178866
-0.0716918279396
0.125900519477
0.103225013218
0.0935699310743
-0.0830350520088
0.0211828057618
0.058845255823
0.0731925422275
0.114148846931
0.0186528695642
0.0798701794632
0.0882713775301
-0.0169035518843
0.0119117443822
0.100223597002
0.0860618286119
0.019846125075
0.103077774591
0.0818339665908
-0.00687224203487
0.0189860603564
0.0304972310087
0.0528881999679
0.0878370405566
-0.0330627528031
0.0700984060269
0.0298584855376
0.0657559894498
0.0196654632761
-0.0643722070953
0.118722164145
0.08761216319
0.0269963755119
0.0124439849552
0.11189330696
0.0890366566502
0.090910443041
0.0196124727889
-0.00887188411369
0.0469440355515
0.062096787751
0.0213800455517
0.00350171836819
0.124571671306
-0.132309938908
0.108718175903
-0.030317503199
-0.0389545128752
0.0363460223749
0.0616785850941
0.0515370318485
0.114386915782
0.0630607551342
-0.0346606413883
-0.0274001119729
0.0231125456536
-0.0243203402406
0.0748778363852
0.0530177544459
0.0157100401911
0.0761639218222
0.0612516732942
0.0345060897095
-0.00750961982963
0.0369621700692
0.125239468922
0.0298632824458
0.0227993817055
0.0941926695421
0.0696203460135
0.122335290602
-0.0221346176312
0.0645152016189
0.0761774207637
0.0507953859245
-0.0118998639535
-0.0673220616387
0.0918867117265
0.0128781533079
-0.0385805518762
0.0880914250932
-0.0137410211072
0.0626598416991
0.139399131214
0.0816829431922
0.0503817514439
0.0867011772078
0.107967070985
0.0150426753695
0.0904202271244
0.093977106181
-0.0259445711355
0.00914156195893
-0.144974337826
0.063117260882
-0.0446449790201
0.0213203455591
-0.0360433492591
0.129375917502
-0.0270800430502
-0.0231417599254
0.0216995450453
0.0429874175581
0.124217430684
0.0554172462779
0.0622104683014
0.075132865917
0.00987217391221
0.0904180484806
-0.0371244094255
0.109564613368
-0.0170834075433
0.0948949751096
0.0327757450649
0.047396582721
0.0806180417849
0.0900123111886
0.0801394301388
0.0676959471336
0.0825629709678
0.115829177091
-0.00263317862073
0.0236953293178
0.0180175015465
0.0664220760741
0.146056633123
0.0406745803203
-0.0693185246761
0.0299798451894
0.00189938234007
0.0890136902523
0.0208744402102
-0.0136927137252
0.0857221057787
-0.0391458264941
0.0335226543094
0.0461441766449
0.0258530252855
0.0896629015549
0.0998033707754
0.0424197455929
0.0306022489049
0.00215764179396
0.0257733138129
0.0539967543241
0.0446746586458
0.0519491193439
