-0.00850201957393 0.0733160488215
0.0156105582939 0.0608391706246
0.0258835692546 0.0569786909506
0.0317865874404 0.0544943807705
0.03453181443 0.0533559290887
0.0359123435046 0.0532404536664
0.0385446786008 0.0530906559943
0.0401089253704 0.0524869964577
0.0389710678609 0.0531161813451
0.0410397891193 0.0530572847858
0.0404748057603 0.0532174265303
0.0409871852649 0.0517420804764
0.0429286768354 0.0524468430985
0.0423908645269 0.0522989110444
0.0424783651624 0.0521356492393
0.0427517693212 0.052090712559
0.0429509870761 0.0515369029597
0.0429735637633 0.0520992428748
0.0424044832328 0.0524784882932
0.0429500810081 0.0523052946821
0.0421017785223 0.0521992356982
0.0429451508315 0.0518311018492
0.0446896505961 0.0519038253605
0.0420811752044 0.0524296742193
0.0441745817625 0.0520168498696
0.0445118770532 0.0514788747557
0.0433696141577 0.0529532234789
0.0445210957594 0.0522554778296
0.0423609622737 0.0528281812342
0.0434275505221 0.0522750308965
0.042172107717 0.0526756146577
0.0435176135498 0.0518485721058
0.0442576155593 0.0522800746224
0.0431977927683 0.0521331930129
0.0448435638767 0.0525808742617
0.043837054115 0.0507991965886
0.0432280641941 0.0522499448948
0.0437474321879 0.0520265672836
0.0426047378981 0.0521966626608
0.0441831193329 0.0527556381793
0.0436030959422 0.0522507830424
0.0439999131941 0.0524980679584
0.0440030421523 0.0525236214061
0.0435452819659 0.0521854607809
0.0446658324369 0.052116655224
0.0428178423905 0.0530483081553
0.0429931836744 0.0519235395181
0.0436941464786 0.0522379144234
0.043774775015 0.0515734801606
0.043926717145 0.0518365601621
0.0440857331965 0.0523540934118
0.0439856761565 0.0525102374722
0.0442157428069 0.0518037793339
0.0442756806073 0.0523967359354
0.0436095051449 0.0512499042425
0.0423007486706 0.0519961203947
0.0440118974059 0.0517895795976
0.0442925834002 0.0522946484674
0.0431428905029 0.0522934244486
0.0438049912663 0.053097889357
0.0438022466012 0.0524548041944
0.0437851175907 0.0523392622113
0.0446814173696 0.0513445718675
0.0433815044207 0.0528708162469
0.0428694848226 0.0517786143873
0.0428190747514 0.0511323614947
0.0431751048706 0.0524169914541
0.0441479040281 0.0521833440384
0.0445838922045 0.0515334049591
0.0441523398129 0.0519890199365
0.0440699174717 0.0518174837393
0.042046516644 0.0522056579598
0.0430304227863 0.0527493317106
0.0426196355667 0.0518028295557
0.0422462892936 0.0526426818137
0.042990240369 0.0528414040494
0.0425271918033 0.0523436794232
0.0429065650261 0.0525551452201
0.0406094144583 0.0528539472305
0.0425701541194 0.0517918714993
0.0410670495882 0.0532924112383
0.041618041692 0.0522375284399
0.041899736048 0.0518380311373
0.0407979266776 0.0525481065314
0.0401385522743 0.0522978776178
0.0401053270856 0.0529733740466
0.0392149691315 0.0526079813658
0.037925566949 0.0526366112515
0.0366152025733 0.0536374078337
0.0373445655271 0.052920331576
0.0364474228983 0.0523506095378
0.0347577249885 0.0534626056112
0.0340053877852 0.0528643550828
0.0307170739248 0.0535691645571
0.0304813650684 0.0547860141406
0.0270791527457 0.0557273829498
0.0222567348063 0.0577771047108
0.0120819895241 0.0616054314596
-0.00864215081047 0.0720875719597
