0.00100127573631
0.0724143099005
0.0218514443813
0.0858298299133
-0.0628519323615
0.0821585133359
0.0292019287586
0.0136905402487
0.0788512215836
0.0908567878827
0.0383094778992
0.0320919381564
0.0871217484407
0.126701302139
0.0815705817284
0.000846797744622
0.0887038510346
0.0593750893763
0.0894684457709
0.0102078672145
0.0170295077775
0.116224834185
0.0912414119718
-0.107846355305
-0.00821000487457
-0.00496024230055
-0.0182807554483
0.0772483151427
-0.0169963681926
0.0370444492057
0.0297166032746
0.0857828862474
0.0919094672134
0.105880863988
0.107874422522
0.0924778194012
0.073558616491
0.0272357410126
0.0885002526875
0.0559527459966
0.0996720668316
0.112136877498
0.0417974957218
0.0487357188618
-0.0137794422179
0.102468946337
0.0963375231683
0.136061628256
-0.0196130394606
0.0550752936201
-0.0035841934523
0.0193077102544
0.0924171639439
-0.00250842390487
0.0310561334752
-0.00986577497874
0.108584591489
-0.031415995399
0.0324987630039
-0.0192315331459
0.026765578158
0.123759338776
0.0483605566258
0.0767550911324
0.0722218000857
0.0651946380046
-0.166850423771
0.0966521013217
0.0339019215153
-0.0124722158003
0.0660943864618
-0.0331660089383
0.0826210567545
0.0347726544219
0.0931335337177
-0.0208954290596
0.117855236289
0.100753600622
0.0833513258054
0.112556191764
0.0884550410661
0.0493161316642
0.0536550628795
0.0801421875991
0.0700852405733
0.111874776517
0.106805533162
0.0587275673393
0.0160801458534
0.129628658888
-0.0396665035494
0.0239818025327
0.0843938973548
0.0937172582578
0.0811704
0.0427945119969
0.0917062263521
0.0577657120406
0.057201903665
-0.00216372396951
0.0248913953605
-0.0107979971642
-0.0622781253705
0.0887420845067
-0.0229855051704
0.111877755958
0.0707027977468
-0.0018952586997
0.108011362696
0.077336019101
-0.00284513574196
0.0926290321686
0.0958828023567
0.0287424769942
0.00608685903108
0.0337567969226
0.00079198436236
0.115659599577
0.0889161543864
0.0106010359819
0.0924531117395
0.0716173102094
0.0479256444959
0.0574797102254
0.0692485620148
-0.0431112361289
0.0337539668725
-0.0717312701098
-0.0756195417694
0.012800189235
0.0940390837373
0.100679008561
0.0441034060356
0.0292564798503
0.00713736661751
0.112564777966
0.0201629026679
-0.0210685044179
0.057206698929
0.0939002283938
-0.0144227869204
0.0729310869659
0.0918165761145
0.122329845636
0.0915813046102
0.0742101908115
0.041747517056
0.0642241408741
0.0345701560413
0.0902280631785
0.0336087646451
0.0399594822033
0.0267076060253
0.0881743015046
-0.0427592474379
-0.00264554074296
-0.0476485594191
0.0541727503514
-0.0462803251006
-0.0404215179527
0.0477429939834
0.0620615144552
0.101299225283
0.060865731517
0.0684132428491
0.105057970711
0.0174548421294
0.00456842720853
-0.03738743138
0.0870831483127
-0.0208722654515
0.0734758626499
-0.0356456783672
0.00463645972197
0.0161272139525
0.0608479423786
0.0814546771146
0.10865123663
0.07283196955
0.131273335246
0.106761482038
0.0277060525893
0.0945331251482
0.11280031263
0.0713175281124
0.0293644602452
0.127351323402
0.0764413417987
-0.0333187909745
-0.0155071547437
0.0559318058725
0.0393476314326
0.0375332535442
-0.09474844068
0.0502458685832
0.0492428236854
0.0168765676057
0.0502464133862
0.042662836873
0.0767000841108
-0.0273208843948
0.0195389975895
0.108215912099
0.0721414998784
0.079394180448
-0.0930317797149
0.03785090236
0.114648195038
0.00409503804277
0.0808167459136
0.0468352041571
0.107351760043
0.0793107397154
0.0120071991446
-0.103211833744
-0.0113001748974
0.0691074078503
0.0674440074816
0.0549614323415
-0.00422375673647
0.0319362112689
0.0127108908932
0.0855916728686
0.0662245544586
-0.0451709683068
0.0451486449783
0.120964148501
-0.00857432396496
-0.000869101607918
0.0147979107576
0.00511174517141
0.0387308292883
0.0359623333974
0.0471919300666
0.113624162475
-0.0298190820172
0.127703275996
-0.0173954076203
0.041671953174
0.0867500645601
0.0832886891817
0.106997849134
0.107522762973
0.0804159035886
0.116412817291
0.0545045909741
0.0485334997622
0.00349395967598
0.074567770829
0.0389202209507
0.022991193075
0.116664841952
-0.00567705046976
0.0470479818157
0.0282469189533
0.0425855453159
0.00578405894621
0.036597934104
0.0225155413074
0.0714302147534
0.00289977445315
0.0108211292706
0.00944586934835
-0.0345748525534
-0.000222508156299
-0.0556526890367
0.0208850039482
-0.0368942702606
0.00879137323683
0.0123245400012
0.0624377268394
0.0402155442062
0.0276267287674
0.127111713014
0.0314743250612
0.0661617397971
0.0210774198307
0.0306268023155
0.00186506952039
0.0814642788996
0.0184339407367
0.0470338327471
0.000678533484196
0.0454496359381
0.0351270866356
0.0908918154889
0.0675440852898
0.0566850520494
0.0475450545967
0.0104866062172
0.0117069490897
0.050011736715
0.00136432421204
0.0295776925682
0.0134083361857
0.0710741726002
0.0250133034323
0.0906531833725
0.0949525063659
0.0514482370197
0.0564587346333
0.0974755541224
0.0919110955106
0.0374093065713
0.0221723632442
0.0343492694532
-0.0779493544358
0.0186072771581
-0.0500272116966
0.0897447101804
0.0695240870799
0.00689217472706
0.109746465948
0.0965073830895
-0.0413554600067
-0.00740700654687
0.084893213389
0.0528820342765
0.00271942231333
0.0550979025435
0.0229713902458
0.0118385486124
0.0791333143876
0.0974799662895
-0.0630962457595
0.0549935186257
0.0214436190848
0.00429322722359
0.121412491432
0.0169029195281
0.0912257464118
0.014865325028
0.132733945625
0.0243739264313
0.0681077855927
0.0325502773233
0.0712122238167
0.0408387058247
0.0577138566527
0.0634743410748
0.0717178438415
0.0564702365277
0.0785808503271
0.112632896215
-0.0527708532568
-0.0696446940186
0.0256262600992
0.0381539641411
0.101335001599
0.073527352203
0.126360156155
0.0661332975258
0.0870583330234
0.106354207406
0.00954665917799
0.0295694027193
0.0137462107469
0.0813472803272
0.0964699551002
0.0830183806596
0.0554999161824
0.114336935853
0.11935092634
0.0753238537042
0.0222340412193
0.0872521065641
0.0988370748654
0.0436113738411
0.109661740827
0.123184447317
0.0994177625688
0.0850946639528
0.133493041538
0.0567991828833
0.112403391366
-0.0255154757372
0.0736461684608
0.0770270112974
0.0303025369677
0.0433162605894
0.118889429814
0.0282446629664
0.081856356402
0.0638333003123
-0.0123175013904
-0.0353748679126
0.0690828859578
-0.0349395555589
0.030612871803
0.0872518510082
0.00775574209404
0.0628550081664
-0.0756295023732
-0.0448019633353
0.0917057884274
0.110949862327
0.0461256632487
-0.0135097508336
0.00132911953908
0.012695706113
0.00599378480987
0.047006501521
0.0271126154414
0.0108382381604
0.0439899964964
0.0864209959686
0.0245487751479
0.0730480845051
0.0515602694668
-0.00292873927257
0.00182831997009
0.101866095868
0.0913902923985
0.0135229379525
0.0412875510729
0.0671626561871
0.0730253177763
0.126780818628
-0.00502857805675
0.000749118561438
0.0345967008058
0.0307266962133
0.0373986652447
0.0765208203353
0.0792425511261
-0.0657486265504
0.0310723790298
0.0336263032472
0.0374993855052
-0.031269138469
0.0984060653582
-0.105652346276
-0.0326497843431
0.115085852146
0.0609385210917
0.113698272984
-0.0350115191278
0.0613953304722
0.067061584294
0.0769527271319
0.0380903894643
0.0509896518565
0.0354444069427
0.129374205062
0.121233940812
-0.0293256531376
0.0849841663242
0.0472403203377
0.0869116855744
-0.0168273073291
0.0231286967523
-0.0109313800349
0.0971456608015
0.1274018252
0.0986993002918
-0.0625498176778
0.0784539299014
0.0861379457333
0.0545104660675
-0.00224645527221
0.0237240292297
0.0346838392878
-0.0123648820285
-0.00209170118668
0.0994438746965
0.10002965125
-0.000880727419828
0.0380861075604
0.026785980325
0.0644036229477
0.0953137650353
0.119418888187
0.00617891847832
0.0798848371499
-0.0136625210818
0.0349938304585
0.0658166426817
0.00641221192086
0.0235495533396
0.0802764163098
0.121349133961
0.0719556901008
0.0212765230703
0.087004227222
0.0737484433355
0.119527223231
0.10230290739
0.0572377430116
0.0658431774656
-0.0265560567901
0.0163865612818
-0.0173938801111
0.0562058303712
-0.0127899229521
0.0142776795882
0.0778249563605
0.086804302197
-0.0251939817608
0.0552122265915
0.0412101942498
-0.0105434481254
-0.0857715785556
0.0642302951449
-0.00364375809207
0.0316809200718
0.0371889818086
0.112216498768
0.12708555695
0.0930271464441
-0.000359837406722
0.0703320648603
0.0325654858786
0.046148917305
0.0748990419049
-0.0820942703777
0.0725109377525
0.0907194041734
-0.0654770099213
0.0462949523008
0.0227991362493
0.0355633503257
0.0434516806145
-0.0792953894557
0.0490764447209
0.0238687952365
0.0619492613904
0.0479032916075
-0.0106653006595
0.00528493785569
0.0237997060878
-0.0098238509802
0.116302141275
0.058382951842
0.062061776383
-0.0189214013358
-0.100153040336
0.0837246621054
0.0636020600609
0.0453225301792
0.0164984227417
0.0290040885271
-0.162775861468
0.044457393212
0.00974898406989
0.0572974722802
0.0214179485689
0.0122857040573
0.0263801857483
0.0515541307698
0.0439726616802
0.0162210834477
-0.0297827005337
0.102249951853
0.0672670110843
-0.0463271139506
0.034220942061
-0.0283172517993
0.00486748629995
-0.0167978957673
-0.0634597900188
0.0636010883953
0.0880462162168
-0.0436681687311
0.0185957616704
0.0373667345994
-0.0167466530208
0.103866893202
0.000864864177062
0.0475289589618
-0.0521583342372
-0.0127010240347
0.0534507345018
0.0968055270463
0.10241326558
0.0963094599289
-0.053977252958
0.116656206567
-0.0335703292666
0.0871587219511
0.0210137396164
-0.0339883262624
0.0404841671683
0.0381496800737
-0.0428703517811
0.117958301339
0.0771230026563
-0.0354018870208
0.0896407210438
0.0977978232209
-0.0372849554835
-0.017761478103
-0.0234303162438
0.037117437881
0.0441139805959
0.000864614371578
0.00579765251405
0.073624785177
-0.00906793724772
0.0533002769568
0.133740364706
0.0302877453152
0.0913219480979
0.0331552660805
0.102188910481
0.0152792708892
0.0619094518956
-0.0297676962253
0.110744676558
0.0473456736523
-0.00944737665208
0.0679603837071
0.0674896006924
0.0642912579292
0.0341069948779
0.0307277071445
0.00413695279567
0.0525272127833
-0.0194456601988
0.0537581123504
0.0266746151971
0.0823400362162
0.0196156350689
0.0549658359042
0.084583076269
0.0471521025971
-0.0163386734696
0.0221580259211
0.0508814018079
0.0957230405895
0.127986725451
0.108353759435
0.126356973027
0.0404256732932
0.0874759310507
0.0881603657242
-0.0046240170461
-0.0253153891276
0.0747690904765
0.0797185519595
0.0646901606713
0.0606450213473
0.0511648655964
0.0854460191356
0.0665067477524
0.0951734083092
0.0143563319573
-0.0337891284007
0.0637819194476
0.0447747704075
0.0848657308612
-0.0574261519847
0.0948392701577
0.0804992338614
0.0419263758101
0.0210976527393
-0.0247315484183
-0.0391761250781
-0.032873382289
0.127454048336
0.0800905941425
0.0501877499708
0.0479250973157
0.0829344265389
0.111330461863
0.0486249164114
-0.0546331844251
0.0274921213589
0.0170840706603
0.0669617438467
0.0492015865098
0.117421364055
0.0757956889388
0.116051285838
-0.0804256680823
0.0223733485584
0.0615347625958
0.0490779771128
-0.0395323678734
-0.0237149645122
0.10053616586
0.0205261284307
0.0121474316143
0.0344073912069
0.0288315121858
0.10149394688
-0.0107539837821
0.125533035354
0.116247541477
0.0437657948184
0.0867807086105
0.128050206463
-0.00169099037014
0.0609439540157
0.0539721939523
-0.0026847687906
0.107148334393
0.109259414831
0.0568567977221
-0.0343705705746
0.132145380605
0.0875318372311
-0.00579285778007
0.107777106613
-0.0251284028977
0.0882722162779
0.0144794352952
0.0714860428263
0.0275913385293
0.0469242414259
0.021454247065
0.0503136537948
0.032013101297
0.000431251373227
0.119778932773
0.101421669386
0.0359237131406
0.0209815622964
0.0923845583759
0.0977514001953
0.0288679446785
-0.010559455748
0.0409637833034
0.0638036683109
0.0381803113564
0.0549821372584
0.0761047000566
0.0824912829282
0.128539802132
0.135743633579
0.109208370489
0.0686995893666
0.0917503640942
0.0960647849929
0.0184487167541
0.0163918576339
0.100178183679
0.109204280395
0.0358687986804
0.0729345515394
0.0499086274014
0.0269507712957
-0.0130756215611
0.0393453485116
-0.0176888564947
0.065045844488
-0.0528962034426
0.0820023516848
0.0259093354033
-0.00644083727225
0.039676986747
0.00971511647332
0.0149930128907
0.00771538229552
0.0359940063643
0.0624526538763
0.0655167977265
-0.00328910105623
0.0541931016792
0.0354058541117
0.022971735412
0.0675359110207
0.02857342517
0.072654862633
0.107594810112
0.0771470700813
0.105622563724
0.0963011573911
0.0961512086983
0.0418965816832
-0.0568698839205
0.124468355411
0.0846084526928
-0.0485238772604
0.0845782311598
0.050037634897
0.0354195325956
-0.0150139627963
-0.0167418237577
-0.0473663936575
0.0484951850415
0.0075673260481
0.0982085618174
0.0878781197174
0.0721798479975
0.0379584216061
0.00778112118476
0.100023749069
0.0274683089659
-0.0122925109399
-0.00445427064064
-0.00976050204149
0.0490054199291
0.115366511375
0.0947765938114
0.0354336626398
0.0292185850221
-0.0561842338378
0.0344879217839
-0.0357068399878
0.0226150437185
0.0386319622416
0.0605545102901
0.127130354696
0.0497547482523
0.0399173175263
0.0579636015396
0.0188061270858
0.0615973119216
0.0983302065161
0.108487703997
-0.0114100651634
0.0255611727326
0.116648709154
0.102875940299
0.0878255921555
0.0257219879776
0.0825637066446
0.0433414669796
0.0532883302038
0.00993334240873
0.0614973001783
0.0131241082238
0.0338579260334
0.000788224814568
0.109183892944
0.000849689237296
0.0376971342757
0.104078709452
-0.0240259199752
0.093047193796
0.0794654235419
0.115029191928
0.121257478062
0.0490296347824
-0.0248901169465
0.115598407876
0.0706092694796
-0.0101275564487
0.118187093849
-0.00342036322595
0.0230718055193
0.0325125332437
0.0739985135525
0.128050052996
0.0568907860177
-0.0537317730514
0.0388110136413
0.0608959567106
0.088071172561
0.12435456723
-0.0128244985254
0.0738331547732
0.112115306186
-0.0097041967383
-0.00896606196338
-0.00325082900891
0.0258066725251
0.0858404858895
0.0528436498588
0.102359026748
0.0545744463938
0.0353140408754
0.015844267219
-0.0403389676002
0.0758457770095
0.0500343632335
0.0526371740642
-0.0204770164716
0.0993661518405
0.00502689906849
0.0834029783759
0.0402766221985
0.0823069111335
0.0363564719901
0.036894164664
0.0228583503666
0.103645799112
0.107663020222
-0.0053342818451
0.117241059577
0.0897093694712
0.131418780532
0.0576895131745
0.0675133185867
-0.0130182376651
0.0411423449581
0.0975612457917
0.0974390472643
-0.0925037667094
0.0862292950199
-0.066034483596
-0.00795294614555
0.0620378465949
0.0517048027268
0.081053225145
0.109279405247
0.0513033441974
0.0959384909022
-0.015994746072
0.0460140630079
0.0820425791105
-0.00394212305553
0.0547002283056
-0.059284826882
0.0769664786088
0.0712724908323
0.126162791535
0.0207662455056
0.0423133083949
0.0797591840469
0.1184235709
-0.0137978261339
0.0302715749677
0.0633783816368
0.104516741881
0.00247310167356
0.0784516176752
0.130548515999
-0.0503455068692
0.129173083674
-0.0269218060639
0.00536675126567
-0.0231639661623
0.0233881535767
0.0794694748028
0.07850895016
-0.0685288193463
0.0813018105342
0.108960848118
-0.0262865600396
0.132847455109
-0.024167326754
0.0816420640195
-0.0824270985242
0.0983235042549
0.0599361295535
0.0044414516455
0.0322289138127
0.0787390719416
-0.0188821741294
0.102332524392
0.0786174331583
0.0349090445019
0.0491626435414
0.0863508885006
0.0930698914242
0.14229503961
0.104147224261
0.116555528033
0.0649641191112
0.106350080855
0.0208903568339
-0.0712408426892
0.0490859134331
0.039696134815
0.0184427840176
0.0169443947587
0.0722835743507
0.0448732413338
0.107584466623
0.100018998612
-0.0889634647523
0.0413282848659
0.0932398733076
-0.0179278874404
0.0391613572111
0.0992605932656
0.0786455789817
0.0564188581041
0.0215491976943
0.0833979943912
0.0726189892249
0.0695973893294
0.0318080530865
-0.100761371853
0.0741129086381
0.0248036041621
-0.00111807155808
0.0942956488734
0.0626541437255
0.0936225404733
0.0233882263417
-0.0087958032676
-0.0323362608419
-0.139152911144
0.12465298105
0.0634544052115
-0.0323988038419
0.0803431798595
0.0897135619806
0.0815477828122
0.060955873323
-0.0567354784915
-0.0162198056617
0.0656233155512
0.0761942949703
0.0471218352556
0.0600442227836
0.0023242238845
0.0902021319404
0.0293795319513
0.0303175256426
0.0853230828733
0.0588638391384
0.0136143932333
0.0223779959396
-0.0190434037617
0.00674661890644
0.0813431142209
-0.0598356994565
0.00275518741938
0.0511787125468
0.100806181365
0.120766446983
0.0836582391325
-0.00391584895465
0.112259886555
0.0713254955706
0.00520591944977
-0.00873163664706
0.0411807857526
0.0476876512451
-0.036411957589
0.0807694886789
0.11477267185
0.0520889352274
-0.0538256264861
0.0689332174365
-0.00899194897518
-0.0144362016944
0.0759657473796
0.0929172731487
0.129553891436
0.0965621915998
0.0033066544317
0.0857407344157
0.0590769269308
0.0348729697935
0.061130216977
-0.010483157424
0.058963381406
0.0485732165448
0.0654222051617
0.122489914827
0.101302922727
-0.030877910373
0.0846088809037
0.107318718178
-0.0661541569921
0.0591873270581
0.0309056865243
-0.0219861789559
-0.0229683730973
0.109171268466
0.139378386568
0.055892941636
0.0698513765876
-0.0425922948548
0.00370194273315
0.0214607220981
0.0493038740272
0.0468714877921
-0.0332675674218
0.047916658042
-0.0349171832724
0.069369344297
-0.0767638374089
0.114831850088
-0.0326706538853
0.00713821211837
-0.0676089256656
0.0230862282181
0.116010367109
0.0617302406416
-0.0170952469864
0.0966206100305
0.0718235467415
0.085686845451
0.115353939126
0.0872292138221
0.104188605329
0.124470708959
-0.075953614199
0.00567614679957
-0.0187681713925
0.0830456713324
0.0104881247797
0.0684991282325
0.0584574448267
0.0338589500882
0.108190326236
0.0606612504327
0.11768620038
0.0701318280304
-0.00279143091039
0.06535521235
-0.0193880289365
0.0845969507653
0.0620970831726
0.0579600419241
0.101474895373
0.00246667006651
0.00257374090844
0.129141016961
0.0428058502373
-0.0403832226146
0.0479124081513
0.0129426482966
-0.0438377214779
-0.0276944937356
0.0460759154475
0.119074557743
0.0650131078633
0.0252267683427
0.0356395866911
0.10359723073
0.0286704765732
0.0414788898312
0.0180383292693
0.0906045873595
0.0171583294885
0.110903524348
-0.0421611363918
0.100459690935
0.0955462143753
0.053515110943
0.0506850970098
0.00788071111716
0.0300536302378
-0.0598110966081
0.0133992138481
0.00908369248655
0.0455980150119
0.0204046353149
-0.00125149325629
-0.0300828435815
0.0320974903018
0.0209328606759
0.0113222726125
0.0735657478762
0.0749441042723
0.0150859951901
0.0636314600932
0.015913269224
0.083610735564
0.0983634530403
0.0797671358888
0.0767783538533
0.0865525844784
0.0666186031291
-0.0122619984239
-0.0124850197999
0.0366077067401
-0.0238822010127
0.0851237271795
-0.00418332041424
0.059406369061
0.0461650487536
0.019751114555
0.00885431786729
0.076999536162
0.0252245597498
0.0397585107785
0.143469036808
-0.0129678950095
0.00963528099933
0.0696042498881
0.0359636545178
0.0893980884037
0.101697813493
-0.0404208767266
0.017889440406
0.0480356003198
0.0749560129597
0.0681344544233
0.00290819897359
0.00780227151336
-0.0406042564137
0.0805369823335
-0.042832048714
0.0120541930613
0.11400182212
0.0875225168442
-0.0224181349328
-0.0200390684899
-0.0127694138151
0.12662089424
-0.00144499760395
0.126491215201
0.0673388389001
-0.0315849077199
0.0117421941038
0.0105533822773
0.0189534632038
0.0117301523676
0.0795306855777
0.115246281584
0.105019120499
0.0667151525886
0.0748048219885
0.0801364326451
-0.0167465347618
0.0363334375098
0.0570187539461
0.0368029550049
0.0921959413127
0.0848132972423
-0.00411118035913
0.128192733548
0.0404222613091
0.0555614587141
-0.016021408533
-0.0204712282469
0.0780671982641
0.0972809343535
0.0419337586053
0.0950251110989
-0.0149166399579
0.00243382972866
0.0865141576204
0.013010629444
0.0351906905148
0.0331435823826
0.140628250211
0.125342522048
0.0889466034154
0.0587562506144
0.0356211347756
-0.123853920632
0.0458982216302
0.0375144025654
0.0363997321649
0.0143713791406
0.0822270183031
0.111825763073
0.11040617152
0.127905264028
0.0866120026799
0.0250745177915
0.0197416431147
0.0856774720493
0.00605782967632
0.039343830405
0.0486022673854
0.133644797377
0.10208651522
-0.0413904019815
0.0678943503734
0.0230575805506
0.0383088666068
-0.0600293830365
-0.0242613615151
0.117126406844
0.0499762338544
-0.0369516064183
0.110823494897
0.0203248417556
0.113055846111
-0.0163621245908
-0.0633728225694
0.070942034381
0.058118460636
-0.0242724548147
-0.010759123353
0.0100130837758
0.0736152634301
0.135844753198
0.0591360363239
0.0250667784616
0.0478328083703
0.090517928207
-0.0300052531659
0.00317964549893
-0.00688786887764
0.0278051033099
0.121044729494
0.0568399641569
0.0393778995671
-0.0916450631147
0.0546165690136
-0.058264832791
0.0360806446091
-0.0118027500989
0.105627211978
0.0584617204337
0.0288005180038
0.0422244945291
0.0355607903742
-0.0133396107119
0.0343788716439
0.125655347901
0.0507065657616
0.106581953283
0.0892732797939
-0.00246497067129
0.131936379586
0.049297292818
0.0438690628353
0.0735272669046
0.0556548554724
-0.0204636591295
-0.0703645644378
-0.0482991038562
0.0154500808674
0.0101865594337
0.1184533832
0.12618635194
-0.0496513587168
-0.0168710146732
0.0340825026906
0.0662166810296
0.0949169908122
0.103146708113
-0.0557742268464
0.0291780628093
0.0323433722643
0.0248631329177
-0.00624743860262
0.0829526838687
0.0764447695834
0.105681433037
0.0730737479433
0.0513259532218
0.0156617984194
-0.0461811551977
0.106102678245
0.0315206242415
-0.0436604327605
0.102399388135
0.123396947909
-0.0350750762012
0.0170061692624
-0.016130890719
-0.0308333968567
0.113073855363
-0.111744445976
-0.0367111337906
0.0444898618479
-0.0524318823505
-0.0226031465861
-0.0271114108996
0.0392180894154
-0.0248957554943
0.109747149592
0.100127748103
-0.0777052614949
0.0553874525681
0.0154220850487
-0.00866814249685
-0.0184654843165
0.0659847818171
0.0554911219181
-0.0202191611936
0.0432810598499
0.128527442216
0.118998836583
0.119425400628
0.118235338606
0.0675947060205
-0.0378103818527
0.0812176097009
0.0981842142247
-0.0101575684494
0.0734917202857
0.0724839518953
0.0205555845145
0.0459964035955
0.0222067157212
0.0309391672451
0.0946860096302
0.0801601863599
0.0304129075284
-0.00330214371537
-0.00385453184411
0.0281282927697
-0.00836208451905
0.115417878829
-0.0306733133276
0.101791795467
0.0555326954492
-0.00493681362807
-0.0146146036537
0.0975946326504
0.125187454975
-0.0177476505467
-0.0116917807424
0.0452259774874
0.0158690089299
0.0214821682571
-0.0231414034237
0.0430292929936
0.0952140207714
0.0491766455012
-0.032737821085
0.0900092265402
-0.0228963605415
0.054063473536
-0.0213121336797
0.0157302613363
0.0585511360662
-0.00751145338405
0.100588803419
0.0451515722239
0.116093533498
0.112418292713
0.0693560849933
-0.0175875906102
0.0507111288975
0.101680180554
0.0752283302122
0.0262875598226
0.0730790205078
0.133626660138
0.0967116030818
-0.0170036591328
0.0176240437153
0.104444773074
0.058063420109
0.009666655372
0.0908712440017
0.102939829005
0.0224137919515
0.0808776946269
-0.0067818831313
-0.0265538935781
0.0466963405565
0.0375151884104
0.0802032479467
0.0487285320242
0.0589326534103
-0.0294868566224
0.0975205480573
-0.03787249202
0.00750478880499
0.0212992543517
0.0789235420365
0.0379699798323
0.0692723687952
0.0580518752971
0.0634061781228
0.110188228019
0.0737254808463
0.0791062451374
-0.0389901158674
0.0743377418078
0.00813704653674
0.0553217085677
-0.0631119382176
0.112761894227
0.0270697240313
0.0962424409851
0.041238862049
0.0909289547351
0.00473186501657
0.0546369888012
0.00317681067317
0.0359836638551
0.081901775897
0.107352446607
0.0304599382805
0.0338375448069
0.0481951184352
0.112928989024
-0.000226463968075
0.0402735896043
0.0947375964297
0.0016647248942
0.0270056146561
0.0760566841953
0.0253897138937
0.134778912364
0.109926873554
0.112021812437
-0.00772083763117
0.0933146367251
0.0564162560795
0.0351457049137
0.00255863701714
0.100342795829
0.106655618223
0.0340166160441
0.0195402838534
0.0944190581737
-0.0165221399862
0.0220491266476
-0.0163426473194
0.0606391166627
0.13051826383
0.0862806555599
0.0350293021945
0.101778833396
0.0399777228811
0.06007710616
0.0430285728918
0.0665317865342
-0.0345775735037
0.0437095113221
0.07873445755
0.0258945810012
0.0438040958783
0.0378579342424
-0.0201409538526
0.134193938323
0.0647701364995
0.0579383621711
0.0342062973696
0.00543610075329
0.0539816181246
0.0941255268457
-0.0450301316688
0.0617826365299
0.056940355094
0.108623935418
0.0513916556426
-0.0106019131936
0.0311647841515
-0.0393821434562
0.070809722139
0.123280728345
0.0118066824548
0.0171620009891
0.0773536891326
0.0744078417158
0.0563495870321
0.0587164080902
0.00446914618235
0.0462695358795
0.0867883581943
0.0606869038507
0.010003073568
0.0483771583377
0.0485981704275
0.0370786013955
0.0278291349553
0.0212564937039
0.00845574207067
0.053652717051
0.0818198250153
0.0325496323298
0.051673231126
0.028420279787
0.0616913990393
0.081145152916
0.0494911477365
0.059112634323
0.0321515718776
-0.0587094834712
0.0376610702845
0.00918099634448
-0.0218775636611
-0.0356192004764
-0.02123493065
0.113131412985
0.073893523179
0.0288041067909
0.056511429888
0.106196017836
-0.074378676246
0.0578103342038
0.132004998448
0.0872991864066
-0.0144720595167
-0.0538088978105
-0.0199028131349
0.0241322852661
0.07363505891
0.0564938211343
0.0355127131479
0.00144391297835
0.09212905286
0.0787942644096
0.0567128191482
0.0797253579184
0.109914405581
0.0356900495759
0.0789146962044
0.0245099255647
0.103905076029
0.0749752792116
0.0933708634133
-0.0106956199118
0.0672581201415
0.000407048876102
0.0196042212054
0.141913636547
0.116911331231
-0.0444681308397
0.0509352800579
-0.0769803541627
0.0593200555849
0.0603860844172
0.104370265383
0.0624219091377
0.0164786128192
0.0415552018557
0.060081377578
0.0963449467927
-0.0381354598388
0.00685579219122
0.116074890992
-0.0112597252422
0.0917206257301
-0.00777331273436
0.0348926141016
0.0177217056339
0.104698255701
-0.0324947576562
0.113773074026
0.101214352577
0.0724753510856
0.0917079221314
0.0692033216264
0.0483462886653
0.0117653986693
0.134080028691
0.00672023033282
0.0443019047515
0.0587537328122
-0.0843593477042
0.0252136338302
0.0271261713348
0.0132667996527
0.111839430752
0.120160369276
0.032682930971
0.0546370646561
-0.118483926758
0.0861346543079
0.0844829704802
0.086331823691
0.00376092270402
0.0777642186766
0.0236178859372
0.0228557948076
-0.0283204004083
0.0538495497366
0.0498112638082
0.00311450851411
0.112459846931
0.130784351234
0.0575631921861
-0.0215779449089
0.0301218002549
-0.013967073419
0.0563923761201
0.0474508975759
0.0409699470164
0.0778109872093
-0.0013248619019
0.0395850186467
0.000464694843323
0.0457543748607
-0.0537070673889
-0.0154951925461
0.0602894303775
0.104939714813
0.0752710463334
0.0415431081257
0.105253203537
0.0905343485505
0.0287501792806
-0.00539001139646
0.085948788384
0.0648488842968
0.0554685863539
0.143519793435
0.0271525951344
0.078140140592
0.0255565621676
0.0358675090319
0.00897940583801
0.0597825210088
0.0899318118152
0.064950710663
0.0160681061288
0.0504417118662
0.132138794925
0.0864853560187
0.0703742673342
0.0579099957297
0.0331282884714
0.101478558357
0.00498638435927
0.0498952802174
0.0872493870524
-0.0203883629565
0.0761468608511
0.0806604229194
0.109560884021
-0.0325306949582
0.103774368972
0.00861342687148
0.0800659916891
0.0579834890255
0.0533864326448
-0.00906686081385
0.0858870159579
0.106504394319
0.0562853937521
0.0348491821546
0.0207819545105
0.110498924626
0.055620447964
0.0146335317344
0.0149993925005
0.0416941050095
0.101211734722
0.0284573644865
0.0394298511929
0.0578686286364
0.115268836776
0.105644376738
0.0913732581679
0.052295860618
0.0651489229937
0.0989148938962
0.104928571205
0.130096501891
0.0659476221436
0.0820031394317
0.0431313751815
0.113047531163
0.0471695844688
0.126768508246
0.072428738244
0.0668871510224
0.0381440638097
0.0532540960376
-0.0161330191648
0.0345393867314
0.0593390184882
0.0546713908081
0.0591376285596
0.0283976781335
-0.0235218331133
0.0424176864827
0.10301726969
-0.0218229948009
0.0659617745644
0.105260005039
0.0351291184148
-0.00623709670661
0.0616776078557
0.0616850946314
0.0892932509326
0.0891927691306
0.0089687924128
0.0550975989968
0.100471876983
0.0597233357789
0.00288442204997
-0.022079177685
0.0639639902201
0.0988945264698
0.0885126856882
0.0489291274674
0.0900620983366
0.0462157680123
0.0747030373759
0.0109920269326
0.00430358307372
0.0517545881804
0.128764419296
-0.0480775475113
0.0929973571566
0.0994356934454
0.124260901538
0.0569769481169
0.0408240242744
0.0571206355294
0.081431356656
0.0136233057642
0.0563000469933
0.0734526665444
0.0583214429437
0.142071625832
-0.0143005908778
0.0398709002359
0.114246535722
0.0878335187266
0.0571668340218
0.125853445037
0.0880554886252
0.0870837428402
0.0211999613837
0.0311208816638
0.0453844648814
0.0972017123107
0.0610297715422
0.0903690151566
-0.0295807543022
0.0536608804111
0.082647807973
0.0213882749016
-0.0032784717881
0.0197224766443
-0.00231212455485
0.108936847394
-0.00572894762569
-0.00506627609023
0.0303339685051
0.0709761623692
0.0821811103247
0.00147036073636
0.0389420087731
0.0639953095138
0.066364737626
0.0644055752847
0.054090964862
0.119667376545
0.00503349152352
0.0982457983504
0.0496373470378
-0.0342425382857
0.0393516137055
0.0592483424213
0.0622416408456
0.0834728130301
0.0192486592262
0.00635310486314
-0.00292599975487
-0.121757955968
0.131268346415
0.0894678424956
0.0145694797772
0.0897384240443
0.0755176307234
0.0861304504097
-0.0608407709792
-0.000522515236856
0.0075413185354
0.0986892290352
0.0028692733746
-0.0206023680069
0.0964677217945
0.0744941265967
0.0660847215431
0.0499399059168
-0.0229868564927
0.00709196048468
0.0096834578213
0.0520146350443
0.118941641242
-0.00131712879967
0.0585533970285
0.0469377899355
0.0240963227303
-0.0655648764883
0.0506706356423
-0.0155716957894
0.106885028727
0.112499393453
0.0961636820926
0.129564151402
0.0176275262309
0.00849259553391
0.0253878740187
0.0543746288307
0.112794081303
0.0813361588388
0.0593035842803
0.0476828994181
0.0771369397153
0.0388941258311
-0.045407330147
0.0445362197169
0.0244143365485
0.0976332153952
-0.0628606814407
0.0657394775095
0.092385717642
0.12357774588
0.089523690927
0.0377847216879
-0.00272599812491
0.115765430967
0.13946718765
0.0816161547724
0.127747780412
-0.00039190671484
0.0557992170846
0.0547631559185
0.0143461728599
0.0314617977273
-0.104151115278
0.00640735898772
-0.0216429745183
-0.00526230301714
-0.0680007714921
0.0879909080247
0.0532815782724
0.0507974073038
0.039841592228
0.0971191243122
-0.00643995814489
0.0918181396281
0.0628269143366
0.108188555119
-0.0189815257127
0.0286562748892
0.0148052262154
-0.0718135859668
0.0220140654032
0.111527001248
-0.0238027542211
0.0160787385693
0.006068865776
-0.0315752472741
0.0476955949477
-0.0319867739597
0.00263463964815
0.035969757798
0.0451186115337
0.122511203438
0.100654978256
-0.0572377096855
0.0451241418172
-0.0169448026531
0.0955430312421
0.0550224546964
0.0611977150369
-0.0553761394061
0.0946010587966
-0.0149087518023
0.0745726298065
0.0832114280592
0.117309457408
0.0160783473767
0.0457929427719
0.114977299105
0.0389951677918
-0.0280578489713
0.00479703203603
0.0525569653055
0.118942075394
0.0598684472719
0.00588686289762
0.0179552249703
0.0618846656056
-0.077735789967
0.0747642639361
0.0889859736169
0.0471224534402
0.0181067744478
0.079277968229
-0.0392880757152
-0.0268802941416
-0.016402499511
0.0920804375544
-0.0341252263943
0.0916064868466
0.0958812195047
0.0889676933514
-0.0381482239977
0.0795861937862
0.00754222133933
-0.00924964389481
-0.0547922496591
-0.0271336544231
0.0617768747629
0.0458270129767
0.0723736186248
0.0879057002644
-0.0419521225326
0.0142445123113
-0.0104734845514
0.0725969154012
0.0394696193032
-0.0473206603455
0.0961303773426
0.00914676474707
0.064781249558
-0.0171990204847
0.0678430077218
0.00893760623364
0.0765208699836
0.0387029333664
0.0344773050298
0.0935887473811
0.0259155136713
0.072775132378
0.0634486863431
0.0907822596529
0.0996286582629
0.0878098134389
0.041364567279
0.0560888211844
0.0672984017564
0.0323878908507
0.0806964744612
0.0287623308686
0.0686595162623
0.0971941681214
0.094099952352
0.101247663208
-0.0124198175227
0.0660618317274
0.10576087883
0.0799431335099
0.00142381290015
0.062322446198
0.0714036240764
0.126854950173
0.0307750389376
0.0407293909173
0.0545147945039
0.0440459975776
-0.026552044407
0.0422785664088
0.0118167541332
0.0715241814673
0.0190566489022
0.110951645919
0.0689708776285
0.110382519186
0.0221886683007
0.0562797075353
-0.00441163633491
0.0667422781823
0.0853569220317
-0.00973065265844
0.0339546445297
0.109058068017
0.0653410582254
0.032004696622
0.120003004424
0.082802055194
0.0946537240314
0.0508566070772
0.0473315862272
0.125384920432
0.0749639696247
-0.00618124457683
0.0806754183424
0.0928013683267
-0.0401425078696
0.0502671650682
0.0240355447968
0.0817658189935
-0.0156335429972
0.0784886356691
-0.00231368282086
0.0527579140191
0.0905612693933
-0.0190203984495
0.0735915820886
0.0197258765433
-0.0107941011532
0.00313538879764
-0.0679501487689
0.0590260666034
0.0609665905867
-0.0274446026138
0.0123752470232
0.111815749841
0.0336481742106
-0.0434140345257
0.0983084893993
0.127183186136
0.0610253918319
-0.040582072914
0.024321857583
-0.0264503224756
0.0526097510837
0.0254755774785
0.00336325657629
0.0914320216541
0.0477052946953
0.0684695086271
0.0513208914761
-0.0166128905558
-0.0588299648604
0.103831144156
0.0666452982596
0.0569971072345
-0.0285076123932
-0.134882273973
0.125448094729
-0.109932263946
-0.000898433308351
0.1150841674
0.0974951979451
-0.0147997696275
0.103017057292
0.0286728164994
0.100156144491
0.022472635395
0.0692648562283
0.0248204381965
0.0417789327292
0.0701979513904
0.0307558958738
0.064158378964
0.074848693172
0.0925229662976
0.0100954732398
-0.0201127789502
0.0695786651549
0.0618099139122
0.10300260156
0.111218630358
0.126801389834
-0.00391576475192
0.0369121133081
0.145749545467
0.0729865850934
0.0449851897459
0.0209989804281
0.0280922422573
-0.0346283938866
0.0276736114361
0.0754158496184
0.0293290265659
0.0200474764344
0.080717013896
0.098210209563
0.033363095091
0.0346640487719
0.00568833025357
0.0706263275148
0.00642444418744
0.0717024633443
0.00177183374813
0.0902304299753
-0.0401976031174
0.0805304199378
0.035080360912
0.0350651829101
0.0923316833401
-0.025243331493
0.11374995926
-0.0151685947764
0.0761133616051
0.0166469249914
0.0664787582729
0.0311185606831
0.0221464104671
0.0984095028785
-0.00554984537785
0.0296993698828
-0.0117680419972
0.112115010305
-0.0142962891943
0.0192025257366
0.0658495294505
0.0438250665663
0.0602602554821
0.0110983719292
0.0459477544931
-0.00979486713223
0.0250836024972
-0.0431680278431
0.0774085734873
0.0787597796719
0.104664160541
0.0434681037751
0.058694419072
-0.0192363830372
0.0992736547871
0.0626425348743
0.129224217946
-0.0352303353067
0.078926142583
0.0902037193079
0.0240027283819
0.0719425603297
0.0578697693386
0.049473707817
0.0759125644891
0.0827416442544
0.0699739304936
0.0698675414369
0.0864325915029
0.125283684966
0.047858438388
0.090534643562
-0.128525854389
0.0514514650014
0.020762176567
-0.0140938983177
0.0555327720264
-0.0132332262228
0.116032184268
0.0600401186568
0.0979977784241
0.130279381421
0.0879023536705
0.0463300535901
0.0570800496796
0.0693299466924
0.0945935573764
-0.0137958081874
0.0975745675429
0.0753220153311
0.0417308578594
0.0287444520779
0.122842707017
0.113016444813
0.0532648019012
0.0985836624602
0.0413613874736
0.0177017268757
0.0610628376996
0.0888174998108
0.0738027020542
0.112226103143
0.0682194696756
0.0723029595924
0.0350801810591
0.0896669785525
0.0135360753613
0.111542413916
0.0659805898405
-0.00409245260833
0.0890300691349
0.0757023709834
0.0468625739312
0.088187836873
0.0137258154347
0.026221149952
-0.00523130964084
-0.00639339728806
0.0576675901079
0.132891225525
0.0307864255695
0.0371837916435
0.0482061581215
-0.00311680424776
0.102977720332
0.0518171301377
0.115372222595
0.0467211052007
0.122677856863
-0.0102572629503
0.113237829557
0.0029577333868
0.0863741147468
-0.0369745855955
0.0441777785422
0.134775102167
0.0621343887574
-0.0143406168425
0.0470016082083
0.0416868293321
0.0269690859802
0.0971850441991
0.0433357251851
0.00558527986774
-0.0161008642641
-0.0623309914725
0.000450158936326
0.0582822147165
-0.0170765180484
0.069036187409
0.0506755005932
0.0820044833219
0.00467997712164
0.00681418732151
-0.0242619580662
0.125486168599
0.0699909285785
0.00791561888595
0.102559816413
-0.036865717364
0.00750037460875
0.11911189596
0.125472617997
-0.0379785543073
0.0362333399126
0.0658109931375
-0.0892256697529
0.112965217413
0.0706768224401
0.0953365956101
0.0847508282375
0.0282359969568
0.0412084601202
-0.00418764206391
0.00207437796655
-0.0151247294797
-0.113652990599
0.0370491849208
0.031617157704
-0.0523050548385
0.0984402076315
-0.0062289837892
0.0192547219226
0.0920995658258
0.0554174402502
0.049625961944
0.0833020807398
-0.0128443739318
0.103167755571
0.0186200836205
0.0510588437781
0.0542553350424
0.0402653130523
0.0176893138127
0.0457389161924
0.121346038156
0.0380562983387
0.0635662459507
-0.0921339473024
-0.0877780335489
0.12335195445
0.031240686689
0.0889299241667
0.0915087759373
-0.00408608456747
-0.00543363753212
0.0630054465469
0.0860336947823
0.0455056189555
0.104294429597
0.0611763531584
0.0617692407733
-0.00616273720192
0.108164963404
0.0700044543761
0.1187449494
0.0206239306705
-0.00973809143309
0.0423329391667
0.0234517450613
0.0341496518699
0.0399074267671
0.0787652453102
0.095549207697
0.0796991398919
0.0253958597514
0.0830864535751
-0.00393314057995
0.0709831140749
0.128972922599
0.0851565710186
0.0979168977731
0.0941876296683
-0.0459209050601
0.0304164518728
0.0865561370585
0.0211207735191
0.104745669705
0.00740050719177
0.118068134288
0.0109833643565
0.00743775613468
-0.0356324521885
0.081294816835
-0.00236550047176
0.0740321944127
0.077989978072
0.0474837927655
-0.032716043994
0.0642996624037
-0.0729352730196
0.142621617456
0.0257109253534
0.108951769677
0.0565144016227
0.147779086821
0.0306433714922
-0.0305992750872
0.0420367195966
0.0407966156852
0.0976542460604
0.00475287287895
0.0329178771091
0.056675744079
0.128575500112
0.0277558729458
0.0397611550545
-0.138979287959
0.00661518248384
-0.00120893912596
0.0761884160669
0.1057571368
0.104230863211
0.0945285538995
0.0928104133819
-0.0187931197758
0.118932304552
0.0802003465131
0.0766726157774
0.0604510655382
0.080714891605
0.0269375258298
0.0624514462368
0.0841113788576
0.0412926064001
0.0930069361936
0.0367316685624
0.0553209732484
-0.0171586723966
0.0347856788621
0.0486134811609
0.0164570403604
0.10990448101
0.0633218066085
-0.025263287177
0.112252414055
0.059699212686
-0.0453946938551
0.0760363362206
0.015388155368
0.00103878498179
0.104718528844
0.0475995790969
0.0827665325248
0.0574771504768
0.0847364086197
0.0203697288454
0.0133052534717
0.0439825305804
0.0104814408524
0.065604085041
0.0102221715218
0.0769296236753
0.00499596282452
0.107176325177
-0.0788695754555
0.0130084183586
0.0814992239844
0.0906599460355
0.0875948093431
0.0566398208825
0.0642789549836
0.0548876785378
-0.00226253984602
0.0384259766234
-0.0471632444781
0.087043987144
-0.0425655191667
0.0266307690831
0.0685982758389
0.0300394911865
-0.0838670434915
0.00910501501324
0.107095502797
-0.00722119201974
0.0739616676954
0.00436060714753
0.0877886167711
0.0542266830482
-0.040519706146
0.0626824547435
0.10455847944
0.00846335106663
0.123294517858
0.0705071398972
-0.024987603907
0.0474100170529
0.0986126343567
-0.0770904071515
-0.0441590663568
0.0176273762643
0.0453269435625
0.00831096446812
0.043167478099
-0.0277152187471
-0.00444483772274
0.00446247193076
0.109207308707
0.0942809407432
0.00787431466565
0.00886540604478
0.0551258686263
0.0607581014603
-0.0391524783049
0.0248506913365
0.117484692825
0.0238964057983
-0.0221640202366
-0.0282168567638
0.0785881362228
0.0162204765499
0.0653044382393
0.0193476992655
0.0525095676916
0.0599620868843
0.0427718966266
0.030240153176
0.0524518512236
0.0619992077557
0.0948221082076
0.0306276099626
-0.00578639923625
0.0552737531068
0.0628438364845
-0.0175068758115
0.0596360128276
0.0964031149704
0.0742074447324
0.049669261132
0.0744435394639
0.0484133156691
0.104144088646
0.0408306383335
0.011529555597
0.0628642625584
0.0156715562575
0.0125282439256
0.0307064580312
-0.0201503387085
0.00456709277265
0.00886919279893
0.0718847014737
0.0126565469198
0.0189493478905
0.0823529354041
0.108021005971
0.131816190317
0.113168854781
0.104100972732
0.0158963241682
0.105250319829
-0.0621903052444
0.0812562993014
0.0841777185157
0.010560668938
0.0261922993598
0.111899117797
0.0619261071067
0.0157729801367
0.0350487732436
0.053560735028
0.00401644211675
0.0596655504537
0.0720974652608
0.0183580216371
0.0647796799667
0.0573957158273
0.0736351602633
0.0109882075066
0.0413194210737
0.0282226241414
0.0317805021667
-0.0414094936174
0.0585538551212
0.0582183167787
0.0837623035539
0.0977126667137
0.0096783521523
0.0445632402397
0.0840257536572
0.0422920488261
0.0887863815706
0.00914670246307
0.104474699616
-0.0486165872517
0.133130067955
-0.0307432683593
0.00557207389245
0.0334888127802
0.0542210594406
0.0256027151622
0.12047535815
0.0697452938392
0.0598151747331
0.024834188988
0.04405703191
0.0764725020133
0.0605714175012
0.0647611765756
-0.00337485689354
0.0927098640673
0.0742666936861
0.0976480934673
-0.0570644115904
0.0789573021626
0.0895168685514
-0.0751028153219
-0.0112946781552
-0.0910532132385
0.0407004093855
0.025316515427
-0.0174493105987
-0.0572108095935
0.0211897728174
0.0467447038047
0.0452669144683
0.0773554020034
0.0395998835296
0.141488011332
-0.0234599342012
-0.0677888797264
0.00770315137062
0.0844035487221
-0.0369638000123
0.0963100372958
0.0261274254369
-0.0157752784174
0.00388720371561
0.0530774825247
0.0701119872621
0.0179298103977
0.087218421994
0.068918293053
0.111576499863
-0.0279078686734
-0.033115889038
0.108803168388
0.0457175969904
0.0985180023606
-0.0132869597415
-0.0433709815692
-0.00449814251163
-0.0309924240685
0.0702330250224
0.0873347469244
0.0803879785978
0.0990862731195
-0.0424706910885
0.0821740950356
0.0369342103332
0.0593090706367
0.120224023683
-0.0433535074164
-0.0212664548416
0.021018288146
0.11606981406
0.0513193255968
0.110215739089
0.07211464327
0.0431642749649
-0.0203551720127
-0.0305257134275
0.0234846739619
0.0148338554056
0.13958366829
-0.0917599359078
0.0556917274147
0.11286713383
-0.0550425508037
-0.0251604331823
-0.110600556403
0.0102393754438
0.00201133844155
0.0116995085205
0.0459268227168
-0.0542181858862
0.0277072407553
0.0540698610286
0.0486029882131
0.0225005367039
0.118203578541
0.0422723287816
-0.0252857976217
-0.0574931024202
0.0353446751926
0.0124698521146
0.139156338803
0.053380152188
0.0669999984573
-0.0923191434774
0.0694599110526
-0.0433126771086
0.0702650863707
0.00797423594524
0.0893450444046
0.00962980997224
-0.0188303853697
0.108001504344
-0.0888076010337
0.10298491283
0.100707678729
0.130624223994
-0.00972542534508
-0.0134957388507
-0.00356577129599
0.107199764107
0.0443998586349
0.0182634142237
0.0658205040942
0.0329070813248
0.0561345024053
0.0801873916508
0.0862622291708
0.0756188444734
0.0797165445102
0.0422614925908
0.078567543593
0.116607228419
-0.000959473388899
-0.0323955770834
0.0512827767341
0.0359324287733
0.0239321051799
0.0415018919864
0.0449470907716
0.00650414085562
-0.0106937063161
0.0990692095187
0.0486909266764
0.0701754669389
0.0417940266812
0.0049240197193
0.0352971049295
-0.000540172926134
-0.00468294661215
0.0193103055457
-0.0110026922449
0.0109409270811
0.0768320746077
0.0965759057253
-0.000499212854715
0.00138769332829
0.0730227015762
0.0658161157834
0.0593543741874
0.0446483420017
0.125921843339
0.0873563481914
0.0834492262694
0.0666011152473
0.101912138274
0.0723877820525
0.0442879026934
0.131542161265
0.0922265699647
0.0906681287628
0.0260882332958
0.0151045433392
-0.0208382801235
-0.0836773083329
0.0434599395351
0.0428204189455
0.0575995228509
0.0332347387588
-0.0114492994841
0.0292099432913
0.135635545609
0.0785541284552
0.0815162451771
0.0457688257281
-0.0205511171611
0.080734840491
0.0938707798782
0.0179686217959
0.0568813890385
0.0239212005605
0.0516388339474
0.101887724061
-0.0329772130137
0.0798703947438
0.115172507289
0.0225731583253
0.051344914571
0.00211339517669
0.0648319992854
0.0895126530023
0.0502260474636
0.0719574886007
-0.00937831890131
-0.0144715546901
0.0978641688704
0.0245453650139
0.0288637705707
-0.0351709936971
0.0498839987013
0.0429753329276
0.103634628397
0.0435596885098
0.0528595681768
0.00533846280041
0.0991474851832
0.0078504766866
0.0669980464411
-0.018321693869
0.0341006440026
0.0784379259389
-0.0068048993653
0.0317663180555
0.0302764820417
0.101396559561
0.0803409814699
-0.0233924871159
0.0420454965098
-0.00329258633151
0.0316682129614
0.0620762705452
0.0225566593134
0.0444486392504
0.0711481522698
-0.0250470211268
-0.0527339577686
0.0875163430592
0.0518382152219
0.107486621703
0.100051567013
0.0273013521355
0.0709232119922
-0.0114209279778
0.124151003265
-0.00889168918943
0.0536735826583
0.0334277322331
0.127644076694
0.105621332027
-0.00705402676132
0.0932421446055
0.102866178064
0.0512283539467
0.0494974984446
0.0172962273559
0.110623916585
-0.00859652216589
0.0534070472902
0.0966323357197
0.0817759725481
0.0172952565818
0.0262237568575
0.0157373977137
0.0675531389454
0.00132844079686
0.0921794379379
0.103318982433
0.0520989271701
0.00794242484755
0.0407676068634
0.0602764362993
0.0338920184128
0.023058277748
0.0234768819307
0.0425660845734
0.10987358652
0.0499230584195
0.0441106847975
0.0540398066257
0.0788974964753
0.0292971836735
0.101826718955
0.00900768937509
0.0866808682966
0.120053109671
0.113057290725
0.012160419967
0.0815681003167
0.0530018093215
0.0217935458496
0.0588096236457
0.0316781458171
-0.0350897768949
0.0733916227993
0.0489589764658
0.096719466887
-0.0218906418568
0.0638598130683
0.110687090806
0.046039974749
0.0385415404642
0.0125750973296
0.0304704153809
-0.0178318314265
-0.000299217089315
-0.0326279543241
0.0546223363525
0.150153831271
0.0878714969892
0.127890828343
0.0495600162348
0.0852550966406
0.101707593399
0.0684625253711
0.0181570349228
-0.0228279808277
0.0156025943064
0.100239998755
0.0301831797207
0.0762613397986
-0.011154998443
-0.0400301495457
0.040155279379
0.0184851052311
0.0273072544474
0.0497690808201
0.115403687111
0.0994516566877
0.0253479778905
0.037074422502
-0.0206900984057
0.120789568267
-0.00551242576529
0.0388770431724
0.0575117072171
0.0856701049003
0.125909842505
0.00738299915202
0.0784765272776
-0.0083221550472
0.0287835267779
0.0489720485241
-0.0119680674973
0.0653282018525
-0.0135128478606
0.0867281757652
-0.0273884158237
0.0496634152529
0.0461108218918
0.0756242683173
0.0993170999224
0.0791748106896
0.0415161454851
0.0918219090868
-0.025328933134
0.019054299662
0.0219647937322
0.0092594439836
0.0153431186197
0.0897327731132
0.00434797955061
0.0333134388717
0.0673402748007
-0.00827551564229
0.0780031051022
-0.0589210395812
0.0428483314755
0.0666702815063
0.104880966376
0.0434157878856
0.03591973006
0.0651821363535
-0.0214709312087
0.0437450920761
0.0651905667599
0.0789287355401
-0.0309328622942
0.120583010043
-0.00809383179188
0.115513843987
0.0939338518369
0.0939330165477
0.0511396195645
0.0787449462662
0.0832609957555
0.0588666435366
0.10508914094
0.0670136885621
0.0787729113452
-0.0693633623352
-0.0591523109637
0.13344095091
-0.0089489969407
0.095222964499
0.0518936737521
0.00549357369172
0.0681138717959
-0.00314989816087
0.088823306867
0.0479790495147
0.0668634696145
-0.067151107936
0.0969839943642
0.0732961072896
0.111338905929
0.0764485243966
0.0113570586882
-0.0178946243774
0.00574223584688
0.104972413709
-0.0393920744432
0.0494548422605
-0.0103793926828
0.0188275125132
-0.0278668337147
0.0715620926318
-0.0130785062518
0.0854884014171
0.0710961387872
0.0269842231677
0.105369891999
0.0623505698457
0.0677243829497
0.141368415466
0.0984213373415
0.0718284178863
0.00327635339963
0.0719671633094
0.0603211077671
0.114944887611
0.0041688172702
0.0753917912151
0.0181867688032
0.0202940972498
0.12505169149
0.0508796388824
0.0101850261828
0.0521079578622
0.0148736447573
0.0515739480106
0.0395112451749
0.0603198152133
0.0159298116765
-0.00900417290443
-0.026556495742
0.116887339539
0.0655959108308
-0.0727427793934
-0.0158615759362
0.116837333554
0.104250166696
-0.0065821293501
0.051544011178
0.0591564582798
0.0621761613914
0.0210427931129
0.0563152037325
0.00266450684657
0.110173498344
0.00498632362053
0.121374156222
0.050152011467
0.0514465027962
-0.0185815772507
0.0415079092436
0.0713839817035
0.00466161886908
0.0426981748661
0.0307880153109
0.0463472368992
0.0187178280919
0.050997178597
0.0114010200087
0.0126339325625
0.0193826316975
0.0841206519466
0.0585888191218
0.0841815670101
0.0894110145063
0.117388923392
-0.0269862115296
-0.0336732197407
0.043110899855
0.0850989489749
0.0959911111448
0.126051456629
0.0962406592211
0.0368433473979
-0.0125511875092
0.0524583878073
-0.00991301160535
0.0894617550648
0.0496041202555
0.0423450446808
0.0351075482056
0.00536658483003
0.00685859876096
0.11375720415
0.0830338741035
0.0520532070781
0.0933824358955
0.0309398853615
0.108092799877
0.0674324208537
-0.0130184623759
0.129255454923
0.0904506749421
0.0483074593643
0.101509539254
0.0531404513712
0.123801261278
0.120041545119
0.0571304501501
0.0420746661399
-0.0933146746691
0.0642729427591
0.0909064074325
0.089839651778
0.00151759387404
0.0318754305783
-0.0200694050052
0.0287314871092
0.00366346527262
0.000380036807888
0.0935478253879
0.0808893335887
0.00951392577026
-0.0387916871413
0.0962285750663
0.0346333301701
-0.0740003550847
0.0526883067831
0.0192112342691
0.0546381702461
0.00235790644693
0.114513131237
0.0314555169851
0.0469059808479
0.100938652065
0.0124620118151
-0.0246367611942
0.0349498733201
0.104980505907
0.102152110953
-0.0221150230478
0.0663043991052
-0.00957277071943
-0.0629702659631
0.0977323005807
0.100880548892
0.104818715413
0.0545630688219
-0.0269446629084
0.10874725743
0.101483344364
-0.00463821593785
0.109019723223
-0.0312347400867
0.0971037117564
-0.00144637069946
0.0108356928954
0.0598095970004
0.0731957308352
0.0372224273285
0.0474265337416
0.111711177444
0.125919320402
0.0468098679155
0.109871485984
0.00447520046452
-0.0569525564994
-0.0626309901569
0.0661107358478
0.0371167793212
0.0679783188129
0.0162041295075
-0.0528363911825
0.0117969170416
0.011235099518
0.0925583796564
-0.129561218201
0.0597862526436
-0.00708687398123
0.0194407994499
0.0427150311916
0.00594304180244
0.097763495081
0.0453511850879
-0.0131265323724
0.0833175884572
0.00346166051654
0.0255594636648
0.0434849644501
0.0540202702034
0.0340637997818
-0.0114944180385
-0.00600416978929
-0.00967067635198
0.137174180941
-0.0131601744283
0.103283058352
0.128969705967
0.0105820763638
0.00847294499042
-0.0200062507064
-0.0478785729163
0.0621207551009
0.108582216225
0.090627574041
0.0760878710008
0.0547699639016
0.0126452372425
0.0643564512213
0.0572242705599
0.00529353123475
-0.0396773767025
0.101392610567
0.0600220772195
0.071672042738
0.0222212152479
0.0901203178853
0.0434570978089
0.025550197896
0.0402107069877
0.0691048794633
-0.00250813929991
0.102559265927
0.00624080984652
0.0613418768933
0.00917851733199
0.0474500641758
0.100615665944
0.116362141458
-0.0127622403174
0.035710781078
0.0371619726879
-0.0314857418707
0.0904264169713
0.0560452822018
0.0813473284646
0.0639326787417
0.119629774167
0.0704121147146
0.0537184585867
0.0695189712239
0.00234220680546
0.0285180994584
0.0401027172562
0.00720153058333
0.114005371306
0.074479084091
0.0239752434983
-0.0162750231237
0.0394636400532
0.0741882985101
0.0629736811238
0.0138652130608
-0.0230027398681
0.0463046110676
0.0706363063102
0.0736329347926
-0.0282187872021
0.0252630819785
0.0865330405402
0.0476467029662
0.127467105254
0.0309483930149
0.0890073054324
-0.0944481387341
0.0209055410493
0.024785264523
0.0754362254724
0.0389975522049
-0.0293372710132
0.0910704799098
0.0894259196989
-0.0554265518052
-0.0623027540272
0.0333687512239
-0.0296482847112
-0.035224391213
0.0443682908428
0.0658515685381
0.025620238511
0.112857598199
0.085745919028
0.0732215952545
0.0963082611355
0.00507803422946
-0.0500676099592
0.0955068248848
0.102732941669
-0.012226159337
0.036796501303
0.022532452734
0.0216888253358
0.10172254374
0.103813040121
-0.00728259349222
-0.0138833396775
0.0966244196502
-0.0193931055511
0.0497400066728
0.0773003151061
0.101751103251
0.0555708707468
0.0600357822404
0.0298087565929
0.0601351942204
0.0406859522221
0.112182055554
0.0517937393799
0.0770859124255
0.0982937881705
-0.0185285939725
0.0547622477972
0.0106504621102
0.0271222762085
0.121318608396
0.0230307353459
0.112748187819
0.0357738863396
-0.0676289085877
0.103395402831
0.0710748618966
0.0286902159233
0.0552147004497
0.0469419321705
-0.10675317989
0.00779494974176
0.140931910889
0.0709820387045
0.0335270579335
-0.0485506922282
0.0548361546354
0.0403418203383
0.0104139738561
0.0583948326602
-0.0168794734103
-0.0489653263977
0.0588553498926
0.0458983517099
0.112441470002
-0.0466458132017
0.120675281868
0.0228180576641
0.0579353863384
0.0634747830562
0.0411957888482
0.0774864896757
-0.0158917061098
0.113822819758
0.0293643042328
-0.050917090575
-0.0349076743202
0.0488887037662
0.10159441376
0.0464714725611
0.0425826475381
0.0873722511038
0.0651408924756
0.104867319872
0.0127490029448
0.112613012417
0.0614507115961
0.0778221858359
-0.058622023453
0.0371598998178
0.113487091811
0.0280195644569
0.0603440147594
0.0693155916587
0.118172126816
0.0370286608514
0.0303508764997
0.0624934342108
0.0485610776507
0.107139467089
0.0103857479059
0.0682211751693
-0.0435744501263
0.0227839443179
-0.00550750584828
0.0484932893556
0.0221434014249
0.114664601974
0.0455875958519
-0.00111513691824
0.034992036679
0.0634194849103
0.0295383216661
0.0210494343773
0.093468071096
0.00996067267549
0.110846888769
-0.0527321291341
0.109938725177
-0.00506704772231
0.00738607635881
-0.0424916763539
0.0720324522925
0.0203182977814
0.137512661483
0.00100997175773
0.107522200594
0.0484742712897
0.116458844401
0.0816922455747
0.12469332964
0.0232065307273
0.0644376399772
0.0575722070915
0.106747345371
0.0538190103826
-0.00358711168615
-0.00437651422269
0.094026834068
0.0401187612969
0.093975194848
0.0045487426234
-0.0243175707756
0.103215969779
-0.0952405890069
0.014109762127
0.0370823287097
0.11634372107
-0.0478669310836
0.0581076154303
0.080021275748
0.0980471930757
0.0255109890697
0.0894510750732
-0.00533257818668
0.0366459289743
-0.0230364581763
0.125911401235
0.0673163564914
0.0719440591846
0.020034608883
0.032270043157
0.0635184845478
0.071370902744
0.061822415299
0.0295089414917
-0.00103567458762
0.0362164580315
0.0175698498071
0.0780250100074
0.132358375292
0.0369442115294
0.0323509310017
-0.0116964996922
0.1346835986
0.0334772933201
0.024837161089
0.0108457888611
0.0459945845513
0.00917227074584
0.0380349840604
0.0633982278286
0.073196668741
0.113514031594
0.0215015487452
0.0897347981711
0.0737712041405
-0.00629916462246
-0.0275589347984
0.0533420084997
0.0633946898844
0.0518233159618
0.042911038988
0.0493124745473
0.123989558456
0.0195641935773
0.0798894748238
0.0108302976176
0.115669701954
0.116673532255
0.10745410226
-0.00557355061898
0.0776352694097
0.0861328598103
0.0927336179419
-0.00274106322361
0.0935529909536
0.0473900258637
0.0761756194485
0.0561764897094
-0.0152173932684
0.104528055433
0.0317481986678
0.0684500225588
0.0384761814666
-0.0270326737298
0.0764814408976
0.0414866258221
0.121470980116
-0.0935693246386
0.0578777190025
0.0535837539505
0.0568944823252
0.0789559239262
0.00506684143646
0.0314322017143
0.0701511285244
0.00986755930022
0.132006159313
0.0592352203436
0.0863695887986
0.0303339880897
0.0772407516528
-0.0564087810434
0.0866406550618
0.012230602559
0.0650119180756
-0.00296842359127
0.095520768116
0.0201581868628
0.0313609679293
0.0750001806191
0.0936997853644
0.0341172212814
0.0891887833244
-0.00314356087571
-0.00806440320337
0.0953140481088
0.113443025953
-0.0421830291581
0.0732625193157
0.104916993363
0.105870283896
0.0291806647404
0.0451796488758
0.0405561974922
0.0925213036381
0.0170600600299
0.0876778977416
0.027764792975
0.121757199412
0.133324345002
0.0952456532611
0.0435933639277
0.0302764325311
0.127311700526
0.0546283683669
0.0410597780564
-0.0269432246563
0.0487552229295
0.0894780722957
0.127232810729
0.0463174518413
-0.0201332033519
0.0970479586772
0.0374712721615
0.080261802819
0.0324406570411
0.106753883564
0.11062070046
0.0797453608717
-0.0490152540966
-0.0462468820292
0.116001149901
0.113997999253
0.143193324014
0.052909363586
0.0729649327896
-0.0761366632285
-0.0343970791409
0.0496568875332
0.0632781968069
0.119638289761
0.0989349229602
0.0192366859923
-0.0431950995246
-0.0331638125007
0.071676024946
-0.00417641418242
0.089422444201
0.0778563816379
0.0778000141082
0.0176572330875
0.127333129353
0.0817247837704
-0.0641543569595
0.111961528672
0.0626324701947
-0.0311131235687
0.0618448998896
0.00068314035775
0.0701215077292
0.0971964200018
-0.00604175524235
-0.179909178264
0.0191180279275
-0.0634261685546
0.0634624433695
-0.0587203045225
0.0867038134466
-0.0406543230272
0.0424346492329
0.036666101432
0.0596988283528
-0.109355168549
-0.00908844110034
0.0401966856236
0.049136075231
0.130240857989
0.0790808970797
0.114616204874
0.0504823826729
0.0571615718081
0.0435132430671
-0.0110518174935
0.0684481961369
0.0960775744827
0.0242735937312
0.081192968078
-0.0200761854971
0.0981874455461
0.0530740470169
0.0495555447637
0.0359525110501
0.10321682767
0.0811128820135
0.0712969914863
0.0359313780746
-0.0628478869489
0.0349909199127
-0.00556227304798
0.067939556751
0.00873026912306
0.127709849888
0.0595252384888
0.068089620074
0.0705745388459
0.0670013098163
0.0930399953993
0.0376276694287
0.0225227217053
0.013817614562
0.0519780282087
0.102688468816
-0.0585626735763
-0.0570340212907
0.0290402718056
0.129941451499
0.0662324476712
0.0175169941899
-0.0300301646688
0.0251799419005
0.0385771099003
0.106051033956
0.0413205959928
0.076059641682
0.00180283501431
0.0641656689969
-0.0181015434195
-0.0155536498338
0.0819625514182
0.00937196196456
0.0253464013018
0.0436681081221
0.00291272115444
0.116581580662
0.133060362219
0.112695815271
0.0853588448661
0.0117940296317
0.0526353854958
0.0166824017778
0.0576367964683
-0.0183442333209
0.0856474734249
0.0894303506372
0.00930416623743
0.0749833348098
0.0552546166065
0.0489572873863
0.0884970630528
0.0555160463232
0.021435455788
0.05607316175
0.0827940800125
0.0653385981792
0.114160185181
0.0747757633513
0.10220710117
0.0851740104635
-0.0086815521619
0.0773775865815
0.126556780663
0.0218368776333
0.107056021734
0.0856796766122
0.0359481871479
-0.0540712713567
0.0148341200108
0.0679456397494
0.0461231421133
0.100445389405
-0.0152693862934
0.100461119282
0.133402323986
0.0586764928504
0.014018161646
0.0432510679434
0.0977167187004
0.0878401534638
0.0564718727075
0.097325280998
-0.0699471099371
0.0976359016996
0.070481986989
0.107172637571
0.114854072425
-0.00298610259299
0.113269309739
0.0822495176245
-0.0187663153443
0.0397686133879
0.0124930943682
0.0220217426048
0.0216844403266
0.0919628748929
0.111220328304
0.0229553873954
-0.00755270979375
-0.0782041188783
0.0862119592926
0.00186205093675
0.0601586614365
0.108108126169
-0.007762414172
0.0267398225349
-0.000277477820561
0.0633213441221
-0.0312158543409
0.110826671671
0.0404071055294
0.0651931652251
0.0337180800711
-0.00634273901133
0.120413991944
0.00103978133847
-0.0250077115764
0.116900939532
0.0863444828717
0.11473096306
-0.0672013221138
0.0182842485242
0.107542732116
0.124629859215
-0.00682059067386
0.0469714636058
0.0819815117484
0.0281920002286
0.0132525143311
0.0628317365614
0.129675451992
0.0276893234114
-0.108186236582
0.0651184121931
0.0686350588557
0.1147950095
-0.0644862365729
0.0546979685843
0.112411669285
0.0740861856123
0.0869804730331
0.0289145045432
-0.00223749701985
0.109769574935
0.03819788549
0.00704673736022
-0.00803484673661
0.0844045663192
0.086756974278
0.0630258954159
0.0483333941841
0.0532860560364
0.0616036502843
0.0324709814327
-0.0651563773284
-0.0359122677725
0.0486346856603
0.0137812828185
0.0859651250348
0.0767561620197
0.131327287333
0.0458432392235
0.0439037094157
0.105865768122
0.0367647346755
-0.0384162347591
0.139704545558
0.000707749352528
0.117766189528
0.0539269597725
0.0158422563928
0.00584162767498
0.0576238572293
0.0230711814044
0.0594546023067
0.0974768691029
-0.0285710313423
0.144602874644
0.0566900753475
0.031903830928
0.0108855949961
0.0533617559957
0.0966695364518
0.0904549664384
0.0152854270917
0.106968883324
0.107508931507
0.133465027917
0.0837199395583
-0.0638878602735
0.0130704005652
0.101733988261
0.0790632496263
0.0975529785643
0.0172086755906
0.074518399199
0.0941007730234
0.0299567786478
-0.0106093600434
-0.0104679695709
0.0244912277665
-0.00286852989134
-0.0316781677867
0.0853036160765
0.00436502241362
0.10152864081
0.112212253847
-0.0283480015035
0.126718008862
0.0479212042042
-0.0204718333131
0.0107335891326
0.0886227355443
0.0895447235796
0.0204423556992
0.0788138607319
-0.0667136526018
0.105893942371
0.115962039358
0.109214324189
0.0402966069207
-0.0324664910265
0.0996277434799
-0.0423720045663
0.0818092817065
0.116522308011
0.0611563366899
0.128329410027
-0.0192662353576
0.0451191197054
-0.146670840548
0.0475495255585
0.0224540468983
0.0126916617872
0.0191276034561
-0.0449537922161
0.0293198049699
0.00455225319756
0.0335816836467
0.0291503509706
0.00424921606716
0.00605892093301
-0.0358205702177
0.125952960712
0.070572334465
-0.0151255548281
0.053262865921
0.0890988604358
0.0676132799463
0.096904082154
0.117149219001
0.133375642431
0.0591417422324
0.040302719564
0.0941912929028
0.0471457851121
-0.00969060718511
-0.0631864647737
0.0606997914391
-0.035009022268
0.113507970199
0.0937287494248
-0.00784839541276
0.0790048763493
0.069643797064
-0.038473262286
0.000119086138317
0.106753361959
0.100646117777
0.0580909630499
0.0284647497682
0.0981801613169
0.11346986116
0.0922723219022
-0.0172214251644
-0.0178404394583
0.0450154511926
0.0788074977291
0.0564082834169
0.103056674494
-0.0209934627383
0.0365736691147
0.0545749422445
0.108924016564
-0.0698457554547
0.0841792350175
-0.0264907418368
0.109181889385
0.0565964412671
0.00186177383765
-0.0593921433534
-0.060790339291
0.0199942413331
0.0775588159452
0.102786520082
0.0592398034217
0.0177993121322
0.065389186499
0.109597811443
0.011024814865
0.072406485117
0.0519271543128
0.080105843614
0.126291323411
-0.0477647639429
0.031247161234
0.0419049175825
0.0882366685313
-0.0588719027953
0.0101722653499
-0.0228163761123
0.0238416232127
0.000824156890435
0.102636202377
0.0498372806155
0.095701609746
0.0462340503483
0.0723883656429
0.0452386658841
0.0558709367572
0.0206838719643
0.0112048168286
0.0252621351425
0.122180512306
-0.0311732039603
0.020934469301
-0.0414078361169
0.0281660630231
0.0320624409383
-0.0489611998332
0.0136368277215
-0.0197457859307
0.0665511169642
0.0427990010781
0.104753209432
-0.0363960476085
0.0510006568917
0.0575478978301
0.060192775109
0.0684726977471
0.107139111756
0.067805932284
0.0742039436716
0.0903308326051
-0.00600378986334
0.0370460801087
-0.0110311557247
0.0868294060935
0.0598517292877
0.0162354280839
0.062739643287
0.114235885891
-0.0373573201817
0.0302617335266
-0.012366569512
0.114220552642
0.0226643561707
-0.075185653858
0.135786024228
0.0475630001038
0.0596824556001
0.0275991870171
0.00520624092866
0.100945008768
0.0503733773117
-0.0151062301719
0.0208393190249
-0.0661604837904
-0.0201665085877
0.0476200403257
0.0799811420323
0.0646933043741
-0.0429678127633
0.0193189886116
0.121169083302
-0.00190438859879
0.0736439408055
0.0830801123034
0.0461140406751
-0.0852427961508
0.0179500655338
0.0572851995796
-0.00400498971452
0.087331610211
0.0795459058305
0.0119935794681
-0.0219331009881
-0.0165994783102
0.113747753954
0.091460727712
0.0414164480478
0.0196123909824
0.0348075829595
0.0411832371424
0.0447941273873
0.0211442499863
0.142942488568
0.102243627317
-0.0144028434005
0.10431196001
0.10400002624
0.010730360037
0.0697474422608
0.103592058616
0.0235828495174
0.0543170086979
-0.0179428334658
0.0457591046543
-0.0387581869832
0.0282603870249
0.0817215948054
0.0733832938789
-0.0410686849679
-0.00828365498527
0.097944501037
0.0334583668457
0.076196102873
-0.0792409739835
0.103051050692
0.0176991228234
0.0370288944278
0.061946770215
0.0253473028623
0.0842071638494
0.0827732114664
0.0182330611385
0.0949230090833
-0.0108483740274
0.0925493039363
0.134211532816
0.00262838234819
0.0298236104359
-0.082768349094
0.113115233532
-0.0721506130559
0.10408623708
0.0197019667548
0.0638700369444
0.0488433651135
0.00660308726715
0.0895900476037
0.0702826117814
0.0392634677989
0.033032787732
0.0753047598207
0.0572690338652
0.118985219758
0.0137565323115
0.102717745097
-0.0171937865836
0.0682937844727
0.0555916480994
-0.0328561430626
0.0788816395441
0.0508637600452
0.101816014424
0.027956530174
0.0794066345877
0.0575106300016
0.0961959080891
0.0387989599935
0.111097130884
0.0450180373305
-0.0407130150508
0.000126744713831
0.0172778076403
0.0158279963263
0.035869053751
-0.010384660294
0.0754755270733
0.0140882846926
0.122611948332
0.0183607748666
0.0105974088074
0.100505817031
0.119544030913
0.0252881870766
-0.0513989614695
0.0209175104843
-0.00246666253725
-0.0261002765444
0.0312243105763
0.0471677796626
0.0365634799746
0.0463079469214
-0.0270795182746
0.0218090088235
0.0743344093729
-0.00133503041037
0.073047457755
0.104640918049
-0.0287723477628
0.01263888398
-0.0360063355178
0.0888460099337
-0.0419434874209
0.0931915266909
0.0460490665958
0.121002412066
0.0942115391424
0.119308719491
0.0370423292245
0.0782753010866
0.0485935746244
0.04605119033
0.00474171393211
-0.0805126404252
0.0887172041827
0.133835949335
0.129738969585
0.00950236556481
0.0911557533976
0.115848687749
0.0989293870953
0.0243531123524
0.0801618392471
0.00865058247591
0.0595348418586
0.0201744236163
0.075411886863
0.11520235485
0.0755570946361
0.0407121302006
0.104604989803
0.0376481113048
0.0251982899612
0.0195863615915
-0.00408809337454
0.0909561022477
0.0649560303526
0.0530960281021
0.132440457754
0.0950235481223
0.018624760055
-0.00849248260317
0.0977330568798
-0.000631273636981
0.0696068866996
0.0421503933786
0.0562162237463
0.082490859045
0.0971538939143
0.0264947599673
-0.00343749421914
-0.0390126912868
0.0145567007551
0.0957180559601
0.106718150451
0.0934978271019
0.0300636526779
-0.0308392157393
0.116400349532
0.0715525565841
0.0786464354931
0.0588321791273
0.0111937596392
-0.00131027689177
0.0511805607827
0.0668442911304
0.0634413292398
0.0904300732615
0.0679089362647
-0.00541260798917
0.0602400997345
-0.00192404634809
0.0347628826028
0.0377566310394
0.0490403957662
0.105787548687
0.070342431066
-0.082210199703
0.0884570043988
-0.00940936049683
0.12208974798
-0.0324003094121
0.109704849409
0.0866964908318
0.061195201838
0.0555907084809
-0.0131313923316
-0.0865515297196
0.0156669193877
0.0626114901219
0.0234220588794
0.0208546162727
0.0797147436517
0.0227052007015
0.0932442984616
-0.0306428992604
0.0567283797503
0.00726984712697
0.0711478000666
0.0241672071986
0.0424544850409
0.0879084188593
0.0426473123968
0.036731171897
-0.03161372949
-0.0225463087543
0.0843382230024
0.066802860745
0.134838152959
0.088679781066
0.0966673419529
0.0914621351116
0.0601494437737
-0.00691829193738
0.0237157837888
0.0533312983129
-0.0133790166098
0.121265087283
-0.0519035508886
0.0425003276529
0.0390001177577
0.0647279053966
0.0193652161777
0.0270748679199
-0.0211519806244
-0.0220128695428
0.0225919663326
-0.0283228843584
0.0434417386779
0.048146742117
-0.000414950724314
0.0813685952657
0.110576599245
0.134457936862
0.0949569538001
0.056845830644
-0.0728811141507
0.0563759386286
0.121791434909
0.0774304469372
-0.0763327524916
-0.0223579353737
0.0383238885312
0.0812529508342
0.000786211136314
0.0743368175934
0.0971051516337
0.0994605342427
0.0481973055777
0.104995697065
0.05357047275
0.00100065395187
0.0165333705296
0.0989271908633
0.0320530192637
0.0757900582399
-0.0294041531403
0.041082675184
0.116955470321
-0.0970685739746
0.108854527638
-0.0103396913946
-0.00784276050412
0.0468728122702
-0.0138034336286
0.0720197399105
-0.0121800443821
0.0432622709185
0.107108559287
0.08253308543
0.00563807990212
0.0666429577183
0.00273612985474
0.143195280591
-0.00189763265656
0.110499959097
0.0537145180731
-0.0252412037827
-0.0235723849332
0.0776241767783
0.059411050418
0.0157620645557
0.0446033805368
0.0960221916958
0.0210548988714
0.078348850315
0.0196138626889
0.0682076603348
0.0945141921673
0.0666660716927
0.0541455720861
0.122982851684
-0.00880491291993
0.12067353198
0.13219164934
0.0271733302148
-0.048287509812
0.0858254089974
-0.0512743549759
0.103561430246
0.0525280821314
-0.0974699580903
0.0672868714204
-0.000447018403588
0.0801446271944
0.0280772326181
0.00507319392347
0.0366742167964
-0.0176775303386
0.0298971821731
0.0394386616562
-0.0154173139227
0.0378395541505
0.0714837641799
0.096173580468
0.00668452515183
0.0786854940636
0.0748150610059
-0.125444538314
0.0737464571997
0.0204100590083
0.124827706129
0.070279714564
0.127154601424
0.0886543946899
0.0179994110057
0.0809244208812
0.113448579004
0.105038020076
0.0464815121369
0.0458546045829
-0.0434722129539
0.134285459823
0.0699130820204
0.0362715792726
0.0762885794583
0.116653271394
0.140246640378
0.0770893980027
0.0631747464005
-0.0616176869472
0.127729648882
0.0390019074426
0.0134496581922
0.0951729817033
0.0764557993551
0.0451785788403
0.137550536962
-0.0186032243737
0.0952342598459
-0.00379330507651
-0.0633523160234
0.0484869361178
0.0347134269958
0.0415154427646
-0.0863451856259
0.0525905379163
0.0615677465585
0.106171711509
0.128886857219
0.0184863465776
0.0638146476981
0.0944508358143
0.0768406506874
0.0810932384619
0.100506186834
0.0863358849782
0.0882731926442
-0.0135979743262
-0.0361214571275
0.00776445684229
-0.06195831384
0.021357649336
-0.0191174255738
-0.00476894601017
0.0382510862181
-0.0899354049209
0.125744718062
0.00381712721966
0.0444639375993
0.0992455006675
0.0440000554414
0.0351396361377
-0.0394306409536
0.0628482150888
0.033470144824
0.0965259471587
0.00716957826966
0.0410530048005
0.0595290132806
0.0625808464098
0.0987558596111
0.0732657733763
0.0309335628954
0.133856982182
0.0293351045685
0.0340352153649
0.108811990055
0.055467522165
0.0543467165771
0.0568752080545
0.0220758838237
0.0976166879887
0.0908873809116
-0.00115662400531
0.0395103688716
-0.00287394461956
0.0759199844613
-0.0189979671648
-0.058814731562
-0.139333334419
0.0576629014408
0.0944128156048
0.0363119838908
0.0251396753441
-0.0138153399821
0.0971181232091
0.0331919327662
0.0352623773752
0.0674856691353
0.0842208082009
0.0253017974624
-0.0234667556662
0.0779403723336
-0.0681926462527
0.127488502684
0.081198865889
0.091368171354
0.0152486134091
-0.0299357515613
0.0133361432394
-0.0472718005164
0.0812671107202
-0.0556213162237
0.0664376315175
0.116373967254
0.0932560934208
-0.0574784717681
0.0304970864811
0.0631726475023
0.11131621208
0.125386987443
0.0520034848377
0.0119450059442
0.0538406632773
0.121923859942
-0.00561108395092
0.0490888640968
-0.0727461847792
-0.0607620541266
0.0115226871118
0.0948038437947
0.114384233208
0.059230256329
-0.0545937979266
0.0263220563747
0.0979366501242
0.0326323203802
-0.0648697726366
0.0586738008446
0.0187573069689
0.070532884735
0.0456648704488
0.0523006882824
0.00703529883025
0.033194625672
0.067771791033
0.0886450441028
0.0539316936819
0.0362587677942
0.0732964617441
-0.00500313154981
0.0775376719398
0.0491266621856
0.0481417573514
0.062098272045
0.0591205919204
-0.00697162759247
0.0185104665041
-0.0476128980019
0.0696472057892
-0.0493003418262
0.0471810467428
0.102483516669
0.0802268183391
0.00449609836935
0.0057041894702
0.0855562368391
0.0391835727275
0.0584520334191
0.0523302538043
0.0894341936623
0.122666375641
-0.000638681068013
0.099488242371
0.0472762467632
0.115499173328
0.0635958670293
-0.0199283159631
0.121116613183
0.0933227964151
0.0505331085928
0.00338440593204
0.0685457066097
0.0892274252148
0.0372496208241
0.00847768114479
0.121866597772
0.0553116975773
0.0958528654202
0.0559653735652
0.116926767782
0.118402049936
0.147155304179
0.0322461218853
-0.0456893547026
0.12905367513
-0.0271528523975
-0.0451455883119
0.0979152992464
0.0536705952628
0.076952977705
0.0667195590104
-0.0731759553273
-0.0451925122043
0.0736788414404
-0.101680632345
0.0636747277938
-0.132854920268
0.0632346371278
0.0826879148575
0.0173122614995
0.0450253534415
-0.00634868023221
0.0646835804353
0.0653702564769
-0.0718425139437
0.0113729333953
0.080389869105
0.0955492919811
0.00795004835366
0.122719794052
0.0399947787843
0.0288337665566
0.0628162153052
-0.011342734928
0.0873662855534
0.0051738438506
-0.00589829045279
0.0299006866146
-0.0255222057007
-0.0288561971317
0.0572630728321
0.0456887142622
0.0882286680393
0.106961074034
0.0287237538834
0.0759996706383
0.132370011724
0.0126943416418
0.03372060876
0.121974611508
0.139687895837
0.0860030167786
0.114057115784
0.132019798045
0.0424317405755
0.0833634634452
0.0529438215195
0.119598385561
-0.0156360659729
0.0209046267078
0.131681836312
0.028455541232
0.147030275411
0.0104698162087
0.10848256194
-0.00655190108083
0.00424885270721
0.0257114877552
-0.0239088360911
0.0937326431747
-0.0059989607603
0.072650794386
0.105538796297
0.0208466686585
0.0498090485283
-0.0119651740741
0.0499083457758
0.0309595467665
-0.0163629323694
-0.00195891930664
-0.0903569032323
0.0965063062482
0.0732327498463
0.0476585773389
-0.0224686226877
0.0581027544731
0.0517751154987
0.117171218806
0.0129408260153
0.00228391783578
-0.0567604585138
0.0648651991338
-0.116063415801
-0.024567800709
0.03506999591
0.0476050098924
0.0102318478172
0.12072566183
0.10537953397
0.0366113178226
0.0895741074708
0.0642319719622
-0.00389913037969
0.0578993265739
0.0885739115507
0.0617829465015
-0.00153792116109
0.0297820522727
0.113971141916
0.0953820667281
0.0808596680463
0.0615667758614
0.0765386651628
0.137215059548
-0.0101589686502
0.0727164349742
-0.0613140986511
0.07657554745
0.0111603054422
0.127230620515
0.0441620542382
0.107390642724
0.0562875798536
-0.0475080254809
0.127845164871
-0.138563193654
0.0835742065623
0.0435789151969
-0.0105984136936
0.0586176067033
0.00818840168394
0.0565722533768
-0.0363207891299
0.0940950616821
0.00786644004182
0.0378828134423
0.0327246808919
0.091739669938
0.110178357158
-0.00929787889394
0.0690092143022
0.010043689777
0.0691388603786
0.10989174191
0.111209898759
0.104815523226
0.125329319745
-0.018544796336
-0.0603720240095
-0.0321347987061
0.0116697329453
0.0452850450162
0.0386517674791
0.0357467444092
-0.0304259994058
0.0823633618357
-0.00909876981626
0.119746686509
0.0177374892963
-0.010636842343
0.067288511841
0.0877858716409
0.00750991336005
-0.049224632807
0.136817701941
0.101013823152
0.0791453585331
-0.00579017597228
-0.0228076332467
0.102056377023
0.0648477814676
0.0885830162111
-0.00317439414177
0.0022640328471
-0.015140468617
0.121148637455
0.0802444176831
0.064685281242
0.0922095759097
0.0102164047262
0.0206607234955
0.0266242235178
0.135393458978
-0.0952295913285
0.0454683805664
0.0233505160036
0.0283369768925
0.0562990521992
0.00983620580285
0.106559210006
0.0135940277943
0.0521402318341
0.0318455194118
-0.00295698429174
-0.0173427110892
-0.00676929848886
0.11870885867
0.0333363765838
0.123444121603
0.0341908746441
0.026500520758
0.0105178366783
0.0372118890327
0.00293690018146
0.138204563329
0.0159836873087
0.0820870233524
0.0468174145575
0.0275775437912
0.0246232217325
0.109503740111
0.075428731877
-0.0036292013416
-0.00322154510349
0.0187074345832
8.96263834385e-05
0.0979556925241
0.102099616162
0.0355754289471
0.0311034787278
0.0783955721082
0.100671383564
0.0709074396547
0.105780535904
0.0245826015675
-0.00199816277006
0.0933791309435
0.0730587378745
0.0195321747867
-0.0169545667753
0.0587642229063
-0.0110218108031
0.0155913575103
0.0713363451568
0.0706540981063
0.0626434537764
-0.0243317070418
-0.0514390690296
0.0342320338049
0.0954769373603
0.0134620482186
0.0547195124188
0.0611726437288
0.00135111845744
0.0648919778074
0.101145725039
0.0485284436982
-0.0811379255962
0.0889158406776
0.0265576410806
-0.0336341886316
0.0802863883315
0.114814257822
0.0619592131236
0.0917113606607
0.0205735853125
0.116279644481
0.0723691583902
0.0512266403019
0.00297020915498
0.0676410533288
0.0850719211835
0.0822264730075
0.0330761366674
-0.0298913302356
0.066601690462
0.0237641441543
0.0119649471321
0.0817974985817
0.0634324587649
0.0677107087184
-0.078499890154
0.0825963203825
0.0200088503351
0.0289252889939
0.13852703212
0.00261535006694
0.0789882768797
0.00909142442639
0.0929106003624
0.0120845812741
0.119772283133
-0.0701200562505
0.114205731025
0.0753764676272
-0.0130735829389
0.0658880920506
-0.0305077977091
0.132827346836
-0.00655414723554
-0.17417316643
0.0138890137804
0.0180759071396
0.0497774592689
0.0267698897964
0.101045787175
0.0735330424789
-0.0159104112272
-0.0226725330352
0.0399689496499
-0.00739627603964
0.0914669057008
-0.113468782691
0.0265625069288
0.119063390366
0.0851392692868
-0.00371797866803
0.0433627677921
-0.0133774651085
0.0787163544478
0.0597746591431
0.0902439275312
-0.0446033411861
0.0429034355323
0.0846436772771
-0.0310478608372
0.00746615693473
0.0744721034404
-0.00236103665432
0.0390011910638
0.059420636936
0.120753927824
-0.0186842541378
0.00595315542565
0.0851566466316
-0.00111892874893
0.0235265300344
0.013516021588
0.11195786853
0.0675707516131
-0.131754946866
0.0121508990086
0.0803019705236
0.00602035700682
0.0122502947159
-0.024662503292
0.0215517540659
-0.0225805349216
0.0144691869229
0.108581441851
0.0795662914848
0.065644360178
0.0296268197337
0.0301031568649
0.0820033175092
0.0227869024488
0.0712569186443
0.0951770730307
0.0715141440286
0.0388501842037
0.108553087574
-0.00620912029018
-0.133196351073
-0.060184775961
0.0077034598779
0.0598306325445
0.0838069134162
0.00836953746463
0.044189558072
0.0676036856172
0.00690902846886
0.0439205816093
0.0721676361274
0.022733477126
0.000146031651481
0.109916529941
-0.0480601637828
0.0496416939416
0.11194025696
0.0503312053987
0.107005606716
0.087609713978
0.0974450274298
0.0964307685584
0.121068123309
0.117653551611
-0.0289475658198
0.0816914725692
0.0972400131915
0.0237083787183
0.0129793422582
-0.0318393851231
-0.0572951078606
-0.00968852005751
0.126693100096
0.0103238305716
0.0540635842585
0.0635949057733
0.0450085320687
-0.0636958427443
0.0649140020219
0.121811204524
0.0273532974126
0.110378782975
-0.0670327669368
0.0320112274275
-0.0305053633323
0.0309182461921
0.00380369324773
0.0696066099825
0.133458709518
0.0606738823068
0.0554984094785
0.103180952523
0.031044244037
0.130184549577
0.0949860428928
0.0525431663152
0.109882541656
0.040706000226
0.0919540689527
0.103956554169
0.0335752130154
-0.00643842869655
0.046335503354
0.0452246311483
0.0745974466627
0.113111144249
0.071108692605
0.0721106891369
0.0834063191659
0.0930798500227
0.116287394929
0.0681475916569
0.0769783368165
0.00107417134047
0.075613423516
-0.0965811968421
-0.0151150650899
0.0102500213715
0.105977058763
0.0787878231845
0.0147810053979
0.00339671561593
0.00333595244076
0.00327146591386
0.0558917038595
0.130150609533
0.115160041051
0.0936588984837
-0.0196105929213
0.0730853205591
0.0850677258545
0.0113637120177
0.039770532268
0.0859210747977
-0.0621932266096
0.0274637023039
0.131969627691
0.104743733668
0.0215501533888
0.0311816494304
-0.0181273760356
0.120106288175
0.114706628736
0.0363820379425
0.00407458049774
0.0488752526601
-0.00358643176054
0.117499115027
0.0611900764275
0.0515857006547
0.0890381456798
0.00131422971053
0.0604718935522
0.028356829606
-0.0180034836611
-0.00180207812063
0.10055323976
0.0530145141484
0.144604284194
0.0619727079524
0.087849839406
0.0771546799251
-0.00842229091412
0.130410984822
0.0801944050965
0.0440031554249
0.0263285431245
-0.000892932562111
0.00992173431727
0.128565072182
-0.0157350904264
0.0140122218022
0.08391362254
0.00399446614407
0.0280233692857
0.0934346498358
0.0154369350385
0.0203750581901
-0.0112092865181
0.029578755441
0.0317537615936
0.0200840688526
0.0378765878918
0.059499344438
0.0451629287943
-0.0808096976155
0.0164334954814
-0.0372711324442
0.0725968152396
0.0373921164632
0.0721343510293
0.127288733393
-0.0420263391244
0.0402251570134
0.0529982167552
0.116586807822
0.120482873423
-0.00975963949083
0.00692043902512
0.0112436183633
-0.0557314716351
0.01656591517
0.0393895853063
0.0133274437715
0.0539133772622
0.11945850972
