0.00970488482078
0.121042520171
0.058692458166
0.105854908658
-2.07949043691e-05
0.014691040619
0.0537602715204
0.0146798167925
-0.0404511965678
0.049003891748
0.0684936465575
0.00084930265729
0.0553861944704
0.0683668810938
0.0517318730114
-0.0256638768247
0.0759662663739
0.0656121583858
0.0537870629418
-0.0312120364089
0.0578901706845
0.0155129480499
0.0951013298239
0.106718952791
0.0161594958699
0.121100776075
0.0422703232723
-0.0242835520166
0.0366612832619
-0.0200243723272
0.0981757763123
0.00105536772205
0.0107084379455
0.060358820138
0.0422658603312
-0.00898888973889
0.0419380588376
-0.00351724849011
0.06202146199
0.0498651548067
-0.0758119561209
0.0163836977446
0.0261379271399
0.0191186268889
0.0925744718588
0.0419514935479
-0.0939665757567
0.128200410405
0.0182097181343
0.131655611837
-0.0114241415002
0.0465484290637
0.0232377583504
0.0313961009261
-0.0050305184844
0.0318431851832
0.005467495356
0.0517739027438
0.0626041677648
-0.0482130771636
0.0890438053474
0.0431703076374
0.0363402921751
-0.0135765291551
0.123611786165
-0.00515715135769
-0.04436517265
-0.002211226232
-0.0490066098297
0.07335284795
-0.0273665770986
0.0438276655104
0.0904984657731
0.0527653170484
0.0532577989469
0.0492806816361
0.020026162416
0.111516847735
-0.00713831688004
0.00707301508538
-0.0473687791765
-0.0374858204475
-0.048752972112
0.0429629804497
0.0688878924262
0.107879843286
0.071268531512
0.0478064070554
0.0950173268228
0.044177330827
0.131071946408
0.103211910674
0.0727883293263
0.104508480186
0.118996876883
-0.00641358615738
0.0848603864037
0.101332853586
-0.0104309531865
0.0308020178021
0.122673664729
0.133286594612
-0.00420132662565
0.00479947734648
0.0587931193719
0.037629047877
-0.0229785164341
-0.0184061241562
0.0330986644858
0.121757571932
0.0257795514019
-0.0140217462604
0.092405907811
0.0472431131698
0.0728801925608
0.0629807624828
0.0648972866127
-0.000966308818777
0.0946416614191
0.101100140864
0.0167270919919
0.0354118295401
0.0892059115529
0.0531561513235
0.117273246536
0.0415045116533
0.122586368072
0.0479059662525
-0.0439637515988
0.0989383630477
0.0896041124602
0.0719759796757
0.0223909353898
0.0255148608703
0.0500488668412
0.0393497159253
0.0580473569097
0.0267524599624
0.00607604630685
-0.0263977934962
0.0455975990592
-0.0495598599287
-0.0697266650495
0.0315238885301
-0.0235905281151
-0.164277303545
-0.0179458098137
-0.109807043385
0.0514293680372
0.0772519124413
-0.0576595309636
0.0191812061963
0.123514702154
0.107676633226
-7.88634935169e-05
0.0517771127042
-0.0280759438462
-0.0143817145578
-0.0516883987877
0.13398740951
0.00579053487641
0.045380740767
0.0124715866998
0.0676085691677
0.117120615984
0.0490407591239
0.104371455472
0.0392092886778
0.121908614033
0.0716856697062
0.071741452899
0.0493987480404
0.00451571019311
0.0166978306745
0.0678221441986
-0.0972942758144
0.0571913388876
0.0608604553366
0.0904440854986
0.101649771053
0.0805484294367
0.0580409502776
0.0794591122609
0.03728116799
0.0172406663764
0.0708539449857
-0.0117349476968
0.0158148952001
0.0703775223136
0.0723876415718
0.0781202985939
0.12806601034
0.090346390047
0.113572281858
-0.0682264638523
0.03017825154
0.0838053391277
0.120977017241
0.0410169572939
0.0778036278963
0.0174668188392
-0.0355532945606
0.0995677019758
0.0604349816843
0.0481697650844
0.0518568425285
-0.00967751971672
0.0230854682151
0.0730578555038
0.127687594014
-0.0867842371791
0.0533604169201
0.0502763889472
0.0251715240862
0.0306938297961
-0.0187339381841
0.0618341181912
-0.0130201739841
0.0919144861017
-0.013218873351
0.114535208066
0.102986710613
0.028405634097
0.0325927007114
-0.0325111126235
-0.00662902475681
-0.0420714049801
0.049974119967
0.0200938012874
-0.0104637476324
0.084350454651
0.0143923150067
0.0809594807087
0.0492277015812
-0.0438697682092
-0.0235053221968
0.124151481946
0.0582009466904
0.00194065313051
0.00380567108133
0.0600978180693
0.124792804723
0.0345719637259
0.0716450244024
0.0677407700748
0.0699686329862
-0.0329209023141
0.102597998363
-0.0265950434191
-0.0029704518552
0.106794331439
0.0971105544504
0.109736354451
-0.0287897824694
0.0196373457685
0.0464054536739
0.114685399322
0.091935028349
0.0907969492277
0.0338375895323
0.0893667650115
0.0801993952996
-0.0349303600522
0.0266831176031
0.0588117529721
-0.0105030998071
0.02216800211
-0.0377232144949
-0.0113612993466
0.0929448825702
0.0406680315074
0.0473999146758
-0.0159685620606
-0.100915985417
-0.0177925958156
0.0271552138047
0.114987492059
0.0456884239289
-0.0336227572339
0.0503775357977
-0.0310859907461
-0.00731433689085
0.0563914144768
0.0852446448197
0.0518739088746
-0.0250090205744
-0.07760920455
0.0898840520709
0.0414169464358
0.140580634067
0.0960715929683
0.0172920353629
0.0304513861688
0.0524170085842
0.0974475528743
0.00878450541383
-0.0194908105259
-0.0231505772056
0.0604239372331
-0.0199653218774
0.0735674252044
0.105712872752
0.0847617861985
0.0508091740103
0.0580006268508
0.0810542623938
0.0904920034718
0.0359276798803
0.074161470749
0.0469411743715
0.0867599276331
0.051922317538
0.0923848956288
0.0835309516148
0.111708813674
-0.0439660243046
0.000430283475362
0.0378282957886
0.118437840381
0.0250594809215
0.0433082257578
0.0406041640012
0.123340430026
0.0768624562436
-0.0697222377528
0.109209133734
-0.00134103835033
-0.121218151374
0.0373562937103
0.0962165465124
0.0557660795277
0.00900181043446
-0.0137911620942
-0.0252881795683
0.0506404891315
0.00924031020546
-0.0137363823667
0.0544743568289
0.05414570953
0.076648460164
-0.0699074495444
0.115161396692
-0.031950126178
0.0403177712035
0.0735793382618
0.0524890557595
0.106741292739
0.0985190942144
0.0360007944898
-0.00600665727925
-0.0183455617697
0.102259903765
0.122456926543
0.0704531737545
0.11240375904
0.0614320554234
0.0546118421073
0.066408395036
0.0200739402859
-0.00913601685261
0.00193654384485
-0.0228950580831
-0.0102306528384
-0.00274652298731
-0.00760006792819
0.0388693543865
0.0545857100945
0.0241488252998
0.105943615691
0.071400669344
0.0907291336618
0.0564731250194
-0.00413206558307
0.0580137102431
0.0973837576055
0.0142393823399
0.0101002843671
0.100522847912
0.075744798623
0.043648693736
0.0206782896978
0.0904262471031
0.102724947788
-0.0113391392922
0.0899153574732
0.0741805824462
0.109156340975
-0.029648883243
0.110470883013
0.00174702836356
0.0911845311165
0.0619505399228
-0.0511086205808
-0.0267626385245
0.0249807379923
0.0728955549268
0.0816379295339
-0.00715660469637
0.10404510304
0.0120655375884
-0.0433656180439
0.0746962621421
0.00164952230975
-0.0204644559756
-0.0828484940113
0.0958300783219
0.142452567904
0.120905357885
0.0742896846745
0.035955318946
0.0564746934814
0.128844623297
0.051470751215
-0.0265304913959
0.0237479783188
0.0545198297327
0.0615919562223
0.0415089517722
-0.0164472008722
0.0221392040589
0.0274784789328
0.072215098121
-0.0262095404384
-0.126288859821
0.0138996798651
0.0352619016712
0.0238238540275
0.0517216190771
-0.00594177457678
0.12401258223
0.0624853676725
0.0695195497936
-0.0528476275435
0.108483164633
0.0319886645804
-0.0161739539531
0.0754864443782
-0.0356548519293
0.0568760058597
0.060689666938
0.0530278795982
0.116780700841
0.0388102271775
0.0976164058939
0.0624883332525
-0.0802409788992
0.14804634814
-0.0233073013031
0.0904563863843
-0.0580360715771
0.0812810581533
-0.00426153737033
0.123667882469
-0.0184767717482
0.0992052009979
0.086375325301
-0.0321745723986
-0.0181570149394
0.11281065056
0.0296318969485
-0.0281646648116
0.115695807699
0.0439997550186
0.0729617697871
-0.0525299715113
-0.0322932930627
-0.0127855170746
-0.0358771675528
0.110965526219
0.0869079417391
-0.131472934177
-0.0284650215211
-0.0321479430393
0.090013124976
0.0860135005461
0.0415062568769
0.107698124473
0.00667400367916
0.0694474594089
0.0566477390388
0.0703493936814
-0.0100857656913
0.0510585878512
0.0111544254995
-0.00527963361226
0.0256015511523
-0.0134547326144
0.0732796513431
0.0953488887869
0.00362137671066
0.108840210788
-0.0210694774486
0.0335228958942
0.0209564188243
-0.00998111759314
0.0192813550517
-0.0227525753336
0.0400159823312
-0.0572510007761
0.0551276885596
0.0114325791136
-0.0524462860231
0.0671503024672
0.066857635002
0.0146157588758
0.0520368820268
0.0553971834771
-0.0275248156747
0.09208852113
0.0441605776397
0.0260662428681
-0.00475256747185
0.118795865639
0.00442396681489
0.0761145907102
0.0447962804775
-0.0608994941872
0.00723490398078
0.0199966736434
0.123057538822
0.0281743995773
0.0650913189796
0.0379400902211
0.042702349489
0.0681424906347
0.0167561150466
-0.00602934630739
0.0504805205314
0.112466307289
0.105813313392
-0.0100258399025
0.101601629008
0.0969489269382
0.131530362574
0.0617392802495
0.030836262672
0.0163047984268
0.0693405770681
0.0450710752706
-0.0936255211229
0.0093743397689
-0.076964730882
-0.0746744442896
-0.0666265362769
0.13953597354
0.0672589042457
0.0556660715139
0.0657716642885
0.0147178132431
0.0677408961699
0.0660574176615
0.0143045529989
0.0471424044865
0.068842006692
0.0808396682195
-0.0748168392772
0.0413661557524
0.0292018065737
-0.0251155181543
0.0342615049584
0.0401534090565
0.116117777273
0.0488223595668
0.138062168849
0.0936673345194
0.108891678463
0.0470202887321
-0.0267070605451
-0.0165337547742
0.0186918161677
0.114767741315
0.00937767941321
0.0178675142702
0.0246804181836
0.00665452251658
0.113720149336
0.117103645661
0.12816719513
-0.0543974437549
0.0944894476209
0.0947391137797
0.00361699889948
0.107720231949
0.0646814760821
0.0115098735231
0.00849131747091
-0.0868853956705
0.102850562823
0.0877173678619
0.0756073856534
0.0410089445174
-0.0822563689512
0.0553016577121
0.00560386473091
0.0362640463066
0.0749016501517
-0.0160319562323
0.106537039582
0.125346847956
0.129949455167
0.0272113202089
0.0993619897044
0.0532101300407
0.0248507229196
0.113597762148
-0.0908228638041
0.0575376368785
0.126164919332
-0.0141459394831
0.00820263396566
0.00196169957395
0.0549928328982
0.0681882272219
0.00663400348087
0.0216942596443
0.0426903707269
0.0350091453201
-0.00566814982716
-0.0784088036722
0.0724182483722
0.107334114718
0.104130085382
0.0157420320366
0.0504173810381
-0.0183633209332
0.0547239270815
-0.0139902393318
-0.101448077507
0.122766964268
0.062279167189
0.0176409637077
0.0237765738157
0.0356722631918
-0.0267200794787
0.0945686122502
0.0589282784367
0.0514008495894
0.114625879812
0.00868748097789
0.00425813542551
0.0539475682491
0.065237390792
0.131954720173
0.0443732801166
0.149536011921
0.0312531316328
-0.0630910112549
0.0202321326791
0.0373613823475
0.0871610493743
0.0069731511961
0.00105737105679
-6.12055926279e-05
0.0590352033946
0.145571380357
0.0504510256526
0.112110643914
0.105556287552
0.0528747296039
0.0920214636899
0.0769646142493
0.0192522281547
0.0292069119638
0.0807494872344
-0.0993264854502
0.100739283256
0.137464324316
-0.0155976466129
0.0806208260802
0.0933467318997
-0.0431496858422
0.0564480319361
0.0584718638776
0.0155483170865
-0.00319778663595
0.0533624306372
-0.00474259318849
-0.0042672193243
-0.0038263522456
0.0234356856429
0.00707153016748
-0.0519301338834
0.0392027647644
0.0518692497937
0.083402933208
0.0949074189729
0.0555786642778
-0.00835752880186
-0.0104180211765
0.11294335926
-0.00853398556743
-0.0255529977205
0.0182858836291
0.0376092587187
0.137766565056
0.0835337939601
0.0327625578381
0.0469275208787
0.113418504495
0.0381284582181
0.113392613531
-0.00631296109444
0.119238436929
0.0484891604425
0.0195193774481
-0.0243995771857
0.0537026470883
0.0915686123743
0.0328559813614
0.0118614292245
-0.0891967136364
0.114672834889
0.0933796597312
0.133314191698
0.0330366184754
0.0416767225329
0.00958901428292
0.0703216699582
0.0663994194122
0.00284944403418
0.0827782875973
0.00894613267617
0.0723714313835
0.112088879128
0.0626730962959
0.103937384273
0.0990141673695
0.0345546123165
-0.0121247985145
0.104024753889
-0.0106501149547
0.101977357767
0.0509330484467
0.043301685055
0.1272032217
0.0541445362494
0.0814045530452
0.0567256126218
0.123957473654
0.0122034418557
0.0549887112733
-0.0116858382851
0.00334853809011
0.0691259638741
-0.0127501811793
-0.0920963190377
-0.0244223152413
0.110700588006
0.116079807131
0.103670868996
0.13029312341
0.0489749036232
0.0647269519958
0.0137061162186
0.0731275529628
0.103402627643
-0.00444735713473
-0.0908859671097
-0.041745061399
0.108447211604
0.0178291799593
0.0249600055661
-0.00345066782147
0.0251379882596
0.0148180899307
0.025597048019
0.0280731213932
-0.00153313420532
0.121185862223
0.0647491164817
0.118639926913
0.102694561467
0.12044191865
0.0644610838547
0.0321733342342
0.0618126679945
0.127646742631
0.114102218918
0.0211280861533
0.132412178448
0.0808203955475
0.109457026688
0.0341215318073
0.0245001549176
0.0786192585974
0.0923333581445
0.0451786264581
0.0622394611558
0.0717629303448
0.00110284229635
0.0523165753439
0.088790575338
0.0308730760746
-0.0773419208357
0.0299004861234
0.0318109903466
-0.00155254074372
-0.0645031269949
-0.0139504559033
0.113159148516
0.0858295135909
0.0180300461741
0.123768727298
0.0927188565742
0.0181090310962
0.0820435133866
0.0376935552202
0.134995384529
0.0773460828766
0.0387781374507
0.0902132870635
0.0654585566485
0.0741929579765
0.0296936331545
0.0380988725942
0.00448282578686
0.0580824065052
0.0247030354849
0.0714958624079
0.0174124412143
0.134605207403
0.00365386339482
0.0570565423397
0.0269229745823
-0.00971615887888
0.0621134558027
0.0611575856775
-0.0577687984398
0.017447528799
0.0677847967268
0.0129849401389
-0.0539315176937
-0.017945095267
0.0105247324544
0.0795295911496
0.0558876001634
0.032175400825
0.0534549499671
0.0414871030105
0.0347698918661
0.0632042902846
0.0538214412814
0.0991399069464
0.0038862306865
0.0622372547893
0.0340854752482
0.0454788843174
0.0495793804186
0.0615477412579
0.0164462549299
0.00724318221128
0.0474743977848
-0.0486024871994
-0.00841051497246
0.0182517243329
0.0868596384005
0.0320082594801
0.0823640227299
-0.00772261814116
-0.0554507379371
0.0348377869432
-0.0102895597359
0.137314159211
-0.0910111172093
0.00411904412764
0.0298554186324
0.0477985455636
0.0769226303481
0.119347177323
0.0932300713232
0.0920014133064
0.0388585546843
-0.00900929747237
0.0559034124247
0.0884542118145
0.00470748999623
0.0567495829172
0.0777106439386
-0.0380411314821
0.00866027119467
0.105553026542
0.104454206311
0.0705657664528
0.0391865427527
0.0357882605131
0.0394685016921
0.0520615490863
0.00856290509665
0.104979545185
0.117209242665
0.0476818072471
-0.0323503066071
-0.129211623106
0.107387925563
-0.0387714074291
-0.0115948603451
-0.0539619819109
0.00790739508879
0.106007104406
0.0114129336872
0.0710160999014
0.091071343551
-0.0579991293507
0.0517940388131
0.0116713436028
0.094366785144
0.136264735306
0.0585188241481
-0.0310830507108
0.0890728047504
0.0826192586314
0.104458068579
0.0276493417125
-0.000139273594421
0.076714285825
0.0671600936987
0.123206483699
-0.054613880812
0.0756944789987
0.110857131354
0.000853656688882
0.0490765895731
-0.00415999527523
0.093040791565
0.100090190062
-0.058696318459
-0.0458862910991
-0.0032345753841
0.0234725503819
0.062896817015
0.0404983216591
-0.0157581056049
-0.0530501758046
0.0442638356685
0.0592740210679
-0.0726224763185
0.0686674917477
0.0627726202818
0.023653085005
0.0619686670621
0.0992455616341
-0.0136330365129
0.0858129312593
0.0809614200224
0.0388059057572
0.0444933344433
-0.0834805294942
0.0934941173911
0.109113790322
0.0982403079583
-0.0776308695572
0.133913177892
0.128596341182
0.0793903821321
0.0292920294408
0.0809732225081
0.0963272651856
0.0921795576025
0.111133712383
-0.0358956656884
0.116440574212
0.0996325361924
0.0732687124941
0.00928257319761
-0.028869387755
0.00781486225408
0.059889004558
-0.0328250725543
0.0934295435098
0.0358050486263
0.0853835772901
0.0288886158785
-0.0700248230334
0.125224394918
0.0301497339628
0.047939738381
0.0806215447361
0.0371500544473
0.0906873658646
0.132667465555
0.0323108147552
0.0974570740065
0.0736984448956
0.0779372163201
0.028725286139
0.0624437709268
0.0397152798774
0.0736415424633
-0.0616167210266
0.0316305145351
0.0866683766975
0.132240312852
0.037069250113
0.0687558488845
-0.0546547809553
0.116009989875
-0.0236092586777
0.10533269448
0.0790767200236
0.0154322912994
0.0643730078969
0.0420451025178
0.00205844502435
0.051886891955
0.00767458058269
0.0450959182873
-0.0105705123153
0.117337987349
0.0571368189002
0.0744438051748
0.115910500746
0.0206746481259
-0.020841490887
0.0645925094951
0.0847690442516
0.00849035022917
0.0662690584625
0.134390268092
-0.0277581049281
0.114864979456
0.057232320872
0.0958632461375
0.130410265415
0.0515095994747
0.123431346249
0.0452384183712
0.106756667475
0.0264712810532
-0.00108876672824
-0.0519359474626
0.0726300671777
0.0532078993894
-0.061127861202
0.0495166544344
0.0222856698566
0.0030891157493
-0.00518183722838
0.0899332868094
0.00131988121135
0.0248020564893
0.0732778485388
0.0885594245274
0.0708246510269
0.11215572015
0.0287386855219
0.0125092365706
0.106133209457
0.00328831846712
-0.00696385462015
0.0223175491494
0.0946210531091
-0.00961058524593
-0.0179263830041
-0.0110568197795
0.113299882869
0.0593548454067
0.0927928589222
0.0966694442834
0.0130126063725
0.0692936307714
-0.0612398412726
0.0456654074251
0.076245786752
0.105759975844
0.0426036907801
0.0638022412625
0.0576266291836
0.0886472197974
0.00147414323071
0.0392207589019
0.117599739531
0.068985665924
-0.0162835623069
0.0594163669917
0.0570029307327
0.0341957840681
0.0675000896185
0.105078278169
0.118869501133
-0.0234888231556
-0.0392709657025
0.0266362348924
0.102285378881
0.135812107637
0.0404638060111
0.102513712371
0.0648657655507
-0.00962044135284
-0.0158384606529
0.113970072882
0.0704194282009
0.122833758316
0.0300600001945
0.0522552822637
-0.0232396371458
0.0707070778954
0.0920084465871
0.0689264267657
0.0355617111755
-0.00960545907543
0.00467786352072
0.0452253918583
0.0214299376692
0.107375388906
0.0723146607489
0.0359658596401
0.0446518093882
0.0379879311864
-0.0790124125879
0.0730027102033
0.0476479394635
0.0543661458735
-0.0402263449221
0.125079130653
0.10172788514
0.122963744127
-0.0671293546092
0.105236372754
0.11771101235
0.00404151697939
0.0844262394921
-0.125514281445
-0.0224770819975
-0.0371113254607
0.0908970284735
-0.00417193378601
0.101156252498
-0.0175714348629
0.0149462611703
0.00758453229211
0.0660892478604
0.0337130192435
0.133463837033
0.0651947579632
0.0170727064244
0.0341626586474
0.0407524920533
0.109646211493
0.0974837671174
0.0346937603781
-0.132747591513
-0.042473142151
0.062421375404
0.0587504965182
0.0769301544883
0.0607114132745
0.0916241265735
0.0518764399576
0.11723120544
0.0380638550249
0.0612330164035
0.0494293043796
0.0788058230708
0.0393274657163
0.0573873441389
0.0713653602071
-0.033745934427
0.0873200016922
0.0864154729678
0.0608300841376
0.1079382675
0.0922194228804
-0.0383750432689
0.0334467879526
0.0301346010484
0.107068165605
-0.0479194020878
0.00186287391382
0.0841592649798
0.0162218830615
0.0191824578327
0.0267121278195
0.073533025131
0.0661276693038
0.0710356070081
0.0830846191091
0.0625911203649
0.0277228826063
0.00973187524173
0.0453009189396
0.126239094906
0.0406314486274
-0.0356271983909
0.0840399641434
0.0426238782715
0.0667782961279
0.0448081688834
0.1057853232
0.0203202749597
0.00393786328547
-0.0633127545844
0.0566803181149
0.0291087237905
0.0841202941093
-0.034709418858
0.079375047855
0.113461557396
0.0819133097977
0.0907539729609
0.0805438083627
0.0442317767027
0.0456963217792
0.0528305867282
0.0625929990211
0.0818787247111
0.0997840815323
0.099086014267
0.057323378939
-0.0136065492693
-0.0836587303397
0.0368076141986
0.081325401536
0.0643054695259
-0.116171355532
0.0846981368942
-0.00422168944535
0.0720816683847
0.0201391895654
0.0544283742737
0.031834137958
0.0615415553648
0.018832829616
0.0960519478651
0.0166299477099
0.113055869764
-0.0107756461837
0.0242096036345
0.106869092974
0.0867747144997
0.0845401035341
0.0717738895485
0.0624153034396
-0.0764572921493
-0.00506142081337
0.0757508031011
0.0457236921092
-0.041660891406
0.0987105371773
-0.0238666650535
0.0924703695822
0.0352780248914
0.115626559497
0.095241184567
0.0225158033745
0.0503064526643
0.0458126042564
0.0430778680177
0.0458287914384
0.0362635418451
0.0476125016957
0.0521729550532
-0.0990617260346
0.104825576694
0.0438647186023
0.0187858077433
0.143317120577
0.038714908097
0.109172051923
0.126500922147
0.121042029927
0.0197421616962
0.092039385536
-0.0582290290313
0.0830789992022
0.0605198040666
0.0678150490792
-0.00448589547353
0.0892659440789
-0.00040696886162
0.0632831788277
0.0489903851252
0.117435161889
-0.0079808292535
0.118099840562
-0.0355835270807
0.0956221745158
-0.0289344940097
0.0477234730996
0.112873524141
-0.0660368837493
0.0234851219275
0.0214084898408
-0.0001636049883
0.0474448079553
0.0548767655718
0.0984177637358
-0.0271383120719
-0.00752798265381
-0.00579140397463
0.111910719096
0.0105527865631
0.0924350984249
0.0774907841899
-0.00654042562956
0.116393504781
0.032662464867
0.0918580559826
0.0649372125091
-0.00185370697052
0.0197706413467
-0.0143806745734
0.00038381942119
0.0432268868517
-0.0546521382854
0.00350890835373
0.0250731271215
0.00298535697142
-0.0101924806215
0.100193702474
-0.0686055829081
-0.0649872433027
0.0735639976584
0.0953571824215
-0.107264108538
0.0512080876415
-0.0184544871744
0.0259885741807
0.0184056446868
0.105662148601
0.0588601188956
-0.0361519818267
-0.0257633371635
-0.00417161791705
0.120818019126
0.0432588416821
-0.0698977386905
-0.0122404343186
-0.0275680565817
0.103993115191
0.119774350979
0.0273009584773
0.142436797602
-0.00196253906667
0.0409355987337
0.106071141357
0.0189618516349
0.0497285457952
0.0316765756873
0.0417872237999
-0.0219338481857
0.118737769553
0.118534066948
0.0892185140451
0.0910038503694
0.0424394610206
-0.0766374642978
0.0790263912893
0.0209762564448
-0.0986375567061
0.0695521375119
0.123291055114
0.102217705054
0.0693499607336
0.102001069917
-0.0118964335323
0.0886987097226
0.117968374359
-0.0926491975388
0.00486192017144
0.101922816691
0.00174802640816
0.0601234700119
0.122448581432
0.0651770686007
0.0214322150899
-0.0961010562406
0.0817923033397
0.0132068001282
0.0379605136366
0.108846643057
0.132885241083
-0.00478789833295
0.0318916000555
0.0791567389512
0.0292664469011
-0.0414748348895
0.105327156908
0.0515212840131
0.0419413820245
0.0154065389765
0.0667356733471
0.0417556722279
0.104567370387
0.0877673656475
0.00522723563266
-0.0512445365563
-0.0246002444993
0.0808435286414
0.0512470881966
0.0963449148844
0.0594106930019
0.0051143355863
0.00753575996069
-0.00686138767622
0.0225846386371
0.0949012879881
0.04144014436
0.0470622156344
0.0500839406649
-0.00927592615469
0.0194869651227
0.0798472245222
0.0485154034506
-0.0556027276237
0.0942556406511
0.121777368878
0.133010835777
0.0708292795144
0.124794875908
0.0917680271005
0.0585279050789
0.0532378680847
0.0725032264461
0.102537721718
0.0858070721077
0.0339095464496
0.089245029093
0.00279737471809
-0.0113494991241
0.0850071003277
0.0715352719407
0.0167460842554
0.0167979821081
0.114563055227
0.120961929164
0.0332735371793
-0.0427751535108
0.0421004168155
0.100858572705
0.10080994718
0.0834861179782
0.0489401244908
0.0961948412835
-0.0187011574244
0.0337120895955
0.0168842103525
0.00850288386837
-0.000976211174278
0.114370623922
0.139188258791
0.0243797412924
-0.0428083785894
0.0209073757988
0.0506489877564
0.112614081399
0.057285265918
0.0701475460645
0.0918105244473
0.0509223102408
0.0559708309948
-0.0370614779935
-0.0189476896671
0.0340975722884
0.0654213728445
0.0572786691227
0.0400949615323
0.0570598796536
0.0871810237024
0.0648333733809
0.120914564462
-0.0224613347441
0.0803253620561
0.0609865832576
0.0389077663897
0.103318781329
0.0503164374829
0.00168527955393
0.061750103957
0.107842169313
-0.0251198931064
0.0700942018603
0.0802356044358
0.0466013857015
-0.0392499557715
0.0730554621284
0.0715272233796
0.0391974273815
0.0166529605631
0.0632586678094
0.0246952600279
0.0151526665921
-0.0160559822051
0.0262002169998
0.0666268742359
0.074465577524
0.0187996453341
0.0526471118604
0.120056789014
0.0636472992939
0.0279074311968
0.0347236111985
0.0897926254114
-0.00628634010138
0.0404347968414
0.0375330208064
0.0994497174308
-0.0112410753624
0.0834481003133
0.0747605447695
-0.00901091479822
0.0275327148421
-0.114844218214
0.102231287833
0.0250472971263
0.125887883237
0.0201997887999
0.0615503116999
0.068053508552
0.0113618432553
0.0176046716454
0.0656649292153
-0.0225594194055
0.0764651379639
0.109450088134
-0.0490386250755
-0.0364458160693
0.0826241508274
0.0770821494574
0.0366177731823
-0.00569495123919
0.106248814558
-0.00920289897537
0.0499265604609
0.0897687143676
0.0311994374729
0.0423552847427
-0.00874827794633
0.0130707447224
0.103390862881
0.0883781019444
0.0694211854628
0.051692476022
-0.110989510731
0.0326631484643
0.111668145726
0.126455786681
-0.00798157107801
0.102610756898
0.0513856210069
0.0589694937123
-0.0517811228082
0.0782302658164
0.0702945161829
-0.0139127163067
0.0284085420765
-0.0773745538049
0.0165012160492
0.0764651886613
0.0122311061318
0.121156983242
-0.0346450773644
0.103533060293
0.087394707103
0.030406753011
0.0661842514289
-0.046040231277
0.0217504589663
0.0535009342049
0.0684772985743
0.0881337025766
0.047484305784
0.00412137174116
0.0641999214554
0.130157341679
0.00468572278395
0.0664250416475
0.0871910996272
-0.0319121709667
-0.00454123348222
-0.0301985192415
0.105691052319
-0.00526391182988
0.000978905746271
0.0794134211628
0.0381871532821
-0.0665925354121
0.109210086613
-0.0175401760272
0.10740685632
0.00471869047906
0.142626821394
0.0681220107863
-0.025614544476
0.0462193059301
0.114843022329
0.0391817528898
-0.0227676730289
0.0199289892935
0.00136515198664
0.104522851418
0.0250170000254
0.00854983806717
0.0921742010144
0.12054624676
0.0720457939249
-0.0736807153366
0.0238733689455
0.0783504166796
0.06561269701
0.0213164317776
0.0308018389996
0.0909913794626
0.0288453386497
-0.0203947023887
0.10085549328
-0.0345198924554
-0.0242564155162
0.0462816403352
-0.0389875789929
0.00412145439086
-0.0132143613529
0.0607635878511
0.0930798203454
0.105253315847
0.0370031533733
-0.0332922876316
-0.0394426068394
0.112958348944
0.0958285004486
-0.0234068013638
-0.00569447991475
0.0471728403722
0.0527165127672
0.0519881598537
0.0570107180516
0.0808216764243
0.0981403215518
0.0495820296703
0.0873616079875
0.0489507065744
-0.00860485369759
0.029038312874
0.053636666282
0.0159566923471
0.0335517539737
0.0821569950383
0.0334678626303
-0.0322721838562
-0.00727857704542
-0.0819347440158
0.0531577046648
0.0555276913699
-0.14242889575
0.0969401013433
0.0269027402267
0.111915660776
-0.087873448364
0.00531541180565
-0.00130710600212
0.102844899159
0.0752653393041
0.0977982501975
0.0617936336926
-0.0256185294058
0.0561624334253
-0.0317304154037
0.0389826528698
0.0518289470062
0.0787326651071
0.0452166351709
0.0225769783763
0.0434730049876
0.0618185097107
0.0278525832356
0.0776250357537
0.0514948415885
-0.021930475137
0.000500230051422
0.0495154789635
-0.0516511239908
0.0603125345484
0.0221964506432
0.032049472574
0.0200438963913
0.0115007789782
0.0944642666781
0.0704538238924
0.0612056079309
0.0349969363167
-0.0137112938632
0.076368041591
0.0938177980654
0.0549015516885
0.0356299460165
0.0408616847528
-0.000430289137274
0.0520981176196
0.0815026787688
0.0689484168267
0.106808556396
-0.0151889784754
0.133412485084
-0.0709397393585
0.0953414215869
-0.000281109858465
0.143723823017
-0.00135733318256
0.0248414363376
0.0843324487075
0.0726008737212
0.03173999479
-0.0135474062287
-0.0221262758859
0.048245734753
0.0726941397543
0.124641393406
0.0651365378173
0.0973559390403
0.0581123989843
-0.0321829049154
-0.0254093067496
0.0691925370454
0.1141682343
0.0460020958898
0.0699690970804
-0.0125472534008
-0.0141837464987
0.0965172529526
0.0942415533531
0.103688574869
0.116135741759
-0.0262737467239
-0.02753075218
-0.0503298732916
0.0366038354801
-0.00802955759188
-0.0395809333289
0.0853687177018
0.0157093670354
0.0216283864151
0.0232407755184
0.0206703492063
0.00302178784103
0.0286976085376
0.00157310307494
0.088131761762
-0.0361628322442
0.0926923281477
-0.00835312028597
0.0167671346116
0.0473041752789
0.106487738878
0.0307005261477
0.0724360486708
-0.0204812781753
-0.00635867616151
-0.0496047427937
0.114055135977
0.0819078171544
0.0296783471254
0.0775419907406
0.0213268018675
0.0613142547144
0.11912976271
0.020430180055
0.0869330367283
0.122311203877
0.0566353296535
-0.028563703855
0.067110058591
0.141636228172
0.0699268460071
0.0676356073302
0.122805548145
0.0334846418657
0.10314956826
0.111866781366
0.0959034033257
0.0122635203287
0.00617966126573
-0.033655701696
-0.0141984299434
-0.0052549610158
0.035901018509
0.0358216728428
0.0684702041854
0.0953903514571
0.141558270324
0.0659289887068
0.0106578309451
0.0591319138925
0.0602445034682
0.011519031885
0.0937191810581
0.101572467297
0.107414948071
-0.021100650648
0.00819131977694
-0.0809765888126
0.048221785835
-0.0335603043891
0.0647920263368
0.0146225130429
0.0922786051007
0.0863150119643
0.02221192812
0.0428622191929
0.00599189056547
-0.0547900913906
0.0882931197434
0.0695297986963
0.0100530962278
-0.0325646348023
0.0585553061477
0.0829733106125
-0.035377738072
0.0153725906989
0.0731816591843
0.099108361866
0.110953260031
0.0448024061984
0.103328060694
-0.0775324416122
0.113215956037
-0.0971815694152
0.0434814311741
0.0884088960922
0.0569801945173
-0.0428450152098
0.02289880281
-0.0236305819725
0.0797449192317
0.0728106483909
0.0302529721812
0.0647104666424
0.0996338731399
0.0726150969264
-0.00700789194917
0.0784819284087
0.127562377784
0.0746710932276
0.0780175965971
0.0363297817475
0.095366068746
0.063594969621
-0.0135931107987
0.101127361877
0.0594238456039
0.0993734862272
0.053928470545
0.0194225918426
-0.0112088507006
0.0605157668346
-0.0447418560268
0.0924523099076
0.121611885468
0.0816468445758
0.013620156161
0.0182304502021
0.0943391305503
0.0175509115621
0.0343784147366
0.0469867598602
0.136934676633
0.104172368346
-0.0443843763655
0.0646363920313
-0.0449633433719
0.122446827951
0.0657414169916
-0.0431016928258
0.0218618214986
0.0203520191235
0.00848597107288
0.0832783427843
0.101257637348
-0.029874548784
0.105054887191
-0.022844837382
0.0942639411667
-0.00778243033437
-0.0229303398513
0.110488095706
0.132729899298
0.0481931002137
0.035018891672
0.033987510941
0.0729303434293
0.065035309845
0.00740302155899
0.120484588533
-0.0944132865061
0.0382216268969
0.00765056999337
-0.0945218386717
0.0516595708393
0.0601633007294
0.0114438157373
0.116314147753
0.110730137716
0.0746499989115
0.100275701736
-0.0453163132042
0.0967480001356
0.0514833879049
0.0569152860194
0.0709003389029
0.112557446121
0.10498732825
0.0627454150399
0.0253640360318
0.0483056437578
0.0623276443078
0.0061112191041
0.0464904052004
0.105377665799
0.0992318598518
0.0706580310018
0.0759554157608
0.113673715045
0.108423610579
-0.0397512941601
0.0693111045698
0.133048262205
-0.0224045660261
0.0933920510229
0.00879219193856
0.0451310756223
-0.0486018919083
0.0552010353819
0.0888195165436
0.032447075682
-0.0104625980092
0.0757387474375
-0.0102005995884
0.0571259953052
0.075085994997
-0.0102618784557
0.119370169894
-0.095043734314
-0.0515848465546
0.140130253936
0.0346919504903
0.0429457274672
0.00298555196512
-0.0167054536806
0.0909778265364
-0.00170247280288
0.0456942945113
0.0661688950242
0.0699278990215
0.126769041919
-0.0567445064737
-0.0152534402129
0.0837360029637
-0.00652535693965
0.0817327655405
0.0806576832677
0.0472058950927
0.0801106496039
0.0781624411946
0.0326113075959
-0.0926549756667
-0.127585615726
0.108558295936
-0.030556647238
-0.00490522565847
0.0870514502866
-0.0367350446771
-0.0214428424626
0.0252743338718
0.0184107506527
0.0658582846227
0.124196578441
0.0457964896359
-0.0214689763514
-0.005787333814
0.062642073709
-0.0222141787044
-0.0485352722766
0.054822202799
0.0940799475672
0.0347609590026
0.0361685739639
0.075179887511
0.0247134484801
0.102056091794
0.0571734883157
0.0340506276165
0.0761391925192
0.0889769422439
-0.0703449303149
0.00402424019408
-0.0426981583537
0.0381480492367
0.052717259965
0.0883051416811
-0.0198929780273
0.0853821875136
0.0771829219953
0.104581228629
0.0583554509348
-0.0347849130066
0.0955704772618
-0.0124183756863
0.063007185118
-0.0135551397303
0.0675018122858
0.0222637632989
0.0205948498021
0.05590170534
0.0140930271811
-0.055805079933
0.0102315215057
0.13373870027
-0.122237991038
0.0805885595048
-0.0399694685276
0.0512912503398
0.0143499916779
-0.0509997279685
0.0541551519293
0.0665215463803
0.0367405418336
0.0127543045276
0.0592432939774
-0.0354276071362
0.0668868472899
0.0693575752808
0.120484484775
0.0967853892552
0.0612085561881
0.134379766558
0.035192984979
0.117308740701
0.0348770716365
0.103132487133
0.0466162748204
0.109630644283
0.116139669358
0.0652312681341
-0.0308650637297
0.0364914677798
0.021528759419
0.000978387748452
0.0908075128354
0.000434184037854
0.0819002081569
0.0595535169531
-0.00695102002579
0.048320371483
-0.0256407507542
0.0511663463312
0.0701382750409
0.000138289754918
-0.00787086907832
-0.0807444792536
0.0736282420044
0.0206190123774
-0.00465968754038
0.0435495138217
0.105102495055
0.0546069127218
0.0263950000998
0.0551594506613
0.085436927278
0.0297320180138
0.0793538820712
-0.0407101103383
0.00893808901285
0.0345537099217
-0.0158855521889
0.0922234366528
-0.0318364846669
0.104655589609
-0.0567323811986
-0.0449408036306
0.0168411191992
-0.0872136992083
0.0290944199387
0.0118214336528
-0.0450712202737
0.134829689891
0.0737341836283
-0.0650037178272
0.088757428013
-0.0116220721437
0.0552921908781
0.0408011395212
0.11498273414
0.0156856233693
0.0397020917912
0.0716228878004
-0.00355576544003
0.106515493376
0.114803927325
-0.000477583047079
0.0908408171266
0.0475164996252
0.0273902369967
0.00734992479283
0.0116187828855
0.106273656545
0.0646623668443
-0.044933524897
0.0801982416562
0.0234893315748
0.0374554275995
0.0449033762062
0.0844304289514
0.0332136737736
0.0610452821401
-0.0541429294167
0.093641882012
0.0637069759754
0.0416748396301
0.0227682669277
0.138872990217
0.0927821639935
0.0480717369705
-0.000124269281134
0.028903313108
0.0818918958859
0.108588313233
0.0331413432663
0.0191733827423
0.00899456384184
0.016174025531
-0.0650962111966
0.0550222766785
0.0831461598918
0.00170867594484
0.0277489550049
0.030674413945
-0.121182056212
0.0578159130297
0.00758650312487
0.0521241695441
0.0946564803614
0.025942142224
-0.0219850050337
0.0384329642787
0.0135666538592
0.056474732425
-0.0246698894325
-0.00989429939718
0.111957731339
0.0940102847718
0.0260741819575
0.0821557551699
0.096227312621
0.0223199495675
0.0653459042468
0.0437063294406
0.0729164432827
0.0751489433063
-0.0617844115602
0.112776526407
0.10868429122
0.0497940379942
0.0346104126482
0.109653990461
-0.00169960770034
0.0726413544981
0.00907220209066
0.0367380107469
-0.0656292419995
0.0650765850524
-0.00459261547088
0.0611618572047
0.0783754696446
0.108538756017
0.0690623990856
-0.0108123573439
-0.036917340407
0.0654285998885
0.0829259865228
0.00776229406022
0.0936635896829
-0.0631432202064
0.0513766535681
-0.0532342501667
0.003267402988
0.0507148987294
-0.0459967604867
0.0286628622079
0.0961485178708
-0.00244600886157
0.0803256594991
0.0348754162847
0.0430417464582
0.000306756739494
0.0186631210046
0.111464212699
0.0483242376967
-0.0170654113765
-0.0206613240614
0.0517155316509
0.12472992846
0.101920509131
-0.0146247146508
0.0807443672823
-0.00151361586271
0.0480919517606
0.0967468487199
0.0394738415625
-0.0600235860672
0.0419483267808
0.0912385929818
0.00748728297124
0.0116460752243
0.0745601805991
0.122795304282
-0.0288833969967
0.0542680857845
0.000130633800985
0.109201219946
0.0567180171625
0.0931547170654
-0.0222030627313
0.115879753652
0.0926802865906
0.0185784906197
-0.0223722506617
0.0799622665371
0.0124236968805
0.0975599785784
0.043069485896
-0.0150842411813
0.0488989320595
-0.0382282204459
0.0755280987558
-0.0894485111592
0.083748805952
0.0971636269379
-0.0974816159351
0.0219473048762
0.0213038983939
-0.0484075674711
0.0834951663071
0.0804119582039
0.0302419171644
0.0508782143903
0.00465478115515
0.0182122801282
0.0903446493939
0.0363065010471
0.0284078171403
0.0642442379056
-0.126415562339
-0.0203058392932
0.0377876459943
0.00966068795086
0.0579757434088
0.0373292364923
0.0694325620997
0.0865539569603
0.0308394740905
0.0765849836722
0.123903850902
0.0138578218549
-0.0346102960802
0.0616501594965
0.101589584006
0.0368149741035
0.104923488403
0.0572821488672
0.0699218640456
0.105274474843
0.0770058119587
0.132249027783
0.0669338052611
0.00128483643741
0.113983939415
0.0929276164029
0.0419453409239
0.121855143651
0.117649759647
0.105628027704
0.0618922704157
0.0920182530008
0.0238108216495
0.120924956938
0.0373030579053
0.058584204021
0.0232959633004
0.0210780803709
0.0804226333499
-0.0341837488948
0.0404441145003
0.00932982317283
0.0651105595519
0.0511348282917
0.0941838348012
0.0320008972633
0.0744329072576
0.102990419744
0.079264592398
0.0435254001367
0.0599258591349
0.026461561672
0.093011439142
0.0100334119356
-0.040607040434
0.0302106297259
-0.0133918739773
-0.0229673525129
0.0804238590537
0.131217043422
0.0734515867661
0.020676182739
0.0154609422833
0.0858466488164
-0.0221613251392
-0.0411027761982
0.0845405249551
0.0547831107569
0.0101004219302
0.00521583237954
0.0281742757875
-0.102043203317
0.0539180725998
0.0535613820302
-0.0211296117667
-0.0293299562125
0.132948425662
0.132062802519
0.119076777179
0.0749307920802
0.00874392949909
0.056718825262
-0.0150282839884
-0.0316128260309
-0.0284312173481
0.00834052667985
0.105265904301
0.101472012156
0.012778100071
-0.00864280596565
-0.0447966280498
-0.0430287666949
0.111864096594
0.11033349178
0.0713812989938
0.0791963756781
0.0537636822791
0.122388891199
0.0674749132996
0.0936614556461
0.0469208839884
0.0421097353792
0.0363476472848
0.0343117708728
0.110277467736
0.09037242901
0.0344563294513
0.00112677845988
0.0818842522185
0.0963217153226
0.106743384358
0.0970039419798
0.062093498593
0.0726038318463
0.118136280999
0.0102053778649
0.0931576428659
0.103202500703
0.0631105122581
0.0637041562996
0.0860220200745
0.104263845736
0.0328406899695
0.029090467468
0.094685489767
-0.023665592123
0.000942649800951
0.0327324322696
0.0306807392891
0.0491238235149
0.0516464742819
-0.0815978741279
0.0592870908172
0.0888383544077
0.0120663322883
0.0644443539624
0.0474771084342
0.0418826317136
-0.0634677490626
0.0127426588134
0.0749508402567
0.0383975167431
0.0932991393758
0.0356252073929
0.00194983551147
0.0830443157413
0.0395121140017
0.0839967966229
0.0851954833251
0.0415932695547
-0.0250138171716
0.0733678155383
0.129020614788
0.0800518581649
0.0476076136569
-0.0345008099803
-0.0258503601045
0.00987245719189
0.0163930454211
0.0547108578792
-0.0133369097469
-0.066552598835
0.0308450044697
0.0535218109303
0.0674008923678
-0.0452637109703
0.000478153523813
0.0186724588768
0.0743135863454
0.00892190409904
0.0806994851837
-0.00504330816439
-0.0383538977571
0.0501079318663
0.0636714110605
0.0292041882048
0.0596379176814
0.101977957042
0.0376557550831
0.0761529535656
-0.0617969565741
0.0117917540229
-0.0187765432719
-0.021617392588
-0.0524623824584
0.0896320872579
0.0479929812045
0.0135566946432
0.00263426229943
0.064058333376
0.133197928977
-0.0432682723802
0.0113281418727
0.0343209684126
0.021310049324
0.067748992031
0.0774073440536
0.0479741825114
0.0784260773323
-0.0341100972658
-0.00358228034323
0.0734316009202
0.0537073372411
-0.0472282773185
0.0853517198715
0.0940096021848
0.00159024464232
0.0604336219816
0.10655932639
-0.00832233858018
0.0670080123198
-0.03025281053
0.0770983125024
0.100245830368
0.0352502417699
-0.0160844310048
0.0607782590127
-0.0589497582628
0.0792461057238
0.0389337813855
0.0704189953157
0.0241883074896
-0.0148057449482
0.0582540050585
-0.016032584584
0.0127124328728
0.0358133431686
0.0905897665021
0.123532256077
0.0506194969332
0.0151863997152
0.0923758460358
0.12047018166
0.0192403347469
0.0697247342559
0.10443681735
0.0116786963393
0.0463585154428
-0.0684373101311
0.042441533237
0.0504125105264
0.10473260036
0.135026961083
-0.031046168223
-0.0228001550338
0.0955226212009
0.102177291211
-0.0169664764839
0.0648638060259
0.0268988538081
0.0700643833323
0.135587399361
-0.0527907225065
0.027462069053
-0.0318072040301
0.102371829905
0.108353913633
0.121774059638
0.0817859101106
-0.0160070072035
-0.0144982114116
-0.00228848908817
-0.0600449652692
0.0604773034992
0.114030744564
-0.0213514235386
0.0970759406223
0.0545260977672
0.0144733656112
0.104321386756
0.0498315884225
0.0452427414697
-0.118643892183
0.0896354119993
-0.0577534549168
0.0733040437324
0.0457194107018
0.0979395521904
-0.00481958488169
0.093911062728
0.0538373130096
0.0984208610541
0.0109970039645
0.0419031039781
-0.0773357613308
0.0975898188694
0.106003937647
0.0738284390628
0.0850867953552
0.100119278941
0.0492411870793
0.00733849087019
0.125322116679
0.047315995074
-0.029272347687
0.0313099195555
0.0999318048906
-0.00344424198671
0.000856762148583
0.043139414315
0.0583831918317
0.0492196994569
0.0173879681011
-0.0165627329844
-0.0111128119907
0.127548077364
-0.0390495537049
0.0535922584866
0.0976254598684
0.014432695889
-0.020620895373
0.0123986643484
0.0218622454018
0.012406279549
0.0094902110302
-0.0595011510302
0.102920234349
0.00535868814043
0.0892985587308
0.0251610596774
0.0254828447537
0.0893563489134
0.10297879119
0.0376063741167
0.100019737436
0.106358160254
-0.035917502009
0.0490719466238
0.00432647812466
-0.0652920908163
0.0367648162642
0.054472732623
0.0399921359779
0.0729513251367
-0.0276073421839
0.0517661356466
0.0921625575807
0.0974738981344
0.0151883744573
0.125586035532
-0.0985194122843
0.0985081789685
0.0181386374975
0.051881143638
0.0250944598549
0.0985873797516
-0.0339407562584
0.0314844270232
0.0809478870234
0.103758810252
0.0722059408984
0.0301085246366
0.0479147488505
-0.00360721072105
-0.0263743696778
-0.060710304204
0.0148181287624
0.045475746779
0.00937771272247
-0.0121095986232
-0.0188606284914
0.124257750792
-0.0199445183434
-0.0453856419927
0.0559790981203
-0.09579204941
-0.0400331570741
0.0417826522942
0.0178861213139
-0.0902204036081
0.0685054643036
0.0467160007687
-0.00722434520092
0.0198186486017
0.0114002789023
0.0660344838542
0.116113483222
0.0969959085576
0.124969323497
-0.00739653784491
0.0181880394647
0.0119435162456
0.0208246739373
0.113282039284
0.0761071162237
0.0852727091853
0.0753982069238
0.053833567393
0.0666242396143
0.0145250824319
0.099082103103
0.0477400109228
0.0865634741755
0.0707514109979
-0.00746785932674
0.0947452467086
0.0524166198273
0.10890268882
-0.0209244425884
-0.109261546817
0.115522230852
0.080033372118
-0.0264611146808
0.0972841225956
0.0982253668879
0.0672090772478
0.0636462521178
0.127125725245
0.112143883218
0.0962204579856
0.117397080771
0.0920108484791
0.0588521000528
0.0689225898893
0.0779103767801
0.127378553378
0.0622764592997
-0.00759875222212
0.089327737697
0.0191818223159
0.0558153236425
0.0352500237897
0.0585278122825
0.0204576763843
0.0562832389879
0.0472006176648
0.0430868479831
0.128113146739
0.0365111470466
-0.0027653280854
0.0101267140539
-0.0568817037581
0.0585640419948
0.0331028343975
0.0885411565328
-0.0904845683011
0.0118167071727
0.027142481971
-0.0383677050391
0.126381525429
0.0489555891921
0.0271273924327
0.070832068346
0.0239946274358
0.0807023196805
0.0618228783018
-0.0289253422672
-0.00614046892581
0.00943948876665
0.0113940276178
-0.105121630592
0.0840065789214
0.0694647206822
0.0660415375772
0.0099807398808
0.0137535486215
-0.0270427955264
0.0160494856635
0.000313757813679
0.0468185697978
0.0259480146882
0.0514797019674
0.0476774610082
0.0771810917113
0.0604486778966
0.0587172327479
0.101317998086
0.0857988213976
0.0836855538463
0.0229599848609
0.138993082503
-0.0151256646366
0.127314211849
0.0105540044017
0.123340781551
0.0691754539122
0.0640116692129
0.0800753219359
0.0112292546741
-0.0432695753518
-0.0043720336159
0.0337180525194
-0.0644853056612
0.0400335825747
0.0317247915628
0.073569715567
0.0760739907928
0.0462481766672
-0.0445352879154
0.0804915414504
-0.0216500149999
0.0145192438434
0.0657129959682
-0.00372724951148
0.110094903781
0.0402225338771
0.0477925582433
-0.0241168734255
0.110102292151
0.012454225343
0.121780514114
0.12013366936
0.0523882719291
0.0945815013464
0.0413419784659
-0.0212388370644
0.016811575878
0.0267481873316
-0.024277043491
0.082861134399
0.00760087128562
0.104068990341
0.0980512665388
0.0595190102815
-0.000524435435036
0.0287433075592
0.0797808862787
0.102092977021
0.0518000335875
-0.025756219091
0.0105038252762
0.133565637562
0.0348321086362
-0.0326994144354
0.0942083213017
0.0167812760897
0.0294635198544
0.117928974573
0.125987987378
0.107017069766
0.0605733583032
0.113273862626
-0.0584498904494
0.1163063923
0.0750783398944
0.101806248041
0.114176981607
-0.00155374559189
-0.00511836276156
0.0415072133785
-0.0593461018902
0.0356153617969
0.0547427407379
0.0424870294981
0.0316351671346
0.110958018124
0.0396004417948
0.0439126789166
0.0509312786822
0.136179265355
0.0800278305592
0.113167214284
0.0118992855399
0.129616567105
-0.0731439933815
0.01505176744
-0.00497923369383
0.0130163261723
0.0292416700019
0.0217539006806
0.0377882699884
0.0293235601757
-0.0100431371672
-0.0241094523695
0.0539396383513
0.0777449572569
0.0296098877616
0.0528095330336
0.0215287032959
0.0726980374926
0.0522044458733
0.0121187064742
0.0647114018715
0.117031208005
0.0178303040653
0.0700054756105
0.0680980004314
0.0551904881645
-0.00650261856439
0.116449795029
0.0420047744554
0.0302990345804
0.00331108886174
0.140128527002
0.073811768579
0.0112194006088
0.138161936889
-0.0459806231709
-0.0213255843404
0.107116640485
-0.0235218453114
-0.00217898162471
-0.00958812301036
0.0921206537376
-0.0904237667204
0.0917396927108
0.0306408741371
0.0168746179012
0.049112962654
-0.0455732098315
0.0817405711691
0.104189766663
-0.00513416692657
0.0765459829816
0.00272379306357
0.0116551220077
0.0583341227744
0.0158235742378
0.0109273774791
0.0826839330852
0.0713286874456
0.0752260381313
0.0206528104703
0.0257499015422
0.0563702554798
0.0934645507981
-0.0273891912694
0.069378529103
0.0530971933536
0.0890167439781
0.134511446433
0.0677371785405
0.0301991936406
0.0436237400806
0.0196192149252
0.0772016207183
0.0858631268045
-0.0681111384385
0.0819532252145
-0.00436635822572
0.100861744043
0.139371781367
0.065019495027
0.125042081886
-0.0701771615046
0.0223594832548
0.0516949094887
0.032007611527
0.0445349342757
0.0681924103491
0.0865640782015
0.0203960071017
0.0707601607648
-0.0206804262362
0.118277014526
0.0376032096116
0.108359511114
-0.0819637344529
0.0945938952687
0.130047763178
0.0791284709298
0.0370945453745
0.0260687135797
0.0972471509739
0.056527252544
-0.0144285316668
0.117845239083
0.00532302451783
-0.0505010924274
-0.00679982874243
0.13171076133
0.0741887496019
0.11032706748
0.112090692526
0.043328984199
0.00627698018351
0.0713008203041
-0.0209878537795
0.00384434760512
0.028840306192
0.0482323077342
0.00984653499945
-0.0227435121462
0.101767956131
-0.0338340626873
-0.000716711320898
-0.065047035078
-0.000282684074019
0.000482618291223
0.0399645490813
0.0496955505423
0.0917568729913
0.0653706326706
0.0430052939524
0.0811178457506
0.0331846531805
0.0631415680924
0.062351785197
0.0641310560591
0.0170606081736
0.109878582205
0.0162591840536
0.0380187937756
0.0203267949745
0.0592823542269
0.10409221062
0.00600460386997
-0.0511021577295
0.09364708167
0.127590979962
0.0729521781756
0.117672039781
-0.0619176993315
0.0785658477405
0.0710714928693
0.0577059766623
0.0393973609457
0.0934764806686
0.0947092633977
0.0860778993538
-0.0234859613385
0.0167742803679
0.0918090556427
-0.0116440892203
0.0879998982679
0.0487715141765
0.126461650643
0.0804072637992
0.107212082786
0.0168251291118
-0.00521598675393
-0.0331388932009
-0.0159404425614
0.1149151267
0.0666436391044
-0.0364131368702
0.0287504543969
0.0968439053071
0.121062211507
-0.0253130696326
0.0556874855794
0.0477297307891
-0.00357858752208
0.0254597525757
0.0518516030027
-0.0196888547567
0.0448213283931
0.0501210263644
-0.00315187060627
-0.104553080275
0.0681143649295
0.0492617772158
0.0113995637329
0.0850665837719
0.00756101435263
0.0256355426155
0.0482477277117
-0.0212923105566
0.100963678767
-0.00686821705732
0.0176779192649
0.128857656209
-0.0337784155381
0.0211614787551
-0.0347838545276
-0.0557195843795
0.108759497181
-0.0482760068449
0.0742107533181
0.103234531703
-0.0205843448088
-0.0978462179889
-0.0556986495751
0.0110596593011
0.0838181375754
0.0663729971027
0.0392219388707
0.0799057869835
0.0789591338356
0.0165202757242
0.0857108411638
0.016459168743
0.0463434896349
-0.00280140570182
0.0675540362459
-0.144410779943
-0.0343497132972
0.0737165538023
0.131086985311
-0.00475371189879
0.0757580717545
0.00317221919357
0.00605984328039
0.0626917391959
0.1067448058
0.121018489783
0.0580279377063
0.0359903194458
0.114494254299
-0.00797995196732
-0.0354173281785
-0.00621310906349
0.0335305863747
0.064304806658
0.0432961880067
0.0684394005101
0.117085203562
0.0291506513593
-0.000311744385483
-0.00262834604636
-0.00315071875961
0.0827174613266
0.0317399585119
0.0972448492254
0.102542187517
-0.0148693936304
0.0602578065606
0.105242386568
0.023150823399
0.05229530954
0.0417481249314
0.00659051048631
0.0332095051903
0.0120128430042
0.124479916211
0.0582619228249
0.0703168728201
0.109383156296
0.0409697720227
0.111087935258
-0.00183537890705
0.0589497536857
-0.00812439502463
0.107344505057
0.0663365512413
-0.0181306303654
0.0422779437201
0.0279512684954
0.0826288354722
0.0126872057173
0.118426770682
-0.0467350163257
0.128444008101
0.0706790699606
-0.0277312191136
0.0111925509005
0.0665486259212
0.0408320863943
0.100173533175
0.00192979081896
0.0620132425734
0.0846123714819
0.0498668009219
0.0147327712319
0.0184788014838
0.0683146602127
0.0752301556802
0.105159374644
0.0290123619179
0.07351526324
0.071567638407
-0.0291986302222
0.0908654651116
0.0291919866311
0.0157255537179
0.052643244848
0.0957618542564
0.0904129614092
0.0237834853836
0.0294228366
0.035802139598
-0.00377639234278
0.0504585441125
-0.0222446594692
0.0862670609866
0.0147940821697
0.076028487643
0.0577899834696
0.0414123052231
0.0542539588055
0.12670975397
0.0552001225301
0.0261211292463
0.00248076332579
0.0399369711542
0.0251309716907
0.0425422645122
0.0368474544225
0.0471453338713
0.0710941811996
0.125395911216
0.0325365457292
0.000379678797405
-0.0735404719574
0.0376555962076
0.111987840037
0.102590693229
0.0460893798545
0.0714801422722
0.00956440840972
0.0292417732488
0.0869600126301
0.12195899941
0.0615530914758
0.114671211782
-0.010126002388
0.0387462365519
0.00357856190157
0.0968604766632
0.102770303773
-0.0837551645358
0.0642839970734
0.020182928325
0.122343745517
0.123876091746
0.0399063962778
0.0642378387348
0.111090225876
0.0894070249924
0.135231041683
0.101699938074
0.0772546251719
0.00859660505527
-0.0106817624808
-0.00373523941099
0.0895905356928
0.130576242223
0.0633301520531
0.105233809986
0.0769361271106
0.090307133457
0.111234576185
0.0420892176053
0.00661407346051
0.0915770571819
0.0546444459408
0.0679997184949
-0.154618335306
0.0594910792439
-0.0254722428443
0.0970696298145
0.076753846101
0.038867633309
-0.0641718481582
0.0476233427045
-0.0182734059446
0.0951550734232
0.100454128217
-0.0107555858692
0.0905651410397
0.0108700321287
-0.0168725473728
0.0981363182769
0.0828979308581
0.119346827504
0.0530322086327
0.0248191083705
0.0483241072786
0.063231730152
0.119221613665
0.0658409987494
-0.0223374322393
0.120332702403
0.0763259958379
0.0217218856208
-0.0292130511062
0.0843422144661
0.0451606692454
0.0448692552563
0.0487096759969
0.0563238314123
0.00884073052342
0.0456739140649
0.0813399121733
0.110642741518
0.0487283064131
-0.0329848631147
0.0332477669165
-0.074163489764
0.00318799377548
0.0826513680182
0.0767993491293
0.108445674786
0.10880022058
0.0346578211331
0.0326929874112
0.0934292129123
0.0574622553669
-0.0750095287188
0.0946634724706
-0.0344155919481
0.0906974411525
2.23822643175e-05
0.0593175288312
-0.0627586851341
-0.0327698979134
-0.0354001432203
0.0687529898046
-0.0192084227123
0.0547696152632
-0.0144662243266
0.0570227911171
0.048116271127
-0.0232281992956
0.0688454632459
0.118223747423
0.0236586344326
-0.0320899801348
0.0153489614465
0.0622085260636
-0.000624175387435
0.0868115023943
0.053044644308
0.0587905982507
-0.0104048881308
0.065100100764
0.112152923277
0.0629457119817
0.0713725407392
0.114891838873
-0.061475514095
0.010431172881
0.036235603429
0.0155432026173
-0.00463317575408
0.0708329673918
0.084874147038
0.0655098751452
0.112102277755
-0.0567352489859
0.00791168195946
0.100773654939
0.0600853287221
-0.0162306900302
0.133370663448
0.0808387570665
0.0494264171627
0.0910907697808
0.0817515224102
0.0842403657478
0.0828925100691
-0.0378058141429
0.0277393501275
0.0246128631963
0.0720919881315
0.0397154881026
-0.0826824629934
0.0600167797333
0.106436325937
-0.0229727260859
-0.139253928328
-0.026263842875
0.044309872376
0.0629631379421
0.0303784134003
0.0852977754441
0.0491958861529
0.0251855104609
0.101729052566
0.132626079586
0.102203050837
0.120322047784
0.117952319099
0.127431028723
0.0636029838702
0.111208601775
0.0883877643785
0.0670053926233
0.0740515293161
0.000748460229081
0.05453303645
0.0603342149972
0.0419913056948
0.117295375872
0.00793717628696
-0.00590986490304
-0.055182103771
0.0786008925493
0.039359001496
0.0469791951988
0.119653115776
-0.0274762772314
0.0707309970772
0.0521066614656
0.0888957880427
0.0761808439994
-0.00636344205242
0.077132607674
0.0815034709661
0.0929581946047
0.0268141718629
0.0290547166445
0.0548356723083
0.032580953638
0.126444105069
0.0679714455118
0.00895426283281
0.0236754073491
0.0466316827693
0.0289258470406
0.0783261648458
-0.00978007447834
0.0229342003196
0.0432947365113
0.0551474816829
0.126415810853
0.0314304223904
0.0303977489493
0.0960354641613
0.0418660003026
0.0239104954498
0.09480426435
0.053547953619
0.0457815543577
0.0985213158429
0.0514896811495
0.0696015619493
-0.0120626319765
0.0836677385365
0.0357597125415
-0.0267732607415
0.11259359789
0.0426005337476
0.0780544423969
0.0378755723187
0.0397948073599
-0.00865933194335
0.0192436639
0.05824870454
0.0606762745825
-0.048140863898
0.0775553708821
-0.0566276701664
0.0676303633334
0.0212298736375
0.0632150329606
0.0562434727496
-0.00219147669294
0.033418437223
0.0573209741629
-0.029538680799
0.0407232157125
0.0582524978712
0.0448934252325
0.104324725394
0.0361285257177
-0.0122137259821
0.0719524347261
0.0413136003783
0.0100510393189
0.0883955848676
-0.00502029092446
-0.000688105077989
0.0702411842802
0.0910059720784
0.0992530697593
-0.00989909384888
0.101702789121
0.0859112011089
0.121664829769
-0.0512655247288
0.0240535647815
0.0379939546854
0.0313187971083
0.0521536599862
0.0735867201712
0.0844596453685
0.0309760586916
0.008745635626
0.0856080060666
0.00638840854283
0.0773822873031
0.0510476418568
0.0843334789013
0.09549313686
-0.0629396710933
0.0959115364404
0.083867512301
0.0602716686484
0.0494534359092
0.0742779459877
0.0147667312013
0.0427850466207
0.0578522400165
0.112682455938
0.0949232991407
0.0147245022446
-0.00446361108682
0.103042013308
0.0490367874799
0.0397774789801
0.088753374362
-0.038351639316
0.0567757308086
0.0557934450337
0.0363590820524
-0.0352183859864
-0.00882892391042
0.0228072916117
0.0674230518403
-0.0385337148462
0.0910859081313
0.0319076075575
0.119235299578
0.0453748819282
-0.0859483729684
-0.0482474798103
-0.0417027677123
0.0892723701431
0.117338540007
0.0207782774341
0.0605397741158
0.0800925760629
0.0959079878233
0.042885717025
0.079258267194
0.0866939409835
0.121848976564
0.0594939085122
0.017873724021
-0.00912280316704
0.12757569524
0.00890442598851
0.0653920737457
0.0655275847271
0.0759296089977
-0.0498650029994
0.0812727739091
0.100530684089
-0.0484971226518
-0.0432756544895
0.104579316127
0.138157467117
0.054891439113
0.0876019474131
-0.0591601408574
1.48675496146e-05
0.0358744548275
0.0640415544867
-0.0389294965385
-0.0101048803092
-0.0282097618995
0.0501252843232
0.0988138397571
-0.00797916216504
-0.103254169807
0.102836719282
0.0627251188827
0.0475573172836
0.0924434614166
0.0761992600824
0.0730072526306
-0.0149735402542
0.0159232433716
0.0103880671029
0.0432849533732
-0.0239939964062
0.060441695738
0.0509397991517
0.0548674155389
-0.0535164571395
0.0700408605263
0.0934459796274
0.0729358215618
-0.0440308958394
0.10526190659
0.112183034161
0.0464546387869
0.120396521834
-0.020863988812
0.0231060433671
-0.00297293758693
0.065757115024
-0.00341613584179
-0.0113204034913
0.112032612072
0.02341625848
0.0631591905971
0.137410523788
0.0733704363661
0.078237221709
0.0410018499759
0.0587997269201
0.135257739733
0.0271675658169
0.0119993374317
0.0108314600745
0.0586597138537
0.0260440019366
0.00522479300715
0.000205473516043
0.0581003908115
0.09279594304
0.0837698666903
-0.00778459671789
0.0449143669282
0.0861727187004
0.035523045328
0.0216826634725
0.0702622565686
0.0941835956074
0.0839437328859
-0.0168533352237
0.0482505210937
0.0501528151427
-0.00730697781186
-0.00891694181772
0.105262626157
0.00289263712952
0.116030153808
0.0185563519342
0.072798861287
0.126629646092
0.0141796604315
0.0880770521279
0.0569306469328
0.0676545013282
0.0111332236227
0.00778872897514
-0.0126892949207
0.0471985676839
0.0505197449832
0.0219656404926
0.0170152137373
0.0740188176502
0.0168001794784
-0.0813918579531
0.10948018322
0.0892734585576
0.0838055278094
0.0610300986644
0.0861006749506
0.0563015102291
0.0744915200512
0.0431120305794
-0.0428589456826
0.0131219711982
0.0293467469188
0.00962242330186
-0.0177261244527
0.0667416075931
0.131660621139
0.0134814772115
-0.0102958132874
0.0432220834663
-0.0618075599282
-0.0263668325118
-0.0782007555111
0.047215638863
0.124181134956
-0.104953270286
-0.0581070899353
0.0951821155622
0.10482306133
0.058193533877
-0.0651211100632
0.0580143487044
0.0147622156019
0.0790572444817
-0.0356931147949
-0.00666431879508
0.0463725938309
-0.0236378324094
0.0836658664948
0.0597325487785
0.018650730068
0.00048562690133
0.0207568211672
0.0991051348033
0.110830769305
-0.0311150381139
-0.0665368073867
0.121275737382
-0.00448654775906
0.0859942735289
0.0489355573798
0.0976363896023
0.0650862052224
0.0442252827638
0.111657267181
0.0666866302585
0.108853834745
0.0840237331507
0.076668774064
-0.0611146269277
0.0555015764684
0.0138420146783
0.00231870659705
-0.041218590899
0.0388112147883
0.0831115126613
0.0208452025326
0.0149206346465
0.00829718997067
0.0770847209435
0.0354116953452
0.0210485452735
0.0436639230578
0.0611180057475
-0.00303401515289
-0.0179378446411
0.0721137801589
0.0437437757404
0.114123064762
-0.0371510785275
-0.0217983688135
0.00351384513317
0.077121534202
0.0824657689972
0.046372935223
0.0262636233379
0.107037073183
-0.0633828778679
0.0510695396178
0.0724202547695
0.11618392346
0.0121859392879
0.139154471094
0.10581721436
-0.0486888649625
-0.0384210242448
0.0965191471522
0.103968984286
0.0684466869218
0.0323136181725
0.0200533265328
0.0832104593326
0.0506412556326
0.0880189916498
0.0138154540492
0.0698821350347
0.0640626035644
0.133863707854
-0.0214418001816
-0.00178264044734
-0.0505420067736
-0.0342509264726
0.0470026636114
0.0400611612981
-0.0408080057917
0.0966230572129
-0.0193727269297
0.0285944604454
0.127647263788
0.0730092871063
0.00444376007784
0.000449138878775
0.0563295351307
0.0677990467027
0.125961780877
-0.0304219851554
0.0625030508201
0.013676249564
0.0689827336895
0.11905122605
0.116779021682
0.0181966854522
0.00757553969016
-0.0104541617265
-0.0898687010273
0.125582335962
0.0805693234304
0.0940141954028
0.0459332120243
-0.0555406032576
0.0687410175099
-0.0326096615604
-0.0129488929132
0.0397370035636
0.0330635175333
0.0740742617696
0.0528119304513
-0.237419481057
0.0172302018217
0.02622547203
0.0923498295469
0.0611471540829
-0.130118625388
0.0512919962681
0.0711317977257
0.0840395166287
0.104350048982
0.0753985324274
0.079521123826
0.0294800338115
-0.0816227832578
0.00353136635628
0.0630037835493
0.120056782502
0.079971136562
0.0539438104609
-0.00922282733518
0.100848099916
-0.041139655156
0.0719931431534
0.0763528500785
0.118201435268
0.0470045315205
0.0746728424645
0.0308304063523
0.0323321828356
0.0888822153328
-0.011585850592
0.0733116743294
0.0379906516511
-0.0587925944288
0.0623137044967
-0.0881179609827
0.0504547768034
0.0967413797576
0.0128761559092
0.0305179613091
-0.0461468302879
0.0859249575584
0.03052755279
-0.0573751962444
-0.0580982487849
0.0288585070937
0.114887199376
0.00415764935845
-0.00450531990974
0.0459658548026
0.130224105276
0.129753066806
0.068919497563
0.0718936044382
-0.048371057627
0.044983964619
0.122346530753
0.140309228591
0.071554051807
0.0360395978774
0.0500961249629
0.109286986288
0.100360604715
0.0489740607936
0.127064287657
-0.0256676063129
0.0435867269982
0.0812986860894
0.102630099789
-0.0290704739934
-0.0314096033794
0.011541746096
0.0547903334643
0.0248747864128
0.0252950495648
0.0326275909544
0.0531099618317
0.0466418515137
0.011751813953
0.0094738571983
0.0490209726672
-0.0496627696054
0.0922920165126
0.0309266691469
-0.0121948724892
-0.00290461500195
0.0687437143677
0.0904795428211
0.0178731635322
0.078201958285
-0.0563238102852
-0.0223357603257
0.118428512381
0.0926781139803
-0.024596203218
0.0278436325056
0.127722726311
0.121662975531
0.080867124517
0.0121202492858
-0.0363771288224
0.0616931558471
0.085631995664
0.105877503763
0.0912723509875
0.134874351375
-0.0847019145703
0.0698561293637
0.0679214555712
0.037067731586
0.0739870045413
0.0512980920273
-0.0244096619592
0.0128777684594
0.0347700652843
0.0314835543194
-0.0142598924044
0.0864863212575
0.0170978074436
0.112235216775
-0.00875598978569
-0.0117108491399
0.0439949897531
0.0148705486943
-0.0271382356455
0.0302394275044
0.113034762075
0.024318461649
0.071826602446
0.101783266157
0.0583846262645
0.0502878637821
0.086141474201
-0.00405224507615
0.0698360886671
0.0974052060721
0.0258470667823
0.0346227054472
0.0935150596459
0.0048466247072
0.0696229739007
0.0138852380543
0.00168834612901
0.0395559418762
0.0841195404878
0.0515642315981
0.102354276447
-0.115741783441
0.0993077661286
-0.00911406612018
0.0272177682616
0.0776590022682
0.106014570765
-0.0234146323171
-0.0140136880125
0.104553758386
0.0936373959881
0.0862252962446
0.0314695170466
0.0876618041323
0.0767418450085
-0.00758620309652
0.0942286213658
0.0874433143023
0.107701062439
0.00463585917411
-0.0153131700959
0.0713722005587
0.102504793205
-0.0113095207682
0.0307354849843
0.0256761419318
0.0812705981132
-0.0141312826047
0.13445667036
-0.0140288274164
0.104916114975
0.0325266769061
0.0102417043236
0.100314809975
-0.0246952378679
0.0928326167842
0.0931569765576
-0.0503442855192
-0.0328456184559
0.0189826391401
0.00611916418194
0.0777507045848
0.0938980853316
0.0356161622337
0.0830837188104
0.120161516246
-0.0510280495226
0.101621041282
-0.131895919659
0.125013487877
0.0846472376292
-0.0252258132089
0.0893680573495
0.00529072179257
0.0863002768601
0.0379030162304
0.0206489791882
0.0628516206571
0.14247922719
0.0487693974878
0.0865215533187
0.0933180234985
0.0923559741063
0.137990034556
-0.00870090973458
0.0630738855386
-0.0511372821211
0.0170639539753
0.00282140262682
0.0887636727115
-0.0466265265005
-0.091411367906
0.00941853300483
0.124495839198
-0.00614002903225
-0.033281081178
0.0955151112172
0.0326704660252
0.00276477768691
0.130441822392
0.114930998038
-0.0386733299571
0.0822604544054
-0.0407552135158
0.0960174660335
0.0455494463747
0.0179096019009
-0.00737889874818
0.0523148195118
0.0235822314103
0.0356834145557
0.0572134879767
0.113109988896
0.0717966737713
0.0871347051071
-0.0517422436793
0.05749893262
-0.0323409601326
0.142392581249
-0.0360994288333
0.0519681225041
0.039050287958
0.00340657950606
0.061461375005
0.0689985341447
-0.0268705288221
0.0979693859736
0.0964879552124
0.066183395481
-0.0116354743484
0.024380865686
0.0561603880693
0.0990493821885
0.07799503876
0.029087641178
0.0092017255589
0.0406794248217
-0.0438260331154
0.0537690018537
0.0553338398368
0.0461341071407
-0.0345954048066
0.0646032546255
0.129375953935
0.131362066183
0.0853869973202
-0.0401335422774
0.0136276379665
0.049156519877
0.10107158209
-0.0224339068511
0.043572998495
0.0844088696956
0.107984787569
0.111058763879
0.0746932854899
0.0556558271856
0.0162755602903
0.092385912656
0.0601655880526
0.0370161996524
0.0535655793945
-0.133638677465
0.0904364965938
0.0768436559656
-0.0567188595815
0.0788683008461
0.041815311841
0.0933764456193
0.0524747574763
0.0664602509276
0.020061788125
0.0527487512502
0.131733416175
0.0811797192673
0.0432581373434
0.0800872783539
0.0443502661138
-0.0376167032153
0.0392000357331
0.104125200461
0.0446209123612
0.098271429652
-0.0403278755945
0.0700825315997
0.0538055434885
0.112230023531
-0.0206459752844
0.102766422191
0.0166648861331
0.125278920419
0.00482911911514
0.0268483856765
0.0526901651888
0.0685588536865
0.0276919106334
0.0463252205332
-0.0830147509461
-0.0170064330458
0.131410733361
-0.0396756093891
0.0500851639457
-0.0354686567118
0.127236488312
0.0251531740008
0.0583226111949
0.110510944762
0.0497684293664
0.0828807151229
0.115921720983
0.0324653514356
0.0744535965778
0.0533542628617
0.0215789391037
0.012262121751
-0.00764463048458
0.0921393034694
0.0714828638551
0.0345431717535
0.127232387188
0.0593412371712
0.0443609346441
0.0409940779182
0.0442170475079
0.0551328103747
0.0217420837585
0.146890472749
0.00257862050169
0.0245468959935
-0.0330523456975
0.111112268967
0.0134431350878
0.069728729284
0.100455913948
0.0923869333989
0.0292690653228
-0.0255213442212
-0.0539918940124
-0.0407017226663
0.0712821095573
-0.018706177126
0.057857340574
0.0588391958068
0.0909186073034
0.127055656876
0.102006166506
0.00933046607175
-0.000998505765018
-0.130983516196
0.0800122262582
0.12955278819
0.033677981916
0.110440748252
0.0782551478709
0.0619410673896
0.001901475509
0.140180304607
0.101714861215
-0.0239516754584
0.0395992639937
0.0548028561132
0.0824442302837
-0.00210417826739
0.0273749809465
0.0666306394265
-0.0117524080365
0.02193200043
0.0570492816829
0.0489666576848
0.0802695971098
0.0869432391636
0.103161331669
0.0666641962499
0.104618437369
0.0646997741263
0.0466107892304
0.0494583219049
0.0790257713121
0.0837191068741
0.0283313474816
0.0572365407196
0.0826820591099
-0.0643771699544
0.0569409417546
0.0605424810429
0.0475568451775
0.0424988950894
0.0206883882588
0.0539243204971
0.126923627752
0.0255635000365
0.00142553160299
0.025577838971
-0.0161946524119
0.0385303928753
0.0221829104442
0.0830620344331
0.0895138808729
0.0819972179372
0.141880031457
0.0476851651852
0.0385452394954
0.0484214235713
0.106802726603
0.0827779822634
0.0395440123636
0.112425358842
0.0182463823759
0.00714753835761
-0.000394420900031
-0.0288308123162
0.0292768788698
-0.00207416644509
0.0122927633302
0.0241764082089
-0.0401175317734
-0.0441850762749
0.0800804210417
0.113574850456
0.121067749801
0.0620084884254
0.0097780891898
0.0263247571759
0.0154774252628
0.0117291453324
0.0701354757928
0.0275016769093
-0.0210221527406
0.0364871719833
0.115256888385
0.0623028953913
0.103636389834
0.06932245365
0.0935887114559
-0.0469428520225
-0.0777776791451
0.025089586631
0.0213963610503
0.0122964238314
0.0154726292069
0.0680107220364
-0.0180438485689
0.103447463981
0.0122412794911
0.122218581849
0.12184729895
0.108768354613
0.0571827860507
0.125469659243
0.0361181922752
0.0748898063818
0.074120173402
-0.0123198141479
0.0551582480718
-0.0216080343675
0.0401223820293
0.0966608485435
0.0580553623012
-0.0204756874602
0.0784928114768
0.078864346898
0.0825383261493
0.0188446393923
0.0403061989475
0.0943021953504
-0.0672069180963
0.00547934186646
0.041440622999
0.0166868004271
0.0447673364934
0.111927156207
0.0273183608236
0.0728655600147
0.116921314157
0.0242265097445
0.0753670503177
0.00083033623708
-0.0643210880534
-0.0377983547939
0.123115527787
0.0801122271944
0.00368906111838
0.0288272400705
0.0833091720477
0.0113903463768
0.0719849833664
0.0242809844162
0.0764652128681
0.0272793335406
0.0202193117293
0.0193219341104
0.0284912489377
0.0742922595332
0.101415947051
0.0158760529966
0.0972036274448
0.0170153872692
0.0533600353365
0.0461657582128
0.130814142521
0.0151659155131
0.0110129164638
-0.00520003745993
0.0460239209968
0.113619835144
-0.0350249602642
0.0864560277279
0.0530299433496
0.0910751128754
-0.0579663038468
-0.123102793407
-0.00299271850701
0.000670418029934
0.0822484389768
0.118724852153
0.0165851522937
-0.0388961436196
0.0907861445845
0.0992966012353
-0.0231310284305
0.00826608747019
0.0611894111376
0.103276452789
0.0777166452517
0.074420751522
-0.0464994556938
0.0468335255221
0.0695397042155
0.0834476156344
0.0628622727732
-0.0384543578772
0.0939239338335
0.0182693687644
0.0419988304429
0.0106068236452
-0.00979558452421
-0.015350399653
0.0767487887665
0.0665166345391
0.0209183401496
-0.0857200175705
0.0760854887452
0.0320339763002
0.0361539884114
0.0756743072285
0.0122072598295
-0.0287698415496
0.0594291885124
0.0626368863747
0.0887883322247
-0.0180289519507
0.063567675293
0.0507588787617
0.00680343987489
0.117198245428
-0.0559776265654
0.0622213759298
-0.0077712817589
0.0674248096659
0.0323595700981
0.038911526733
0.116732629118
0.0382789173329
0.0547159168116
-0.0613063820949
-0.0835802541189
-0.0593357692808
0.135346223527
-0.0361015664393
-0.00123904063026
0.11536473695
0.0478367512133
0.0573426019875
0.115067856991
0.0451545078996
0.0967572078232
0.0721684332319
0.0443060776853
0.047969579914
0.0792642169847
0.0164218233671
0.00616108719269
-0.00321212887584
-0.0180678907835
0.0893192799897
0.0277778050912
0.0255038523902
0.0151154342032
0.0514390818412
0.0861164688215
0.0783318335548
0.102791388134
0.00245276914336
0.0144978082902
0.116954715856
0.0912365949689
0.0282892905155
0.00479718937788
0.0601131748785
-0.0167663955683
-0.00240183601062
-0.0480042097753
0.0301532568691
0.00661310598925
0.119739031389
-0.0102715578891
0.0558279135257
0.0717090855333
0.0932726241037
0.00135763321414
0.0694298723449
0.0388656044316
-0.0161617774339
0.0384288699176
0.0679321128357
0.022294599013
0.0344274795288
0.0451399288227
0.0611469568109
0.0691211786478
0.0139258364959
0.0183502744103
0.102385227962
0.0817563359242
-0.0457498614126
0.0201526165721
0.0861579175938
-0.00110685153745
0.0508157660569
-0.0669880046364
-0.00300810455977
0.0159718207529
0.0968963201627
0.019489720947
-0.0352781510309
0.0584279874936
0.0193305367479
0.0897457019747
0.0646364046343
0.0159317378968
0.0938779083825
0.0387216147835
0.0771495639332
0.0617948689179
0.0456928100312
0.0206592988679
0.0642855404283
0.0742967077402
0.0458289286217
0.0383131046159
0.0833852711451
0.0988423219033
0.0729056435979
0.119383876778
0.0758006849597
-0.0851163437076
7.95775259554e-06
0.106981935732
0.082447507379
0.0414221440872
0.143222212152
0.00192226535366
-0.0935591139966
0.0707025750393
0.101739194302
-0.028899621961
0.0273243649576
0.102965498876
0.119531650157
0.0668548512709
0.0953228562013
0.0935756266945
0.074481880619
0.110712503504
0.0489649718234
0.0627999911499
0.0453087223566
0.093786860229
0.109328334151
0.072557700755
0.0744754865957
-0.0746704792129
0.0303704372606
0.0318882975104
-0.0260214219611
0.0555389087495
-0.0648560878419
0.0112774645481
0.0759330771926
0.0316296817505
0.0826186047603
0.0113346459711
0.0477854954295
0.0248273366185
0.128620987751
0.115276667764
0.127450152374
-0.0243565339398
0.0501039733811
0.0496637595962
0.0978364354153
0.00988376691138
0.0266985708771
0.0229887204075
0.126638229256
0.0490161929364
0.0614048815407
0.083786740885
0.0773723739109
0.0844915191639
0.0550792837878
0.0309617527381
-0.0740780070499
0.0787077157995
0.078000032323
0.0779621893389
0.112042085947
-0.0454286122799
-0.0283681948897
0.114501297884
0.0186236540616
0.115667698663
0.0511033396239
0.131356216414
0.0255803560555
0.0269639025827
0.0870036805644
0.135887648697
-0.0147944095388
0.0346002297713
0.102516431519
0.092149389711
0.00450783416427
0.0956471463046
0.0269537713806
-0.00578326588235
0.0884356147505
0.0978013662377
-0.00176790373182
0.0411656756768
0.00549167960436
-0.00740131635848
0.0539034845778
-0.063645919894
0.0980313522841
-0.126439307608
0.094664018079
0.0617981738219
0.123230823548
-0.00492931980804
-0.0153711750073
0.130549646185
-0.0168521460298
0.0859400426283
0.0981866081033
0.0569148607282
0.0644648658428
0.0126093548953
0.0621195344981
0.0681899284454
0.0179944418348
0.0235047933685
0.0356168224409
0.0822171610318
0.00633201754569
0.0802045567748
0.0812863373214
0.0615307329951
0.0477143619052
0.0023663080013
0.0519868819543
0.0223866370113
-0.0191573881663
0.0704389935053
-0.0131134046979
0.087624457878
0.0508239557662
0.115318732163
0.0521056295337
-0.0136400063513
0.00178976967136
0.0155979146648
0.0897013055701
-0.00265382918704
0.0913952175605
-0.0105587279291
-0.0755420952522
0.034870769803
0.0535240372027
0.0462964811901
0.0977865439563
0.0758367927332
0.0276617590496
0.055691679467
0.0103659422509
0.00348343761805
0.035754663532
0.0218773510455
0.0423757506031
0.0332742714457
-0.00493314254605
-0.00688479235528
0.0464259151769
0.0571632358943
0.103045760845
0.11658877464
-0.0276655065383
0.0940342857248
-0.00445442420811
-0.0113453108689
0.0558075131956
0.0587940235029
0.132345851693
0.0647276754521
0.0757468921642
0.0297600969359
0.0914236905195
0.0514533314282
-0.0632908336333
0.126856346193
0.0967367214059
-0.0231281147884
-0.0338156246757
0.0847933733925
0.0424516873214
0.0614461140452
0.0834698150783
0.0438740931281
0.0397002749128
0.039936761252
0.0212496041707
0.0154420012963
0.119477428355
0.0561752118107
0.0100852611971
-0.0203514481042
0.0303798952942
0.0238212540723
-0.0182122506117
-0.00714578395456
0.0246483652195
-0.00540490078719
0.0571678916091
0.0277435746229
0.0530122572424
0.0738863496454
0.00482237430159
0.00171332153368
-0.0632735501672
0.0281305066548
0.13990739999
0.043257682443
0.0825620772695
0.0272768471938
0.106070461421
0.0190065768455
0.0728822529879
-0.014493188396
0.0813103690128
0.0624140358135
0.0571996286816
0.0244717081611
0.0428816619907
0.128738053869
0.0534990205727
0.120152973446
0.0913971943666
0.0364035472882
-0.00789239422474
0.0497900993885
0.0417522859421
0.0918985418106
0.138237009185
0.0482669359233
0.061567952716
0.0614715281035
0.0747278190906
-0.00575651488457
0.0287870962394
0.0475069553126
0.0292144197491
0.0250497902363
0.112234147764
0.0383989429348
-0.0110779467936
0.10098648961
0.00337874033183
0.0240472179108
0.0887990303652
0.0130298059512
0.0562343346027
0.0321252645156
0.0870409694326
0.0415601800315
0.0670773446403
0.0988241159071
0.0541875705775
0.108477804023
0.0197478249649
0.00418479754801
-0.0398353636964
0.021154576227
0.0710901015124
0.00717076393268
0.0689611702439
-0.00575550512215
0.10240697634
-0.0746216927001
0.10184135652
0.0751447092048
-0.0331437822545
0.0912408095518
0.0412338215726
0.0629792992809
0.0390580251017
0.00701103505192
0.0511837317381
-0.0102545505985
0.0492012767382
0.0563507723776
0.0341650048763
0.0983249648362
0.0427922604184
0.0861759272183
0.0700242611398
0.0778216107808
0.00687980005285
0.048112489346
0.0705496418832
0.133837002175
0.119295932461
-0.0119728704284
0.0193192701716
0.0652884248289
0.143888943509
-0.0470165930392
0.0893907273948
0.11455056638
-0.0303511698248
0.0542746441652
0.0281582397125
0.0115119893369
0.0142238353393
0.0618653179608
-0.0159649322117
-0.0185518779586
0.0845214613108
0.0948191609477
-0.00247478656659
-0.01381853672
0.0639457002933
0.101558534584
-0.143507313
0.0484937089466
0.0529645161962
0.0427921763693
0.0485252744472
-0.00752694685286
0.0537445072149
0.080947362084
0.0906393839623
0.0870725901704
0.0123512326395
0.0220307987336
0.0867493733538
0.085499466091
0.0628531450096
0.0190824427083
0.0770344449552
0.0439096211015
0.0998398901934
0.130384417466
0.104738040375
0.125444872999
0.0606827637233
0.055322585518
0.0712980904283
0.0627582987096
-0.0905376099281
0.0845736065311
0.0380022508598
-0.111983098961
0.00350170614098
0.126395446879
0.0458710125604
0.0591962814226
0.0308911219398
0.0233138954477
0.126077957602
0.120438898034
0.0609779724377
0.0800692630683
0.0944994169185
-0.0881439678718
0.0876969144754
-0.0494979849315
0.0909384099226
0.0381838302567
-0.0415260909792
-0.0454208126446
0.0972365139165
0.0415414442394
0.0693946892581
0.0576388877365
0.114471739963
0.0658248083038
-0.0124090316537
0.0145057123216
0.0838457235211
-0.0445993587041
0.106927364438
0.0231155553977
0.0981894471716
0.138617086052
0.130095192007
0.135102476334
0.0613806220176
-0.0216452820276
0.0644149867265
0.0757781595183
0.0487498257132
-0.0743665765768
0.0807114934113
0.036666882385
0.0513538587667
0.0545623706162
0.0577084001049
0.0900597211326
-0.0174285794128
0.0966824646474
0.0861063888366
0.00370316555374
0.105403173067
0.0860708464239
0.0381881274532
0.118422805181
-0.120240379869
0.00345305403705
0.0410644958514
-0.0470803340621
0.0460656670532
-0.0872992134589
0.0651027342874
0.0235781405785
0.0044203622561
0.118943697362
0.128987302573
0.0236374141262
0.0597884948297
0.0972967511267
0.0411896508589
0.00861870172638
0.00781789405335
0.0690789425326
-0.0578012213033
0.0182199437819
0.116347796708
0.113385637999
0.114852099701
0.0134420411984
0.0220099667558
-0.0679478983567
-0.0300450691362
-0.0509107921956
0.108178539432
-0.0104587134638
0.02959881541
0.0859466884371
0.0596806363394
0.0900595741839
0.11824486026
0.0563150904233
-0.000545445374152
0.0361424537127
0.0500792281483
0.077996175588
0.084447562817
0.0978843084872
0.0896621326565
0.0749324187684
0.0197697119567
0.0350039963467
0.0505571892693
-0.00906611143714
0.0417318530787
0.0397091411051
-0.0430350098009
0.0233417159512
0.0564369470606
-0.0120101356666
0.128068045033
0.0398556341266
-0.000437850761639
0.0891052085645
0.053419384365
0.0368975213733
0.0733428327122
-0.00316343060374
0.0189000909465
0.0606697691553
0.103517121467
0.000872784593366
0.0633643418476
0.111662763918
0.0798434873013
0.0188847226
0.0842835489038
-0.00679619605842
0.0222980322911
0.0479827564145
0.0640070479478
-0.0267548738407
0.0318429750511
-0.142094859985
0.0359334515591
0.0328500533896
-0.0101086455422
0.0188285782304
0.0505219519693
0.113690311854
0.019261142187
-0.00655490879942
0.0090901133662
0.0496689494705
-0.0714060696847
0.085526084534
0.0624226610858
0.0837373638069
-0.0167773547396
0.0531111640294
0.0435530482474
-0.0370225386984
0.0482977757705
0.0191630101157
0.11504551161
0.0464776477291
0.0110304405969
0.120295383152
-0.0339907566784
0.0240488596856
0.0299742308285
0.0908996192278
0.0923930016888
-0.0159959837186
0.0385260976244
-0.0369118287384
0.0310992680994
0.0471811844253
0.112818442211
0.095981605765
0.121451023208
0.018472017717
0.055524996193
0.0265127866831
0.0091701188084
0.0190911526567
0.0680017685951
-0.0877378123837
0.117092869879
0.0196437541904
0.106431336756
0.0321191406532
0.0749734624117
0.0991750042701
0.0374710710887
0.049995475152
0.0288005187809
0.0222240289386
0.0724115426151
0.0199936901188
0.0498396452762
0.0612631093318
0.107001351409
0.108195971996
0.0677841186051
0.11577857018
0.12546072725
0.0623290511232
0.0900239506481
0.00646961997959
0.0100234414489
0.0432969448323
-0.00278538453421
0.0660800467617
0.0622668252915
0.0989826011103
-0.0766986695654
0.0317801540299
0.0106068890155
0.00244741568561
-0.00292781189376
0.0723417552413
0.0605681070431
0.0173147356735
-0.0916831491021
0.00760057042982
0.0341463062938
0.0478461524226
-0.00496329769281
0.129007595767
0.0446055387627
0.0887575847874
0.0382718956043
0.017898838428
0.0516182509415
0.00821780425587
0.116093153397
0.0751947378471
-0.0549423005564
0.0447823618588
0.0907538764176
-0.072264518782
0.0441434313857
-0.00797189453142
0.128733437085
0.00503756814037
0.060033281347
0.0576559019803
0.0947971773329
0.090392129953
0.0982632685833
0.0850136697614
0.0465389931063
0.134235568936
0.0307186188429
0.12831381631
0.00771122358436
0.0403193404171
0.0670867872946
-0.0712881225179
0.0636036314226
0.0248277162135
-0.0121631906864
-0.0116587244335
0.0823051678707
0.0174539401837
0.00928342549204
0.103167198191
-0.00616125045591
0.0174814904066
0.0956946171026
0.0667907687557
0.0372294365028
0.10811473418
-0.00461205938778
0.134301573381
0.0825608904374
0.0328475162731
0.0569403318334
-0.0611414859455
-0.0250886840253
-0.0497192074059
0.0261894998211
0.066520510273
0.0897361465902
-0.0394787730158
0.0506647558879
0.1300350671
0.121101675481
0.0683974047721
0.0997806773985
0.109187504094
0.0438644347846
0.0660226443088
0.00318882385174
-0.00982461315503
0.0889116458663
0.0470645981651
0.132256295128
-0.134098207362
0.0719987902084
-0.0036862464827
-0.00452294174928
