0.0722797960784
0.0596978421279
0.00513290176912
0.0235802411614
0.0241475304221
0.00616543504144
0.0802121147871
0.0391909884161
0.0727869896518
0.0149107261084
0.0615435869657
0.0886204020389
-0.00632050953835
0.102888055809
0.0341909113019
0.0318156128141
0.0298361231764
-0.0501516529215
0.0485241868561
0.0179065221084
0.0135248267234
0.0907836860789
0.0506015079973
0.113701369334
0.127096859527
0.0282421456523
0.0172153556372
-0.00611578876946
0.123201012786
0.0699304596372
0.111163974172
0.0788612020717
0.117060055669
-0.00313198880327
0.111212707298
0.0884337477884
0.0156337228937
0.0394334199322
0.065775247732
-0.0200780633927
0.100094395411
0.051091982535
0.106936419604
0.0431363367525
0.0532280119581
0.0652305169775
0.0125401265096
0.0605887533652
-0.0347529708376
0.0990893906628
-0.00233791465712
0.113945210514
0.0389409635707
0.0525993303601
0.0273953862566
0.00919874427688
0.133866759707
0.113313577768
0.104070397418
0.105742933318
0.039535424419
0.125957993902
0.109364099886
0.0545989858802
0.0666902343277
0.122952885815
0.0189598021531
0.0401832844797
-0.0443920203538
-0.0132206315231
0.0130972520642
0.0852958511813
-0.00860831494727
0.111151072936
-0.0476204731951
0.0516415284224
0.0925433110412
0.0776550553234
0.0369400090356
0.122188216486
0.023517870074
-0.0520220940303
0.028381525737
0.0268815488673
0.0329072522114
0.110690591336
-0.0224982310844
0.0615431319194
-0.00145362654555
-0.125633890715
0.0850773953356
0.029805383128
0.0743603817172
0.0596958638542
-0.100708487933
0.0921854189247
0.107046845675
-0.0231110665725
0.136612922611
0.0717246274373
0.0743833722108
0.0770327473664
0.0509388244578
0.0383594733881
0.0449254217328
0.0919865105841
0.0426094676208
0.0895573355081
0.04904031103
0.0979315668741
-0.0129682605932
0.0420636264898
0.0216000592822
0.0983685617991
0.0796843792397
-0.0384521643046
0.0212193037918
0.0936268007527
0.0387926516111
-0.0160791373456
0.064278206069
0.101727165457
0.0649311354502
-0.055481759161
-0.0237306474199
0.00430481204447
0.0944909427237
0.0128952629126
0.108184150354
-0.0490340807019
0.0416042146319
0.0632827670096
0.0747892568486
0.0974949327342
0.0734528973255
0.0843686214673
0.0506286908725
0.0486707111378
0.0466034151535
0.0671523526315
0.126015898442
0.0511099737788
0.0023577479974
0.0094754099596
0.0106789309229
0.102496489893
-0.0209283656772
0.0696504498159
0.0686557088041
0.100105903304
-0.0472555232076
0.0341249154464
0.0199439314789
-0.0316333492817
0.0405067275647
-0.0211994024467
0.105811100244
0.009925615406
0.01063362491
0.0421339816689
-0.0388898763687
0.0310296735725
0.085313736459
0.0860955118697
0.0256231946998
-0.0228622825338
0.0274070897525
-0.0424879850839
0.00844851495353
0.0405903524743
0.0494184781909
0.0746346028848
-0.0120195122415
0.0916695197295
0.0324076301435
0.0269775179012
0.084627302103
0.0605847254575
0.117839604274
0.12053539598
-0.0128449283342
0.0649907086485
0.0561688623047
0.0255868164857
0.000175698421413
-0.00467136958552
-0.00705804140804
0.0739725467228
-0.0297423593341
0.100362960761
0.0130193807564
0.0307144492257
0.150174574206
0.0911893984452
0.0868405122943
0.0907123583892
0.0863357555035
0.021271388309
0.0494232538573
0.00648335256394
0.00809098166424
0.128146203593
0.0783811094078
-0.118363177143
0.0119782870539
-0.00683329070454
0.0910952613482
0.0814486420053
0.0342871950525
0.00285909664679
-0.00690049184952
0.0154452534622
0.050931356238
0.109733133633
0.0360838209308
0.115918069449
0.0351962422942
0.0881501176267
0.0932625676939
0.145185777446
-0.00447400139497
0.0849883684084
-0.026181107011
0.00129128862953
0.0803367114463
0.0734056326551
0.10646495232
0.0251120808222
0.0270456871347
0.106718365247
0.0138967908945
0.0318737430323
0.054060833793
0.0227706810519
0.143771592528
0.00760376715858
0.085938716166
0.0374510913438
0.131581890702
-0.0276317229145
0.0989371415479
0.0836168870098
0.0429359847908
0.0362507569538
0.0208584924982
-0.0122691181616
0.0890855729582
-0.0177482634309
0.0485933476377
0.00199059913624
-0.0186864164751
-0.000610274106004
0.0622796319367
0.0302955378778
0.0539672549684
0.00492991469587
-0.020773781157
0.0902983912494
0.10241318082
0.0821888022845
0.121136287308
0.0420909796857
0.0332380052601
0.116197271914
0.0990530145231
0.138509678223
-0.00101647655487
0.0533281662256
0.0119985057082
0.0906412115036
0.00886004038522
-0.0506843080616
0.0799521643088
0.0675612474391
0.0940359025712
0.0395921895935
0.11235926864
-0.028321070385
0.0552272136231
0.0976406419676
0.0856695715141
0.0655395689184
0.0457099744492
-0.059237352937
0.100401317137
0.0359618649933
0.0137125653295
0.0238541626713
0.0414430626812
0.0763696265668
0.0797007963058
-0.0435301783038
0.12438962164
0.0968376645327
0.0296763442753
0.123700780745
-0.0713508645403
0.061054947981
0.0076058607819
0.0592710042188
0.0475160777994
0.0705468248556
-0.0462043147449
-0.00838240248532
0.0454160298466
0.0439935616007
-0.0218386671388
-0.0321812642974
0.0650437005272
-0.0351377377663
0.0191553279249
0.0979245316
0.0762763739678
0.102608930782
0.0705524389351
0.0414471408236
0.110029583693
-0.00566755054809
0.0251612463877
0.0397293470816
-0.0201676826947
0.0365364574153
-0.0756906066855
0.118993890494
-0.00666533801606
0.0261331343308
0.0396595203955
-0.0799709181138
0.0533105739966
0.062597686378
0.0455855474432
0.0408343586124
-0.0775936476145
-0.0576387555814
0.0709030389109
0.0747722109871
0.0152082925016
-0.0166144573147
-0.0749890096568
0.0234237577978
0.0768019165192
0.0972881073371
0.0391925115489
0.0135764527713
0.0607313321244
0.133567715114
0.020889721993
0.0282407241806
0.123616161116
0.0853385985661
0.125971414372
0.0764976795883
0.0857957495738
0.106802380039
0.0443798363489
0.082485058094
0.0950189341322
0.119582120707
0.0315853768552
-0.0649457838541
0.0779003807309
-0.0075450554047
0.126287293721
-0.103714256808
0.0573124583343
0.0431138435145
-0.0152858712936
0.016949146146
0.0352399645402
0.0781978778635
-0.0362383378657
-0.0652280407489
-0.0696605863605
0.0267638752946
0.123096463707
0.127312599225
0.0622454831977
0.055884717636
0.0427420646193
0.0415075560535
0.0057759593053
0.053293892273
0.105880592859
0.108250097103
0.0472389743191
0.0625758961156
0.0257471036028
0.0839547547905
-0.00903970453007
0.0457964304094
0.0915653246657
0.0296478972597
0.136236568716
0.086885065188
0.0694484031403
0.0474507411179
0.0560710458839
0.0504831562612
-0.00424246098178
0.0700531355211
0.0687427999973
0.103573796719
0.137256045956
0.0480467795246
0.123288085582
0.0743020531737
0.0140357032316
0.0108084613059
-0.00270839907477
0.0789089660169
0.0848919074931
0.0420268264264
0.0513516158189
0.06611681324
0.10222607597
0.0190592137626
0.0710093957649
-0.0513612420918
0.00292617277869
-0.0101826350719
0.13829334474
0.067428210244
0.109894412388
0.0731642766025
-0.081457412131
0.0158510873396
0.0994740353859
0.117784362147
0.00532079590187
0.0833996260459
0.0716279195496
0.0928168173964
0.016111650388
0.0534013673713
0.0361066286821
0.0154718286473
0.122438301458
0.118731634329
0.0248069200999
-0.00485441469341
0.0691143268837
0.0021096419962
-0.0172166215463
0.0709596203589
-0.0161330544568
-0.0438847772092
0.0823436527899
0.0256703074316
0.0167545375987
0.060534083727
0.0836685927213
0.0263247236463
-0.049977971763
0.0315606895232
0.118582113846
-0.0107126871461
0.0780756556357
0.086537315941
-0.00396623425519
0.043324832854
0.116985868117
-0.0287796337689
-0.0225670614733
-0.00567312307743
0.0977221990071
0.022937144073
0.0578527323332
-0.00449078286514
0.000293443127928
0.112650402823
0.010335985338
0.0570324003655
0.0364997633898
0.0923562809738
0.0270357662598
0.00900208047643
0.107809239504
-0.0254487415248
0.0347676627382
0.109792007786
0.0225860922733
0.0984164539898
0.0457373165151
0.00873011302061
0.066414935163
0.0330025967775
0.0798208440939
0.0853745081557
0.0678758366445
0.00615321105017
0.0750010162858
0.0607196966287
0.0739978285421
-0.0293412996602
0.035086037033
0.0298148514057
0.0973550551148
0.0733036386996
0.0268316028968
-0.00779454067849
0.126304439334
-0.0337808103049
0.101113174202
0.0327622091848
-0.00362307063503
0.0768385336275
0.117224948884
0.0990632429932
-0.027339406286
0.0908321642509
0.0651290794634
-0.0292951469048
0.0617663935593
-0.0236485999845
0.0567765813282
0.132685106084
0.117711027466
-0.0187395979059
-0.11125713552
0.0803743832207
0.0657755941174
0.0509860938518
0.0761980516527
0.118712150459
0.0815031257649
0.0504353296273
0.0914535936229
0.00798458006457
0.0392642253129
0.060724782123
0.0195846905966
0.0816159970136
0.0573483528471
0.130770089792
0.0369379242334
0.136115906195
0.0103028938169
0.0759158704184
0.107739129589
0.12583156912
-0.0888973282732
0.0930678404302
-0.00778487031185
0.103778807834
0.12587896056
-0.0403404731234
-0.000348776954157
0.129637221729
0.0280061412164
0.0798269528917
0.0196274807423
0.103522597308
0.0523506800149
0.0160888133452
-0.0272777054017
0.00718900797002
0.129518556069
-0.0326187949927
0.0280035637287
-0.0343129973037
-0.022831455263
0.0523303912146
-0.0560648846444
-0.0051172942133
0.0350630905289
0.0136133722463
0.103650281387
0.0521030728363
-0.010035948067
0.0701634041688
0.0368279061955
0.0259085696069
0.046910818968
0.0354423907026
0.097113837733
0.0611209477061
0.0164730765927
0.0632377899251
0.0310088664187
0.0763366837226
0.0893361268772
0.0544289905552
0.057072557094
0.0904779196185
-0.0440637092331
0.0455522836636
0.0808996912965
-0.00179350342947
0.0547756030712
0.0102789988964
0.0416826848637
0.0106368385731
0.142490826864
0.109837986407
0.052250489902
0.0416866735167
-0.0202232475875
-0.00402869277476
0.062546363351
0.0876747269663
-0.0162448062166
-0.00585190405444
0.0929927467627
0.00477014557621
0.1018105281
0.0262251550163
0.104463638534
0.063797298388
0.123481206865
0.00172469699946
0.00313653702368
0.0639130017011
0.100832783962
0.0835145620743
0.0262359243302
0.0969373241578
0.0795853781852
0.0311433285138
0.110685785659
-0.023596403632
0.0580408406145
-0.0779850997068
0.0830524461537
0.0123192594063
0.0210480414078
0.0199029104558
0.0745410990462
0.0721647060196
0.061623911671
0.102614612852
0.077563507648
-0.0193119174421
0.0389842930223
0.0682808824378
0.0149899563184
-0.00762310456815
0.104374606775
0.0665409767484
0.0713171728114
0.0266519308811
0.00403725529494
0.0790403404367
0.0434128133282
0.106829296952
0.122362421788
-0.0605378838581
0.0496686402063
0.111883827701
0.0983906068719
0.00653373988173
0.0147775554151
0.0531315879726
0.039592042483
0.0887454584476
-0.0247003933426
0.0414578847239
0.0117443107037
0.0346789952886
0.05845232668
0.0669894698228
0.0522381470227
0.0821909867574
0.101451109076
0.0230396565077
-0.0769842568546
0.0244681294541
0.118791850677
0.0295596881648
-0.0251836552596
0.127169729987
0.0411618721071
-0.027089780381
0.0949837308781
0.0138823184488
0.0787960571663
0.0355514845257
0.0330595645417
0.0171984591044
0.0671195735289
0.122150623442
-0.0474450867074
0.0606749605264
0.0576050456283
0.10822640092
0.067839974891
0.0857856455545
0.0472236684777
0.069511667291
0.070953708282
0.0600438957659
0.0732811113223
0.0217300883906
0.103197122501
0.123477031772
0.0077606902804
0.0493142298216
0.126802027876
-0.00981231404156
0.0956594890814
0.067702961575
0.109474287694
0.0476760164992
-0.0452497467654
0.0015651502131
-0.000908799165176
8.89968904261e-05
0.061952407878
0.131996211475
-0.0208397188136
-0.0781047763496
0.113865056315
0.131066120269
0.110469422039
0.0789706222041
-0.007924924392
0.105223899097
-0.00173172033244
0.0649947174185
0.00747958524149
0.0252536906362
0.00321237183318
0.0650478389154
-0.00736867239448
0.087673880044
0.0543515540279
0.125258118752
0.0582784933327
0.000990405418373
-0.00134818178755
0.066008314295
0.125667470496
0.0999406547004
0.0698418715179
-0.0124043758283
0.0903365248872
0.0174848897203
0.100205278615
0.000426855460413
0.0211668462914
0.092193797534
0.120166328949
0.0427586389969
-0.0164160366828
0.112051132459
0.112735573276
0.0524262240355
0.00180368623297
0.116231659706
-0.0100460540654
-0.0628273590531
0.0103083447383
0.00659581697251
-0.0438330564115
-0.0130350274653
0.0759767253231
-0.0133612668894
-0.0243116110764
-0.00681089565696
0.0840092769639
-0.0510695361985
-0.0140308269763
-0.0355176205106
0.0277951140626
0.044183314763
0.0960645046925
-0.0290438394804
-0.0430555209728
0.0553511657402
-0.10867865208
0.0483622791638
0.029504108761
0.0164281154073
0.112909888784
0.076855452301
0.110040930205
0.00957279208974
0.104859071814
0.0523939379502
0.0201405679156
0.0682737987178
0.112877458825
0.0558751366705
0.0110490519874
0.0961290758169
0.00435100896274
0.0199509381272
0.019658354228
0.0423124876636
-0.00412147324755
-0.00670591280256
0.0821786525359
0.0615770794983
0.00216743032151
-0.0150920814524
0.0995395324586
0.0575206860494
-0.0206214692889
0.0674089938896
0.0410917291533
-0.00612532081971
0.12080896125
0.138011722946
0.0776818820411
0.114809628457
-0.0229885191925
-0.0125076597408
0.0612412999312
0.0505751433396
0.0873145706726
0.0769013558595
0.0299623546809
0.081408984828
0.122246188113
-0.00532732419751
0.0633153324031
0.0218904497113
0.0848483024347
0.0443918806312
-0.00100814587612
-0.163825079884
0.123436004327
0.0646917788762
-0.00925077476323
0.130770061936
0.0460994696091
-0.0151961790505
0.0046193288271
0.137883853082
-0.0649084290325
0.122486341434
0.0776151371505
0.113572505141
0.0552363810068
0.056726634446
0.00359994451149
0.0734951394014
0.0671275522564
0.0721642853608
0.0916661441085
0.0740394831021
0.125341899458
0.0139627385296
0.120896808328
0.0629179126136
-0.00224681319505
-0.0102952839365
0.0542356919251
-0.00807963461277
0.0596689843814
0.0215606523187
0.0468817513
-0.0750365679428
0.0365325221595
0.0116240358593
-0.0124937299661
0.112243990932
0.0422007766269
0.0748758747282
0.0167375760482
0.102090299137
0.109801788348
0.000517581846845
-0.0219185765097
0.0940683786967
-0.0324633903415
0.108736497642
-0.00133183978822
0.0920072520066
0.0315630665648
0.0722741096533
-0.0440846505763
-0.0455162333556
0.0753197795945
0.111999775312
0.0781170893338
0.134527977227
-0.135194542751
0.0935614200136
-0.057723590473
0.0451457746625
0.0788185496856
0.0881337821066
0.0283286821592
0.0768300843748
0.0629937984403
-0.056376278653
0.0689544139896
0.0271542405488
0.0469739082798
0.0773192086057
0.0881917075921
0.0901898287653
-0.0232442206084
0.06101136416
0.00792412285212
0.0964561905726
0.0576562782092
0.0288853503255
0.0336115414098
-0.0036363960009
0.0162728114604
-0.0523715093326
0.0114858523492
0.0127572798428
0.0545782948263
0.0161948524441
0.110461223707
0.134798076767
0.120487440928
0.0290754492114
0.0385953182321
0.0553022222767
-0.0600539654537
-0.00728722151726
-0.0890871104076
-0.0177941606491
0.0462636078675
0.0822001106947
0.0651367756751
0.0937536707161
0.0971346053493
-0.032900147728
0.0263931637392
0.0868681359709
0.0172233411985
-0.014609489713
0.0930067078044
0.0243440170393
0.0215038276248
0.0232635639742
0.128502239211
0.0599197104609
0.025346249017
0.0519081632069
0.115745353847
0.0364183783197
-0.0391180315664
-0.0957190495215
0.0141874982289
0.0854395562051
0.022346332351
0.022589082594
0.0947341515648
0.0880109824493
0.0767739276916
0.099897549793
0.0170288193646
0.0433901212053
0.051856444343
0.034110090002
0.0794767003271
0.0361108232183
0.0596785832949
0.0946295398481
0.0992593873227
0.0860126573734
0.0391756049167
0.0887682660236
0.0411547308279
-0.0161047034848
-0.0640635468377
0.0194260397688
0.035749240926
-0.0704725850895
0.104584199104
0.126160457233
0.0411796946015
0.0994038703076
0.0658686296176
0.0306096729369
0.0561868263791
0.0765772851522
0.0550854419273
0.0154341011098
0.0880956037256
0.0310931415884
0.102593633797
0.0654675132089
-0.0698545266492
-0.0724782305118
0.0404022267415
0.065031520806
0.0308041188537
0.0236251419666
-0.00136205250111
-0.0313316699785
0.0956027573814
0.0398138855468
-0.00416593841129
0.0852284685853
0.0436490042607
0.0499105733795
-0.000956270379531
0.0708643871481
0.0757797938907
-0.0106165559536
0.042280034161
0.109737042541
0.0614761642313
0.123070708042
-0.0460915631994
0.115367008858
0.0141606019463
0.0838473751646
-0.0124996254135
0.127328821853
0.110075754494
0.00636867280905
0.0502845855856
0.0566090694206
0.0731506938844
0.111946246101
0.0294609087734
0.00541374886403
-0.0188630252995
0.0519854149946
0.0145127846502
0.036580432757
0.11663813904
0.086683387431
-0.0157816993507
0.0825621752543
0.118708331847
0.00234769708091
-0.0155813588326
0.0525343152267
0.0415716298265
-0.0319408542172
0.0812679571953
0.10090304797
0.0357495538074
0.0818009094926
0.00425711922339
-0.00488516909919
0.0676094373938
0.0540293684638
0.0482462744071
0.0184455227425
0.116495203082
0.0620253236427
0.117831855846
0.128704137815
-0.0371061640188
-0.0199913227841
0.0232657603905
0.095970628311
0.000300106219505
0.0690419625425
0.0412436670201
0.0546040278365
0.0183785391221
0.0422376241732
0.049815478966
0.0386822833562
-0.0115467621476
0.0076049503292
-0.0914971553106
0.00663589306269
0.0857312160791
0.0323486759602
0.0648674255206
0.0265345045381
0.0557187826969
0.0638611828954
0.0611454142317
0.0358247246359
0.0500459629752
-0.131690016786
0.0559041137934
0.0802414931702
0.0566443584156
-0.0164478816325
0.125957450502
0.0695008057169
0.0478259722692
0.0185126488827
0.0394145029357
0.060421738549
0.0595982433875
0.107062335892
0.0296541562107
0.0356159145339
0.0407172139139
0.129474859697
-0.00217462358045
0.0986410444898
0.0611975920467
-0.0625782180126
0.0885800533461
0.00150527827957
0.063448294612
-0.0298704467051
0.0631175948441
0.0946990201308
-0.0185322110707
0.0654734380858
0.00943962482939
0.0205635483707
0.0620054908226
0.135590079772
0.0843453303077
0.026193000157
0.0152973494713
0.0112099193488
0.0900897121821
0.119021383836
0.102146138689
-0.0557134392222
0.093453961707
-0.0532926961222
0.133361374253
0.132541482617
0.0234687776454
0.0428605126451
0.0487650192202
-0.00603994316413
0.00564148457469
-0.00306211779375
0.0877456945446
0.0856370770922
0.130001108997
0.130227125501
0.0358743231988
0.0990181180847
0.00706857105082
0.116704840956
0.00506286942135
-0.00159720563854
0.0016469589912
0.0126130303891
-0.0248609939159
0.00771449745914
0.0594242035106
-0.0815268732266
0.0510929040898
0.13376684007
0.0643772898213
0.075634956449
-0.0793698357967
0.0321956170721
0.0316578642355
0.100636176919
0.048014246914
0.108715418131
0.081617019681
0.0393504103459
0.100153196053
-0.00127904757109
0.105322895979
-0.0301603799591
-0.00586366472284
0.073712335351
0.140075848412
0.0967865549242
0.128926884192
0.00365428255215
0.0932401150905
0.0385094317927
0.0695461170823
0.0133931544022
0.0284428527669
0.0538748457703
0.0949213432756
0.00555331228491
0.0388388513533
-0.00822303411237
-0.0569254507757
-0.0197519873122
-0.015057762695
0.079263959216
-0.0768709845596
0.0637335052051
-0.0583770442075
0.0853712931883
0.0400717156669
0.117667611959
0.0147963865537
0.0500220714691
-0.0769521477503
0.11182786796
-0.0922277393719
0.0355978314914
0.0046324050594
0.0233083058919
0.0848102520483
0.10443155237
-0.00191083763695
0.0744376889862
0.00160221972357
0.00858173740124
-0.0116026589852
0.097581030338
0.0681317701604
0.000832472201458
0.029452221691
-0.0477382195027
-0.0281896790554
0.0591142407059
-0.0545035763784
0.0291542303666
0.0604749276237
0.132637136971
-0.0459154280535
0.111438102635
0.0899935865941
-0.0335304887414
0.0280675920533
0.0430342714435
0.0264124469695
0.0418229499697
0.091284271413
0.0247183821031
0.0205947154395
0.100611371187
0.0439824317661
0.106275094985
0.0581535832055
0.101276217616
0.13599910642
0.0701412128701
-0.00142420950483
-0.0709160862076
-0.0260095397244
0.000249722332562
0.0898931741511
-0.0256363405331
0.0641327895152
0.111945335277
0.0276147695318
-0.0454476447088
0.0080599942834
0.0569753249041
0.074928961118
0.0746397407006
0.0766036220439
0.077352734619
0.011145824324
0.0517339642923
0.0268431535848
0.0636807511349
0.0301174957284
-0.0230256894903
0.0313631234739
-0.0397013120752
0.00877040789667
0.0628210578871
0.071985333017
0.00528681121119
0.0532063768053
0.0136175393547
0.0635150498704
-0.0249440637537
0.10836285762
0.00681383349764
0.0230904758349
0.0751506472266
0.0905892691865
0.11290606455
0.0231241039102
0.100641218319
0.111387093593
-0.0811610636012
0.116132417252
0.0168252495408
0.0712940920707
-0.105851443709
0.101780438708
0.0596042411912
0.0718210991734
-0.0208971761589
0.0901215165961
0.0243636051445
-0.0061343159025
0.0947496112103
0.0647506448711
0.0309231431161
0.0816199574297
-0.00731334623405
-0.0392584258095
0.0234102289962
0.0474729806575
0.0526724586649
-0.00576665272396
0.0682564547093
0.0061687692232
0.011903251955
0.094244503025
0.0804181882341
0.0122617615121
0.0707764974435
0.0330655458948
0.0446206398432
0.10517730429
0.0140150218258
0.0863763421055
-0.00490058662501
0.109264723163
0.0512639412711
-0.0139983370166
0.055441550142
0.129289206334
0.109087601283
-0.0065927883636
0.13727894824
-0.044505399563
0.0894386626875
-0.0440331091959
0.062722550192
0.103525180058
0.108002513528
0.0130046999636
0.0406499336375
0.0607096763422
0.00118067524723
0.0896712321766
0.0948344234681
0.0861042374437
0.0371269998855
-0.00565710789954
0.043625364494
0.0750332802953
0.0879277745761
0.0619744811697
0.118707292595
0.0621156564343
0.0613687375288
0.0218504534046
0.01070760329
-0.00864658364887
0.0222549679739
0.0937295511527
0.129234775905
0.0852154329049
0.0646098427145
0.0457520084842
0.111809870946
0.0376433136742
0.0918401436101
0.0711356810315
0.039842056812
0.133417077217
0.0596234862149
0.0290883097635
0.0695628508568
0.0476340901611
0.0886988006263
0.0338190260614
0.0354220517032
0.0864300940828
0.0409600648302
0.0321963304482
0.0574895976228
0.0705693023956
0.111843522357
-0.0437007410128
-0.0250468071727
0.0125211341832
0.027581168901
-0.00860090500401
0.0574110152863
0.10080806413
0.0539715954577
-0.0121719246586
0.0746419070506
0.0941118230912
0.0541071862828
0.0305995782756
0.0656466506545
0.0755901704193
0.000118954348872
0.0482089439161
0.0234776047926
0.0224129488779
-0.00628791874986
0.0824213932973
0.0546599871022
0.076827932448
0.0736689777946
0.0406809980259
0.0796874288115
0.015860684483
-0.0346644230452
0.0891070950034
0.0899438579723
0.0157378211635
0.0399007577598
0.122430437079
0.0305758214817
-0.0121879758094
0.109240969078
0.0693925292721
0.113712864324
0.09891254846
0.0698622108467
0.0715779138979
0.0617506701374
0.0638067350812
-0.050848656338
0.0667072514819
0.0660585343879
0.020322287223
0.00740944250761
0.0451137269426
-0.0128326812879
0.11760352002
0.120734963762
0.0701417376013
0.0580725648892
0.0666873953038
-0.0164683040047
0.103326328986
-0.0191991098982
0.0440683318395
0.071677671494
0.0277586394108
0.0783810368366
0.114770731957
-0.1154813034
0.0401066129721
-0.0114730301627
0.0625820488247
0.0136295648323
0.130552921346
0.0967290608136
0.0935961128946
0.0651534168976
0.0406695183031
0.0371704971814
0.00750026842814
0.0647732165631
0.00743824350311
0.0867157725181
0.00528897114344
-0.000992024990905
-0.0419648934346
0.0434706009975
0.0754207859695
0.0792007933469
0.102364907017
0.0956681388989
0.0984266856528
0.0765416370099
0.027766752122
0.138339199585
0.0496973933354
0.00174238744369
0.112883461365
0.069535878296
0.0596164264246
-0.0537357405102
0.044875236305
-0.010265788493
-0.00513160823463
0.0928109439849
0.0878805011648
0.0908400389141
0.0672405500869
0.102093737338
0.106890684646
0.0942045366982
0.00797615637264
0.0838729966215
0.0705442494759
0.0481554531446
-0.0482385021348
0.104495205733
0.0553662323568
0.0106380712602
0.0970412798632
-0.0127205898828
0.09399319057
-0.021718912871
0.0588223616075
0.11833111937
0.133235377355
0.0417046185377
0.0412979355562
0.111383562889
0.0503876875056
0.111390364651
0.0876430963398
-0.00218643413515
0.0778833006914
0.108327146811
-0.0071889136303
0.0966549448984
0.0332200102707
0.120072900992
0.110065770455
-0.0239743842183
0.0415577808607
0.0513037913707
0.0764500943056
0.0447424814056
-0.0662468352463
0.0323085969489
0.085480672117
0.105125467111
-0.0289785280856
0.0206733737766
0.0724404756378
0.050562381187
-0.0333840712042
-0.00113744114068
0.112363703715
0.00211038243989
-0.0174003992372
0.00808355935063
0.045427587207
0.0945736269939
0.0825329918524
0.0801280094706
0.0489455815225
-0.0277136543387
0.0652515209087
-0.00882261768468
0.107374194605
0.115435580019
0.0895404766921
-0.0625965685649
0.0655502666014
0.11734763461
0.0747162288
0.139355315473
0.120145191969
0.0113340979145
0.0541866110622
0.0729404940793
0.103339284288
0.12462363541
0.120114355294
0.00731110485804
0.0925735737136
-0.0193056135472
-0.0625753656262
0.000754136515654
0.0573630066962
0.105709497462
0.0328087961313
0.0656446246753
-0.0181516003863
0.0825701505885
0.062879733457
0.0711148768134
0.0724611806088
0.00822079625713
0.10602372778
0.068077944889
0.0253750608743
0.0547578732137
0.0129877190688
0.0919187660442
-0.0145086617689
0.123511026416
0.0322722898714
-0.0474114625267
-0.0556504772351
0.0710254101096
0.00296188630801
0.10041033967
0.0544493265161
0.0164900397338
0.0794108096462
0.0729559139865
0.0442296140919
0.0802215677229
0.105366519475
-0.0279294504569
0.0709180815949
0.0422023006851
0.074664895646
0.0103661580023
0.0209962426805
0.102644350782
0.041565296998
0.045919722159
-0.0608813736724
-0.0783574067198
0.0677346070897
0.111905526746
0.0211792786909
0.045154590994
0.0881870411772
0.00567408858373
0.0728624973396
0.0107277259446
0.0316019116481
0.0934836596769
0.0307340532893
0.041415426226
0.05872749223
-0.00933918288988
0.0732099963965
0.0247556977662
-0.0273539062952
0.0437588969612
-0.0196246522612
-0.0755442357933
0.0279134013867
0.0416103905871
0.0435514778548
0.0142204586362
0.0483077644401
0.0501030043283
0.0114158513507
0.0566980176839
0.00278753687675
-0.00126730407944
0.0178131883006
0.0285607623928
0.0116581573366
0.0649773527331
-0.0424520190083
0.132065074227
0.0708951491614
-0.0124712796452
-0.000941351647961
0.138516689622
0.102659121457
0.0587187239125
0.103600792313
0.0419100180034
0.121562796904
0.0315189990986
0.0486638509931
0.0646733281705
0.0738542319667
0.0265059377498
0.0249051832059
-0.073190231352
0.0155127875147
0.0158947258808
0.0955605859184
0.0672317400737
0.0418741051869
-0.0329560921603
0.0413666181592
0.0541804109904
-0.0346731505851
0.0415734697227
0.0229482263294
0.0341057180026
0.0514227923855
-0.0194228323526
0.0475132342151
0.0684556902736
0.0152982389013
0.0486959961037
-0.00466734835007
0.028892882397
-0.00324398173564
0.0530040233462
0.0718917739055
-0.00191050437769
0.0186600708037
0.0607718556327
0.062825776011
0.00772765128192
0.0985011786733
0.0992361247253
0.0814120768052
0.0794919912872
0.0609334655014
0.020215422249
-0.0152256065371
-0.0130717286361
0.0258042502782
0.0814072056656
0.124886345232
0.104013414775
0.0477921730794
0.0117389737296
-0.00776886882911
-0.0448487526344
0.0900973739598
-0.0355626536215
0.0461230685739
0.117375998897
0.0633421099735
-0.0616564435075
-0.040414447184
0.0863797546702
-0.0595018785016
0.0247469367675
0.139693061013
0.097587059344
0.0867945566218
0.047942378377
0.00958498827587
-0.0366149384047
0.0833292254233
0.114505024373
-0.000809786640605
0.00581256360813
0.0538306779212
-0.0111218686027
0.073220989004
0.0741124204784
0.0879868184426
0.069771682799
0.0691685857844
0.110144179482
0.116859098915
-0.0206231002208
0.00771944315608
-0.0221376093004
-0.015045494249
0.0500101477737
0.0914981447423
0.0698540823882
0.0322961472392
-0.0407283673694
0.0806098384985
0.10959559173
0.0130810289669
0.0360246201412
0.066993383467
0.0703679715728
0.0819928143833
0.00115456048106
0.0259372446219
0.100792478065
0.141179808881
0.0655209548965
-0.0200961270609
0.0301383248077
0.00248888580568
-0.0902155240685
0.0401237794979
0.149287340047
0.00245230130256
0.0426682618051
0.0568803090192
-0.0459780235221
-0.0570071858927
-0.107642880776
0.0543594508364
0.0725703608126
0.111160015064
0.0053864257833
0.00212402159944
0.0439487529108
0.0722598057229
0.082176992317
0.0593625347929
0.0059587234209
0.0688491755904
0.111957096857
0.0439367679223
0.113480029901
0.0781393354346
0.122411567041
0.0982683213421
-0.0136115386896
0.0657640578775
0.048203031159
0.02424862557
-0.0102444119863
0.0745021934775
0.0101771657108
0.119226627445
0.0342004819048
0.100709931376
0.0931462163711
0.0200936463511
0.0290871883104
-0.000261072256401
0.0510638010256
0.104261230968
0.069773280482
0.102279138792
0.119940752369
0.0182525266493
0.103426639892
0.0852772187394
-0.0825158239583
-0.0200438600572
0.0424260611213
-0.0153595237156
0.0154319449591
0.0326921733463
0.0230919561841
0.0440163552078
-0.0197475203058
0.0105187124634
0.107911504915
-0.00989278465222
0.0852772519996
-0.0814974632909
0.0588010117641
0.04271650721
0.0569699003849
-0.00115059564772
0.0171180159166
0.134884229608
0.0922572651878
0.0907354260382
-0.0790461902156
0.0538849931825
0.0339620161932
-0.0544411231134
0.110610822212
0.0232310408414
-0.0460345431501
0.0766390848113
0.0312925819467
0.131460453208
0.0947048686565
0.0926978130351
0.0716572406585
0.0504890574647
0.0520136893161
0.0164581250553
0.126037223202
0.127411962148
0.102212965184
0.128222912291
0.120536611098
0.123838332211
-0.0107554182503
0.101413214879
0.0358371413947
0.0892545411905
0.0842764470235
0.0283796487824
-0.0318074811498
0.0820389029616
-0.00233467834987
-0.0176455623119
0.104557571625
0.099577665605
0.0965829196905
0.0344429425899
0.105069380394
0.00755179432972
0.0576945678213
0.0760795200423
0.118160149862
0.078515099642
0.116070935268
0.0281132904658
0.045505030903
-0.00802349308807
0.0242593082979
0.0615961886893
0.0413485949923
0.113403314793
0.012721403853
0.025708550861
0.0630336718257
0.0127278816758
-0.0457301016484
0.0838728808426
-0.0198251373211
0.0218982588525
0.0340698793011
0.0760079924793
0.0807955894517
0.0944680127406
0.00985143713981
0.0841665377943
0.0710933048627
0.0584550200534
0.0517769818436
0.0970884786991
0.117359832771
-0.0381787380427
0.0430293770451
0.0282436447027
0.0734186491039
0.0425042380309
-0.0190662998552
0.0602847588116
0.0655031774832
0.0610984776556
0.0177483276012
0.0962574310139
0.0871124269991
0.118834050076
0.108692162321
0.0275995892376
0.0502988916063
0.0918833120461
0.0204823963755
0.100060707327
0.0711762688457
0.112557434554
0.12334658975
0.0623894233373
0.0224230478145
0.110868820247
0.0729590622378
0.00694634770603
0.0969860882153
0.0657765882752
-0.0889610142611
0.0801037361233
0.0561454175645
0.0681896759169
0.0405321508988
0.0519696487167
0.0163819265335
0.102483763527
0.0442644805948
-0.0117934728812
0.0378940330308
0.0568701910066
0.10384757533
-0.0673530563783
0.0164581017466
0.0494605421354
0.0205147249965
0.113225544757
-0.0482441487602
0.096627890399
0.128579568322
0.00777238639496
-0.0773455315925
-0.0199470605955
0.0878752671791
0.0831329954858
0.0810816686254
0.0526629312002
0.104776326763
0.0902081577869
0.0146757340743
0.0323987903945
0.015053073302
-0.116987979925
0.0297428937428
0.0679876997329
-0.069636169416
0.0624883107266
0.114487984935
0.0587739863998
0.070551095232
-0.0300263880047
0.013339304139
0.0298923504239
0.0115819237953
0.074585604857
0.030918613733
0.0338569046126
0.0148450694214
0.0952169809432
0.0868285051408
-0.0408346582434
0.0739067113499
0.0698506197735
0.0371505813751
0.113764925342
0.0794841811926
-0.0454286793871
-0.00497432574181
-0.0441609556699
0.0211706828982
0.0642501172028
0.0586857481898
-0.0224646067926
0.107177650459
0.0439793810663
0.0508294695744
-0.0110128252789
0.0549851363122
0.0635429699838
0.139835283114
0.0510143744576
0.00402615856903
0.0643266462285
-0.030044026897
0.0619558853438
0.0456321386191
0.011881131154
0.0534900069398
-0.0425939537555
0.0161163209093
0.0711039620768
0.0512379160028
0.0512434959915
-0.00311261652609
0.0511954186349
-0.0178784329375
0.0862011260668
0.0687002713741
0.01814329442
0.0477626462158
0.0218531055894
0.0528635708321
-0.0764782741289
-0.101310428181
0.00616934300465
0.0989737426174
0.0911455162853
0.0319248031172
-0.0616144353375
0.0666036136606
0.0568450564429
0.138690799095
0.0600864805242
0.118303903835
0.0203766086474
0.0373284282779
0.10515919828
0.0418867834612
0.0473163288572
0.078692747707
0.0816360879923
-0.0187457838246
0.0442195581647
0.0159620613798
-0.0077522154806
0.00779139273769
0.0888223692773
-0.00285780410473
-0.00557085150533
0.0393040181256
-0.0298035014059
0.0180999653381
0.0701078868342
0.0110568336603
0.0162610602132
-0.00314411429448
-0.0388087611386
0.0450753883863
0.0384422029506
0.114617815826
-0.0970607355911
-0.118489402547
0.0668280127574
0.136060833801
0.00469817800255
0.0130584381676
0.130700737105
0.0872924191048
0.052521764199
0.0503167457903
0.0918928992899
0.0703957748729
0.133505377678
0.0381291740255
0.041111648769
0.0322112275741
0.0153767033382
0.0992443814173
0.0241588463209
0.134019495601
0.125671730474
-0.00699135286504
-0.000563554603073
0.094421593419
0.105336706115
0.0167405194087
0.032055584779
-0.139985692689
0.122011128515
0.051369772606
0.0630521038871
0.054784886703
0.0981455151404
-0.00822718460254
-0.00465569705471
-0.0788585313957
0.0518573261695
0.0971799443044
0.0746497245525
0.0665245249948
0.0160648876374
0.113574143834
0.11246585633
0.0747501081804
0.100405493954
0.00131484986457
0.0322671658135
0.0612938843729
0.0122921286117
-0.0723350550251
0.115353457779
0.0124878302584
0.0663133986164
0.0765215236759
0.0171256723841
-0.0962577610828
0.124944750604
0.0929143965462
0.0846377423197
0.104976596632
0.125471212553
-0.0260050247632
0.0468954117251
0.00985228039809
0.074889623315
-0.0267413090584
0.0890673351424
0.140245075007
0.0766560270633
0.0414358301838
0.0700953308453
0.0222896148989
0.0607283864453
0.0955400159735
-0.035588299547
0.0112281892209
0.0767341698325
-0.0688425903209
-0.112174399698
0.0137519359625
0.106349726345
-0.00953254102316
0.125193814165
0.0045886223754
0.0836107343791
0.125211350575
-0.127826128415
0.0302992428735
0.136229356054
0.119243933411
0.0272712022351
0.0705400255639
0.0047539843795
0.00695336928235
-0.0201538765618
0.0913809735147
0.126415122756
0.0374488297209
0.0356890739639
0.121468292699
0.00902215319799
0.0244657473542
0.112318969489
0.134910048391
0.115856244792
0.084291625925
0.130198796336
-0.0189037459444
-0.0542245533478
-0.00443061633235
-0.0401364116793
0.0708858276638
0.0349792767958
0.0805858653616
0.0536793477978
-0.0288949706386
0.141990612043
0.0142839953467
0.0411267666717
0.112640626313
0.0937738740289
0.048882809344
0.100535737797
0.0490376577252
-0.0220088451141
0.00930031252662
0.121344925471
0.0445069697103
0.118498552066
-0.0714428175877
0.0288143780626
0.0780717638443
0.0496561099739
0.00738458732753
0.0746369719579
0.0804241378974
0.0191335384605
-0.000697626665023
0.0226524813014
0.049234588757
0.133086128918
-0.0415503521133
0.0623793694179
0.0373497882408
0.12316505459
-0.0114648753182
0.0781314720101
-0.0351156029629
-0.0521020937586
0.0884080741215
0.0518262734739
0.0588561194193
-0.0109083960475
0.0551774487205
0.100244848604
0.0442401551062
0.113459298267
0.122991264804
-0.00176058736452
0.076904017034
0.00591271828278
0.110961525582
0.0938709296954
0.0348704524368
0.0788430328618
0.0328414521949
0.0883734234359
-0.113203816198
0.0380047570157
0.08606336623
0.0972030179921
0.0666299566552
0.0511672837924
0.0556483239776
-0.0889872140538
0.12741448557
0.0328770575266
0.0799381010713
0.0647266691662
0.00587866186042
0.0471753789265
0.0310712107551
0.0667785276021
0.0593595731116
0.0821811004648
0.0646793995564
0.0523761670334
0.0894462342902
-0.0805975310526
0.0855018748237
0.0320530497375
0.01227833487
0.0328226061173
0.0433377062185
0.051523163879
0.082913647709
0.0523887414316
-0.0690755610116
0.0256723878277
0.0491906527196
0.0896634763392
-0.0139049932557
0.0217907724872
0.0646288061062
0.0530872827474
0.129485125498
0.0923814785824
0.0544550815229
0.0833842681964
0.0534892030015
0.0248215398432
0.050032955904
-0.105777826631
0.120836080878
0.0899112471876
0.0730361299383
0.144154631198
0.105597959295
-0.077994078217
0.0941302364782
0.0785396154653
0.0807010260831
0.10549090516
0.0445509859828
0.0666907475825
-0.0200680068435
0.0676036100581
-0.0153884211014
0.026650099679
0.0182860822701
0.13587397814
0.0399523015558
0.00175487076193
-0.0333965715314
0.0159985735022
-0.0878086312149
-0.0222741652488
-0.09534151728
0.106420865013
0.0125158196471
0.014746198473
0.139279040897
0.0280519462815
0.0551787181446
0.00904521664686
0.109222793146
0.0759015351464
0.0541213911548
0.0487734173263
-0.0961299149906
-0.0511223670593
0.0487822937414
0.049924816845
0.093699443582
0.0344836338132
0.068913142616
0.11007989148
0.112967010162
0.0335634677045
0.0399028546873
0.0298549382723
0.106844500015
0.116964653102
-0.00930157219611
-0.0163290670204
0.0163934671097
0.0401314106087
-0.0676563592324
0.0283851230683
0.0648376941367
0.0919080981245
0.030074381468
0.106635780587
-0.00781128229278
0.0613304692633
-0.0562888296835
0.0654181707394
0.0149902824526
0.0496361045371
0.0683795392561
-0.00152650671421
0.143150645941
0.00838269021663
0.061406222261
0.077234903565
-0.00944406032765
-0.143091146305
0.0312598558637
-0.00771820531653
0.0721258996378
0.0607863580202
0.0215606382178
-0.0119663954173
0.0286214683914
0.0216499319168
0.0974310930789
0.0982491175928
0.097276251748
0.0434496168962
0.092806489358
0.0325569585496
0.0976974747974
0.0794710818383
0.0449155615328
0.0847934557486
0.0232178738291
-0.0366660760879
-0.0922986169621
0.0595289903773
0.0951891899183
0.123332113045
0.125864385669
0.0626619505744
0.045875970955
0.00631143810413
-0.0572156714411
0.0471746765751
0.039868989138
0.0368774813341
0.013772584212
0.0397348694128
0.0327522833869
0.0446181955167
0.0200996693502
0.0791165915611
0.136975227248
-0.101700354985
-0.0681121955231
-0.0018106080059
-0.0174533843877
-0.0423059277981
0.0701949766379
0.108971380245
0.0725126240918
-0.0795777907232
0.124100904477
0.0549661634133
0.063428294913
0.0564311817097
-0.0169987072589
-0.0348265080692
-0.0424304262874
0.011711294188
0.0770041290418
-0.0237327006963
0.105061681213
-0.0160716217172
0.0569635308442
0.0917757339443
0.0242814881134
0.00189687710083
0.0411039301288
-0.0237369953275
0.0805278537503
0.0422851166754
0.05730682563
-0.00340532254601
0.0273081188425
0.071797455075
-0.0151504797797
0.057608118549
0.00801678526112
-0.141982917625
0.0670787784197
0.0915149383083
0.0550736655776
0.0975474572083
0.015960846544
0.0143207198857
-0.00931229851932
0.0699643675505
0.0463103010597
-0.0845227923853
-0.0301017120062
0.0234857017854
-0.0483733570058
0.0693573889009
0.113226956721
0.0835560162698
0.101160201087
-0.011852709867
0.078488256475
0.0203951911526
-0.0116164573672
0.111369805153
0.0874302205164
0.023924107994
0.0855942285728
0.0780498481461
0.0556638149179
0.071179084706
-0.00881634527841
0.00832479051522
-0.0300869408928
0.0750733486332
0.0671284209546
0.127182415385
0.0206236675734
0.0560876709261
0.0388167232477
0.0497524277112
-0.0134825814913
0.0438832551747
0.0200685679673
0.124873102865
-0.0365018190583
0.0564115688456
0.060322965277
0.0764019336603
0.0500317178504
-0.0122750684916
0.0332821396451
0.107679873433
0.0940674366651
0.0180538614978
0.0999076580503
0.0980329744738
0.0771987836536
0.0692268414326
0.0470828057918
0.056288090738
0.0848490260582
0.106995538987
-0.000849815074681
0.0667404678659
0.0103629834596
0.0903457123402
0.0365043779894
0.0345204968312
0.0737037008174
0.00224998720132
0.0486331492357
0.0958867055746
-0.00201674107284
0.0480670096328
0.0290566549538
-0.00240667878764
0.149287092737
0.0640777618968
0.0790370928749
0.0866659608508
0.0712739147393
0.0139448379156
0.0803371660127
0.13369774122
0.0611715036831
-0.0878215280735
0.0323489837519
0.0503072001884
-0.0586694951862
0.0616858472842
0.0251273336008
0.0650415266485
0.137969626005
0.0535094381716
0.0873164595997
0.0543117482506
0.0863210952654
-0.0114567029844
-0.0157425635453
-0.00208378166944
0.0155616698644
0.117517246707
0.0176302075632
0.0132491112077
-0.0403225964668
-0.0199306113674
0.0982320810634
0.0164537314227
0.0199657181072
0.0245196379966
0.0876545982154
0.0973057454047
0.0263134551429
0.0796063936616
-0.0208722564088
-0.0339615738796
0.040966664293
0.11725963322
0.0792374870297
-0.0285228804867
0.0729364013248
0.129749643508
0.0932655939851
0.110660251195
-0.0234751148375
0.0569111676983
0.106222503169
0.00940785857085
0.0477746154801
0.0616361365849
0.02673044571
0.0720779335217
0.0115991894174
0.106754250623
0.0890271980455
0.0235027973759
0.134616267559
0.0438106514798
-0.0628040548962
0.0668779208996
0.0376511208397
0.057574239359
0.133235685245
-0.0202171163195
0.103735768697
-0.00293001536035
0.0457582606175
0.0837223722042
0.0399161940382
0.115718551349
0.0766289480288
0.0163374980452
0.0234577249187
-0.0189952864782
0.0815901094997
0.0588853188994
0.0908145030496
0.0641930792439
0.0610572757263
0.0397192531113
0.10559111205
0.0528155303279
0.101634496524
0.0866137315897
0.0637682414088
0.116421366147
-0.0231670414056
-0.0196222211917
0.0358620798912
-0.107867410722
-0.0286560018665
-0.0438910893781
-0.0102644043688
0.112658124765
0.0351605441518
0.112216777692
0.0144637866222
-0.050614479734
-0.000869162231958
-0.0274891130188
0.12303467566
-0.0911934302111
0.0779872898718
-1.27003182246e-05
0.0568454069972
0.0295150567801
0.0608021904521
0.043039835986
-0.0248347579001
0.0684242062106
-0.103352170735
0.0530468740237
0.0810919470348
0.109780487484
0.0467324310589
0.0751107786169
0.0865868320343
0.0724584551122
-0.0261137700483
0.0751464173574
-0.0614411277417
-0.014719594609
0.0156337919086
-0.0739559702758
-0.0133891790236
0.0436461527809
0.0562385696604
-0.106384342342
0.0160312794464
0.082516556087
-0.0191457956171
0.0343347428193
0.126362536112
0.0482817418909
0.088041118437
0.0964267911431
0.0629544190877
-0.0481973060804
-0.133181643915
0.0640182134926
0.145523401912
0.0785192564758
-0.0671261436716
0.102423329978
0.0452346884522
0.0688854230426
0.110360277651
0.0712720665565
0.0235440080991
0.129380125686
-0.0416483168649
-0.0379814630009
0.0266307350683
-0.0354435114282
0.0718565056564
0.113640531136
0.0926804314142
0.130147162747
0.0214437718872
0.0670214462379
0.0292970505819
-0.033076277588
0.0708654057944
0.0373787711892
0.0341806052965
0.0941112805237
0.0326023576448
0.127454314619
0.111999249342
0.0554145160347
0.0289669545551
-0.00470129716
-0.0669243921887
0.124161790882
-0.0210875745812
-0.0404514476781
0.052860408219
-0.00600889693232
0.10543763706
0.0878538568577
-0.00126011204821
0.0346421257123
0.0078199381243
0.0858161805639
0.0544432311666
0.023578587043
0.0736589171899
0.0945740222672
0.0504407587636
-0.0280435610282
0.0337629686401
0.0943138518462
0.053719356646
0.0986604409342
0.0778557333397
0.0357330198627
0.0229733965979
0.0924992379645
0.117290938203
0.0624881750411
0.000510752260261
0.0729010905355
0.0936963597832
0.0609345534361
0.0285472341634
0.0411763515175
-0.000266935514742
0.0615335755533
0.0390113070135
0.0328624582492
0.0584163661738
-0.0135999564136
-0.0528196395094
-0.00559819989825
0.0299354001041
0.0924804951071
0.0489141252722
0.0555341734677
0.0493929021608
0.0360929993913
0.0324646033467
-0.0241236317888
0.126244675539
-0.0349822189895
0.0466067727505
0.0707646884442
-0.0420572867199
0.0894519582527
0.0708538463953
-0.00634190907322
0.044526287466
0.0380942507246
0.0421008171999
0.110843391089
0.117088647948
-0.012196438195
0.016449279203
0.0535279129721
0.0714583882996
0.0301564688226
-0.0332614303828
-0.0817812895186
0.0388489315167
0.070901226369
0.106307968771
0.105790728643
-0.0519960255229
0.00168947523673
-0.00869352090916
0.083995562998
0.0571255506069
0.062719388077
0.0318034171022
0.0787182472265
0.0269613689815
0.00109548997518
0.0312239331762
0.0623983667633
0.000521052459369
-0.00417059468228
0.0433371726581
0.0317101182718
0.0345381587665
-0.0612054413703
0.0769408804059
0.0608741003215
0.0383724664241
0.0523955953969
-0.073401274192
-0.0565613935765
0.0593194081022
0.0103107922173
0.139453818061
-0.0246518923787
0.0755612309833
0.0817696648514
-0.00254895315998
0.119057082102
-0.0518486386581
0.0859880253973
0.0470241075095
-0.0567366430257
-0.0169182300333
0.117531503055
0.100797781182
0.0657959632371
0.0302224535986
-0.00925625365682
0.0657052117169
0.0556732940467
0.0460301072536
0.112072979832
0.0438230926496
0.0105566464432
-0.00472708922914
0.033752351349
0.0272679115548
-0.00393874413671
0.121779767864
0.0800740215157
0.0190932080079
0.0852512179149
0.104622282626
0.107544443877
-0.0748891338703
0.131384658984
-0.028347036972
0.0277758754226
0.0887472069973
-0.03106285124
-0.195640648451
-0.132251099286
-0.0963664567431
-0.0169194899568
0.0701492566504
0.0923741409681
0.0546581216233
0.109668167595
0.102518651031
0.0839964091646
0.0488634800237
0.0563343678593
0.0830800577854
0.0895397775954
0.0777397348986
0.0391660709654
0.0565031903733
0.0795938053589
0.101797313016
0.0797135722522
0.0337389127722
0.0136832699518
0.000154680225243
0.0618407827085
0.0216737295593
-0.0705153836534
0.00965776330383
0.0352446156199
0.00898844996937
0.0776510324189
-0.0191208669512
0.0581114183126
-0.0104985220715
0.0213764955047
0.10723547922
0.131877939705
0.0491221011137
-0.0290793716357
0.0855340583827
0.0270783908755
0.0437743340993
0.0387592836792
0.104249371288
0.0695881364234
-0.0383595591038
0.0199785011502
0.092935633088
0.00614186159572
0.0308126883317
0.0421998834741
-0.0176216722291
0.10666709789
0.00358316936969
0.0260887009185
0.0733850448082
0.109478319598
0.0106787623068
0.090462654303
0.109633918517
0.00171582381187
0.0445490772342
0.0193069233708
0.0605648768146
-0.00447691550843
-0.140350614669
0.0810984762976
0.133673201381
0.0977621981978
0.0571644714174
0.0326764939991
-0.0168882435945
0.0698023899572
0.0309050734533
0.0722128181519
-0.0303038501504
-0.0185313755824
-0.0637268905513
0.00704203015328
0.066310097838
0.0233524660194
0.0912476507397
0.089948075471
-0.00539861274759
0.0835220008554
0.0593586916151
-0.0393674290368
0.0539761064333
0.00582491342361
0.0827265300702
0.117348865494
0.0246610862584
-0.00878903634861
0.0199919458327
0.0437489042961
-0.00711480772226
0.0952927904612
0.0193671753963
0.0826506411875
-0.0324972500362
0.0851216187205
0.0761536643072
0.0215282749335
0.01452237983
0.0588281543041
0.075394882706
0.0059428864897
-0.101446582587
0.0411430143413
0.0759741382531
0.0166970619821
0.0192524157592
0.0446933193635
0.105910145264
0.0434211200202
0.0930723006748
0.0533929613652
0.123845002299
0.0338773639593
0.00529085508435
0.0500001777068
0.0198481500729
0.0841443743693
-0.138388269628
0.0801186094813
-0.00677470087614
0.0235379714708
0.0126267497466
-0.0565309436441
0.089367859404
-0.00443255213467
0.00633134889267
0.0597329722203
0.0987891748982
0.0819344969406
0.0142744570461
-0.0410665799218
0.134082417863
0.108577729766
0.0613318877534
0.0458144074121
0.0781868944146
0.0411951768762
0.0660766015102
0.133320808596
0.0346917622726
-0.0261960174186
0.129753725499
0.0737739928307
0.120775324468
0.0501981185254
0.0475468341312
-0.0888027743812
0.00796550712456
0.0633328416123
0.0748840621028
0.0368126477888
0.0630395053634
0.078718664444
-0.0551567941449
0.134029737952
0.0253640004915
-0.0104293854466
0.0122095001389
0.0275343105137
0.0645899703695
0.0158426108792
0.0357424022596
0.0111564573409
0.0887497356992
0.0956769486531
0.00949359832392
0.117659905651
-0.0618951335484
0.103516829184
0.0670738359109
0.116173382348
0.0529007018866
0.0155116155145
-0.0828882387191
0.0596981341981
-0.164665193995
0.0217717645889
0.085941186528
0.0704864100007
0.0327641859967
0.00577062375802
-0.0249655428522
-0.0199273571941
0.0480343696629
0.0401072101276
-0.0642557928301
0.0186731645974
0.0668640935637
0.014140362105
0.0737772466035
0.0650097973422
0.0933727686878
0.00781097888702
0.0675706728274
0.074018059439
-0.0373803223876
0.0995310676646
0.0471614679919
0.0750577862922
0.0313163362529
0.13323867703
0.0810085032002
0.00169899730603
0.0748683601154
0.114865774042
0.115823291245
0.0559767943189
-0.0379791833686
0.0947285477754
0.0377613145397
0.0284450354379
0.0201350075712
-0.013541025515
0.0139585049974
0.0688141940624
0.0527515660389
0.0360162711828
-0.00774468475657
0.0741840907424
-0.0196781608355
0.0810900653588
0.0608587601748
-0.00490812349724
0.0161375958672
0.0476556736734
-0.0231479767046
0.00982428873018
0.0324404296242
0.125569482504
-0.082835261016
0.10454920516
0.026864520058
0.0541261471268
0.0817180860902
0.0491354259381
0.0446731558353
0.104429548669
-0.00084593694469
0.0025342513826
-0.0133204243623
0.0145520089865
0.0798352057611
0.0530698380859
0.0540162893545
0.0809065237809
0.0340591815491
-0.0198962727343
0.03178709736
0.063815971312
0.0950014413188
0.0554794236488
0.0383232114379
-0.027397501266
0.0726066835507
0.0164851627844
0.111418666256
0.0306236662109
-0.0618552778779
0.0741368892267
-0.0679427070991
0.05530291638
0.0741696135817
0.082080537056
0.0665722879175
0.000369778946369
0.0307430635236
0.0218024494642
-0.0764683040716
-0.0347349697951
0.105969264475
-0.0398625860675
-0.0181823804335
-0.0168035759983
0.00230425837179
0.0675837499245
-0.014323946657
0.0112219132067
0.062778234683
0.0635420372933
0.00365923545895
0.00807015950579
-0.00990067356701
0.13083815438
0.0667124960996
0.0726224227515
0.137271525041
0.0354872164551
0.0194131164562
0.0445771987217
0.0379671604471
0.0137318112785
0.0730628771907
0.0985010548004
0.0208151004257
-0.0719365112156
0.0471285966048
-0.0390977670747
0.0445118222916
-0.0142778462206
0.0168871949086
0.0135079789259
0.0323895249679
0.092279445986
-0.112502396804
-0.00114996059014
-0.0664112579962
0.119258579558
0.0993130187056
0.103513007029
-0.0156371010946
0.0460243341586
0.0203357534821
0.0456006302592
-0.00315859258109
0.0175088217184
0.0492312096165
0.0171196784529
-0.0248108180768
0.0646878216118
-0.141743646858
0.0977085161437
-0.0101759435099
0.0519606625623
0.106093862001
0.052742549925
0.0443145634706
0.0884609437466
0.0578125072339
0.0464320735341
-0.060160664078
0.0843740437561
0.0269245916824
-0.00422347162825
0.0120519918106
-0.0446805777761
0.0230268554966
0.0233925686163
-0.0202114420366
0.0873570052761
-0.0359718782604
0.116628470702
0.028072418993
0.0661538269893
0.100521661168
0.0730925219944
0.135914081661
0.108039296869
0.0251419470423
-0.00235227284714
0.0185859164315
0.0637943600875
-0.103278060723
0.106674486814
-0.00510773952846
0.0707346360456
0.05096424494
-0.0405553008396
0.0754866020547
-0.0512827094887
-0.0289523079638
-0.0332552854673
0.044313287122
0.0015328335916
0.0156077256577
0.0376463355361
-0.00454027939613
0.0956524857246
0.00922021469125
-0.00191946129117
0.0577039444596
0.0460121979911
0.0827502724468
0.0818753403065
-0.0322176624831
0.134498294571
-0.0120500254452
0.0900593775492
0.0809508085982
0.110270205268
0.12540823865
0.058855697707
0.0217157633684
0.0761550251241
-0.0412852401424
0.0491770494281
0.0135097661026
-0.0936208314916
0.0661415104074
0.0442668982398
0.038149232232
0.0850400055797
0.0480603017574
0.0587841078332
0.0842074076923
0.00560689158692
0.0520242534011
0.00659366600578
-0.0426390105906
0.0432920656947
0.0103353147655
0.0246128571165
0.0354556551663
-0.00193097096446
0.128594920533
-0.0226999748441
0.137798842496
-0.029134206239
0.041556472934
0.0376294686111
0.146192224854
0.0874403114517
0.0316964980489
0.00998818056594
0.117995755149
0.0852777531308
-0.00653936399353
0.0356594661969
0.0849965043532
0.0615484243931
0.0388824461095
0.108346171923
0.0833308409187
0.019454915777
0.0694867908094
0.0998174260438
0.133012632255
0.0921334852803
0.0137151898828
0.0516473688083
0.0521535831218
0.0299401221474
0.127785076501
0.0783759123938
0.106257282519
0.0834253822676
0.0471258664031
-0.0535981059698
0.0349060003617
0.12146912752
0.105128628244
-0.000705555554187
0.111167025812
-0.0496533563641
-0.0172797476155
-0.0546210972288
0.0962126180486
0.0442959840169
0.108898642074
0.0704779987444
0.0900132987455
0.0789233229554
0.00455572849691
0.0798868818082
0.0362473960383
-0.0095681123654
-0.0589375572727
0.101897682377
-0.0166632892929
0.06139840425
-0.0629773282688
0.0814321007464
0.0366118095863
0.0557944209931
0.110306172211
0.0197333995557
0.129854406037
-0.0217813459545
0.0636568061389
0.00341589774111
-0.00947192898344
-0.00554599823197
0.0272312299834
0.055822551425
-0.0376571094253
0.0696101391112
-0.0323525772427
0.087514172776
0.00830976004024
0.0725309620812
0.135117977438
0.0525473006995
-0.00323397917505
0.0755785848475
0.0574135947914
-0.0462704828044
0.0209657301361
0.105796007787
0.0233941647041
0.0368074455578
0.0855034954173
-0.0135346517077
0.0646465399092
0.117921911775
0.0683395420631
0.0812365163325
0.084915468522
0.0992856018715
0.0546387590073
0.0941682085864
0.0232646646322
0.0313091120446
0.0752254557196
0.047982253205
0.130548469604
0.0424998366601
0.0520491617391
0.0885346781513
0.0327743933846
0.0705976078858
0.00863961903391
0.0738374380652
0.146915547336
0.0292596990628
0.0658795373943
-0.024897763508
0.0697799938641
0.0448702505547
0.103462470815
0.0698203854015
0.0505067650298
0.00120072110709
0.0697649803039
0.0509434509721
0.112444170386
0.0878915034076
0.0826567450987
0.0679670160746
0.0835857327599
0.111651318868
0.0742307985637
-0.0153119086395
-0.0179011349164
0.0428049177398
0.0637593247714
0.0879922484722
0.074857890007
0.0483738411107
0.111987857766
0.0165924834137
0.0954888924878
0.0429994830348
0.0951514628996
-0.0113165673279
0.0628613691216
0.108723661589
0.064998523087
0.0557973508255
0.0793632139859
0.108455655099
0.0473645999004
-0.0262234654713
0.0133434312694
0.0145914220204
0.118441680018
0.0573486810796
0.0471830762371
0.0775246175592
-0.103392540738
0.12441182596
0.0726809316759
0.0267753912671
0.0824167733898
0.0954914345897
0.108298168355
-0.0334140113543
-0.036011911818
0.0919359125362
0.0220031254985
0.106948271991
0.0224313943376
0.0579124294075
0.10985143205
0.0723131070961
0.0909212687861
0.0693718739876
0.0156533713726
0.00679040175845
0.108856774503
0.0274595608086
-0.0995625789259
-0.0824652666629
0.0930628889387
0.0273736706952
0.0846839303323
-0.0276875041906
0.0643502900031
0.0904645923167
0.089661713077
-0.0349923128695
0.103069197261
0.0662244191257
-0.0113599453686
0.0573115433512
0.0621040459025
0.0627023402889
0.0640826374832
0.127937480945
0.0828600792251
0.00297182590468
0.0499436497272
0.0593650012446
0.0873980302485
0.122446054165
0.0959974402209
0.0730344011422
0.102404001609
0.00947020839772
0.0124295082122
0.0402490961756
0.0691775780207
0.0158055416818
0.030457345168
-0.0856424072489
0.0229346443028
0.053497002931
0.0146034624588
0.0646395020805
-0.0336956990245
0.0335587207716
0.0964307820265
0.02376050383
0.0696042517122
0.117397062478
0.00875030464217
0.0472531976347
0.083058379595
0.0797455260502
0.0202539216309
0.10774018438
0.0766494805019
0.129718954898
0.0439236636574
0.0555446828728
0.0687451729339
0.0146183749121
-0.0502276131624
0.078725617991
0.0840143344161
0.0367249576775
0.0866695577757
-0.0141114200552
0.00916903195335
0.0678434488664
-0.028888220664
-0.0493621228605
-0.190340010766
0.061637936696
0.0505526462567
-0.0667870184986
-0.00273849733031
0.00578059248978
0.0956876014717
0.100745488463
0.0656441794801
0.119746745552
0.0785709706957
-0.114138301361
0.0703076666761
0.000948169013906
0.0492416645698
0.063483052804
-0.00115971967369
0.0513769125443
0.0346551347923
0.114041807432
-0.00751247970391
-0.00377686757284
-0.02277653087
0.0747275752798
0.0654499988798
0.0952414886478
0.0226391036432
0.0384803140715
0.0737277889233
0.0534792541825
-0.0514602074025
0.0484480890456
0.0420074799301
0.0618300429527
0.0353145405645
0.0939109294506
0.0633422015069
0.0222780019579
0.0777179550579
0.0892872177388
0.0206089958835
-0.0134472569783
0.117998997366
0.0363620109834
-0.0329120270355
0.0882964840895
0.13444553308
0.0723016728744
-0.0276824612795
0.113932744918
0.0456991729329
0.0132073370256
0.00558500161528
0.0647119716261
0.0409462212034
-0.0362507021822
-0.00628520309097
0.105619944184
0.113188008374
0.0737819579096
-0.0228833156133
0.0127292377755
-0.0663159121634
0.0331891702344
0.0962769063974
0.0139669520455
0.0384810227956
0.0366583083437
0.0706073221718
0.137526013995
0.0405501488895
0.0866897237787
0.0348182953384
0.0552894782734
0.0138763464188
0.00455558835054
0.078652908538
0.00093787634176
0.0298400228418
0.0191350470676
0.0689227113271
0.0387739356946
0.0734249037576
0.0454968291323
0.0628976600387
0.0057944154473
0.0754130002188
0.0985377431974
0.0884058654209
0.0120858831105
0.125387660443
0.0363275333719
0.011173114781
-0.0842841890601
0.0809205833973
0.0205938768772
0.141205773462
0.0633581103923
0.0168380170935
-0.0456428347426
0.0129328562786
-0.0250748192615
-0.00791000710891
0.0406197312902
0.097116920181
0.0914042251856
0.069167591871
0.112918057221
0.0610487994822
0.020101347656
0.00227780911906
0.0153603056909
-0.000166920983277
0.0856348077798
0.0351910388247
0.0406673723847
0.123020730398
0.143403792516
0.0347724825151
0.0790039401062
0.0597565693518
0.041193576137
-0.0194460367962
-0.0124456397791
0.057698948652
-0.00860346265211
0.0698221146653
0.0946155491509
0.0370756145916
0.129179714601
0.01838490888
0.071496614125
0.0603667531848
0.0870665241847
-0.0349606503289
0.024835340728
0.00427980207308
0.0601549834195
0.0189044359991
-0.0121893479822
0.0764104815859
-0.0428725463552
0.0899644520583
0.00153678170427
0.0885998197413
0.0258980917391
0.00701484106917
0.076609209983
-0.0980613889483
0.0935819979502
0.0823030846663
-0.00307666685678
0.0319326083037
0.0995149987103
0.0678220750032
-0.017392913785
0.108148235261
0.0620542698204
0.0267383596201
0.0380209614858
0.0265025214423
0.047379995018
0.0302667829578
0.104360245983
0.0902181227987
0.111960502285
0.00796504687711
0.062899965535
-0.0268770232771
0.022728604913
0.100999215878
-0.00371636425345
0.0188894275217
0.0568990701731
0.0575269874838
-0.0359831407278
0.0743246276465
0.0861091435346
0.0547790308522
0.0783763661622
0.0659759946532
0.0320989300155
0.0917978145079
0.0830243308545
0.0805222570984
0.0697886584048
0.0234703385959
-0.0282038696591
-0.0112793176746
0.0448781863656
0.110352307443
0.0477537421326
0.0639320298115
0.119260947676
0.102308134004
0.060094157468
0.0208012648066
0.0732460229575
0.0592533179402
-0.00758217328016
-0.050463200634
0.00148433974974
0.106283543563
0.141890033924
-0.091828271395
-0.0637129736425
-0.00323686668532
0.0383937984735
0.018443829354
0.0164834012051
0.0616293455988
0.0484887003861
0.01901763931
-0.0252981257976
0.0201238092203
-0.0406902038935
0.0863417772292
0.114650823339
-0.0260203776908
0.137218649176
0.0103143398978
0.087598453887
0.105218276568
0.0850512560714
0.0596214918132
0.062209032249
0.0175975826789
0.0455693471901
0.0890859852454
-0.0149799453242
-0.00835237061667
0.0142290473666
0.107731337829
-0.0317435330691
0.0874379874338
0.0693227236251
0.0408141077218
0.0647674268928
0.0843025882157
-0.0533669756519
0.129347980794
0.00209848372542
-0.0015972510699
0.0662182576078
0.11111335167
0.110716056135
0.0749318469423
0.126910300036
0.12361768003
0.0669107074725
-0.00447785526107
0.0773942226908
0.0250487736075
-0.0198246090335
0.0761293294451
-0.00562235623744
0.0875828906159
0.0431791933505
-0.0393162611195
0.0661094271002
0.104452550129
0.038961669123
0.0745015747983
0.0505257080756
-0.0510766635264
0.101189620732
-0.0177865762376
0.11979490636
0.0260777985868
0.0623843846479
-0.0946007309754
0.104797566126
0.0819540710579
0.0399715438025
0.0315759599901
0.0703728425598
0.05560607755
0.107030128148
0.0986429398695
0.058173606303
0.0411137123408
-0.0196206411274
-0.0206409703031
0.0896231446784
0.0825306100305
0.0185498965589
0.0913003031421
0.0918340373851
-0.0200521379303
0.0491828110457
0.11248129835
0.0584100642524
-0.0302665515672
0.0495301547453
-0.0149963575448
0.0277432941519
-0.0364084705339
0.0578549218213
0.0832420744573
-0.00148317989062
0.00192657693586
0.0271833933385
0.049913798379
0.00158410643885
-0.0572778114424
0.0972359943182
0.0973711349288
0.0871752329143
0.0201625768702
0.119920647653
-0.0023409427418
-0.0543372055825
0.0563055839092
0.113359855686
0.0965042798755
0.0943187411922
0.119556643564
0.118141931515
0.00197397187823
0.0279140521693
-0.00368782300341
0.0678815975638
0.100926057089
0.0137276619415
0.0502042345335
0.0490258718716
0.0610766203866
0.144446908218
0.0676177132084
0.0758917018009
0.0251045234778
0.083487760932
0.00905577971521
0.117972414046
0.0504637914052
0.114338839948
0.0614864460543
-0.0049959772948
-0.0317079523016
0.0642852116636
0.0327967208856
-0.066116376848
-0.00771605325715
-0.0243906829935
0.0714053278378
0.0163771500468
0.110261324342
0.0979392982094
0.132708076273
0.075573491921
0.0419110808772
-0.0120455122122
0.0763659423869
0.0268876830304
0.0294210239013
0.0350495500207
0.0644200854158
-0.0193773960576
0.0266283171794
0.0657578637911
0.0154104583329
0.119061487644
-0.0390608599706
0.00699657023256
0.0456126809765
0.0207951924892
0.0968490795482
0.0862507592409
-0.0202185701074
0.00403482421375
0.0325367394204
0.12754543066
0.105011885913
0.00430782385027
0.0967970910462
0.083378308524
0.125049376848
0.0756415118529
-0.0219031987752
0.0569246605503
0.0126607931202
-0.0506614919598
-0.0362362194637
0.110804363981
-0.00102994043539
-0.0848849208815
0.00213320657725
0.0217008513581
0.0154843706143
0.127246030982
0.0509837841411
0.0433313740364
0.00289833678377
0.0791191482284
0.093246525022
-0.0301188403078
0.0492875684096
0.113730710882
0.0366489147364
0.0779573177697
0.0887316377513
0.0707370022023
0.0141833775496
0.12071544213
0.0320180753877
0.134160070157
0.0523402031055
0.0977421745555
0.0519276878761
0.0939760985571
0.0777933108929
0.110155001605
0.12421378499
0.0371956135376
0.0756806704143
0.0155312307176
-0.00109558642008
0.0451360143553
0.0564128469763
-0.0662627261441
0.0666077798073
0.0112332973968
0.000529380471024
0.0437217948494
0.13566379542
0.119848889307
-0.0183272408498
0.118297103052
0.0897188997157
0.0300793533857
-0.0338922818594
0.0665599832134
0.00743454429208
0.0386562992018
0.00850068189256
0.00674314621975
0.128196456235
0.00479536441738
-0.00972733010753
0.00774085379143
0.0681298233927
0.0816097881147
0.0260494253321
0.0524486293894
0.105839812014
0.0647603475072
0.0299652045342
0.0393056470871
0.0992352342391
0.0223006507939
-0.0338830666004
0.0677229501062
0.0280100692183
0.0482775654104
0.0839149395278
0.100167601238
0.0622757714714
0.0756625666036
0.00917136973273
0.116169089131
0.0619076060408
0.0755130970976
0.138516249802
0.0416071498827
0.0347656165019
0.0754399572599
0.102857760472
0.0443155400256
0.0498292258557
0.0551199625688
-0.0145124028033
0.00340133689755
0.0557172480164
0.00548134830524
0.0687527090606
0.0307770071414
0.0666720402703
-0.0213728973074
0.0959827501604
0.0082230371914
0.0692428746306
0.129126788936
0.0080628284605
0.0380124071841
0.0128136040911
0.117470051973
0.0385111334683
0.0671321409178
-0.132250462212
0.105649342879
0.110972597747
-0.0012583954767
0.0663248949252
0.0220029736757
0.067457775173
0.0648418112752
0.0762565716775
0.015332107799
0.121141935191
0.0833038863801
0.0395418939181
0.0491054338921
0.0616544909086
0.0298840126798
0.113982314936
0.0385692390482
-0.0480687945334
0.105327192518
0.00129796426402
0.0873846946622
0.123571053411
0.0956719080443
0.103598260785
0.0562145690097
0.118432495
-0.01053389812
0.0209745157566
-0.00791065715348
0.0141302720308
0.0678740127005
0.0747741537338
0.093617156132
-0.0188790612699
-0.0151510003477
0.0833428696374
0.106896881512
0.138000694144
0.090769415102
0.0148886358694
-0.0125654669669
0.113088142229
0.0519007289832
0.0904111747262
0.0933324393949
-0.030503806873
0.0408119214805
-0.0341759936855
0.0202314449349
0.0423919460174
0.0897700786519
0.0941791823623
0.0310770567138
0.0997268761401
0.0819163829358
0.0151709788656
-0.00894642449274
0.11856567622
0.0826406611414
0.110608649962
0.0858172210255
0.06891579966
0.100879624169
0.0330884568459
0.0858345419087
0.0607003802979
0.0917976297495
0.101420510672
0.0264428103287
0.0511962935021
0.121020940127
0.0227268894625
0.0462642091968
0.0419083703123
0.0402459817978
0.0890271200896
0.0633642099265
0.0271914930432
0.0556361733995
0.0482184841221
-0.0101400160084
0.142380673889
0.0573707481623
0.0112077250934
-0.0095587005742
-0.011795704397
0.0684751042976
0.0540736540428
-0.0119277359303
0.0243535870269
0.0358606335078
0.017592896877
0.0111768743364
0.0881423512204
0.102094611858
0.000166752378391
-0.131361741579
0.00604367144588
0.0866902125988
0.0904939636469
0.058160288532
0.0654701299038
0.0580083091728
0.113015607486
-0.0119549545993
0.0165766178229
0.093489026802
0.0214318382193
0.0712195983824
0.0739037868511
0.0590400027863
0.0223888124837
0.00492893107055
0.11857469645
-0.0381914671913
-0.0156407812135
-0.00204028081422
0.0780562377389
0.0513201937638
0.0519848187183
0.0533926975813
0.00388806378309
0.0620056444296
-0.0398380420874
0.0407591446677
0.0792361432492
0.105287947626
0.0235581928097
0.109645377922
0.084531315594
0.0228683046448
-0.055359029983
0.00625141502798
0.0526540417062
0.033951821642
0.0316769808438
-0.0211150226398
0.0510696323766
0.0733509137009
0.0794550649934
-0.0211798755026
0.0703488513096
-0.0857521783551
0.0173809801764
0.00897770388377
0.117689305207
0.00593488371364
0.125625668463
0.12401617984
0.00597554555167
0.0026369225762
0.00190362266743
0.00725845961001
0.0133307931835
0.0954905451034
0.0365062814012
0.12643140437
0.118208420123
0.111618435708
0.0192582273519
0.143179215331
0.142713560853
0.0723007079147
0.0714806555523
-0.125714598161
0.0358957665989
0.0341903450826
0.0842453565079
-0.00909513837918
0.0362729504885
0.00453481155488
-0.113400579672
0.0894137059891
-0.00535510865842
0.00944909155586
0.0677975565816
0.0117695709321
0.0686492307222
0.0406151919481
0.0453935301323
0.106314047589
0.0414938882242
0.0672034367142
0.0865204126823
0.0415907882935
-0.0268761612501
0.125454672454
-0.0347541238047
0.0260880267601
0.0987101218331
0.0923139369374
0.0750947064968
0.129970966331
0.0940213175004
0.0336899685318
0.00096393250208
0.0937943977254
-0.0359613810151
-0.0224057403052
0.0613588195989
0.0774348658194
-0.000197981359059
0.00167182528913
-0.0227369259268
0.0750479626615
0.0632248378614
0.129285612294
0.096934161446
0.025294075162
-0.0925113896433
0.0926704683135
0.0191665206802
0.0957922004914
0.137539811112
0.0490043854004
0.109787383269
0.109492122129
0.0117249991289
0.0708290484384
0.0420900347918
0.00841751686189
0.0309177160322
0.103501704505
0.00313828798767
0.00879926823179
0.00700856787599
0.0735825375205
0.069509611128
0.0762628023108
0.0101522212785
-0.0201332773608
-0.042320974477
0.0849581401635
0.070496630704
0.129340921464
0.11113298265
0.0394795239016
0.0125195102591
0.141708010973
0.0283714073175
0.0712874967799
0.128374301957
0.134874886777
0.0452217616546
0.0628098992984
0.116099740633
-0.0131568068491
-0.0781290400242
-0.0406525342631
0.062109333086
-0.0322590229118
0.0699879425493
0.0638865731506
0.102033894016
0.0976921073795
0.128283689303
0.00209545660584
0.0340631941367
0.0756471491332
-0.0272692325657
0.033703173701
0.0252615391485
0.0403871216647
0.11909971071
-0.0318655860199
-0.0368489833035
0.073951836847
0.0903816025777
0.0358618094745
0.0376518185028
-0.031021469976
0.0434648117497
0.0564180871852
0.0610466913558
-0.0530355623849
0.0625527267165
0.0612384000432
0.0760901483258
0.109997229709
0.117603313581
0.054945047005
0.0133924658732
-0.0341975916027
-0.0494390104682
0.0795107978219
0.0687619492874
0.139295665964
0.113315162514
0.131394276335
0.0802076070277
0.0295797835829
0.0380184926418
0.0412396676167
0.0627171153646
0.0468259664548
0.0533073075679
0.116006981278
0.0373863791506
0.0276037689692
0.0910336520303
-0.0382527928525
0.0795331562082
0.0637910096428
0.0340058124104
0.00325839205718
0.0703746217756
0.125965257734
0.08133430693
-0.0571743102064
0.0136248647922
0.0775111672686
0.0282591255962
-0.0870731326168
0.0284163758886
0.117064455381
0.0521350921615
0.0404510282776
0.112248007461
0.100432927853
0.117429607988
-0.0145840563697
0.0374775496624
0.0679020266534
0.0157853961468
-0.0309579550868
-0.0303354849947
0.0974373856293
0.0507651808173
0.0963556291678
0.00974624441742
0.0989466068424
-0.0142200743695
0.0614523417485
0.0383717831392
0.0899052984084
0.0378144242254
0.0678345591886
0.00441248518236
0.0282353258259
0.0150340862
0.0949239224851
0.0637656468356
0.132801217298
-0.0137236802766
0.101389637056
0.00250792172882
0.0936507409213
0.0441387646808
-0.00708414382554
0.0129408588851
0.0370520616268
0.0160009746536
0.044099355966
0.0440040151165
-0.0139888841813
0.0993734194963
0.0895767395316
-0.0328294377801
0.0995462704802
0.0560758338383
0.0685095483517
0.0863013356121
0.111749919574
0.0402654191898
0.0220521672407
0.101023228392
0.00986030141588
0.116593468832
0.0355807588055
-0.0442824341717
0.00912321467812
0.0538738318922
0.0594216597721
-0.0198595130195
7.93399231247e-05
-0.0151933112642
-0.0418976283717
0.0722774761304
0.113922456165
0.093250506145
0.0992640978472
-0.084590875506
0.0464328673966
0.124946593739
0.103428752699
0.0589759667402
0.0760534531593
-0.0309642515528
0.0908808967183
0.033932140883
0.00621594600495
0.108814528922
0.038626109991
-0.00107296460785
0.0817212852561
-0.0327735603001
0.121394915443
0.0283694648824
0.109876131354
0.102401947165
0.00164493123363
-0.0800516377396
0.0207436747311
0.0920002706018
0.0325408869669
-0.0208266425077
0.0484281194818
0.0731132950352
0.106001849401
0.0665376121109
0.127364523954
-0.0295008506695
0.0963065732921
-0.0123691432992
0.115574880423
0.018801298374
0.0877743768813
0.0878372608528
0.124787176122
0.0515205944032
0.064856355179
0.122965971994
0.0187357787038
-0.00706982393685
0.0631936678753
-0.0318968293705
-0.0335877355445
0.115098148652
0.106265462504
-0.124344843016
0.111010919281
0.134391442416
0.0871335611065
-0.0155897190182
0.00587614416517
0.0313680755964
0.0458509215642
0.0123268491708
-0.00372927613948
0.00586317039831
0.077621356173
0.0144740876692
0.0487951867823
0.0629275844869
0.115354814498
0.0309060116061
0.0113118014258
-0.0459360034545
-0.0539660851838
0.0623676492901
-5.30638353391e-05
0.0756820339711
0.0416797977481
0.0173388074013
-0.0671226958591
-0.053443690488
-0.0149463196593
0.096675294134
-0.071909269585
0.0491530327288
0.132377421341
0.0586645995241
0.0583943424226
0.126870976835
0.0324641842474
0.0502180100768
0.108236012971
0.111125464264
0.101279328901
0.0204882277446
0.103746371813
-0.0948303057546
-0.0845105035183
0.0333544659019
0.00857772146977
0.0900627271676
0.068459737908
-0.0673108945668
0.0129676498607
0.0667603945071
0.0269632272699
-0.0195887859475
0.0424966428347
0.0364978632743
0.0713853834313
0.134436703128
0.0968656996253
-0.0401886509187
0.113203881753
0.0377961582119
0.0220892553135
0.0418207186741
0.116284606616
-1.98336199846e-05
0.0742894835749
0.0936011341867
0.050078839837
0.0220755264461
0.088055387412
0.0931623001626
0.0733868756572
0.0272717291597
0.0562130480169
0.115236320657
0.0273549812378
0.0534641218904
0.0313813104127
0.104687265373
0.0460281011196
0.125106539949
0.0201120101953
0.095560215576
0.0162358454602
0.0872860527204
-0.0192436384948
-0.0206307724948
0.120876655086
0.115224599352
0.0631712924451
0.0766046392815
-0.0193752438246
0.0909560049579
0.0414810325983
0.0465556894801
-0.0111178836061
-0.0207710569538
0.0524547400598
-0.00379026007347
-0.0143205760672
0.0569721579165
0.123414361335
-0.0980940441171
0.0585677459873
0.0979196959722
-0.0195409280092
-0.00527834020667
0.0393437371491
-0.0969569088044
0.0697443960555
0.07852000833
-0.00898898026435
0.0316406678401
0.0574878724846
-0.0188250802531
0.0499851955534
0.0959327523273
0.0239327781822
-0.0640765196025
-0.0281396636388
0.0266939648835
-0.0443814890409
0.027622282591
0.017766000406
0.0436570187745
-0.0529057042316
-0.00303199907424
0.0487242291249
0.0632966424536
0.0505932017405
0.0329448684988
0.0475098895085
0.122239096088
0.00639895952689
-0.00601463436277
0.0986190762511
0.0413517479785
0.0742338151223
0.0810616057015
0.0442521452304
0.0287496880856
0.0692732058207
0.09504551244
0.057157487403
0.00591792292315
0.0758258982793
0.0554563525753
0.014358963383
0.075340596346
0.130113531735
0.0433475111181
0.0970665420168
0.0138338807819
0.123169856423
0.0241246078815
-0.0773100885463
-0.00377593586895
0.0312256804467
-0.021389242754
-0.0665380698194
0.107273804926
-0.0363609755923
0.111218787611
0.0503505401756
0.034223463239
0.107202955935
0.108786003445
0.0343928332205
0.06861555715
0.0484455386789
0.131702974946
0.00800566394838
0.0503471139742
0.0950839857247
-0.0329214900873
0.0493242430843
0.0592775927135
0.0380531128095
0.046725199485
0.0507433743521
0.027963244775
0.0268409075528
0.113240026906
0.0401158477516
-0.0206289702007
-0.0156411791972
0.0799359910508
0.0965820227512
0.0437069998176
0.101351114348
0.0444876225997
0.0598627016826
0.0304706829041
0.119429026739
0.0545328068357
0.0177121561839
0.046325876394
0.069061506104
0.0350491515788
0.0667596481343
0.0170700942934
0.00409646942008
-0.000644078789022
0.077625410407
0.0683121070833
0.0733420171795
0.0724026461539
-0.00230574090617
0.0754414098403
-0.00778950585414
0.103369699841
0.0545975792335
0.0436942444542
0.0706951408878
-0.015249264585
0.0668683922694
0.0922351912657
0.0515087437496
0.09037205689
0.0651135204613
0.00322604042391
-0.000368552746103
-0.0213307928763
0.0337855996791
0.0370563143643
-0.100480547589
0.00916102930935
0.100379164959
-0.104549491066
0.069355733969
0.0367238070932
0.103859540028
0.0275803685075
0.0308033032269
-0.0233504501998
0.0106848238011
0.0878642178906
0.0423862096075
0.0550912686328
0.149354993172
0.070722376001
0.0499174322294
0.0556091053873
0.10025345471
0.0241360606552
-0.0252592235704
0.0320703756163
0.0369056889601
0.0145760195502
0.0312861029999
-0.0655964113477
-0.0228420415814
0.114144446353
0.0825272623619
0.00106568903086
0.087998386326
0.108874467806
0.00153544828868
0.118703114607
0.106134505574
0.00595601648657
0.0540279894759
0.0795163833951
0.103021717891
0.0531018072246
0.0466272697803
0.0245471233022
0.0205535493175
-0.0421893893528
0.0436844336895
0.0290225857529
0.00100491729898
-0.0420697519211
0.105026634215
0.0474329859261
0.00759103197171
0.0784183973239
0.0501875847344
0.05542682291
-0.00972462553397
-0.00593225934425
0.035799291133
-0.012645622768
0.0753633794951
0.0923114294106
0.0101579845185
0.0904888754781
0.0636511237484
0.059995599175
0.00560581280957
0.0881358409105
0.0489886449874
-0.0135412792299
-0.0153901914842
-0.0219647074679
0.124581741904
0.0643870260245
0.0497190212863
0.00873353900606
0.0608986547013
0.0976141628745
-0.0290327576028
-0.0480423643968
-0.0164367824204
0.130422867684
-0.0561015392612
-0.0975168627809
0.135966560986
0.138586434499
0.02494532033
0.0989602292202
0.119965848496
0.0111745290628
0.0982006810925
0.0377772546661
0.089693017486
0.0990643643332
0.0506435156726
0.0696384786239
-0.0457154078857
0.0550140527179
0.0892535049931
0.058697228655
0.0763473340941
-0.0774776718376
0.0568242271963
-0.00539575139941
-0.00173759411105
0.0293336794232
0.0906235856647
0.0843627087501
0.00793382325005
0.101048528484
0.126056227436
-0.0830901613169
0.120754304449
0.0874953166273
0.092662331104
-0.0889732774046
0.0843611391331
0.0542390253192
0.0354185235101
0.0697203914113
-0.0361884934123
0.0863345271372
-0.0409721246509
0.0214141540117
0.0242826705252
0.00870253165444
-0.0266486225639
0.119383677173
0.0214384647123
0.0760822506495
0.00372856616807
0.0825370997671
0.0499017009282
0.0139932158869
0.018571481547
0.0865262066052
0.00319809228972
0.106238554506
0.00157297608729
0.102062072055
0.0825140644694
0.0194625754594
-0.0864134281032
0.0192506834577
0.00113563153038
0.040116214785
0.117879210859
-0.0412708146814
0.0447224518359
0.0706648165695
-0.00641808900016
0.0454766289931
-0.00418965862827
0.0495667044417
-0.0422489642484
0.0899839313522
0.0665341056334
0.1045248333
0.080898040206
0.146280111169
0.0199238019368
0.0979374971734
0.0671297151857
0.0421188578079
0.0806331710309
-0.0131487337233
0.0445063204642
0.0005471084368
0.0250881247245
0.0601060409142
0.130647060238
0.0785218318268
0.0180491374087
0.0980731715461
0.0583690162996
0.11117643218
0.0850117726945
0.105487693324
-0.0325791016482
-0.010501824563
0.0602941156878
0.098911377271
0.0101918493647
0.0549690112519
0.0576782041626
0.0534739929221
0.101046061259
-0.0272691148221
0.0797176388653
-0.0256630584284
0.0631737868967
0.10970718036
-0.103586137491
-0.143165165476
0.0516842463574
-1.12606992486e-05
0.103260253523
0.0967110503826
0.069477311292
0.128317469794
0.111830890543
0.10191549757
-0.00452130477596
0.109996671065
0.00139554596691
0.118680626344
0.103882262487
0.109486988508
0.0664798692828
0.0622411693669
0.0145994641953
0.0641404632314
0.13367547884
-0.0100684934503
-0.0989761979131
-0.0401392326699
0.0702912693389
-0.066068181023
0.0644538876802
0.00762182334663
0.0440200561418
0.105541994238
0.0934274852112
0.0793735137082
0.0609365468096
-0.0033807957008
0.0866173873276
0.0669707871633
0.0251015456459
0.0191129709349
0.106012553446
-0.195002074842
0.0330632013642
0.089344938788
0.115668723321
0.0587796611693
-0.0690884041252
0.000799467016833
0.0265263838667
0.00522685858232
0.0227851313795
-0.0224038224413
0.103872355667
0.0406703868189
0.12292603132
0.0943271474432
-0.0909790459619
0.0931744531673
0.0443767679812
0.0960464641424
0.0858906416526
0.114891874383
0.0125569924778
-0.0763733818865
0.0649222826053
0.0265744121574
-0.0728155218302
0.0443119499018
0.0981381569075
0.141689583314
0.0944116901949
0.0745673228636
0.0188807784153
0.00988468325708
0.138207697921
0.086466977738
0.100163229402
0.103452939782
0.117725951143
0.106665627587
0.0581076376654
0.0452704533088
0.0292954672665
0.00280672484101
0.00654690882906
0.0871192271205
-0.0161398783328
0.00755627253068
0.0761315164183
0.0118842514919
-0.0215340982679
0.0874619404848
0.0898621686128
0.0017989512502
0.0376117799766
-0.0713721518125
-0.0318132897014
0.0760745684816
0.0347269576204
0.0136013666913
0.00970216419925
0.0849888105365
0.0882118946507
0.108539405541
-0.0729032972386
0.0502728652937
0.118442400589
0.0535880144923
0.00503480880151
0.0132172194448
0.0381641360221
0.0564433081164
0.0319023595635
0.00637483533535
-0.0248907501914
0.00425372493912
-0.161942733269
0.031678135709
-0.00775864965625
0.0406737705418
-0.0210146498139
-0.088047704047
0.0107106580154
-0.115732677641
0.0138430007239
0.0110789802758
0.0544008217385
0.0261440700737
0.0301847944271
0.0729858500714
0.118502974114
-0.0388689341281
0.0880672958051
0.0126746967787
0.0448570020453
0.0596569657606
0.00446267407068
-0.00888596085603
0.0803590771437
0.0161844803574
-0.00741631338584
0.0137354470237
-0.0121708636989
-0.00558856345841
0.0533718711296
0.0231474872457
0.0386433710946
-0.00838771584039
-0.0105159369199
0.0636863286794
0.104684133492
0.0420472398281
-0.0041800824024
0.0741678939234
0.0195797604909
0.0287475420303
0.100919027989
0.0516078462814
-0.069744565464
0.107471385325
-0.0313826960311
0.0340535361094
0.0392946984206
0.0714029101617
0.0854349569583
0.00321757656015
0.052877199683
-0.0625363954252
0.125833831286
-0.0090895131125
-0.0433260371795
0.0492962775954
0.0855336726046
0.112118070715
-0.00804966333778
0.103582334137
-0.0412126499082
0.0239478054761
0.0379127478582
0.0617894074549
0.0169997525499
0.0135620160232
-0.0307155889978
0.0490105705827
0.0583073981793
0.10382200623
0.0293959891515
0.125900431905
-0.0198999122747
0.0872518217764
0.0646381070162
0.129491662289
-0.0535807330452
0.0716463368372
-0.102271721511
0.0599616642975
0.0817141335582
0.0537058697938
0.112632820673
0.107151159647
0.0876722460451
0.0755558568204
0.00796934755439
0.14742038827
0.143083756036
0.0801972870465
0.00690080474608
0.121965822737
0.0391577330562
0.0641409281765
0.00331403425157
-0.0185634960788
0.0657744717973
0.0521846296967
-0.0174959045853
0.06034111199
-0.00899286293716
0.069244615506
0.0593886691757
0.11434471672
-0.00277131011241
0.136445934499
0.0733321286935
0.0987696075476
0.0434818911914
0.09112519127
0.0201502947694
0.0813878548427
0.0807395967904
0.121898946832
0.0475515943482
0.0791888315845
0.0503450659306
0.110174753952
0.0647939032204
0.0489810623505
0.0199997734885
0.0592315635878
0.0726374873285
-0.0683427667792
0.130603777608
0.0842745894554
