-0.00576272182088
0.0818524635526
0.0863071698685
-0.0163135990686
0.0784341392216
0.0926492354234
0.0899235155373
0.0379089097741
0.0179817711652
0.077175199416
-0.00921286778581
0.065444740572
-0.0011380174188
0.120881439504
0.0736987582223
0.00188661158558
0.0269620466162
0.0720657611053
0.0871655224857
0.067966154217
0.067021428622
0.076142692477
0.0909535724735
0.0636388072302
0.059394245269
0.00439771562533
0.0580363026993
0.089672564425
0.103253652986
0.102843131543
0.0111771068567
0.0133459774138
0.111808600801
0.105987594329
-0.0523124475205
-0.117982567982
0.115464568325
0.0626841701935
0.0380323326831
0.0120200944229
0.12214328956
0.0118924210976
0.0627463438553
0.0399669808679
0.0536008659497
0.0279158102959
-0.0578046376107
0.0147872404078
-0.0319636791036
0.0203294730833
0.0993532154425
0.112980885513
0.106984340423
0.0839126351932
0.068168430805
0.0527057958877
0.0515792785508
-0.0578184509103
0.0540561516095
0.101644320513
0.00557771496501
0.0821066757373
0.114409945471
0.0700883880132
0.100564132978
-0.0321424972839
-0.0832626355666
-0.0830546547157
0.0211598988262
0.0742788547002
0.125928041987
0.0482455255962
0.0884820621392
0.0831695711673
0.0819755647656
-0.000879442613487
0.0857213108357
-0.0175180113826
0.0576586449701
0.054308956519
0.0948350873798
0.0131674574373
0.0369775137613
-0.0262860523387
-0.0810025611622
0.105155086834
0.0036941260112
0.034868042257
0.0209429759059
0.0981910429361
0.115791029138
0.0144640768312
0.0821518042035
0.0226944410688
-0.0660140812611
0.114889473211
-0.0177593483006
0.0304035502849
-0.0734926565278
0.0971650056173
0.0333575707459
-0.00674444721408
0.0440388549509
0.068292201731
0.103251655734
0.0508515737719
0.0534447716674
0.0397071913308
0.0600140246886
0.109777241436
0.00684253582002
-0.00197524547682
0.0472635182114
0.0827725299565
0.0386714791185
0.1164949199
0.0675802961648
0.0475879936384
0.0950534243324
0.0656092393653
0.00104682549371
0.0146470853937
0.109531319999
0.0219214465772
-0.033490194766
-0.0483935243529
-0.0197633958212
0.101484108964
-0.0495162975604
-0.0302425231836
-0.00277085342234
0.0915162628951
0.00272205010818
0.0439947835847
0.0335552599568
0.0284766709793
0.0262278535884
-0.00310784999924
-0.10170786519
0.0904209883946
-0.0634774519265
0.122322302077
0.0149837541705
0.00248273934174
-0.0434455099297
0.0821387124248
0.0217647576375
0.0624585702082
0.0940084356569
0.041338576261
0.0715437938598
-0.0185977162529
-0.0178314900744
0.0745844715432
0.0802486993365
0.0086050818977
0.122257739657
0.0377867586668
0.0919165131021
0.0262140482592
0.00969077777127
0.00518722919687
0.0200576824542
0.109801174431
0.103852547567
-0.0210324627182
0.0941069750038
0.0623368533425
0.0240103274373
0.10652022268
0.112148377054
-0.0795613890343
0.068997453513
0.0452952420925
0.0132746883776
0.115185907499
0.00704035247796
0.0679849039911
0.100402761031
-0.0100855580403
0.0558104465808
0.0455574464869
0.0323916786005
-0.0140758733666
-0.00408857363549
-0.0279801723022
-0.0126420493786
-0.020869935534
0.0974643780993
0.00304013261054
0.0253429715189
0.111517292605
0.00486584103741
0.0527820972135
0.109747148948
0.111922017443
0.0176404129211
0.0673591364247
0.0062734241912
0.056686741292
0.0613104202884
-0.0143481551436
0.121059252691
-0.0119124268003
-0.00566842395014
-0.0299849069295
0.0917793737391
0.0301899613557
0.031323740014
-0.0516996366994
0.0679156944198
0.0728085286849
0.0712351506012
-0.0384277196789
0.0344971703816
0.0145818500539
0.0363250599092
0.0475168404337
0.0269772965155
-0.000381317382244
0.113232249149
-0.00625548337713
0.0248801578862
-0.0233758525082
0.0932284558093
0.095338580282
0.0386661565859
0.130318349961
0.0291245699607
-0.00123945365457
0.108001010664
0.101762091768
0.017769404881
0.062913387926
-0.0175730052497
0.0854693475947
-0.00528445847573
0.0893475357399
-0.117152245895
0.0308068560993
0.1156765839
0.0284668885561
-0.0189112456255
0.0856107651774
0.0595356074297
0.0750517999047
0.123873884118
-0.142169518435
0.0584903032851
0.0822817075081
0.00815716182884
0.0375781571674
0.0543909313944
0.133577277761
0.0706824383253
0.0493549618994
0.126646527783
0.0893770421107
0.063266745065
0.0435976244622
-0.0111766619897
0.0387830219732
-0.00736094217273
0.0714894617578
0.036484216097
0.0783203412945
0.037662968491
-0.0168919086154
0.0933469907364
-3.98827056074e-05
0.0214409527347
0.133057698625
0.0387054204003
0.0900251643621
0.0434246179349
0.116550506475
0.111053917636
0.0753141115311
0.0520554807374
0.116172225284
0.0158770269396
0.0740785669712
0.0708840739469
0.0758243102721
-0.0918438912287
0.0929934766244
0.10730282253
0.0935710232604
0.0102930286641
0.0421574669158
0.0316170682438
0.0196234165321
0.0340070777458
0.0646262373143
0.0701670924264
-0.0795371101081
0.0746174452645
0.0810133080918
0.0885748291085
0.0458851704872
0.0543427083767
-0.0327691420897
-0.166214961869
0.0421248158707
0.0788346072587
-0.0242735028316
0.0541603435128
0.124144791586
-0.0516767957871
0.0979551123344
0.0924668591608
0.0390145621668
0.0452249743584
0.0880896746353
0.018437128873
0.0724922508549
0.0520006640507
0.0203369383071
0.124187873898
0.0933642289397
0.0909843724965
0.103483782095
0.0999506530398
0.0343938529035
0.0448475330068
0.0259081931607
0.0571029175531
0.126173608247
-0.0122286760116
0.0235604887109
0.0558555987489
0.0770985250785
0.0689245037188
0.0517202799228
0.0916134734773
0.0168665635081
0.0834987435771
0.0448433192089
-0.00496569973765
-0.00202208507681
-0.0277042899693
-0.0494241973409
0.0219466383519
0.017941194025
-0.00677905153212
-0.0135719838813
0.088137882878
0.0228741809555
0.0578833305496
0.0976367725323
0.0330766341798
0.115975262618
0.0901150866175
0.0326188403717
0.100478512857
-0.00668391608112
-0.00873028101227
0.127419920847
0.077601368236
-0.0551614262918
0.0762233177228
0.0278228470991
0.032485897461
-0.00447181146119
0.0173797942255
0.00805460606221
0.104810451307
0.0758846439543
-0.0410571792088
0.117866699558
0.0327271322479
0.092034159542
0.0489576300418
-0.0433729025231
0.0326377425024
0.00473299741158
0.0245440185471
0.0894044865222
0.0974263089074
0.0130407469164
0.0125030202602
0.0603397864964
0.00898007258355
0.059251806548
0.112349636308
0.0166932190406
0.00474682722138
0.0996714230751
0.128202818392
0.0505491436909
0.0440811574286
0.00573764026226
0.129546883632
0.0604626498193
0.0985105033952
0.0218228300061
0.0230882960122
0.0173281173882
0.0469083961544
0.0266477743585
-0.0282366182683
-0.00801834727131
0.125478218884
0.00633965197698
0.128559894943
0.0824001850781
-0.00882593727509
0.0225070146665
0.00230504418581
0.0899868397679
0.0717057834686
-0.0563367572265
-0.0249837713853
-0.00500054653497
0.0380207836469
0.0483437226704
0.0656401066476
0.0132260597074
0.0968294379227
0.053605758952
-0.0650993320082
0.0318437471515
0.0929865313919
0.103261263113
0.109564180524
-0.114703697616
0.02958655387
-0.0166621100622
0.118918880788
0.0948721326583
0.0341056577256
-0.00529232750636
0.0585325323673
0.0238570341392
0.0677948196819
0.000647015878894
0.0329464407568
0.0984517534654
0.133902372837
0.0470564503192
0.0709303094502
-0.08501467972
0.0272465838471
0.119553499716
0.0025317504588
0.0625089355086
0.0196268473232
0.0632965908875
0.0209925240341
0.0544739293484
0.0715462605592
0.0787690290836
0.0467252070445
0.106950486865
0.0793436182575
0.120139519146
-0.0610756653632
0.0452366960586
0.0235472264319
0.113467662394
0.134896481501
0.0018729078223
0.047331901739
0.12349303072
-0.00790883817338
0.126472976854
0.0633446544119
0.116982708321
0.016782528114
0.0472434386985
-0.0107970837843
-0.00914369725748
-0.0412892031381
0.120029078472
0.0321117386588
0.00592776516317
0.0532492633679
0.0205488363984
0.074451862558
0.101746656166
-0.0235785002702
0.0378676444786
-0.04559750512
0.0823497620437
0.112760115392
0.0387281116662
0.100025110181
0.109705845248
0.0751596507255
0.0193882277066
0.0631813127745
-0.0405375044236
-0.000969081707435
0.073967349337
-0.00995839398155
0.0641575173983
-0.0623466137028
-0.0784130750629
0.12564100411
0.00850564922957
0.0713655867573
-0.00233951603276
0.0380062163619
0.0324646290657
0.0203303465875
0.0627410234437
-0.0506752232699
0.0303333211824
-0.0682297869776
0.0637280255045
-0.0715040359433
0.0342287186696
0.0395905385245
0.0227945660742
-0.00856985201175
0.0222021860431
0.033627263179
-0.00864054664321
0.0881274592719
-0.0657025368708
0.00428225837601
-0.00105353391734
0.0518960547554
0.0837491487532
0.050438962285
0.084609861859
0.0167497324724
0.0409292922645
0.134587154746
0.0937318288795
-0.0120231353085
-0.0403312307751
0.0982411644591
0.0556735407197
0.0842947430565
-0.0283892398465
0.00114585284382
0.0909964201234
0.0818168008415
-0.00972356381643
0.11710722772
0.0647950032504
0.00813123067754
-0.0522198068735
0.108589236231
-0.033804695721
0.119793737524
0.000876051000734
-0.0712893002199
0.00979750975728
0.11583522135
0.0662625304734
-0.0272429428642
-0.0307522834133
-0.00132323614138
0.0488560685195
0.11100852489
-0.0316530218664
0.0579649197626
-0.033116929529
-0.0367720190293
-0.00581409131668
-0.0266110234007
0.134124979657
-0.0394842925841
0.0869841290536
0.0307114354522
0.0974272672217
0.0886682369704
0.0561136022506
-0.0332912737405
-0.0235053556599
0.00891600871958
0.0495288674461
-0.00563208361253
0.0506097932032
0.0715258429691
0.054729614132
0.0961138053413
0.134059704639
0.119768174219
0.0359684329931
0.0754377463036
0.0483994956894
0.00152311763559
0.0432372596302
0.0628897977806
0.0680455976093
0.0836475917881
-0.00459522735088
0.0293108083462
-0.00432784485674
-0.0292539534777
0.0960794627359
0.130025791133
0.0278972269015
0.120325730594
0.0722355848966
-0.0457547550145
0.0529285429399
-0.00768002870177
0.0358284001756
0.0515224814736
0.0125176065861
0.0681577138451
0.100009637449
0.0438091393744
0.0924979284698
0.0680694830745
0.0984900985431
0.0403192119245
0.110550692626
-0.000518254027821
0.0604277040688
0.0147729820854
0.082112413021
0.131705293891
-0.0496304048738
0.0686447803753
-0.0460484805652
-1.02410969465e-05
0.118870177756
-0.0127646692658
0.00776148636313
0.0329860917224
-0.00425740546085
0.0435524841176
0.0706280345568
0.0745712407722
0.073905911583
0.112275079011
-0.123045951753
0.0902295844689
0.0463756321624
0.0196896676768
-0.0389673885101
0.110750950866
0.0637253317524
0.097109978068
0.0169992969939
0.0394998148577
-0.0152435696766
0.0620732346447
0.0723614545865
-0.0101982778255
0.0540518357306
0.0285169754564
0.104823524856
0.0756048992641
0.0353551147381
0.102293079632
0.00511343013123
0.0979174328224
-0.0111559157001
0.0615383657244
-0.0312354473615
-0.0343776204359
0.0965832105966
0.0602433606737
-0.0791445633644
0.11940197577
0.0760374310696
-0.0861998850013
-0.125968327907
0.0311198135983
-0.0171478913014
0.0298759998795
0.0833893040242
0.0703450948761
-0.0168680882074
0.0748464802183
0.0828884906483
0.110382349013
-0.00702865905525
0.0777828921468
0.0433967292158
0.0690938815439
0.127463945143
0.0560460920146
-0.0189198702889
0.0504683630932
-0.0536826417818
0.118529911974
0.0655786232337
0.0889657276744
0.113761040806
0.0643558160299
0.0851998327457
0.0817667046355
0.0294441298512
-0.0430906868724
0.0969790369116
-0.0554156629177
-0.173983127982
0.0865385420647
0.0481154617912
0.0492303922496
0.065936095444
0.0762384887164
-0.0205344005397
0.00838967809124
0.109272982621
0.00377575876987
0.0010792879252
-0.00567717935924
0.00699657607235
0.12389511517
0.0237584352779
0.059836948069
0.0464355266478
0.0688923291795
-0.0189518388561
0.111375848222
0.127092426437
0.0498074666438
-0.0114561915948
0.0610749961806
0.0724741515613
-0.0139977689355
0.0914107232672
0.135846190268
0.0678258232869
0.0478923689636
0.092951207575
0.107771542427
0.0410945777968
-0.0433401717827
0.0857879659708
0.0879757669902
-0.036339026305
0.103019202804
0.0544114977109
0.0139785684315
0.130050929689
0.0700029390333
0.0454977590878
0.0260058564778
0.0559556685955
0.0596875881127
0.0469138264629
0.0239626348182
0.0999057254936
0.0347088000507
-0.0107788997691
0.138226021948
-0.0712105849695
0.0137038350882
0.051794732595
0.0778007823151
-0.0340296075496
0.0234777243889
0.114711619928
0.0652704326704
0.0520940951034
0.0502651405113
0.105958624622
0.0277926922334
0.11884789474
-0.0882924428645
0.0298069413035
0.0216113145676
-0.0864301682238
0.0677413439982
-0.0790505016703
0.00364005243512
0.0388084475417
0.0489959335692
0.0280364335597
0.0523428540858
0.0419289536237
0.0705723906441
0.0337339006958
0.0849219691243
0.14381346853
0.00359553003512
0.030074661505
0.0321269120408
0.0727302014347
0.0126806623208
0.0312839478761
-0.0707235935384
-0.0285431838228
0.0969768157074
0.0540829094203
0.111962582667
0.036444020213
0.0295935790599
-0.00282940042489
0.00440485733307
-0.00923693375179
-0.00448078064629
0.0340968806572
-0.0973795556263
0.0440289357688
0.100373418514
0.066845074968
-0.0831317102287
-0.0250558317217
0.0164717986473
0.0816640899548
0.00630573794591
0.0440356160007
0.0818426367628
0.0803116471158
0.0769294829369
0.0587033648039
0.0498111937268
0.114417797418
-0.0422866209325
0.0272579456481
0.133222558491
-0.0157836617793
0.00979117309624
-0.028295675358
0.0391374643828
0.00838609382076
-0.00285342235379
-0.0174731712947
0.125636112394
-0.0187494460485
-0.0228719574997
0.0930372939511
0.0799638189748
0.122560571816
-0.0144805108857
0.000774113166663
0.0715442360621
0.0838431532034
0.0543689206915
0.0725628451125
-0.0522089817505
0.0664125694978
0.0841456673472
0.0400372716604
0.0163126763464
-0.0306084758008
0.0124601857282
0.0592537198516
-0.0086913130859
0.0408378413902
0.0420815076225
-0.0281734233705
0.13351105929
0.127168627811
-0.0388416870263
0.0662906756992
0.0254444637816
-0.142891804524
0.0880618203941
-0.010482320184
0.0903780716389
0.0450670353292
0.129536256358
0.107433142162
0.00421132347137
-0.00344803658466
0.0223873679336
0.0101044628264
0.0864626497217
0.0391378100762
0.0687493270614
0.0799829637044
0.0746930880353
0.0762820730477
0.0415400266154
0.112575273943
0.00562546013835
-0.000615574394022
0.0565164534984
0.125321777071
0.121530202666
0.0136123589986
0.0133259892641
0.11011295025
0.00545247806236
0.127820126073
0.0355103124749
0.1327840867
0.0258415741528
0.0711809440663
0.00830465129317
0.049856641581
0.00504299706788
0.0352478838381
0.142682716111
0.0689407631804
0.0875987009788
0.0448682648029
0.0437178654811
0.0284847652021
0.00134425471625
0.0093643063861
-0.0301471911027
0.120056836142
0.0282342832324
0.14599090794
0.102844753456
0.00937747342853
-0.0455117008064
0.015044096791
0.0559497460304
0.133476742278
-0.00423291668075
0.0620359047623
-0.0272950809566
-0.0141203235772
0.00754591498069
-0.0340844734499
0.0718188455985
0.0112758545107
0.0500991132842
0.0798755049318
0.106543095913
0.0082874541645
0.144767659646
0.0903252993939
0.0859515115646
0.0478650973206
0.139152170643
-0.0797963674189
-0.0627182487895
0.0156177284818
0.122267761068
0.0742498815616
0.102846587339
0.0530288935634
-0.154009798735
0.0748432335151
0.0882518690313
0.0432011616436
0.0647484484283
0.0593593343665
0.0361916322688
0.034205778753
-0.0527338649743
0.00337751089593
0.0449577943941
0.0159101056576
0.0458767996655
0.085930437436
0.0450892641277
0.146344073008
0.0369700603246
-0.00715928076014
-0.0310162284616
-0.0785300745084
-0.0669935043993
0.050075933171
0.00754977738307
0.0936442585654
0.0251324692302
-0.00110775046482
0.0806680652204
0.112622160208
0.0494323404475
0.0779359331191
0.056412195143
0.0950408703121
-0.000694051062922
-0.00387387386449
0.0271094553576
0.081059838263
0.119123243537
0.0465798142648
0.116293008502
0.0603060333303
0.0408808862555
0.0900645474439
0.0220108640017
-0.0186662781751
0.0637459639721
0.0798179946841
0.0131119432019
-0.0177856433004
0.037657343594
0.0161101406308
0.0137257105736
0.0473547768055
-0.00460856829391
0.115662892825
0.0592465434162
0.116421979229
0.103879419508
0.136665221792
-0.0145193537114
0.0638770069644
0.0876080009148
0.00849834459371
0.0335903102342
0.00683323537258
-0.0351288178512
0.0575075357201
0.0618177386964
0.118186318279
0.12889432805
0.0898741800783
0.0738361429292
0.0999271324616
0.0200905503817
0.000700772985955
0.00252494991427
-0.0574116311898
0.0532098810167
0.0755075232955
0.101029548192
0.00838932717701
-0.0151035815605
0.119659181763
0.0647279002618
0.0519049055888
0.0988658014247
0.0287593133789
0.0846194620952
-0.0588458288355
0.0884162999362
0.1146609565
-0.0710410572603
0.0286052543052
0.0371966927774
-0.0589203396151
-0.00790786574319
0.0154219611623
0.0164455215808
0.0987528075385
0.0262087450726
-0.0783861576014
0.0705671582092
0.0414589142205
0.0632377953984
0.120940566549
0.0794717668722
-0.046510345924
0.0900994019173
0.00854213645115
0.123677297734
0.0943267040995
-0.0410953496123
0.0313272216875
0.0247004155557
0.107528486345
0.0321669791009
0.0902934694723
0.017962105417
0.0739258022412
0.0476976481096
-0.0177364817652
-0.0168762361208
-0.0448522540754
0.086619504424
0.0967152356779
0.0299678382818
0.0829427751605
0.0484941845357
-0.0961341568208
0.0840209145958
0.116040169626
0.136186367268
0.0356897730425
0.0292809678525
0.0195327237594
0.00953094834675
0.0890444770488
-0.0890665429002
0.0464005742101
0.121370880203
-0.0155482934798
0.0131364602011
0.0757716840105
0.0351263043393
0.133735885714
0.077657357445
0.0800803645421
-0.0190621901751
0.0660438485452
0.127552334663
0.0491149700768
0.112689781466
0.0468525841584
-0.0215871264293
-0.00276572353369
0.0768234585521
0.0819382864492
-0.0390044939913
0.095329503821
0.111076453054
0.129031768734
-0.0331157009607
0.0397337247236
-0.0158476619319
-0.0913747036978
0.136983736428
0.0567993492748
0.089968962512
0.0642799528688
0.11192322763
0.0918623959549
0.0426113801415
0.0179115512254
0.0962851503046
0.111116638291
-0.0705733771774
0.0312053954129
0.0641864289816
0.0781494379739
0.0782790267451
-0.00388961906153
0.0592244254182
-0.0387100655076
-0.120334778208
0.0595626582762
-0.0281326451405
0.0692270980205
-0.00680274339325
0.0108792249061
0.0758124202141
0.0570441327062
0.00419433101269
-0.0161499621312
-0.0209483233272
0.0879347996231
-0.00608182490065
0.0566570791294
0.118537519279
0.0587933261974
0.130650270229
0.0510093091812
0.0370947393142
0.0418554474653
0.0285584470072
-0.0108536760043
0.0481769297671
0.0258905543622
0.0348197760382
0.0581386003181
0.0690256447608
-0.0226492727485
0.0528900023548
0.0217168248364
0.0986036136925
-0.0527168366484
0.0834635494396
0.0932590187727
0.07244739359
0.034167259054
0.0142599156633
-0.0274423655461
0.059474419952
0.0654774443538
0.052215844485
0.0110020985642
0.0212890822427
0.0101168104758
0.10157342472
0.105440436411
0.0551250686657
-0.0465761160759
0.0455664048537
0.0678420910094
0.10818856009
0.0818833582545
0.0041480861461
0.11315384008
0.099870889732
0.0598912951833
0.11459370174
-0.0327961791482
0.0969292851877
0.0814259769148
0.0104196726719
0.0229094240454
0.131071806026
0.122638346769
-0.0942087196965
0.0043556758368
0.122131458636
0.0702229618013
-0.045943168507
0.0417911552678
0.0242178447939
0.110749557192
0.117830792073
-0.0312953365608
0.0412876760718
-0.0258139093727
-0.00327843996501
0.0875040556898
-0.0626036839273
0.0272665036902
-0.0253104249754
0.113108310442
0.0417391754394
0.112738420309
-0.0264440185659
0.0845473471217
0.00823115945468
0.0734853405828
-0.0136937032384
-0.0349174724109
0.0704859826995
-0.000864842890417
0.0894184061795
0.0195375814715
0.0224309125463
0.00534564858883
0.0394796126189
0.0721201478103
0.117287587284
0.0468509692554
0.0549665587345
0.00886632303806
0.0696879449773
0.063992086086
-0.0512579921698
0.0112270730336
0.0205758500444
0.0102297329989
0.0918749178254
0.127990695439
0.0451888132872
-0.011906019596
0.124142915292
0.0844725662646
0.0150190228639
0.0752909059638
0.0147909156474
0.016150406664
0.0598828519909
0.0526765548339
0.000775867786183
0.0492041643016
-0.103965146576
-0.011347821477
0.106339426951
0.0452819220939
0.0478454179878
0.0398257111767
0.0723843689696
0.111786255315
0.0814409808357
0.101161601826
-0.0174525441307
0.0673367634829
0.0713211117568
0.0436239153547
0.0535464557214
0.0549681046429
0.0992527537191
0.0719935937904
0.0782187712475
0.1047338488
0.0751853769921
0.0936565084005
0.0114835209818
0.0457529795753
0.0463138804171
0.118090427556
0.0962182534617
-0.000374061645092
0.105408175295
0.0292696419773
0.0651612586222
0.110805985136
0.103157333298
0.0289409342336
0.0175920378886
0.050134629863
-0.0252882209538
0.011745670861
0.00995035691435
0.0128353877226
0.0370520306747
0.00136460726117
-0.000582212445758
0.114457569524
0.0801316841478
0.0639551208381
0.0107802418787
-0.0477020558818
0.103296776094
0.0386469553995
0.0150322533515
0.0673460044806
0.011576680817
0.0627183924216
0.0598077791264
0.0247177472486
0.0274064304246
0.00884294185892
0.058975479559
0.048097863042
0.112196314557
0.0899560056312
0.0845383174962
0.000117193761771
0.0191898688128
0.0975377197694
0.0635927544759
-0.0445804073186
-0.00070084429499
0.127349308618
0.113115308997
-0.0402254044207
0.0259994048241
0.113195582005
0.0242479970285
0.0572770071772
-0.00447584196844
0.0199374707421
0.0647878033096
0.129673017443
-0.0471894478139
0.059369923819
0.0956330816076
-0.0312053690325
-0.0224276144595
0.0505689419441
-0.0164741995258
0.0848411259445
0.0775753192484
-0.00856198316891
-0.0199896811561
0.025811387188
0.0269108317335
0.0463892239575
0.0222012809884
0.0347823214952
0.0892315071735
0.100104752766
0.0577117874241
0.00818532103986
-0.0273722643782
0.0764734011512
0.0112596305541
0.111242871333
-0.00991321959082
0.0886563259642
0.0264246094997
0.0477087196514
0.0713909841275
0.0913319610201
0.100039934742
0.0772747458662
0.115480360843
0.121907752556
0.118573449296
0.0401410222573
0.0364324207262
0.070071234364
-0.0368947056153
0.113107796365
0.0398845756444
0.0934237421745
0.103330775004
-0.0504650961259
0.0621594433035
0.0550540590896
-0.0187830378612
0.0783725694174
0.0483524351511
0.0811302497263
0.00570555389112
0.0285136367862
-0.139747684902
0.054877020712
0.0555303268581
0.068633389132
0.0901344161902
-0.0924442956846
0.0498735464449
0.0985031769958
0.0825942275716
-0.0132343827743
-0.0220573666426
0.0418088661075
0.0596772834884
0.125916240951
0.0288661207748
0.105669478411
0.09448620868
-0.0719103262886
0.127029187155
0.000531890066569
0.10542762173
0.0982541611903
0.0602603147368
0.0735259207129
0.0416892972766
0.0405019606985
0.086647231476
0.0626703645572
-0.00687878609867
0.0245399087818
0.021353505388
0.084086094793
0.0300398972611
-0.0664256181397
0.0637246001157
0.0494259794142
0.12275453863
0.00359632059128
-0.0299482622058
0.0482455546774
0.101152807313
0.104853718276
0.0491203403491
0.0128548511234
0.0155462893718
-0.00685961347826
0.0817754146504
0.127995528278
0.108339905708
0.00773490392063
0.0622673890577
0.0538178014254
0.039367951473
-0.00105757196025
0.0489568928086
0.0593894797146
0.075359306016
0.0420627897005
0.134088993495
0.0280100764588
0.0234480512839
0.0257475124574
0.0544886513802
0.0840621986672
-0.0212117086899
-0.0217630290892
0.0628510612441
0.072728939282
0.0826375191334
0.0932688016448
0.0333529411252
0.103159733555
-0.0476485642049
0.0633012209055
-0.135141948777
0.0167462455562
0.094319984144
0.036329775945
0.0418587826071
0.0896758207372
0.0900585242582
0.0793523968268
0.052129638728
0.0781490578218
0.0218494858662
0.0288476028823
0.0263698668043
0.135516133453
0.0490474322227
0.111414065865
0.093321350016
-0.0156954377817
0.100373016791
0.0339462585682
-0.0108036973498
-0.00812801735987
0.0470471816871
0.0279713924272
-0.0152509550082
0.0517845243798
0.0428519589024
0.0921808905248
0.108716330701
0.138382140577
0.096817999877
0.0286987245933
0.0994121686597
-0.0346963144811
0.0456782055434
-0.0151307028301
0.00394181597816
-0.0144493412993
-0.00756081494552
0.0319067695215
-0.0832182360216
0.0712643356771
0.0514242032822
0.0413785801679
0.0724773387612
0.0399436522396
0.0530197354724
0.084059381741
-0.0425816031793
-0.065361261017
0.0642280090005
0.135875600024
0.0692286378708
0.0272509732455
0.0975378873968
-0.0105819449405
0.0649719173411
0.050190855841
0.108380734448
0.00776235096045
0.0267544667145
0.0702608625257
0.122440567246
0.103581507266
0.102905682808
0.0932360407423
-0.0124526397032
0.0901702765619
-0.0187829361352
0.0929539840432
0.000844138418193
0.025208136061
0.0347512700218
0.0660301105096
0.0967196028469
0.0475914557765
0.0491019190277
0.010361497991
0.0966866107097
0.0710260450011
0.104147205065
0.00968879070765
0.0858252308869
0.138519019847
-0.0207140614222
0.0282448343713
0.0349675272839
0.0122752037451
0.0271878496238
0.0394745479655
-0.0970753075752
0.11983474134
0.0421282438136
0.0940374342966
0.00269601671677
0.0544359314874
0.0735286090356
0.043505326663
0.00641483738808
0.0567287716509
0.112753129207
0.0463647157625
-0.000858533313467
-0.000766332521001
0.106356325264
0.0252919294097
0.0570259693866
-0.0380908579525
0.091722593113
0.121164429949
0.033922645178
0.143972943971
0.128117404033
-0.0210883171772
-0.0153372312978
0.102037099159
0.104363249257
0.0725210296923
0.00240246280478
0.103917412731
0.119413337759
-0.0202331266494
0.0596582199756
0.0924997482432
0.0364110267234
0.0149965312482
0.0682009957693
0.0780350017883
0.0724110793556
0.0472750744639
-0.0244389506045
0.094029851545
-0.0489729296517
0.0162661244583
0.0303785631125
-0.0539814304748
0.0246656170047
-0.0420647795788
0.063482735867
0.102998782001
0.0253842215517
0.0253820363511
0.025654328551
0.0181565799692
-0.00224605846947
0.000515994080713
0.0284622417411
0.109936536541
0.0132692225792
-0.0163570637034
0.0989921540641
0.0743477529686
-0.110931539067
-0.000735126513696
0.121381465115
0.0299457436109
0.114873819791
0.0735336191297
0.0277847227891
-0.0160908876271
0.0567805120498
0.00954680044323
-0.00485423020715
0.011244068449
0.0783227437902
0.00768395174733
0.0455133922139
0.106798801835
0.0206680911988
0.0141189374011
0.0038148419804
0.0320252010857
0.0278495436644
0.105279722894
0.0156528477407
0.102803695132
0.0290227132578
-0.0148442672825
0.0765260651116
0.101391161369
0.0038721002299
0.113735645388
0.0386407141276
0.0353450552957
0.108420788142
-0.0019451883485
0.0781104956788
0.0597315399512
0.126515406404
-0.0920472705056
0.0645848151261
0.020191822546
-0.0439437750941
0.0140059220857
0.00361230297829
0.0827056770488
0.0139086525914
-0.033794849239
0.0576528314514
0.0400528594384
0.0466288743912
0.0952939031336
-0.00727423039248
0.094350850104
0.0938027988621
0.0925808677843
0.100988575106
-0.0139983197129
0.0988194463079
-0.0492971896325
-0.0725287620045
-0.0398814841504
0.0710246407287
0.103634822667
-0.048165053958
0.0914917598688
0.118600197058
-0.0489870473962
0.0921421477242
0.0922283116441
-0.0404943879315
0.0516007684831
0.0712855040996
-0.0271851501159
0.0404543350362
0.020333991919
0.0925166832824
0.051119252049
-0.00202902852082
-0.0270470411092
0.00592316413775
0.010861526931
0.0219693207784
0.0643837194364
0.10157075552
0.000565162917965
0.0466067423582
-0.0101319627357
0.132036919231
0.0958832524697
0.0893038933909
-0.0789249656956
-0.0657029201872
-0.0407375930802
0.0107698024108
0.0686429268616
-0.0579643655212
0.0815362433999
0.00770615393089
0.0522966640697
0.110656528596
0.0850385426734
-0.0245630578916
0.0970201315642
0.107017870768
0.00261583378458
0.0199481921915
0.0446320697679
0.0036411390698
0.00451496592594
0.104114158108
0.0472556237643
0.0803078733957
0.0167643898364
0.0296112057704
0.106309668056
0.1089889615
0.0909209102777
0.0331905758217
0.00588021774975
0.00788202411784
0.0314403847293
0.0668493216821
0.0252721847308
0.116544471121
0.0844199039456
0.0708799389038
0.112113185812
0.111977214082
-0.0168826224825
0.0308039815355
0.0698498889391
0.0284859972665
0.0800169389564
0.0469081561561
-0.0197900235624
0.0927175439962
0.0674096239787
0.104228888334
0.0527405148942
0.114051279949
0.0325443362772
0.0962424016552
0.0169358927967
0.12487826144
0.0388812129881
0.00990724894008
0.0693568756534
0.0191917630491
0.112973686053
0.0371580783628
0.0316947185766
0.00341852510439
0.0547027287471
0.0734625943025
0.123195767913
0.00970625725957
0.0676954929186
0.00821862263428
0.0710447771482
0.0544484259948
-0.013344305722
0.111853086894
-0.0228612060342
-0.0129409790803
-0.00987469053642
0.0295038001734
0.0601979776418
0.148942971388
0.110022340125
0.124552872079
0.0161763825093
0.0725034600583
0.0666702940158
0.0343037698642
0.0489333059824
-0.0161385344064
0.024922885319
0.042739391061
0.106043417892
0.0676477865209
0.0571778378788
-0.0138053783984
0.00101904677213
0.0543419745208
0.073964608769
0.0941684570348
0.099490674955
0.0246391002409
-0.0211164812371
0.0355547086737
-0.123433006935
0.0250589527865
0.0838166664399
-0.0222133102167
0.0962118800263
0.0948882186886
0.00888602740341
0.0992402492311
0.106293872359
0.0216875708733
0.0572915756168
0.0492863347376
-0.0357076634988
0.0699236911464
0.0530063536672
0.0283872993726
0.0342496344577
-0.0357711886878
0.0516882127326
0.0432728803334
0.00496533094339
0.131797767882
0.0887911530999
0.0218367293943
0.0109022131908
0.0509485093429
-0.0183713242561
-0.150504213025
0.0918725132921
0.00238492263936
-0.0761159224706
-0.016417236457
0.0334888497698
-0.0573429183422
0.0741067189657
-0.0043776733095
0.101129916793
0.0571714250759
-0.00442453669547
0.0582247759266
0.025263859076
0.0103293315838
0.0755690445125
0.0204136573827
0.0241710489156
0.0421981541603
0.139700549758
0.0102238854681
0.00391121238313
0.128113379002
-0.0451830749241
0.0349450727322
0.0118586705544
0.0565302654358
0.126536753071
0.00632673223374
0.10760913221
-0.0199280443777
0.106985793528
0.0674807585465
0.0233602955629
-0.0381119409371
0.0259397412031
0.0234673406451
0.080325950011
0.0148582059388
-0.0157886732294
-0.0436196831877
0.0397730311249
0.0920027615462
0.108206512198
0.0869502761817
0.0179624515518
0.0394377121065
0.00120736515844
0.0388169987838
-0.0183162151246
0.0833757361784
-0.0778007892863
0.0699348386056
0.0932461283824
0.0512265552209
0.105025213808
0.0462644046381
0.136056558817
0.0482551093635
0.0385979651435
-0.19643884801
-0.0143826963711
-0.0424871689622
-0.00810450903035
0.0121280674796
0.0964665054797
0.10455285126
0.0324326936712
0.118880484347
0.12449849104
0.0321254630961
0.128591401046
0.0779882889934
0.0616406875739
0.0768757179409
0.116555628485
-0.00659275620373
0.0724809268039
0.00991463089445
0.115159172058
-0.00753014877103
0.118091731332
-0.00422658252433
0.0255224926904
0.0499525223957
0.0343293999973
0.0182630695151
-0.010053671507
0.133418659016
-0.0710560403523
0.0860275952962
0.026730044207
-0.0219378967976
0.0288927406966
0.0470022379975
0.0235532323062
-0.0310619743646
0.00649958391562
0.00683214125467
0.0688630842277
0.0263107073639
0.0532841990588
0.0251831745214
0.10521559501
0.12488657203
0.104035600948
-0.0919061095937
0.107318255425
-0.0723079864583
-0.0406431136537
0.0142331435166
0.0432379634319
0.0920241771087
0.105886424815
0.0777405536431
0.0294924678026
0.0453140928789
0.0604770596553
0.0440994044624
0.0070223032117
0.0306939832177
0.0723482799204
-0.0157524540624
0.0940562430575
0.0382362636846
0.0719185571287
0.110482960321
0.0341579227175
0.0313806387262
0.0426147031276
0.138362773079
0.0638229860138
0.106001762172
0.0906166427283
0.0839981028344
-0.0138473866463
-0.093190468892
0.0398178805519
0.0426634570735
0.0931469017862
-0.0267156682031
0.0538998978608
0.124805572386
-0.0342650498687
0.121973732027
0.00394549781153
0.0223155361266
0.0191399028286
0.0837009764888
0.0177567314487
0.0812599963867
0.0584647538131
0.0230902899146
0.061867779216
0.0197166727516
-0.0116595629972
0.0138968900711
0.0706943494701
0.0847326783567
-0.00339561219726
0.0144386315655
0.0485224796683
0.0226865517887
0.0712190165598
0.0756616701341
0.121653829188
0.0874652137929
0.0960170055837
0.08872112121
0.042398402555
-0.00600268120049
0.111989709994
0.11840328405
0.124258898908
0.0448901292872
0.102280559687
0.0948394748297
0.017265007616
-0.00449547528626
0.00373881104236
0.102375572933
0.0386945023067
-0.0117793792273
0.10227293381
0.0111118609775
0.0392940255859
0.076178739789
0.0518949497575
0.0968625172429
0.0159817515607
0.0775891025489
0.0758433221974
0.01630906177
0.112649918903
0.132289304025
0.0513143232097
0.123974526513
-0.0378649199321
0.098459014639
-0.0318467304595
-0.024854791371
0.0613271729531
0.0379582738586
-0.0933924995506
-0.00611018531093
0.00952678256453
-0.0536610391412
-0.000202141353341
0.0541909960167
0.11202556482
0.0293000876249
-0.0256109592754
0.0452476642988
0.0773424921381
0.100877706811
0.0697552582113
0.0753212529458
-0.0920714241309
0.126128009538
0.12295360404
0.0284215705383
-0.0640159727716
0.0934355527624
0.0367127697861
0.0387317587333
0.00241741116889
0.0598468678246
0.0261242270024
0.0576130486876
0.0711480187722
0.0732607739225
0.0222244307296
0.00692457722989
0.125522791506
0.12305116012
0.0969307021023
0.118960254686
0.00617923483556
0.0460286402367
0.118372572983
0.0292663324574
-0.0119343987047
0.0590542933692
0.0221105585656
0.110460135725
0.0509180078842
-0.0367267819108
0.00637052537324
0.127011140097
0.0682065420852
0.0658859336942
0.0561528760627
0.129118229163
-0.0138343963816
0.0881222016138
0.0802359998048
0.0277896912831
0.0778215860752
0.0891763289274
0.0314838129841
-0.0192071985203
0.0087861384566
0.0655164109862
0.0484648667615
0.0891160618606
0.0189150717668
0.0853706367011
-0.0316307263246
-0.0433014200338
0.0853000036937
0.0967143640744
0.0453035420721
0.0965087413039
0.0678614320363
0.106845741009
0.0902897918002
0.0157849841502
0.0808755850528
-0.0019062913672
0.0171033778668
0.0643661446868
0.0382543465177
0.0356580488173
0.00544584987987
0.0590802683308
0.040064334886
0.016212890324
0.086225096911
-0.0930416137863
0.127005257055
0.0485551568302
0.0151736825041
0.105637778071
0.0485561542512
0.0956237486763
0.0682264184832
-0.00687383525823
-0.018911766684
0.0780805998049
0.0406704310146
0.0539603904062
0.0826581441145
0.0316376142965
0.0110299767707
0.106321829641
0.0539799283936
-0.00381586117402
0.103641877206
0.116151383736
0.0529367296654
0.124228072457
-0.0150633409668
-0.000143521006711
0.123180767608
0.0148061158197
0.0757405564433
-0.0410711439686
0.0759921845989
0.0697973682743
0.0202305115078
0.0407590913863
-0.022160054934
0.00194081738643
-0.0166184805278
0.0805425985881
-0.0189938849541
0.034400712896
0.0374090120537
0.0917514037334
0.069137579546
0.0794626340172
-0.0236410227243
0.0554450604492
0.0705266185797
0.0227431895037
-0.0396014566421
-0.00260477357075
0.0813485416542
0.0814417464537
0.0124397125605
0.12521346871
0.0829733881096
-0.0761842821683
0.000138812320886
0.0943244432894
0.0475494822828
0.00417089464155
0.0860503600208
-0.0540839373051
0.00813295455247
0.0360558228872
0.142119381178
0.0343139497384
0.0821701560125
0.114221930169
-0.0560247105035
0.0196099803402
0.0304522755291
0.0639621580113
0.089238181415
0.0444057344415
0.114015353374
0.00811826755863
0.0795409747157
0.0434322608029
0.0141698381088
0.105605386167
0.0314096309521
0.0937808470278
0.0224706645039
0.132061099019
0.0260382342579
0.021781090825
0.00131638219733
0.0129121676374
0.00967066521599
-0.0230737351434
0.0549519471212
0.0484958409141
0.0131398441939
-0.0173316841991
0.0181904705723
0.0724217012644
0.0699919820886
-0.00459628227079
0.00943510560196
0.0273765754185
0.0279773390054
0.0391776271482
0.119583403559
-0.00461879133118
-0.00813051344861
0.102039859338
0.04496059844
0.0612513257841
0.0661335128767
0.0014296904183
0.0672371794393
0.0669160833628
0.0764536351395
0.0482308364537
0.0325186479515
0.0701951775813
0.107731496866
0.0238859094879
-0.111997425454
0.0539315086588
0.0811968552294
0.118780873186
0.0284406911481
0.0705887831032
0.0605725925511
0.131167736687
-0.0658428673693
-0.0128082518709
0.0253528820108
-0.0427581636349
0.0195690284955
0.118048423084
-0.00385891012309
0.0249701962255
-0.0659077126845
-0.0208938924622
0.106084011986
-0.0312533494732
0.0692956200373
-0.102300162027
0.00917873619802
0.113815524302
0.0884378512849
0.00490270083183
0.056409777769
0.130783082945
-0.0510100620915
0.0498091190569
0.0800287984442
-0.00257943746164
0.0406719761855
0.0764147397793
0.0612224040979
0.108186008087
0.04243826244
-0.0266977511672
0.0464008831202
-0.0271266052353
0.0997816916385
-0.00753587798057
-0.0287981441216
0.0512898436346
0.0579289803169
0.0391203220026
0.0985183629613
-0.0858550900343
0.0776286391501
0.0297839149961
0.0348394666324
0.110931325441
0.00720419837254
0.0104253157176
-0.104368741812
0.0434275118852
0.1123986311
-0.00169038479284
0.00758366988052
0.136435322926
0.0557603301413
0.0821592228795
0.0369453052378
-0.0686448872662
0.0153446108873
0.00388781642877
0.068830390922
0.12782530958
0.0474691469248
0.135958354585
-0.00378522683969
0.00805759421727
-0.0421195918945
-0.0363936275794
0.0776463958873
0.0950115073612
-0.0257278004496
0.0479486412816
0.0184180994822
-0.0101033255459
0.121724338235
0.112136557037
0.109172521058
0.0328805549861
0.124303651139
0.109293213395
0.09113339001
0.126474907089
0.00598933216771
0.0504718139916
0.0845910576103
0.0930438619227
0.00917727709429
0.0742599099309
0.114370983057
-0.0683680255877
0.0999142485674
0.0474286343638
0.0705441198994
0.0476464003104
-0.00942884522934
0.0743572383237
-0.0172379664772
0.0444736465865
0.0393145518795
0.0824727168692
0.123579707699
0.0400336942519
0.0166414006885
0.0414308726252
0.0614195179992
0.0726324973995
-0.0119410271971
0.0204569790941
0.0877922274106
0.0829231336461
0.0604430296452
0.133130338507
0.0601560177478
0.0470728131606
0.0294683812624
0.0728331706445
0.115163767243
0.113278773854
0.0554803026719
-0.00200405140073
0.135416427035
-0.066570997699
0.113678633304
0.00419142490557
0.1146499705
0.0863568727664
0.0106182305247
0.0378927087323
0.0386740576555
0.0334403881908
0.03238757068
0.0920923218195
0.0201395544792
0.122742812409
0.0923712270043
0.0909958803158
-0.0613933069195
0.0529348950974
0.0954061214887
-0.0198965105731
0.137933083451
0.0608638201393
0.0539723992815
-0.0256302253938
0.0844091854974
0.100750115417
0.0115842109764
-0.0340531789686
-0.0763116056115
0.0397838004731
0.0544777140155
0.122264999573
0.00389518833476
0.081500041514
0.0712023991949
0.0963876893252
0.0138332342967
0.125010309888
-0.0120890580682
0.0393863963818
0.0818047877462
0.0104260392372
0.0877717750922
0.0935610424406
0.0608300569759
0.01580260287
-0.0171934206412
0.0268526694819
-0.00146743299108
0.00540650796089
0.0769947991451
-0.0174510372581
0.0944585693697
0.118414691051
0.0791125229141
-0.0396892506833
0.0646580753308
0.0117703547203
0.048748037385
0.07474433062
0.0736660455668
0.106174673624
0.0779866598674
0.0997949726494
0.050780942967
0.0507318775817
0.0536422184042
0.104151365026
-0.0991004552896
0.110954686205
-0.00910649306582
0.0977927353376
0.0546101505864
0.127547102221
0.111202378763
0.0159735700173
0.00279061522811
0.0874730447713
0.063025482074
0.0354998685577
0.11800824335
0.102489650596
0.0805702253339
0.0597650703656
0.017572273167
0.111588290402
-0.10243606951
-0.00202480842755
0.0681734421452
0.125181394892
0.0683806457163
0.0899088205014
-0.00857728333842
-0.00551460021166
0.131241264151
0.0977830686301
0.0439394010244
0.133612788813
0.042591608012
0.016815042416
0.12512401939
0.125820779082
0.0532120538874
0.00733577766138
0.080029138689
-0.018844906943
-0.0602536071169
0.0477283395769
0.0746128035819
0.0955888786401
0.0743129870382
0.0130255747466
0.0818168981899
-0.0166626293571
0.00318275465257
0.0256286054119
0.105051113066
-0.0121186514814
0.122203555796
0.134343293683
-0.018417757434
0.0431421019958
0.11456530196
0.135807552192
0.0847296380786
0.121498022343
-0.0321283006627
0.0114192298169
0.0504980852048
0.0608266278865
0.0482659268713
-0.0105438139838
-0.00916273728645
0.049091467381
0.111292322441
0.0509321921151
-0.0871973167979
0.0905243076216
0.0571002488744
0.0494748326288
0.0897558739307
0.022173370251
-0.0170424238197
-0.00366119725207
0.0350956330709
0.0635364122228
-0.0462308432182
-0.0308163047257
0.0340420355583
0.018142953295
0.0874228138382
0.0962053584722
0.0380430272125
-0.0748077903282
0.106536447901
0.0350587821932
0.121208512876
0.0264876001748
0.0192134569413
0.07764314388
0.0379652455118
-0.0044974221133
-0.0480892898223
0.0776113270972
0.0692987294416
0.026813212104
-0.0139925411986
0.0394482401147
0.0981467447078
-0.0134066361045
-0.0571080990543
-0.0227634994215
0.109556437863
0.0798504899465
0.0760107782898
0.0989820979663
0.0197405332566
-0.0105465528284
-0.0381379566752
0.0325687637981
0.0608870396974
-0.0573209140925
0.102312693268
0.064813452328
0.126370274477
0.0884780608613
-0.0863984078151
0.126790393982
0.0680222037418
0.10931867017
0.0688202167608
-0.0776404902495
0.0487577595817
-0.00986810832896
0.0790996344514
0.101590617927
0.101423520958
0.0704065869396
0.0200138244096
0.119321529702
0.0583228749142
0.0178148713716
0.11638012674
0.0919329330191
0.0498190238389
0.02012671306
0.00258266686252
-0.0129082163051
0.0176648811387
0.0406960568873
0.0171594906296
0.0149414143111
0.0140687832453
0.096518151451
0.102692162063
0.0382164273245
0.0718927870056
0.105905579039
0.0133288685248
0.0591388624936
0.0844809656277
-0.0201503507001
-0.0424573580531
0.00644707324951
0.110427849648
0.112896251397
0.121139152633
0.10809897267
0.018635590199
-0.0394702520682
0.00259992162034
0.0331658499295
0.0710414917958
0.108977028545
0.00487190189589
0.11654936043
0.0489164735027
-0.0251915824704
0.12138134648
-0.0515705411505
0.0933835243574
0.0857259952303
-0.00367592303346
0.0905933913741
0.0011888939277
-0.00161625320655
0.0541440198617
0.060270233572
0.0425459584658
0.00448284249694
0.119946048011
0.0544343779043
-0.163121861534
0.0719902202711
-0.037109149468
0.0231773028815
-0.00525948848764
0.0799009210442
0.12802599395
-0.0234899629221
0.109670632699
0.047141625342
0.113612906775
0.0572662658234
0.0155785345299
0.0702318225872
-0.0207282372592
-0.084977419803
0.125878483217
0.0281385499385
-0.0308756668066
0.108459394409
0.0353827419033
0.0711891764433
0.0544000030754
0.0547914177773
0.108853038096
0.10408631503
0.06356420713
0.0170180676981
0.0386719695683
0.130379505183
0.0725309328997
-0.0524065931252
0.0418640493718
0.103801595783
0.101608031892
0.0460170431034
-0.0114868547722
-0.0305255287353
-0.120850067307
-0.129914373991
0.0584420535301
0.145071475738
0.101947056822
0.00600887699231
-0.0490648788149
1.47424794221e-05
0.0811557324992
0.0476980693833
0.104710999022
0.112863426185
0.0122254995444
-0.0255208635823
0.000911401375163
0.0566134854038
0.123212263628
0.079420494493
0.12530969158
0.0711201655859
0.0641607582285
0.0985505075788
-0.0353531572273
0.0959693180294
0.0402326642517
0.0587104695628
-0.00083512880539
0.102570893377
0.0977395655618
0.0338704610404
0.0969726920532
0.0684378873373
0.0822995356025
-0.0254259275503
0.0894261891066
0.0771172686534
0.0769716253625
-0.0178026706352
0.0364122030569
-0.0125685904184
0.114394367193
0.128899423366
0.00101763476152
-0.0155045125948
0.127560093988
0.110070557041
0.0393729132128
-0.0153199775672
0.0709623363565
0.0123826837975
-0.0437999328467
0.113539624187
0.0473023496229
-0.0394255362398
0.123091838572
0.0822305724784
0.0913462859544
-0.0633327745834
0.068847372914
0.00385282829224
0.00833888133967
0.045247376699
0.113296481777
0.130668284154
0.0788431452232
0.106747726154
0.0713245836698
0.000738293334587
0.0733625147812
0.0891529593993
-0.0164408849462
0.0988823227402
0.0990453080118
0.0375130516134
-0.0301235543069
0.106678031921
0.114270632047
0.028457078912
0.0871682209821
0.0843757486239
0.0546095207716
0.0723625770218
9.02564013678e-05
-0.0271847425123
0.0897137998218
0.0340027485908
0.127697601024
0.0479807830997
0.0987662225541
0.0288717294028
-0.0935324487581
0.0713204126763
-0.0132082014372
0.0247900620339
-0.00675492156108
0.120090380898
0.0216417283506
0.0184653774549
-0.00457242315286
0.107561915518
0.0929220461865
0.0405710272306
-0.00693626871432
0.0624468134652
0.0471799214622
0.0478343209557
0.0457757164625
0.0131872119109
-0.0330196021687
0.112065096461
0.113845789795
0.102504241892
0.0409661711585
-0.00706038967496
-0.0192873813306
0.101243336414
0.0472895416515
0.0826954556608
0.0639808007887
0.0959936708417
0.0547369494598
0.0688623204039
0.0780479971765
0.116859226886
0.0466783117804
0.0520385348784
-0.0106444153759
0.0332592292079
0.0904710144449
0.0559159312272
0.0378263874634
-0.00257442663771
0.0767517011452
0.0934163399236
0.0962571057337
0.103363056098
0.0144107832888
-0.0265699616741
0.0413774524132
0.0649852450338
-0.0230074804451
0.0779605059594
0.0779341514731
0.00899893799217
0.0793832962845
-0.0714577448009
0.0876217650924
0.0312791019006
0.0935488048951
0.0507778095466
0.0215221497443
0.0651205983833
0.0801402309281
-0.066724068779
0.0782819406753
0.109844521564
0.0477029730674
0.0645205328255
0.0363001844282
0.0349375393243
0.105039719142
0.0834422144711
-0.0174395651268
0.01931825777
0.0575595159067
0.0872880283749
0.00226673221197
0.0703112281777
0.114979776299
0.0651660285236
0.075779593176
0.00975916534891
0.00624552729595
0.0254656129773
0.0347717801143
0.0763364529328
0.0206983790736
-0.109758867517
-0.00514928284456
0.0796478198915
0.0581148440607
0.0768948723812
0.0353749483793
0.0815112663709
0.0357670248107
0.0291052157098
0.0429261065639
0.105790001392
0.0322155442159
0.0916616014133
-0.0611712469453
0.0611851086532
0.0477898751741
0.0942476631777
0.136493366914
0.000886491294432
0.0532468473073
0.0382354684089
0.0150528357856
-0.0293346287484
0.0259217997399
0.020421168918
0.0443020881861
0.095998618566
0.0803061811775
0.0110704886874
0.0707886465724
0.0435358276209
0.042833148914
0.0842455758371
-0.0369001052453
-0.0748643279873
0.131713821912
0.0358859830941
-0.0133222535186
0.125818819445
0.00216362255354
0.00388075912408
0.0976445405789
0.127306485907
0.110598812102
0.107536145409
0.0995110442477
0.0711463652844
0.023624635482
-0.02439456215
0.00798579290002
0.100567762874
0.0128688870062
0.101522019943
0.114138014188
0.135804781657
0.0641593856272
0.086999162723
0.0160047285568
0.131826601987
-0.0118455696695
0.0131552652157
0.0510877045128
0.109424614573
0.0465051328121
-0.0688071190011
-0.0278827312931
0.0508180847984
-0.00220202848129
0.053438925558
-0.0434216723936
0.092958126662
0.0359334354072
0.093215314552
0.0621859675404
0.0365929752354
0.0929935250201
0.0280408497456
0.0672884684811
-0.199249344935
0.00474435478572
0.119257390826
0.0788945172868
0.0481418586076
-0.00865699864188
0.0512567962444
0.0269864459653
0.123595542872
-0.00280486809235
0.0553277594195
2.44123220732e-05
0.0914102524255
0.0948772128856
0.0958544528098
-0.0152378750754
0.0591229035862
-0.00819134039805
0.0265757818974
0.107162661862
0.125801890966
0.0564542548684
0.0550451370036
0.0854494979862
0.0899154627692
-0.00490236451161
0.104010197502
0.0888544193216
0.0403801550841
0.127684592147
0.0796480871945
-0.00155237328942
0.114423121583
0.109287461644
-0.0302365157828
-0.0227713684751
0.0784080303887
0.0298332443004
0.0631962560558
0.0917457051076
0.0276899353602
0.0987525063853
0.0468066466962
0.047860343666
-0.0271432242398
-0.00475045109975
0.114537785783
0.0725986042006
0.0911728691165
-0.0064921776981
0.103467547439
0.0130147157707
0.0318230884532
0.0707017511017
0.11908230046
0.108177436113
0.0655461469148
-0.130773865188
0.0598792308452
0.10646558088
0.105377641429
-0.0258475942568
0.0516445804888
-0.0780957044017
0.0587959704848
0.0273428613508
0.0669619440833
0.120887796329
0.0227293937173
0.114543886557
0.058656756046
0.0913399987113
-0.068155237532
-0.00872373993635
0.123794280144
0.0354405535022
0.100533194574
0.0249301132309
-0.0157744717298
0.0940184496721
0.132539663324
0.0583898750138
0.0595866154123
0.0350589219559
0.150281272865
0.131923022924
0.0074796208428
0.0679389099766
0.0237915036072
0.116008744068
0.0135287924578
0.0473108785722
0.00937722189331
0.0632061244076
0.0838252883846
0.0230858210733
-0.114666804653
0.10232001729
0.116079458926
0.082144671039
0.0788443213291
0.0673399807003
0.0020571997675
0.0140437497734
0.0447967521742
0.0563929871625
0.0568065755575
0.0384285378677
-0.0106138045869
0.0167824449675
0.0568220263843
0.0635361888397
0.029341941064
-0.00420659619304
0.0768679665635
0.0222983530342
-0.0291247737985
0.10572084904
0.0343340461748
0.0524783882816
-0.0297969084752
0.068441284055
-0.0830800439744
-0.0348013089337
0.0457421524285
0.0753693322367
0.146187316036
0.0434026724474
0.0712446578609
0.0492874768751
-0.0310680493044
0.0257692996599
0.0774910085928
-0.0178896168796
0.014422657877
0.0591066183023
0.106259105141
0.0258067299045
-0.0145436614109
0.00920472613927
-0.0584688642271
0.0659039640728
0.0688619679385
0.0594985144992
0.0449001364748
0.0590930056675
0.0490412991399
0.0861710043073
0.0407715995447
0.0128574559078
-0.00544153911704
0.0129854352815
-0.0278903199422
-0.108545962777
0.0385760789977
0.072343510436
0.0621894577741
0.0345219424933
0.0103180419084
0.0585339465127
0.0217344762191
0.040524352962
0.0934227849899
0.0114667505907
0.00238576613919
0.112343625951
0.0636252157334
0.0175466054405
0.123479917004
0.062559410882
0.0975771038527
0.0071145760554
0.049338498549
0.0128893046758
0.0767373049293
0.0760010311672
0.0052639360697
0.0506442022114
0.00335432691968
0.0773202198546
0.00929661295841
0.0518195455495
0.00460869132102
0.0140718489253
-0.0285632108959
-0.0209217245369
0.0697995924056
0.0323433871498
0.127309773191
0.0543826972406
0.0176872807388
0.0861337585706
0.020041857894
0.0553216578127
0.0444810476704
0.0821024185156
0.0988363563211
0.0680771004553
0.0924576788858
-0.0362003140411
0.0481577701513
0.0580766061435
0.0585754923822
-0.0261771701686
0.141331134396
0.0383563188753
0.0782758230889
0.100932532245
0.0276676753157
0.0705784079768
0.0299191790809
0.0535645564474
-0.0598914592412
0.0127525923493
0.00535222459028
0.0991335427377
0.0305434307357
-0.0055345996443
0.00217872225676
0.0424464845935
0.11684690566
0.0706999453066
0.0888629598474
0.0699051196514
0.0280759848196
-0.120438607002
0.0504463587389
0.0465594666613
0.0829062457627
0.136781829394
0.0858189218377
0.0431840906891
0.129342450505
-0.0629398232829
0.0955710372092
0.0943104394037
0.12879171733
-0.0299887909031
0.0649171872901
-0.0215220525051
0.0904226873363
0.069140310008
0.126882877533
0.00699295074996
0.000800098611887
0.0829500534722
0.0280270536217
0.130843537153
-0.00898501719574
0.121032593591
0.0557826191144
0.0343666967944
0.0161954920191
0.106307847176
0.107217408218
-0.104956622377
0.0517630872767
0.116943280832
0.002674247486
0.0136982003169
0.0540634449176
0.0461455087366
-0.0347728786506
0.0799211090132
0.0612442354724
0.11317923993
0.0712197302485
0.0556271706367
0.109646383124
0.0864487615323
0.0364174449964
0.014017830641
0.028328863321
0.0896379345496
0.141937190975
0.00538877840709
0.00545463991807
-0.00319087816426
-0.0170820112362
-0.0171201455891
0.0584804401254
0.119921822401
-0.038018327295
-0.0472567429947
0.0105153772242
-0.00799865606676
0.0772716877089
0.0367682835905
-0.0165007532002
0.0120759402905
0.126002621031
-0.0382449124293
0.0535690642881
0.0187619613381
-0.0217121398209
0.138289923924
0.119313498474
0.0679578201631
0.0874159265645
0.0644198091359
0.024339867702
-0.00947476019507
0.0454451456079
0.0804624271975
0.0391428216646
0.06281764044
0.0222260377817
0.0566127502063
0.035834794368
0.0971206927703
0.134198805298
0.0735186881328
0.0172333853853
0.039974548716
0.10923331214
0.078101057151
-0.0879249394997
0.0237275818973
0.134440508376
0.0627400916565
-0.0047724331743
0.0329567903382
0.0847314199498
0.0948126932429
0.085675206227
0.0191264552728
0.0229785778753
0.00205636303295
0.133045312036
0.0323555798121
-0.0715059956697
0.0398350449006
0.0597859362816
0.0399585628275
0.0664817524146
-0.0241892842102
-0.00904031894121
0.0814179286813
0.13934185981
-0.0252466853509
0.102203144508
0.0170595411133
0.050416996632
0.122114922877
0.0805143479315
0.0487879072474
0.129608728461
-0.00265711917463
0.0195020101072
0.12114212241
0.12779377245
-0.0119122747817
0.0806728482983
0.129667003045
0.108949010335
0.0439057828796
0.0201401050104
-0.0745019761615
-0.0227562769251
0.0910510206017
0.0825483078351
0.0629880825443
0.104775336375
0.119025579174
0.0660806341078
0.00911640826448
0.0405181396543
0.00858726709851
0.0687310063112
0.0267819694392
-0.0323945773568
0.0860953440646
0.0439587695362
0.0493572914744
0.00182740551153
0.0766866783086
0.0399476651631
0.124911235365
0.0409603092226
0.0670656833353
0.0929716034749
0.0468693029405
0.137683352994
0.108679652863
0.00657961769292
0.0359834300468
-0.0235795568968
0.109663356262
0.047743670961
0.0832088663499
0.102424073323
0.0184123431295
-0.0505294834067
0.112116445744
0.0350916070108
0.0487876870114
0.0214828234271
0.0647758057316
0.0666139211318
0.102170273903
-0.00911567615452
0.00613352844865
-0.00881635842328
0.130821144335
0.109991822889
0.047803166678
0.0985192293668
-0.0485560733507
0.0585140402433
0.0724280341036
0.0916181740582
0.131005622867
0.0149297930427
0.086678241716
-0.0668596696542
0.0694864313934
0.0438463951022
-0.0420571581983
0.0362548240839
0.0793310681582
-0.0180842022616
0.0606759299533
-0.00664532943522
0.0735734341557
-0.0608418270516
0.0883466764061
0.0882279172951
0.0593398287981
0.073861026761
0.00875501273135
0.074914170018
0.0501935516764
-0.032485476347
0.111778941095
0.0928011944411
0.0739472786351
0.0931584889878
0.0346765513014
0.0898273492133
0.110712276521
-0.0710420053876
0.053425568918
0.01349854236
0.0217706187181
0.120543471729
0.0218775585552
0.0612259872126
0.0354513870395
0.117485380765
0.0690316214581
-0.00856115458099
0.0539396168163
0.130323249752
0.0167843762684
0.0413872905008
0.0477439362124
0.118896538352
-0.0137511295143
0.0831502625945
0.0513339862306
0.133020211248
0.0779387091428
0.0254896116545
0.0125064301822
0.0694641028248
-0.0320258554096
0.0228583561453
0.0038164532364
-0.0607280350882
-0.0559273203195
-0.00758136263789
0.0612068821327
0.000979266982085
-0.0274240921829
0.018077572074
0.117595974776
0.116485525887
0.0122055401031
-0.0147404607471
0.0981387482277
0.0898416858851
-0.0291609326346
0.0579373417523
-0.0144717720928
0.0513558462551
0.0570059974471
0.0432439513617
0.0952390931162
0.0241892975134
0.0998740381463
0.0250130549207
0.0758331692864
0.0489179836298
0.0351089382923
0.0753196676881
0.0983696989941
0.0223687127273
0.0880450031846
0.0928355244363
0.0841458096102
0.0206066481594
0.0667913168221
0.0327976318139
0.0580543901813
0.0140655991872
0.100609741797
0.020271024236
-0.100980033536
0.140536113162
0.068340619403
0.093077510739
0.0637937792855
0.106625624152
0.00463805048083
0.106379978153
0.0267785552839
0.0480883917233
0.0505406045209
0.0734727370096
0.0865546883913
0.0674635780108
0.0976030553666
-0.0280038489907
0.100383961409
0.121685136696
-0.00907125658636
0.0329481071667
0.0378614073328
0.0122107454487
0.0609361175833
0.0381547077666
0.0673985859917
0.085448014075
-0.0162972080912
0.0617581709637
0.0634827204984
0.117929004086
0.117901876989
0.0349744531498
0.0419625373516
0.118366564988
0.0773328336
0.027285279731
0.016793645889
0.0805503370567
0.0646009083288
0.0675401196072
0.0104863150365
0.115549750832
0.0341063525545
0.0106512718669
0.0734253476069
0.0700677444075
-0.0112067496743
0.0882463634346
-0.0401751532083
0.0968803611293
-0.120054842689
-0.0350354293739
0.0255744687926
0.0696411918406
0.0855682324104
0.0798519622482
0.0346366397401
0.0332055893471
0.119899574729
0.0276708362375
0.0655229882433
0.127003637322
0.107468557993
0.0450514245019
0.0777834344481
0.127358989289
0.118113450487
0.0784889218798
0.135590228062
0.0749233798326
-0.0909053319453
0.0411203518854
0.0720121908737
0.0131860814895
-0.040360273834
-0.0844314727367
0.0853599840308
0.098456665226
0.06432027221
0.0616175791566
0.119215719966
0.0735033882014
-0.0616562195694
0.0203610227672
0.0561426928616
0.0605186349428
0.114312993921
-0.000857885492556
0.0968387785098
0.117629300031
0.0500110010457
0.0588282840836
0.0117994137027
0.0325839940668
0.0134042201763
0.0298388053829
0.022251144498
0.119008431513
0.0144599314506
0.0414944639373
0.0476391597132
0.00961084747306
0.0373005150361
-0.00831883368725
0.0389047536591
0.0977312515443
0.000851234814638
0.00710996694587
0.0110666118764
-0.0466291862736
0.0490355322635
0.0876141960022
0.0763046100489
0.0299416948542
-0.0220266002306
-0.0206546875217
0.0897361638121
0.0396935704306
0.0466317013421
0.0706188042139
0.0480894808616
0.0513305348369
0.085894586873
0.0803616425877
0.101447055144
-0.0585302356968
-0.010800133016
0.0994853830409
0.097414051974
-0.0226149730042
0.127504319241
0.131102678263
-0.0125763512179
0.0947668617904
0.0342369568356
-0.0200833402957
0.0690503209896
0.127938626749
0.0371894029924
0.0367612502866
0.102131312674
0.0534379671431
0.0349685533561
-0.0364797550604
0.102046379409
0.0382916057506
0.058984364598
0.100526338353
0.139181056001
-0.0105426139614
0.00502250618968
0.0479351469858
0.0859012834726
0.0193887654759
0.0143599012659
0.10874672762
0.0422674718158
0.0327216100072
0.0866973687024
-0.00686181672788
-0.0607513928209
-0.0217482971685
0.142065544083
0.0561797080354
-0.072602796944
-0.03415903052
0.0259488770241
0.112610477692
0.0902627476029
0.00561436174952
0.0851790854039
0.0241202443363
0.0413421609461
0.0742172556663
0.101825156599
0.0446743189522
0.0614172357523
0.107070978497
-0.02820100719
-0.0950644123911
-0.013529790007
0.0889757415366
-0.00967619013684
-0.00836869592383
0.102392511815
0.0826849982884
0.0604523712915
0.114601666002
0.116229686297
0.0139450142254
-0.0308606159255
0.131162385874
0.065124230982
0.118230020951
-0.0461782795387
-0.0409193823163
0.0496630031425
0.0730105657463
0.107651256059
0.117824499182
0.00514045922977
-0.00189287216491
0.0963224027601
0.0329200334335
0.120030232711
0.0441108311893
0.110903996768
0.0816759290265
-0.0134297951123
0.0312955397178
0.0990034552048
0.0462384439334
0.0260012553198
0.0619222183406
0.0837247347255
0.0930349032706
0.0578499229115
-0.00179942158505
0.00783763770742
-0.0226478879504
0.143766418012
-0.0506770930322
0.0186051253316
0.0261285063459
-0.00377132008728
0.109407032616
0.116250682988
0.0946221146524
-0.0209738874845
0.0518805917948
-0.0136925284453
0.114834396525
0.0830311818982
0.0953020785094
0.0764308730147
-0.0326730738348
0.0128154188123
0.00693104120023
0.00874879698407
0.0119273703638
0.0362483894533
0.0663646858592
0.0750901561672
0.0760521937217
-0.0268395594317
0.0828887256413
0.0772290280834
0.0938633012174
0.0841205338806
0.0607257802358
0.0829786709782
0.0553488252191
0.0319030253506
0.0524948202119
0.0041080700799
0.0614211298011
0.0139941796807
0.00383905272978
0.0596500964391
0.0169446802197
0.034950619912
0.0630354253684
0.0289809543101
0.0238703860973
0.040515162351
0.0729822959052
-0.0344697794638
0.00465777825187
0.029969470498
0.104919489324
0.0292383774987
0.087385209557
0.0915193741464
0.0776852774623
0.0820584986898
0.0474349932299
-0.0162633604621
0.0652526215347
0.0027456648238
0.0322550613879
0.0129253469474
0.0416817771202
0.0118259181909
0.0900618153322
0.0709995619561
0.00122638968407
0.0878606814923
0.0498065371938
0.0858001886269
0.0798642796405
0.0433326089931
0.0541385744272
-0.00562822332663
-0.0960542361456
0.0912843912548
0.13268832459
0.0973871172482
0.0992222691745
0.0519611045903
0.0326361526118
-0.0041907167533
0.027238535051
0.0839295846024
0.0162319554069
0.0611577720622
0.0102081309935
0.133727353699
0.0366028519556
0.0691113660455
0.0513220497957
0.0133756548619
0.12896791454
0.121690000831
0.0361439767752
0.0426314134739
0.0623790981892
0.112819542799
0.0855720609429
0.027737471375
0.086116801083
0.0706983246783
0.042458888996
0.0921450196838
0.0530073727742
0.0277950750115
-0.0182128525803
0.0615130575568
0.0195099000192
-0.00489220675226
0.124146855565
-0.00294504273269
0.12156296388
0.125305841839
0.106993756787
0.079292257679
0.120501608423
-0.047714560928
0.121460922584
0.0453991800022
0.0947222505351
-0.00777542717486
0.100962779627
0.0251885699019
0.102879694008
0.023575114628
0.000960547665088
0.0658741401468
0.0609524565269
0.021683372134
0.016082666381
-0.0182004036039
0.0780017534021
0.0409774619631
-0.00284861972042
0.0157427735182
-0.0627008774306
0.0946153479735
0.0429103442208
0.0407140589691
0.0404584100817
-0.0248326939706
-0.0460291686912
0.0180900450188
0.0471371872325
0.0542010800369
0.058711762816
-0.0486276492839
0.0333573537898
-0.0210726435939
0.0946003520112
0.0458639969558
-0.00982376942117
0.147214905902
0.0650942496884
-0.0314515238748
0.109530621588
0.0148172428654
0.0985533636227
0.105819997639
0.121031639149
0.0910008966231
-0.00266828595062
0.0382288074907
0.0494601667601
-0.0126268386602
0.0787083625681
-0.00031809000123
0.0191270463571
0.0177975398842
0.0666675023443
0.0278750473935
-0.0292203850315
0.0992109137646
-0.00896310804151
-0.0509388235676
0.0516107072986
0.11531997622
0.0509450726023
0.0855672698339
-0.0297864439404
0.0505837652647
0.016430576473
0.106493371386
0.00934521926681
0.00766479287714
0.0681723796101
0.145886343348
0.103831509771
0.0112514579412
0.0763003675273
0.0442423050849
0.0269818768076
0.0140587967756
-0.0890088616032
0.0399622736927
0.114236323339
0.0643836757113
0.111720814055
0.0133294198389
0.0906084131183
0.0185814510658
-0.0159854943927
0.0919109346881
-0.0542184592256
0.136382746222
-0.00932898734795
0.0110355500415
0.0450059799769
0.063497764796
0.0857911882607
0.112381501851
-0.000979946014708
0.0136398218468
0.0499275050257
-0.0441591950826
0.106214804423
-0.111281742567
0.0451936248753
0.109597007523
0.0922841652721
0.0272342772753
0.0706659140968
-0.0146214497283
0.0226162033027
0.0131743033298
0.0512877908532
0.106480668119
0.0392866432187
0.10030255109
0.10129261527
0.0252706010986
0.0392026111724
0.0214888427187
0.0345284037003
0.120490942574
0.0579121072098
0.0248264255316
0.023955215619
0.0237863512757
0.00509724358557
0.081495686352
0.0492312692402
0.0619511814212
-0.0094488038627
-0.00528566954523
0.0889668283465
-0.0690203690376
0.0758097038372
0.0783548972447
0.015401020213
-0.0186722927467
0.070225990235
0.0681802305696
-0.0402478223069
0.0154804957525
0.0929280418164
0.13420847796
-0.0469550261223
0.0136108507233
0.0235759279057
0.108299045184
0.0356716629789
0.0101564437933
0.086847343632
0.0539207475626
0.052026765045
-0.096839607116
0.0880577794644
-0.0161782031499
0.0618946478056
0.039814243018
0.103156576639
0.00063399797798
0.0411810021507
0.0455131036194
0.0631487003393
0.0638640677524
0.0595042416962
0.122300579724
0.0527452689793
0.104989549819
0.014994001299
-0.0489734492608
0.0923229419561
-0.0295964004844
-0.0362426062223
0.0751015334226
0.0625008704093
0.0799517994667
0.085178556167
0.0878551254888
0.103210281925
0.129315179889
-0.0434935271395
0.0861702414159
0.0363037914762
0.0160627102036
0.0474616149506
0.0368868788394
-0.00583388969616
0.0530161134437
0.0634437372338
0.0228052080797
-0.00632466617449
0.0995639706155
-0.0595128806797
-0.0314325118232
0.0713694739944
0.0412096377276
0.0772521548104
0.0265589068681
0.0894803049113
-0.0226840826119
0.080046664488
-0.0287367806216
0.103927509659
0.00853119887645
0.0552768192942
0.0461618183758
-0.0262233932714
-0.0751545329805
-0.0594913427812
0.107718875917
0.115539016968
0.113190874264
-0.0158857608013
-0.00256612307515
0.053018730962
0.013475825323
-0.0703608231849
0.0395412897005
0.0517991027169
0.0022035848359
0.0448346819923
0.0904533823275
-0.0132441375914
0.0190780958695
0.0410343783257
0.0451616582849
0.0342937366881
0.103736413272
0.0142588662344
0.0640319770993
0.0418673406765
0.0778293523158
0.0225948049225
0.02459914012
0.0641016627769
-0.00192283270564
0.0302957087024
0.0681745716278
0.0282802090355
0.0607779513362
0.0846348099791
0.0408685503941
0.0665324223273
0.124923732868
0.0208860703325
-0.0074197539538
-0.00424665682769
0.110595332544
0.0330331657289
0.0873915448388
-0.0738157070739
0.0755733125461
0.0382393892428
0.0535239293396
0.0386587663073
0.0884538789594
0.0232709423296
0.115516159722
0.0439945693144
0.0518179661794
0.00261818949297
0.0215181621789
-0.124441412353
0.0682471326098
0.0712681518024
-0.0834049774637
0.0479022854013
0.0522110126361
0.0264157448945
0.0746148973686
0.0869903075395
0.0350721255872
0.0305044606666
0.0185646617966
0.0992192335891
0.0961095287831
0.0617493059927
-0.0224577711752
0.0638661318418
0.00231689910822
0.0334408363133
0.0823138642373
0.0376399698001
0.0882446453873
0.131846078086
0.0443207518367
-0.0842052387871
0.0310626078479
-0.0250289773093
0.128825404372
0.073917932613
0.0123672414628
-0.0053912281628
-0.0407044506437
0.0330906744991
0.0282457169935
0.0227573049689
0.0444300343836
0.061552068358
0.00286261745342
0.0163336993351
-0.0102452949127
0.133679942526
0.0659302182415
-0.0197054232553
-0.0404507480297
0.00297900401408
0.0315400511594
0.0358557842887
0.134956080965
0.0598502312149
0.00314429452656
0.0792580547189
0.116349007707
0.120690936041
0.0225508617247
0.0568137897919
0.0162469541609
0.0137621859001
0.021948659092
0.123521612145
0.0606529089263
0.000286543057745
0.094541855195
-0.0113535915444
-0.0170918022835
0.128142362517
0.103812726955
0.0435729626303
0.0755008199535
0.10006449754
-0.0207780993895
-0.0113443123506
0.0402107131469
0.018643625645
0.0701119186808
-0.00329035578628
-0.00259262589939
0.0205461779934
-0.0525548976229
0.0619020694259
0.00710906769443
0.0709630614305
0.0373962241865
0.0628701124039
-0.0162810216516
0.0326364097308
0.0972174884342
0.070431641472
0.0792387734775
-0.0152368352743
-0.0120255727824
0.0911977572597
0.114790629375
0.0578635449319
0.090205940999
-0.00582985695821
-0.01775386689
0.129522514365
0.106213153841
0.0777088303682
0.094833531558
0.08440391428
-0.0718663535848
-0.00300117047985
0.00655580485523
0.0790957787523
0.136876403743
-0.0542636816527
0.0355770027536
0.0921127219834
0.108496570816
0.0627581188512
0.0281389900968
0.037178638014
0.106427453027
0.0524980736416
-0.109487526186
0.0775639599548
0.0454387662147
0.01563893047
0.0974836495547
0.104350764731
0.0345489361977
0.0273353895701
0.077527088552
0.120891084453
0.0776156401034
-0.0475544019184
-0.0071224272289
0.0879087439161
0.0768788920661
-0.0112025890661
0.0642609433799
0.0865533728959
0.133532876479
-0.00628149606228
0.100077779783
0.0715592823146
-0.000463926474648
0.0263196061469
0.0629176459282
0.12737187335
0.0465297871138
0.100708395883
0.055150863201
0.0947199388958
0.0682258628502
0.047781955818
0.102538160357
0.0117954610479
-0.0923680602006
0.0933558883362
0.0579346310296
0.0865130195939
0.0584961551243
0.0384043642055
0.124619652656
0.0551446281181
0.0310721170039
0.0373516733213
0.0634608926114
-0.00466748554662
0.0332911796849
0.0270686541589
-0.00944602197416
0.0839448051686
-0.0320817817708
0.0133480469013
0.0708303924187
0.0770165213414
0.0355528789616
0.079888326044
0.0989183253744
0.139881465023
-0.000246704750504
-0.000822925756562
-0.00436219350673
0.0241904373809
0.0967582005109
-0.011640592404
0.0940341293411
0.0880684669469
0.0683096242228
-0.0300232852813
0.0614490256651
0.0881530039319
0.137876524435
0.00441612844463
0.127485907381
-0.0153883051727
0.0428903325024
-0.0776630370913
0.138472825397
0.063375294307
0.0871913691523
-0.0940259320742
0.118649935683
0.0514580401863
0.104847439723
0.0470978597921
0.0649497283609
-0.0185658217095
0.0822068725501
0.0343090697354
0.100315447748
0.042916356003
-0.00468121146657
-0.00910769052002
0.134287892223
0.0556066465043
-0.0134325749165
0.088983859986
-0.0418836186525
0.111528969277
0.0404216308888
0.0373638891161
0.101248191055
0.0395659720428
0.0219832059432
0.108547228371
0.0505306267931
0.0558471994605
0.0550409299919
-0.0131913562743
0.132459430117
0.103538480612
0.0867461855694
0.0668510121895
0.089394429316
0.0816205777773
0.00161336308986
0.0773624542707
0.0231955631541
0.0598616816027
0.0406243762735
0.0680759399058
0.101237443362
-0.0185072285316
0.106649968036
0.0770913759432
-0.0266047380355
0.00652954600516
-0.0170828735307
0.0350708063468
0.120589610013
0.0013955647551
0.00367806153631
-0.026486519786
-0.0356266007589
0.0381389314603
0.109683092067
-0.0398935949558
0.0224598554322
0.100184806275
0.110655948595
0.0938005518909
0.0206473294456
0.0303908796465
0.111498473783
-0.0301441062797
0.0607085551151
-0.0431492612182
0.0381713762657
0.106595251896
0.109404677136
0.101090425205
0.058382401188
-0.000921519783832
0.066936185579
0.123675346997
0.108025148247
-0.0215276002385
0.0498730988791
0.0319862345692
0.106800182167
0.0357540821062
0.120657368056
0.0930702867498
0.0834460174531
0.0373105962454
0.00921580773641
0.130299709622
0.0520948816518
0.0701644368818
0.0142775526227
0.07205792578
-0.00204930437923
-0.0283882413517
0.0183602909076
0.115277406388
-0.00776445738082
-0.0437853735951
0.00460270454121
0.141825109938
-0.079761251621
0.0536284331564
-0.0506055153585
0.132587898107
0.0048668299751
-0.0091647104367
0.0623603567949
-0.0976520417324
0.0806926547689
0.0286804861189
-0.0314793694506
0.0626061009135
0.0181356921967
0.00824101168326
0.045709775095
0.00672504379485
0.092449005762
0.101974052849
0.0669975186734
0.103913442443
0.130148541365
0.063621880908
0.0126571676895
0.104131292828
0.0945412638278
0.0441293849133
0.00369682553718
-0.0233783731548
0.0618083197603
0.0333587050536
-0.00239722925946
0.0224471182902
0.10852484069
0.124932433317
0.0808744498422
0.0453102656755
0.10880566078
0.0309897458762
0.0908363636846
0.109387307266
0.0122396401504
0.0138409858306
0.0916315048672
0.085252259583
0.0229861642946
0.0231896623833
0.0763967829772
0.0965767018571
0.0464208803887
0.0800447828375
0.0549472059481
-0.0664363273723
0.103861233574
0.0837326202725
0.0349800275073
-0.0314555034094
-0.0170922317926
0.0395709418655
-0.000852769265718
-0.00203821581915
0.0947281493117
0.0663378400166
0.0345388306107
0.058043827858
-0.0471798343441
0.0461671296781
0.0628281664988
-0.0107192661506
0.0845685735389
0.0409432927411
0.0573426238019
0.0576500403152
0.0636045536516
0.0223636648889
0.0292745349097
-0.00440278318494
0.0587446304784
-0.101539846085
0.0535228827619
-0.0626004470555
0.0626744399306
-0.0733712144859
0.010631156642
0.00334423720178
0.115628181351
0.063970078786
0.0985085010934
0.0699643667394
0.113019595015
0.0424185180643
-0.0123350823747
0.135350328461
0.0394606167388
0.0368775409049
0.0577885840584
0.0331500258117
0.0216860201146
0.0986951650911
0.0225313715653
0.0927785135961
-0.0157771648888
0.0317550164934
0.03535117939
-0.0472284560738
0.10311682152
0.0474019557827
0.00987925125814
-0.0338159143913
0.0823192378872
0.0900796072735
0.0607652439881
0.0561206664606
0.00697201179856
0.0261682267006
-0.0542136955604
0.0885759333494
0.0809179668593
0.0903965514219
-0.00607917853267
-0.034528944806
0.00365140283266
0.0209415551715
0.0794312573251
-0.0552300449811
-0.0637801141359
0.0555299460013
0.0214151998538
0.0212753063318
0.12369376901
0.0948961018666
0.129894694152
0.0808352558241
-0.064507822693
0.116252386083
0.0171804141606
0.0280850510605
0.130508497119
-0.0648309914751
0.123358342287
0.0694311289519
0.060344959413
-0.051662257431
0.0267787275644
0.0150866360608
0.0588406760257
-0.0253877629515
0.0892588779335
0.0482452785072
0.0880145759675
0.0940773316041
0.124368433926
0.0766900364704
0.0342235768724
0.0175241641159
0.111397720724
-0.0868919018256
0.13097680193
0.01393328016
0.0552058950974
-0.0445006290533
0.0512183599519
0.0159134157203
0.138792139849
-0.0578790561411
0.0578130727153
0.113033980595
0.103683816335
0.0621134201891
-0.0586939712772
0.0808709068954
0.0672206041038
0.0707691921959
0.0983073544799
0.0700918492976
-0.0934988119433
0.13445014609
0.102779975709
0.0677576420712
-0.00566165744179
-0.0106933870909
0.0537405545076
0.0334415154927
-0.0298688356194
0.0422401656015
0.0502479175649
0.0672814779953
0.0115309120691
0.11423851184
0.0472407106806
0.102273819457
-0.0743980760651
0.0787447267966
0.0164978973173
0.0194005847225
-0.0115894176206
0.082100047866
-0.0423587907964
0.00547654604915
0.0733663470755
0.0742106893779
0.0715872823236
0.0997369436822
-0.0487970204152
-0.0969400692224
0.0758004783943
0.00576892103423
0.0496420710689
-0.0389226439951
-0.102281400577
0.076251642233
0.00898083700537
0.132847556159
0.0274547143926
0.0244951317023
-0.0424104795333
-0.00784136792147
0.127442217327
0.0250367599411
0.0581365156772
0.0568235376164
-0.0289645039956
0.0426972054393
0.0884700251788
0.0325755390457
0.0810534818479
0.0750690951087
-0.00301957416374
0.112104222555
-0.00270979085531
0.041081702912
0.0175233692413
0.0989463386643
0.122198610103
0.113734756262
0.0125127871589
0.130294007551
0.103504749699
0.0383470100776
0.065439003216
0.0660502413444
0.0184770131312
0.139306271735
0.100986018179
-0.0408219870226
-0.0463685904834
-0.121910221449
0.0504658764075
0.0289926060826
0.0878559466392
0.112632870828
0.000879445203754
0.0364667429026
0.0278803016465
0.0789291091623
0.094763562401
0.111904322301
0.0617705550149
0.11948343611
0.0878852981724
-0.0457854690634
0.0785162098005
0.118828890677
0.0343200255175
-0.0391642401904
0.120381862878
0.0951695276958
0.0122910637455
0.0309015028434
0.105425453663
0.011613848071
0.118432682054
0.129487022147
0.0479933725543
0.129843590119
0.123168195523
0.0811741581112
0.0417684063429
0.0745260732724
0.116055867144
0.0886700617104
0.0999405944884
0.034728663144
0.0921567001573
0.0364905919046
0.0524669642683
0.0206497628527
0.116942672376
-0.0168771113131
-0.00498782781514
0.0347025595694
0.0034284389444
0.0552837608011
0.10370937577
0.094718722614
-0.00525613899603
0.10240507662
0.113741791558
0.0503067873503
-0.00339430008297
-0.0534860338782
-0.00606907531354
0.0774771886166
0.0975534874444
0.0506030826516
0.00653425702429
0.0765451046987
-0.0381530500598
-0.00387199486242
-0.051675770749
0.0685502848107
-0.00817347341021
-0.0137864972021
0.103109005987
-0.0162866381057
0.102820658715
0.0383237241223
0.0159966817219
0.0479219705013
0.0571482771481
-0.00730246976982
0.0273864418391
0.0454837279638
0.080233448479
0.0813192961394
0.0950475193451
0.0526292296558
0.113605412359
0.0186019253092
0.0591502805339
0.00569737199289
0.00749435842727
-0.0166513945697
-0.0336263969384
-0.0321320125907
-0.0163750274162
0.0701930708491
0.0482425319813
0.0697609471269
-0.00312834789545
0.0928148659833
0.0703117138242
-0.0945584000818
0.0905193378585
0.045994327862
0.0691924628578
0.0109945876413
0.0141810246528
-0.0259883428759
0.0404184408938
0.121766220886
0.0982449534698
-0.0637688590147
-0.0155924617624
0.0335089776547
0.0149249156834
-0.0275260261831
0.113144866393
0.00428239749831
0.0772940676386
-0.0165381236112
0.0154889970419
0.083750818888
-0.0602359163537
0.0944090367406
0.0628208658607
0.0396867131089
0.103722443278
0.0611731691307
0.0615301895293
0.116353017609
0.0787557178443
0.0658686104085
0.0345501568843
0.033117379096
0.0275541294465
0.0724844930851
0.0755565445769
0.0984301591051
0.0652248840467
0.0662035752032
0.00481425335792
-0.0260508911979
-0.0452699063719
-0.0197515181806
0.098024610871
0.0557858001836
0.108930627986
-0.0296273231775
-0.00347766362834
-0.00515756086078
-0.0413121002009
0.0318170272353
-0.0643083364585
-0.0223301909011
-0.0100494513809
-0.0177486008701
0.00855190124634
0.108741598063
-0.0423431156831
0.00562460736591
0.0340550800423
0.140192784186
0.0564723849526
0.0179406522923
0.0480538560452
0.0671930333438
-0.0502514429637
0.0592635205835
0.0756440556788
0.0323841729015
0.0243573965518
-0.0353263667753
0.0623389021814
0.101255118638
0.0467731238483
0.0582382140221
-0.00254155336897
-0.0093287473624
-0.0466276558428
0.0924201776244
-0.00990119953872
0.126416584568
0.11020539053
0.0884955625942
-0.0417649805238
0.0531977835561
-0.0208964265379
0.11906723274
0.074615374232
0.0827669721728
0.115343625447
0.0444971973392
0.12620183503
-0.0466492467818
0.0443535560422
0.0830478048476
-0.0622488240917
0.0704596734349
-0.0257381680811
0.0623277002606
0.0615666072065
0.0849966374412
0.042615883167
0.0750441713769
0.0680597610084
0.0308342927016
0.0148120203822
0.101389825648
-0.00643318435741
0.0922725410768
0.0442778957706
0.0296311587255
-0.00941264006473
-0.0224281267871
0.0605843822037
0.0833709942711
0.0128559244709
-0.0500578108907
0.0121540328769
0.0196668162724
-0.0191463601827
0.0272551013925
0.0388055315012
0.00375391622501
-0.13879782297
0.0340996168676
0.0598041654579
0.0472115860471
0.102367265996
-1.46091040882e-05
0.0718472512456
0.0715510546355
-0.0159020950021
-0.00112090593737
-0.0209681093999
0.0384020985962
0.0175521090624
0.0210030280547
-0.0597530434862
0.0705037128772
-0.0717864196167
0.10778094362
0.124402526156
0.0587696232752
-0.0617680076364
0.0743585133917
0.0646757840032
0.102828732537
-0.0736153046012
0.086285554007
-0.0222636658891
-0.0182520086427
0.0408852477239
0.108706428746
0.0855459409201
0.0962767759346
0.0529657341233
0.0882976365662
0.0429619543705
-0.0148259825706
-0.00523498919901
-0.0113451323139
0.0265139643294
0.0276457888941
0.10616579454
0.0653117268584
0.065876271
0.0275565871817
0.00761931387361
0.0450971136625
0.013734226254
0.0759788455276
0.0723207820163
0.13120806552
-0.00838052784672
0.0945801341974
0.101843006717
0.113034915731
0.046027810097
-0.0467774597347
0.00636670792873
0.0439519504743
0.0208358280424
0.0680841693569
0.0788002586043
0.0237610385134
0.0757711694556
-0.0315925670781
0.0202753484468
0.129115549153
0.0242336374273
-0.00874087471335
0.020351322852
0.0138598204256
0.0330203603794
-0.00332930457372
0.0862867220781
-0.0322163631314
0.0902343088337
0.0570071153243
0.0121970667005
0.0427814431272
0.138503790453
0.0323204710021
0.126318264945
0.0524737371025
0.0540282742337
0.0317875030635
0.0242880301442
0.0587251185827
0.0726233715615
0.0584546521299
0.0259047974486
0.143003197787
0.0160651243882
0.0138575255753
-0.0190309208041
0.104351513482
0.0677558542782
-0.0254736675148
0.0612165087184
0.0430712807946
0.0557556629581
0.00908878138415
0.0445965179484
0.135891394085
0.0173009156162
0.0534922848692
0.0273674794779
0.122250648903
0.0546875103172
-0.0347990149095
-0.0823168751853
0.0264817520049
0.0129358911764
0.0760893193442
0.0581114858149
0.0665145210368
0.0108522819612
0.120024265503
0.0554194084476
0.0401399140779
-0.023199815089
0.0803645234676
0.0878093047407
0.00932079146323
0.00267313813887
0.0717288992881
0.0654750469826
-0.0189792371719
-0.0474903742152
0.0569769886417
0.0573612799355
-0.0162322638815
0.113982798186
0.03150518018
-0.006603085029
0.0220140429219
0.0624000165628
0.0740699499419
0.027026249642
0.0753397343826
0.0353468629048
0.084705715782
0.0572592602886
0.0369561455072
0.0785480524527
-0.0289082636262
-0.0591793718522
0.0674225621352
0.127905104786
0.109953707629
0.0399438029018
0.104898986764
0.0668207601484
0.0226098717999
0.0782738323402
0.0263450656375
-0.00281438651718
0.0347871514441
0.0433372870162
0.0757363470004
0.093832638415
0.0835027953862
0.0333475766996
0.0309428077478
0.043874923553
0.109693977256
0.0139328311112
0.0571857736124
0.128011675192
0.064899818563
0.135846663632
0.00399088876814
-0.00987982937979
0.033275165174
0.0600939020776
-0.0599558040201
0.0793632072376
0.0696794687853
0.0355491637039
0.0374448643044
0.0808823554793
0.112672744605
0.0910043334956
0.0422930498149
0.0916291357954
0.0707407178017
0.0818176462072
-0.00927070708712
0.0949619373181
0.10775862428
0.093443308004
0.0724949079571
0.126472797444
0.0852285062609
0.0740305159441
0.122812394404
0.0298017295387
0.0651446035288
0.0542508728609
0.0613738061428
0.0118136147621
-0.0377346184376
0.0958022609483
0.0691126170896
0.04424734615
0.128753521801
-0.0188927170074
0.0640416740456
0.115437101888
0.0163715312465
-0.00104316381502
0.0356053425393
0.0945806700009
0.0948767480922
0.117949883329
0.0738233747907
0.0508464897187
0.00469748030655
0.0349392841945
0.0272134903873
-0.0429764865963
-0.0153949414856
0.0732303637611
0.100690099574
-0.00364174135863
0.0753079279496
0.0254080269296
0.0979160516575
0.0128940227496
0.0343501264435
0.129193915458
-0.0237721312865
0.0667997086686
-0.0151685339027
0.121942445052
0.0737727706794
0.0598225334562
-0.00690795458452
-0.0424178386849
0.0672762088693
0.0172940070293
0.0386210885593
0.0690531282253
0.125499983145
0.106389735836
0.0347133907274
-0.0255139979491
0.0428450546602
0.0769496609723
0.090982337112
-0.00490394105054
-0.00110899471821
-0.00922764647578
0.0531774110654
0.0574175347319
0.104150046059
0.0643348358776
0.0776044351346
0.0548679275159
0.0606062821253
-0.0275081024326
0.0978220724163
0.0099070393404
