0.0468409543995
0.0207528555905
0.0528722646303
0.135823934984
0.000671970748465
-0.036387726076
0.107552674792
0.00124515127977
0.112570884206
-0.111284847199
0.0612930059517
0.132693720116
0.114665352336
0.0264366088834
0.144118367752
0.0828708032173
0.0627167248999
-0.0251132389215
0.073704648263
0.0553307711738
0.0175864671254
0.114000691052
0.0183422288031
0.0817213711321
0.10662802729
0.108905824977
0.0812317698722
0.0376369387641
-0.0356345027849
0.0125220397294
0.0233214597086
0.0617322462279
0.0129309630269
0.0603181796236
0.108807817811
0.027055932152
0.0578158859559
-0.0974735420249
0.0508677520911
0.0508058213067
0.0333992795864
0.0232010528554
0.0959909361245
0.0331057983437
0.11371681428
-0.0905846348378
0.124366928882
-0.0246639940347
-0.0127799779756
-0.0118705586439
-0.0423029966422
0.0522648702435
0.0509890275131
0.0451616428968
0.0495299969562
0.033920141482
-0.0483358679074
0.112446933595
0.0277105289868
0.0891746920189
0.0212592694254
0.107592174363
0.00216656020221
-0.00192159564156
0.102077016211
-0.0633845361681
0.133627210581
0.0838947074685
0.0636098141858
-0.0326197327933
-0.11900470383
0.0314570050765
-0.0513612193132
0.00308956032534
0.0795227404802
0.130622973582
0.129109608161
0.0376322267047
-0.0112076130941
0.0898047215361
-0.0128955625121
0.0124998729538
0.110618095613
0.0977334078993
0.101741910365
-0.104296921784
0.0577691154786
-0.0248198520257
0.109571972734
-0.0243093594779
-0.0344937337415
0.070979564735
0.012248670266
-0.0299324454942
0.0289520376186
-0.0712877407826
0.0275599630163
0.108072642229
0.0962967571645
0.0708069186747
0.104282005833
0.0174272071526
-0.059039548974
0.00756900992567
-0.0815699835601
0.0732804606673
-0.0540199430486
-0.0360419112073
0.0214833109094
0.011064225074
0.0662947139634
0.142357876768
-0.0321875587348
0.0473822995184
0.0834036728241
0.0637798001792
0.12533705791
0.129249367044
-0.000195564313497
0.0172089059711
0.120663911925
0.0519640798548
0.0181138902199
0.023070142948
0.00485863676083
0.0976707781425
0.0896685385116
0.0786440243911
0.032999575405
0.0906538461641
0.128679822919
0.110205432434
0.0672051557071
0.11196391293
0.0150826253786
0.0735078564903
-0.0228705930478
0.00697076331699
0.125559699121
-0.0479648033341
0.145206088959
0.00337207059458
-0.0130725622206
0.0844952245439
0.0799231671123
-0.0155057162457
0.10945902558
0.0521862725244
0.0418040362194
0.0956379295687
0.108749546346
0.0906862421914
0.135083504252
0.103837357865
0.00670708607114
0.0712094142326
0.0161795243575
0.101734078069
0.0895831071465
-0.0318137790879
0.0769379589156
0.0707116617214
0.0304696325907
0.128723572259
-0.000196967653189
0.117032506215
-0.0224279881807
0.0763286988195
0.0335304335649
-0.0101441857856
0.0965537933719
0.0458934385596
0.115445372652
0.057878217542
-0.000673314750454
0.101795527898
0.0270219642273
0.101246131217
0.0937341741051
0.130092176773
0.104033188514
-0.038838529947
0.0833047646033
0.0722457763317
0.0812887862536
-0.0150223655719
0.0313984575805
0.127058931013
0.0447814815158
0.0921440784791
0.111091137127
-0.0419261750977
0.00904607633525
0.0161439149436
0.125643973298
0.00792742721022
0.0759872447841
0.101436442594
0.0719536204435
0.0216549987571
0.0605440288217
0.0420615681754
0.0895538870136
0.0432343172336
-0.0461787515709
0.0422159927856
-0.00468829794975
0.0472399934744
-0.00445836300811
0.0407266958301
-0.0103509091545
0.0567865331929
-0.0240528557864
0.047007648203
0.0189482268684
0.030976112965
-0.0459015674687
0.0716972449156
0.0120197498974
0.0880521456001
0.0558625011108
0.00138429986379
0.0605232730321
0.0612172883499
-0.0710335808716
0.106114842855
0.00103205672452
-0.0719219148784
0.0400281988226
0.0907821597788
0.128416637692
0.0509253207494
0.0638705278244
0.0743089366877
0.0137207024253
-0.00150692208641
0.059234976381
0.10857750138
0.070499812517
0.0798828021747
0.052371998809
0.131408778195
0.113470866459
0.0485631037717
0.0654634007914
0.0681929347757
-0.00276328406286
0.0188083884356
0.0628391433799
-0.0187889454211
0.00928812063971
0.0888538170624
-0.0111269318646
-0.0428490266151
-0.0218791282431
0.0615484120931
0.0167450347492
-0.0170958890128
0.0814210315682
0.000837278461578
0.0456604729795
0.0279034716334
0.0766386104505
0.0505690226155
0.0877756443323
-0.121650275708
0.0635124617426
0.0643168224814
-0.0457424746128
0.09740346974
0.0323453927873
0.0915863565952
0.0559423398334
-0.0492462992209
0.0427909473214
0.0250553533467
0.0332083666553
-0.0395024106441
0.00964182867908
0.13977955491
0.0884752526242
0.0171822520259
0.0709266570467
0.10665606919
0.0771040994713
-0.0106060544711
0.0359464256297
0.0525966449344
0.0838444679455
0.0690672926264
0.0636385287979
-0.0073668645895
0.0657228540366
0.0854722462263
-0.0199148685185
0.0922540969919
-0.0240993606749
0.0754882806783
0.094177064042
0.0237948553736
0.140241981121
0.0713565634483
0.0857254536086
0.119436683559
0.0100233513183
0.0587653405202
0.0104421852035
0.087124923789
0.0190340641566
-0.0388690201363
0.0175303368263
0.0304595571264
0.0458634996597
-0.0322683631002
-0.0113236808838
-0.000527444342777
0.116628682296
0.0564127893194
-0.0875496373232
0.0838487152187
0.105257187034
0.0228543663029
-0.0177270211799
0.0297633139825
0.0430691077071
0.0548754014948
-0.0511858900518
0.00727731230034
0.0945093276146
-0.0523494703439
0.0509155551464
0.0739575131092
0.0616527135376
0.0210477486748
-0.0266046389798
-0.0579468776383
0.0217226701197
-0.0338225377812
0.00553445982089
0.0681079485145
0.0885323765502
0.115459719225
0.0635448474535
-0.0320596411574
0.0662122842406
0.0979990134201
0.123168401851
0.0599866395592
0.106319939402
0.062740586843
0.112144399851
0.0686744630214
-0.00146613155806
0.0879116351575
0.08186821148
0.0723435456758
0.0718799922674
0.000158904510702
0.0679227324017
0.0770795141922
0.050301385915
0.133401301541
0.0835505927166
0.0571341035202
0.0604082704271
-0.0101881016877
0.0515598003713
-0.023026739396
-0.041520465109
0.0617046488846
0.00942152431606
0.0366324512663
0.0167560044203
0.103207865418
-0.000973658895155
0.101264548704
0.0180893699442
-0.0268149172344
-0.0129974434654
0.0724970087299
0.11129322462
0.103200153724
-0.00925589766081
0.0544984478099
0.0292852301975
0.0374630193411
0.0621483378096
-0.0158289555069
0.0194373624387
0.0571218939562
0.0452344186415
0.049307717472
0.0278916733701
-0.0516075100839
0.044905639989
0.108801509217
-0.0273194526821
0.0532423994458
0.0488931399323
0.0284828653406
0.124810942085
0.0252419164785
0.0247197066658
0.0694091242644
0.0501766186704
0.0250182191257
0.099131027223
-0.100082268749
0.080527692086
0.0525148859543
0.0230614119283
0.0756924818266
0.00168410862909
0.117102187148
-0.0136055206735
-0.0534858774291
0.0872554317328
0.0899788683978
0.107028055767
0.0100034878058
0.0750665835188
0.00216111366205
0.0237733086535
-0.0539903640873
0.128725173899
0.0110077144288
0.0856368087565
0.0629487164839
0.0486887063986
-0.0200573015388
0.0988003855667
0.00415972854769
0.11125871732
0.0594711903048
0.100549207126
0.117810574195
0.0218153095761
0.080593368406
0.0195998266154
0.0434194413982
0.0468134497821
0.102231694665
0.0842977676334
0.0572819380538
0.0493501948987
0.0786244218258
-0.0077508016703
-0.0302118830489
0.105663733281
0.0397767426648
0.0131872168559
0.0460480967658
0.0867541423484
0.0661580850206
0.117897986163
0.0513928933303
0.1100211767
0.0543573285874
0.0946818282032
0.0561634337226
0.0680531887998
0.122213800016
0.0501725432375
-0.0531629763813
0.0251673937117
0.0167286332003
0.124104258153
-0.0505636684072
0.0624893183974
0.116168773473
0.0289465236708
0.0858740174825
0.0535926386096
0.0480091816888
0.118661026064
0.101664033941
0.0979726561828
0.121575096143
-0.0364569214159
0.00155560640061
0.0738145073762
0.0561212139149
0.0436200933345
0.106876366841
0.0605632328591
-0.00907755441291
0.0695915245839
0.0046443464742
0.025243407097
-0.108049800873
0.0924122936957
0.101523085091
0.0675199808281
0.0382776081503
0.105056549914
0.0294715829876
0.0191717850683
0.10025561975
0.13834829727
0.111935982266
-0.00884020617634
0.0809486839971
0.0990655119142
0.0797932933651
-0.0353370964074
-0.0534263641963
0.0650224024076
0.0409050632627
0.133862491085
-0.00509230328421
-0.0294475845351
-0.0377298706597
0.0563139240532
0.0670617346611
0.107788105528
0.00485800214226
0.0624495680195
0.0708368010836
0.0762592941738
0.0750495980798
0.0668356345695
0.0463223232968
0.0851726998504
0.0940717100702
0.068132878637
0.106983834118
0.126111737772
-0.0159669667248
-0.0474681909697
0.0114483579948
-0.0383578769446
0.0412882058229
0.0328538104813
0.0320347300914
0.0161407132042
0.0932124922936
0.0393562266943
0.0254561927719
0.0757843024323
0.0951392879277
-0.0195555892828
0.0438497452449
0.0677233728588
0.0909048005379
0.0431580014783
0.0316631287457
-0.0185979717724
0.0161306346913
0.135395262946
0.0711780674358
-0.0113680330664
0.121061458936
0.0267228585268
0.0327228562672
0.0787490838615
0.110171037151
0.0357929991743
0.0828082032923
0.060687090877
0.143262891385
-0.00764476167042
0.0246419339447
0.0434467267066
0.0215922246334
0.0346000032917
0.0582889957094
0.0941775637536
0.0334963245109
0.0476483624752
-0.0104551918282
0.0693031239274
0.0144994737153
0.119560959928
0.0443097121391
0.0431987546936
0.0509971768689
0.0359158628727
0.0538634056773
0.0990667720108
0.0450426080071
0.0643564889223
0.00926828885702
-0.0667886440814
0.0118156030219
-0.0457636999938
-0.0734119033068
0.0764617932921
0.0136967809476
0.0902302305375
0.0960289978117
-0.00405601137405
0.0852151619517
0.09529837376
0.0534173677059
-0.0427245847343
-0.0460865246917
-0.0384674284656
-0.0348979684019
0.0597165410135
-0.0185964672269
0.0427869318714
0.0241181709628
0.0690727613595
0.125426212551
0.0135671527469
-0.11303082903
0.0963861591031
0.0934794959981
-0.0135012139029
-0.0472625629717
0.0401170224322
0.014185296218
0.0891454688554
0.0597307337898
0.0153672473877
0.0151404643136
-0.0305515675663
0.0446714310963
0.033528192232
-0.0154069871098
0.0412406106917
0.0102023853403
0.0625453082623
0.011704500122
0.00692536561995
0.077089179843
0.117328963617
-0.0308979087915
0.0820447446095
0.0297617623237
0.0480939846319
0.0595413871741
0.0795535134358
-0.0102084755632
-0.0225412201647
0.0116459361975
-0.0636483488124
-0.00128359822756
-0.0296976268067
0.0438382886872
-0.0274914525428
0.0776996955575
0.0449113593171
0.00908377637147
0.00821800456359
0.0379784794628
0.0450271278997
-0.0218735080641
0.0901041236687
0.080871609445
0.0650483388629
0.0396841032559
-0.012622547292
-0.0301000111343
-0.00128154215258
0.104593926081
0.082292504127
-0.0631915943257
-0.114334026849
0.0481592408936
0.0828027453903
0.134459505812
0.126881172114
0.0863119939306
-0.0175609513223
0.105572976445
0.110818615565
-0.0658182247655
-0.0098577118457
0.122879500038
0.0901154664661
-0.0373401445865
0.0401489478778
0.0333626933377
0.0533472864719
0.119555048689
0.0653743133069
-0.0942047666045
0.0842474410988
0.101587893893
-0.0252272487624
0.0936065028441
0.0310353613081
0.0298051769631
0.0263751302363
0.00625202124228
0.00538323066325
0.0195264281401
0.0523422683818
0.0174268772516
0.0428190298616
-0.00627044488189
0.102092621851
0.0603387604637
0.0184561873489
0.0587840961173
0.010720169214
0.0785809159089
0.0285898620333
0.0896079806593
0.122451556678
0.0384175343286
0.039309876159
0.0681159710808
0.0689616436014
0.10170613774
0.109337023082
0.0912434204837
0.0332502918497
-0.00432985285232
-0.000408395369726
0.0987029267661
0.00757185015731
0.0155206698389
0.120874861289
0.102736646139
0.0761814870896
-0.0494982946188
0.0351472483436
0.0665310326911
0.0979193940985
0.132037818076
0.0608372902157
0.0641132316361
0.0906811033189
0.0894018062884
0.0754106874793
-0.0715618073225
0.0607780043666
0.0397516068988
-0.134909424335
0.113186108359
0.106661674732
-0.056570275306
-0.0209979209169
-0.0030878771252
0.0825195038875
0.059809878274
-0.00225451532036
-0.0162894500905
0.00448794956954
0.0893075567812
0.142722345385
0.0520191233347
-0.049356958209
0.0638804098039
0.12691438743
0.103947143626
0.0726039503445
0.0924919529646
0.0258310227937
-0.0396010921222
0.0791394169547
0.0516670261882
0.0606913951719
0.126845915817
0.0424055558728
0.0506332265454
0.136496747903
0.114490110591
-0.00137353495906
0.0793337827584
0.00055229433608
0.10526684805
0.0153530516925
0.0532415545076
0.0508426487014
0.0963736834801
0.00511293175198
0.112543320366
0.0620766880082
0.0233316622643
-0.0120196381566
0.0227607899359
0.0754986804685
-0.0399190177426
0.0883802827545
0.0463866061764
0.0159914960684
0.0620555030399
0.0794834927669
0.113124634602
0.0428962679717
0.02431889556
0.0828928017028
0.0312977969635
0.0702882042964
0.00123819579496
-0.00126190292555
0.0492855822235
0.088669539036
0.0157681619093
0.0103234877789
0.0983404762251
0.0420085030403
0.0111233183367
0.0460376288592
0.0158112666585
0.00100487297436
0.0509829040896
0.0870390030122
0.0254473736237
0.0584729569032
-0.0141683887459
-0.000883818831824
0.0730988999829
0.0675594004932
0.0830955328465
0.0394241082963
0.0624080400519
-0.0212593242008
0.023394635895
0.0494874082943
0.0871643093555
0.0803681774617
-0.00911438710167
0.106722331013
0.130317428207
0.05534292401
0.0190545282357
-0.0256523728798
-0.0122944425323
0.00575144793202
-0.00166338310056
0.00773153525739
0.0281167411019
0.0340502199735
0.0743982849486
0.103521795004
0.0789229089051
-0.0134052592378
0.071344846054
0.00133742578302
0.10189607136
0.0451558693818
0.0868356270091
0.108130100827
-0.0553955088416
-0.0184054160223
0.0364870358676
0.0360930277923
0.12985411649
0.078933552078
0.0835952525139
0.0518808606106
0.0343413155817
0.0487782185974
-0.0152164601348
0.00302462281215
-0.015549871312
-0.00526924407234
0.0345540297461
0.0185513936406
0.068355519341
0.0222469726602
-0.00283859110196
0.108011489534
0.0616903590158
0.00347907885373
0.01976354025
0.0267389480366
0.0126121583191
0.0444078309482
0.0115061081021
0.0991665487675
-0.0718437013085
0.0718976620418
0.0134538703045
0.0360505081274
0.137670192765
-0.00908963384251
0.0823172700469
-0.0199486403087
-0.00925046523451
-0.0190734527455
0.0270468666376
0.115742716634
0.0906738326999
0.103646218746
0.106468286643
0.0854774426169
-0.0227475109831
0.101125406129
0.0856424898533
0.0117797895734
0.00247036503937
0.0129651259061
0.0577829813759
-0.0051544298089
0.0117614953504
0.0780263915964
0.0490229036086
0.100503062045
-0.00316572189439
-0.0409125609194
-0.0265016011663
0.0226842741286
0.0937673854898
0.108601002928
0.0498828748163
-0.103195970745
-0.0274017067241
0.0955710839029
0.00719142494541
0.103706244445
0.0658484878975
0.0596483206487
0.0960593303886
0.0489180870543
0.00284598602779
0.109005651141
0.0760499586193
-0.0868491109513
0.0893243503511
-0.00220741872153
0.0852339644049
0.019846834273
0.0701699989128
-0.0481959544575
0.108025266638
0.0511003900476
0.133747571439
0.0402979771516
0.0105678125868
0.0881239498361
-0.0405785455668
0.0548281064426
-0.153345617313
-0.0570648752767
0.0134767851548
0.0519155332218
0.00452991175526
0.0804059202478
0.066874380429
0.12111321443
0.125850808088
-0.00392030488495
0.120034343426
0.0471305311741
-0.0741587104165
0.104163611135
0.00478861240179
0.0532417062246
0.0823849980924
0.0566548758967
0.0233764776677
0.0822477766024
-0.00342187551372
0.0119390989413
0.0820394648634
0.082699399689
0.0972560051509
0.0301635974884
0.0153913127205
0.0885208175742
0.0675891979402
0.107679187882
0.00838808342348
0.0859125930782
0.0787739149042
0.0261286485396
0.0321487834693
0.0126884991018
0.0581363335235
0.0170820429302
0.0922539191454
0.0992530258332
0.0271753493972
-0.0688360430017
0.0312753023777
0.00704688117635
0.0933474033032
0.107023713297
0.0773082687388
0.0660373743772
0.0568640197093
0.0791718990852
0.0774591081846
0.107404821095
0.0426796444645
0.0532389437727
0.130185024543
-0.0630321811039
0.00458760887387
0.12610334195
0.0269153326031
0.0457562184423
0.115649912925
0.0379620587703
0.0339415524659
0.0794206279512
0.0590932467144
0.136629640311
0.0222192951544
0.0791816947672
-0.0193867607197
0.0897652365793
0.0365734670583
0.0638567855726
0.0416312910256
0.0652644049255
0.0665796467771
-0.023008182699
0.102377435991
0.0470031581461
0.0752129189646
0.00804108301932
0.0678580039833
0.0318792934329
0.0351390530883
0.000261359774095
0.0687456056682
0.0105317565519
0.0746189967256
0.0376078200577
0.0428478324245
0.00284145019473
0.0351293306849
0.11054309196
0.116232588693
-0.0814179429405
0.0735406121938
0.0913949716432
0.0634837741918
0.0495626060376
0.11070749003
0.00949246018186
0.020203047375
0.0230664420105
0.124628872608
0.0664561153546
0.0802212754879
0.0836053435732
0.0380839203713
0.0521517622332
-0.0630339138663
0.0374611556327
0.0631241642219
0.114018595504
-0.0774196888221
-0.00418617682923
-0.0145168681116
0.0766432226042
0.0774778497565
0.0539102755741
0.0440039384347
0.0554321360253
0.0861548934776
0.0966006287102
0.0232444172954
0.0122831715039
-0.126414409282
0.0494100550029
0.0495493315397
0.0607606463152
0.00675270562044
0.0985117367224
0.0473580972636
0.0703436507204
0.0157151363241
0.0431508118059
-0.0154939006252
0.0466312782485
0.0894006190596
0.0145152708668
-0.0169527012556
0.0380239085149
-0.0313233174317
-0.0757382958137
-0.0294749227063
0.0166129140267
-0.0347720091781
0.0128612190573
0.0883832112229
0.0806657117104
0.0216435860478
0.0478380076124
0.0491585812987
0.12280825298
0.0601979391599
-0.0523936227569
-0.0247296665907
0.0451581998538
0.0547891251144
0.0670533694788
-0.0363419131667
-0.0412472494333
0.00692407159461
0.109429460443
0.10086700758
-0.0294624617224
0.00563800534253
0.0104268904604
0.0550318468717
0.0187944110253
0.0328334916942
0.0354621421509
0.129044360081
-0.00365265471333
0.0154568366358
0.017772402662
0.0905025295957
0.00284445935771
0.012683927803
0.00788883355048
0.101883585472
0.111115313515
0.0344831151756
0.0384231945395
0.0143286387408
0.0146205802178
0.0544044134304
0.0222556028149
0.0724546054318
-0.00145722584712
0.0660131418108
0.123391805594
0.124477439418
0.120461517858
0.00371757613602
0.0160458710086
0.0768873719032
0.0658179109679
0.107561383787
0.0214189515026
0.0771725992748
0.114217057763
0.0581104729492
0.070429450803
0.0575210851174
0.101952342588
0.00814270575457
0.0631434375394
0.0641821784551
0.0373954398445
0.110461943383
0.0715043323476
0.0985765840419
0.0132406117996
0.109203518871
-0.0355905393004
-0.0603159177682
0.0738723581753
0.00611281850426
0.0783527692158
0.0735560140491
0.0648627920174
0.0944504626253
-0.0860630834645
0.00697103382008
0.0801748900184
0.0176909668405
0.0101700141382
-0.0808984713054
0.115639130773
-0.0198399006193
0.139631841581
0.119323240378
0.0334065968203
-0.0161809941682
-0.00363846425055
-0.0327929109309
0.0105112758337
-0.0184341999925
-0.00871121134434
0.120311664985
0.115404268976
0.00372213089246
0.0749121490506
0.0937880111193
0.061078930715
0.0380495832026
0.106231404399
0.100042399112
-0.0122907748237
-0.0213116429346
0.0449257542702
0.0422981947962
0.120387328615
0.0540264252419
0.091637539263
0.0553054199827
0.0744115696711
0.0339521138364
0.0741225551963
0.124050338915
0.0615510493892
0.0487571464987
0.0680134223297
0.12433045225
-0.00950728034949
-0.0621633264871
0.0516823564129
-0.0113835662585
0.0757455606024
-0.0426531174835
0.036156952503
0.0448109885901
0.102570986914
0.101627070512
0.104710139178
-0.0016119661751
0.0287138130275
0.126554940746
0.0584525653509
0.10432659893
0.00410758651854
0.0700233442342
0.0954200192366
0.087692812347
0.0353692094524
0.0449023667789
0.0601893839811
0.0220282960553
0.00783799479364
0.00518437114984
0.0768152772503
0.0827691205755
0.0567603526217
0.130092321354
-0.00983897270822
0.0900573497007
0.132863571537
0.060212418893
0.0555510674794
0.0438959495086
0.090470150844
0.0588274230596
0.115011482668
0.0327827487339
0.0974889239313
0.0570778269121
0.064794403932
0.0864050422091
0.0958517670457
0.0305497303795
-0.0217761375175
0.0169406504863
-0.00560669239753
0.0178089479071
0.0345766226278
-0.0842250407146
0.0170091207321
0.111506794342
0.0270795638547
0.0255548860463
0.0343554381579
0.0431851177949
0.0997489624988
0.0105037511113
0.0503192528254
0.0148697426049
0.0605470273634
-0.080615652739
0.0751314427437
-0.0423819424867
0.0558741172479
0.0304018719376
-0.00604950093403
0.00136921862657
0.0414863692626
0.00316813796134
0.00594498842878
0.0407151793763
0.0268469119597
0.0386215032612
0.0825129896685
-0.0059687619059
0.132328955979
0.0590191649685
0.0173758047406
0.0742361107512
0.0505500498776
0.0523175006999
-0.0996003956093
0.0346923584943
0.0204052154139
0.0221308012878
0.0653278080037
0.0248391644338
0.0431705164282
0.0120000352614
0.0183541085381
0.031911324826
-0.006547951892
-0.0294244277114
0.0609144156257
0.0819848478902
0.11209382964
0.0368395280185
0.00599774612654
0.100669067562
0.0662353763484
0.034659007963
-0.000249074526927
0.0460463933431
0.0998137954914
-0.0121860733179
0.128275629212
0.0492608278531
-0.0433889192441
0.10930815193
0.00129085080824
0.053825621778
0.0446201380487
-0.0523270033187
0.100442164075
0.0605238274676
0.0645694875883
-0.0190805747894
0.081525367436
0.0331649268386
0.0451523717716
0.0551971011185
0.127703599961
-0.0624266680281
0.0872753961862
0.0603037939568
0.114690077115
0.102051060707
0.114508046205
0.0780279502142
-0.0145735033368
0.118056142783
0.0499378499629
0.0162609226704
-0.0155669824432
0.0654917250172
0.00596381711969
0.100380958987
0.0449623208866
-0.0179931987937
0.091425800686
-0.115697083241
0.0632480629679
0.0285722785907
0.0922651950593
0.0423374436866
0.121410521432
0.106633600131
-0.0300994823295
0.0965140768838
0.0870872714872
0.0130455760011
0.0299587280869
0.105099883805
0.0453775235463
-0.00790727398238
0.0385732030146
-0.029211190028
0.0774612841387
0.0414648934341
0.0915678779874
0.117231584341
0.0894719252253
0.109772311223
0.0543468178278
0.00990728926408
-0.0234921387724
0.112245491363
0.0593444813484
0.0230712969878
0.12086571753
0.0476611634009
0.0335756710442
0.0249876780476
0.0784943148606
0.0650040017019
0.0530664556502
-0.0121502843764
-0.0802193071616
0.0445550890932
0.109378830984
-0.0056494893476
-0.0400374936442
0.0537680175889
0.0592769459344
0.00215156415418
0.0170839214432
0.122650650445
0.0567644584333
0.0225051835008
0.0273350456965
0.0436245033133
0.0855942153902
-0.006101307134
0.0572113929968
-0.0387292330884
0.0944724087521
0.0340902803375
0.0605246805541
0.0319281972653
0.0806820559082
-0.0123924424555
-0.00599799692397
0.00128494327115
0.0409652612193
0.0133389918678
-0.0105798018414
-0.151425573406
0.0766266834918
0.0769375143291
-0.0574575054913
0.0367057852466
0.00283978600119
0.132025897328
0.0855947807475
0.125648313227
0.0997625022781
0.120100401291
0.109983619319
0.0479605352122
0.0776507894105
0.0140251775261
0.119915573945
0.0305716353151
0.0168704250549
0.0472561966788
0.0932453224361
0.00553060110709
0.0522970858261
0.0571677587715
0.00947649404864
0.0858654552286
0.0819322238683
0.0581704650828
0.00785898673161
0.109207220779
0.114762543867
0.0777781870358
0.0425300992322
0.0949465867463
-0.0287082655325
0.057046394041
0.105423409352
-0.054058773923
0.0799352055549
-0.0150629601444
0.00273629214101
0.0445098583656
0.125476889462
-0.127386883633
-0.049934257796
0.0276810957208
0.0431978823067
0.0577472475051
0.128643334356
0.092965916689
0.070838704759
0.0304810138025
0.0535621121438
0.0225083731997
0.00357590522357
0.104036304394
0.0751400517804
0.0463319688797
0.0214254439817
0.0448495440284
0.125713825317
0.0701586268108
0.0670370539945
0.0380313722996
0.0266572767514
0.0748388794556
0.0243104510282
-0.039775831126
0.0311456823578
0.053360062504
0.0548305822952
0.100541132694
-0.0384265398751
0.0772258376161
0.0877551505117
0.107210735651
0.0919130584627
-0.00420192142527
-0.0315415444419
-0.0446796147595
0.0733398416186
-0.0197817106421
0.0247080175814
0.00834254904158
0.067203143054
0.089278736057
0.107070563725
-0.013031040069
0.0867990386473
0.020592635652
0.066607201193
-0.0264887034944
0.128538876249
-0.0411464960883
0.0868652114198
0.101440287889
-0.0423550307321
0.0381221959619
-0.00824593193883
0.0805260027122
-0.0661058581252
0.0687045654749
0.0874559780614
0.0236175373866
0.0998324515978
0.0539449102553
-0.026173199163
0.0157550605412
0.0911745272144
0.0852527763899
0.013905283657
0.0492664474232
0.126744822992
0.0745641987936
0.0480414469711
0.0705340414892
-0.00982534728763
0.0275809435552
0.0498763792491
0.0686344661986
0.0866631082425
-0.0113802382617
0.0166567924214
0.0653133514333
0.0326711588708
0.0495362584623
0.0780951705623
0.0824181899507
0.0953183987587
0.112052562164
0.139541960814
0.0266147202152
0.0622241789909
-0.0197988267704
0.0321578118069
0.0750754569568
0.0283952192635
-0.0159159783649
-0.0748180070827
-0.0265602573746
0.0656614426015
0.125938860354
-0.0157218799206
0.0847956803575
0.0914743749211
0.054917011821
0.100706260583
-0.0347358258622
0.0303767683971
-0.0829210178675
0.101806398416
0.102451664779
0.00100543018463
0.0641533634129
0.0904364553339
0.0794213627397
0.0408900216144
0.0797196433556
-0.00478868812919
-0.0277998021148
0.091233810302
0.0414321572547
0.113064041984
0.11346095076
0.0820887706344
0.0142992469318
0.0393571308878
0.0489566260196
0.111582024233
0.0453110241295
0.0960847350287
-0.0149140275809
0.0401266137792
0.0421394044227
0.00555440195343
0.0531135294301
0.0989602539753
0.0129119420031
0.0621227183462
-0.0353146638131
0.0470800510978
0.0820611175999
0.0668683423846
0.11796778227
0.0467469491911
0.0647986503968
0.0693798860907
0.0441249734663
0.0431455571977
0.0277295603157
0.0982012809362
0.100485030782
0.0233329317144
0.10625747219
-0.071119058394
0.0624737543444
0.0980888115101
0.0632932127961
0.0337174916412
-0.0218059413266
0.0407923151454
0.0955215112474
0.0453251914768
0.024956230563
0.0198218636998
0.0160749451877
-0.0709124496868
0.0544080039151
0.145506046308
0.0423347052759
0.0897306762177
0.0184517319946
0.127319641697
0.0356670389086
0.103342343724
0.00070628938872
-0.0287702532774
-0.0222551337525
0.0895045792602
0.0458625809985
0.0332858419317
0.101432975142
0.0421721066325
0.0788610712582
0.0208857751459
-0.0657979538531
0.117556349775
0.0699878337917
0.0269481192725
0.0599428451469
-0.00297693905892
0.0686568585906
0.0393404125053
0.04443707585
-0.0525145414323
0.112984373193
0.0809934650065
0.0733988141172
0.0207691173359
-0.118478708361
-0.0280687827297
0.0294506416727
0.00849367331852
0.0479327398038
0.0388419378257
0.100714583086
-0.10613136707
0.0755026657515
0.138794728663
0.064609430989
0.04585965807
-0.0501342506938
0.0785048669589
0.0639918187732
-0.0225156814525
0.0480957476493
0.1158290062
0.0808768626277
0.0737650611478
0.119954007015
0.0237267587672
0.0874110844422
0.110925032681
0.0940124118814
-0.00451069087289
-0.0147464617448
0.0652416084886
0.139819151794
0.0786088410643
0.104944106683
0.11353089344
0.104954894959
0.0960955117261
0.0206389321743
0.0974317616753
0.0646147019302
-0.0137196440503
-0.00185007249517
0.0264225924872
-0.0174157422584
0.0635287222624
0.0312884989272
0.0539416318943
0.0896822706549
-0.00516701910442
-0.0627984333754
0.0242580545639
0.0585804070545
-0.0129105352347
0.0620515460211
0.0700590495887
-0.08749561562
-0.114697316254
0.105806429598
0.0393130327017
0.0702122628332
0.0266851995529
0.0568001156836
0.0133904586049
0.0520943471167
0.0756800585425
0.0687332662404
0.00685953875601
0.0976490436048
0.0253006392327
0.0827765494976
-0.0374434796738
0.135951638588
0.0496578970807
0.0425111242638
0.00291982537705
-0.0770741817113
0.0383511198469
-0.0845026025848
-0.0499086368344
-0.00412331457677
-0.0587447462404
0.0825410829139
0.112170261276
0.0234760646549
0.0427882410277
0.133381284099
0.0243689408971
-0.0455238166746
0.0204498198374
-0.027711352766
0.0406398141927
-0.0867793865452
-0.0306387323767
0.0811429405685
0.0328007411214
-0.0336817232849
-0.0895730833807
0.100405973845
0.0689048975452
0.0157792049902
0.0740573598714
0.0728534908851
-0.0628903019199
0.00623757710939
0.0221357105062
0.0571092986859
0.0481484294853
0.0194639952994
0.082415192366
0.130449294892
0.0252772565408
0.0798140601109
0.0811642618958
0.064815975387
0.0657171224292
-0.0270630608023
-0.0251721468388
0.0592758993237
0.0771063918477
0.13565663544
0.0767057636705
0.0834483469456
0.0699865127196
0.00627662784165
-0.0256376310169
-0.0134172997069
-0.00797758061768
0.111688523578
0.0602234607085
0.0552637719194
0.0607183246598
0.0275343255998
0.0839093043395
0.0665258063335
0.0830910048635
0.0956628790376
0.0676241782329
0.024691359814
0.101623972511
-0.00669320336468
0.0815929741396
0.0392792116478
-0.0472930105036
0.0939619559362
-0.0195835973497
0.00458938796302
0.109379808464
-0.0123141151298
0.0761364999689
0.071622136877
0.0327920752421
0.100252037443
0.00405205895175
-0.0294643752861
0.0647121125942
0.0379390094839
0.081068893194
0.0193230588104
0.134106912877
0.0806098256823
0.0959701393707
0.137296399676
0.0238383335321
0.000551310056636
-0.0135012931033
0.0880997005572
0.103987495701
0.0201491096315
0.0651544568487
-0.036051308685
0.120250195453
-0.047818058491
0.0121337855298
0.093586970398
0.0777685365769
-0.085924379696
0.0184425928539
0.104875484741
0.0957613984915
0.0233953638544
0.0770647086613
0.10093693341
0.0248973002573
-0.0486579582055
0.0576542206697
0.0153155822415
0.129864254155
-0.00408149353323
0.0872004135925
-0.0157450315073
-0.0352344213248
0.120213850463
0.0920647898671
0.0336883107939
0.0571278383436
0.0657677611444
0.0536075667617
0.0774441992564
0.101605607268
0.0881516425891
-0.0202765222888
0.087312074022
0.0999869356172
0.0261937886878
0.0130235958514
0.0721949762071
0.110662741466
0.00993624580214
0.0501159553626
0.0609938616188
0.105894739667
0.102803326189
0.0962959624833
0.0643751664182
0.0855789080834
0.0167814504826
0.0611004465944
0.0641371910579
0.044557451825
0.0387055119191
0.117631607982
0.0727260502025
-0.00538059268941
0.0572954394241
-0.01874214401
-0.0147932381402
0.0350873288346
0.10742454715
0.120286421493
0.0687995113526
0.00481166854584
-0.0153584139628
0.0662654461738
0.0940510612221
0.0105126721832
0.010089057138
-0.00174313568199
0.0244483108868
-0.0116297969432
0.0573575709412
0.0751829610973
6.6403488912e-05
0.0534658402754
0.057629782518
0.0937719721601
0.0900835729023
0.103332485409
0.0320304105192
0.0439224590351
-0.00153008562093
0.0565000948019
-0.106862869479
0.00838741795185
-0.0730299992697
0.00853481598864
0.0550745310037
0.0760583995096
0.054515594317
-0.105976017336
0.0485702407006
0.0568628286953
0.0800423420685
0.0827548079719
0.0561990218183
-0.0897416478674
0.0420005707488
0.0156797040829
0.121745445913
0.10848860558
-0.0559053754801
0.063647112512
0.104721293645
0.0851364739875
0.00641028628123
0.127019150737
0.122611672489
-0.0047660757947
0.00652064187195
-0.0394128082537
0.125043013654
0.0187534745301
0.0346158132286
-0.0183735048486
-0.0805638194476
0.0141543337221
0.101832093086
-0.124375805642
0.0427550130588
0.0137496575975
0.0880629063308
-0.0161076957313
0.00875933590718
0.074371091001
-0.0756166000053
0.0671546016449
-0.0357464239415
0.0808495483834
-0.0310646755803
0.0451753014275
-0.00225115361097
0.0265522861875
0.00844513231886
0.029051505898
0.0887087192042
0.0992116561584
0.105285682183
0.0643910156825
0.00387695850848
0.0519779632801
-0.0331102088565
0.0720856330295
-0.0152597776324
0.140146285047
0.0861938121422
0.0410429689346
0.00919584681718
0.00216032135439
0.0532043584393
0.0366296296171
0.102284230409
0.0488059957928
0.0257122150653
-0.0413435900318
-0.00890553861377
0.029539299383
-0.0598876782261
-0.00165340095833
0.0810669369066
0.0959375407995
0.0184302969656
0.0934738844496
-0.0149150378555
0.0342914402019
0.0229542850508
0.0646299558515
-0.0395907847215
0.0452290296962
0.11016570287
0.046931300107
0.118200376475
-0.0125247973259
-0.0316281280049
0.00946010566439
0.0860616707387
0.0402872663482
0.0470165729954
0.0503538509612
0.0133363630909
0.0753939917662
0.0445546609531
0.0460676503772
0.0229185106752
0.0630033043379
0.011486305516
0.0526810123439
0.0958077103364
0.0868958830767
0.0230515058351
0.0834156024869
0.116325969427
0.0952210535382
-0.0375284079017
0.0106177955534
0.0673288100788
-0.00784160914514
-0.0965126705167
-0.0069544390412
0.0187536574333
0.0633138267539
0.11198212083
0.0742562320815
-0.0075693215933
0.0589591778106
0.108893110068
0.00557261188704
0.00736558909391
0.0161956226999
-0.016006247933
0.0540423518173
0.0636716455256
0.0554333611808
0.0939922825986
0.0523078316083
0.0633335132761
0.0567952793178
-0.00436550462933
-0.000164656291188
0.0827745070739
0.0335759639381
-0.0408399824789
0.118368315928
0.0928234046356
0.0809335371104
0.0647438794281
-0.0271183195597
0.0051146438987
0.0737594700506
0.0663194178129
0.0928729588948
0.036963372537
0.0295825071451
-0.0179728652876
0.120002888726
0.115257332554
-0.0412003269021
0.0435177607713
0.0740424897738
0.0109376866844
0.0684417405031
0.0385809095836
0.0283210679822
0.0240241448328
0.0671799558459
-0.0166129923226
0.0455789446137
-0.0337976041996
0.0809606694839
0.0763079911744
0.121493122998
0.0419769113788
0.0315194186826
0.00495251298727
0.0552676474783
0.120835798195
0.00239474669336
0.093538240833
0.0699183703639
0.0522314774648
0.0910216350139
0.0694017415323
0.0972925420391
0.0451087510914
-0.000443856983019
0.0455812018713
0.0003104698621
0.0742306014501
0.0844656820075
0.0637652279293
0.0118766313079
-0.0545437830613
-0.0135017220275
0.0785437607948
0.00761025449304
0.09547816038
0.0301525684095
0.109200856118
0.137690578466
0.0752813741842
0.0467852016381
-0.0342995999608
0.0865765280428
0.141490255786
0.138366793571
0.0596382163018
-0.0228663053119
0.0317913497901
0.0918116660251
0.0732606404882
0.127205907789
0.0451378831669
0.10750438057
0.053346009801
-0.0333659261667
0.0102187595648
0.0393028337802
0.0719723053455
0.0112058386356
0.0042793026627
0.110699741576
0.0708450433501
0.0735737883788
0.0686002385229
0.090224886486
-0.0160985117094
0.0843623607565
0.0224701079532
0.109995322659
0.00395104938939
0.0650673709679
0.0353895663268
0.00104756464984
0.0612972311945
0.0111838061996
0.0765626722016
0.10979019104
0.0390326472177
0.0793562772423
0.038663602833
0.0351390398706
0.00268771176496
-0.00800642111221
0.0576181017819
0.0528823663808
0.0556523301582
0.096409228561
-0.0039750746836
-0.0853988043323
0.0214981766851
0.127541391936
0.0534865566262
0.029642561779
0.0531849884215
0.0886931312493
0.07184959016
0.0141703425027
0.0998764077939
0.137914106565
0.0482615425676
0.0681073650049
0.0617798671643
0.107949075211
0.0869943415188
0.0609581617419
0.0748262409793
0.108051600019
-0.0514621124754
0.0952864714746
0.0488085841668
0.0756586771222
0.0562803858637
0.0450598372858
-0.0168666377287
0.0189117591033
0.0975228422163
0.105888986561
0.103191387788
0.0232915426286
-0.0956903957935
0.0704737722582
-0.0339042018634
0.0577490395521
0.106708239841
-0.0138986678088
0.0920281860473
0.106688134561
0.00346120653588
-0.0261043501357
0.0845636167151
-0.0276374096467
0.0604589817066
0.0620514312169
0.0189702298322
0.0264075447831
0.0783522523514
0.0461136409094
0.0588280744761
0.0985275033408
0.106329723608
0.0288476695822
0.0891424577942
0.0726882512082
0.0267378098933
-0.104873928393
0.0343406289624
-0.028700320171
0.131554678705
0.0938592362701
0.105044761406
0.0707836726117
0.0187623776387
0.0136444600747
0.0640601260492
0.0128863285632
0.02037009588
-0.044987961956
0.122814360652
-0.0734709896589
0.00468527245056
0.0411581128455
0.136385470998
0.0654213149015
0.105325071756
0.0479982253956
0.0751066692693
0.0552085460731
0.0842105713529
0.0728816584198
-0.00108783900798
0.0382492051786
0.105734201225
-0.00167187422896
0.0608944715211
0.0587226499836
0.0856807154988
0.119295871505
0.128935195516
0.110137265248
-0.0223611669002
0.0707050388807
0.116751169415
0.0360869709502
0.103745742439
0.0796352570244
0.0758262092103
0.0681757362109
0.071871698552
0.0591611281361
-0.00637785762775
-0.00687474961937
0.0228948970775
0.0394893652807
0.0104058898851
-0.0437663335652
-0.0263008568006
0.0945218214469
-0.00316661105807
0.0543240921059
0.0216998406275
0.0254598332538
0.0476518463166
0.0151686110122
0.02167830537
0.0145937196112
-0.0158164799458
0.0680540933663
-0.00594804646617
0.0889019839638
0.117203529941
0.0368151591528
0.0532748185843
0.0219544110466
0.0669823345972
0.106905602905
-0.0314553681016
-0.0431777416183
0.0658164650433
-0.0277204091672
0.0702571237952
0.047787883072
0.0259333668314
0.0315294001025
-0.0367575756924
0.0296529583096
0.0325817103013
-0.0605157753873
-0.0287510087226
0.0260459344799
0.0329483905191
0.0954840834839
-0.0195557088553
-0.0181326908725
0.0152914403034
0.0855619845043
0.10777655239
0.0528206632003
0.0821303910747
0.0724820378646
0.0635805138054
0.108345320346
0.00266530324759
-0.029956159668
0.129712618818
-0.0332338531503
0.0604844820571
0.0948366334794
0.102374072253
-0.120947538804
0.0410822619264
0.0531532037146
0.130308371813
0.0563089619608
0.0578675033978
-0.0103406322743
0.0827679406784
-0.0326716439745
0.0671031797371
0.0826262470685
0.0250084718898
-0.000654193633689
0.0410182518155
0.0420279143108
-0.12122270544
0.00273970878709
-0.00711468800742
0.0514619881754
0.0204993572166
0.00331543524701
-0.0299694859341
-0.0431238496895
0.014257822785
0.0370899593465
0.0807404904654
-0.0549379943104
0.0771486981421
-0.0155876163202
-0.0346058540255
0.0219224121653
-0.0274475440661
0.105578975254
0.0562832720513
0.0452328424636
0.0237189660554
-0.0332975355255
0.0964342502726
-0.00544053936299
0.0618720454867
-0.0355433224252
-0.133077422987
0.036162297945
0.0180280336813
0.0991362189789
-0.0406558728471
0.0878520691257
0.0558165384139
-0.00880254991523
0.0137233105239
0.0682685327157
0.044846135427
0.0292638336141
0.0957292343382
0.0343337179865
0.091451833416
0.0728553020276
0.122151519376
0.00121025535732
0.028516902756
-0.0456676430711
0.100093594532
-0.00109355070463
-0.0930839390101
0.0602444761653
-0.0228742818626
0.0753007159416
0.0701990316295
-0.00828183207537
0.0692244106586
-0.0404785271417
-0.0308367572044
0.122768916303
0.0994562574554
0.113595859082
0.0701185993465
0.0445434709403
0.121850285078
-0.0513039222993
-0.0515363231896
0.101582201859
0.0868543150907
0.00772611519574
0.0436438066217
0.0131311906308
-0.0209652595747
0.0500957829959
-0.00126371719619
0.0466218405154
0.124456338587
0.01454083814
0.0968871900008
0.0596554948091
0.0966577247015
-0.036415694705
-0.0119494703528
0.0474172072576
-0.0466747129414
0.0361497157344
0.0417561359545
0.0825481821973
0.0823867570267
0.0715112029086
0.0591810904897
-0.00538626883144
0.0729794987195
0.0352930878069
0.116548023651
-0.0585652844673
-0.0311446684584
0.025916927163
0.1158256445
-0.0504530650255
0.092308225514
0.0216716306305
0.0617272383785
0.045656644461
0.0619792509677
0.0604709913891
0.0923922251559
0.0247761024391
0.0733226514076
0.0358502815688
0.109606522914
0.0283062696395
0.00682636974605
-0.0191453697765
-0.044497165903
0.0524087857347
0.0392036539239
0.0301771247117
0.0982471697778
0.0969739442992
-0.0228843165203
0.0363749665298
0.0938789384049
-0.00159558373988
0.0549989468721
0.062930877633
-0.126979941564
-0.00167496632353
0.037925695311
-0.0556643095576
0.11711549246
0.0657474010945
0.0902053985301
-0.0279180582928
0.10320913055
0.100295306179
-0.0448606715495
0.00670857292157
0.107075131509
-0.0427924259611
0.0145473789279
-0.00340380205078
-0.107842006525
0.062639549319
0.0110909642342
0.0957837227482
0.0508518011612
0.0589602286112
0.0592255832821
0.00231197634339
0.0639783569875
-0.10459598428
0.0710246703857
0.0160099044235
0.0713569663236
-0.00564682339025
0.0755852559284
0.10183538606
0.0922999049281
0.114625093861
0.0970977202051
0.0330688138747
0.0532350433795
0.0551744085045
0.0581672663099
0.0317190433687
0.0546407636824
0.000340055347595
0.0882009476884
0.0190713316648
0.0551279173891
0.0709057753448
0.0324394311769
0.00588332887847
0.0758725456169
0.06295718749
0.0115180315921
0.0988632291047
0.0360235432837
0.0737340858218
0.0565963000835
0.0604760831599
0.121340072816
0.103305879986
0.124349516005
0.0355768404959
-0.0493477409442
0.0473642147871
0.0335611435258
0.10832888812
0.0966311933952
0.00996809209838
0.0651343542811
0.0639210452624
0.0712935667643
0.0257939607275
0.0880036599097
0.103811293932
0.0737922593723
0.0630834241398
-0.0348960371237
0.043468336773
0.00908863683656
0.025477062755
0.0134225184425
0.0867501532535
-0.0221128231738
0.00620801869217
0.0193532500486
0.080050042532
0.0378156309358
0.0484072582601
-0.0369760136444
0.128168661016
-0.075468113602
0.096539414973
0.128887596107
-0.00965394250946
0.0632188590533
0.0131199094615
0.144229846631
0.0750236873245
0.0989961262461
0.0483595294291
0.119211328064
-0.0227369287353
0.00817479115996
0.0319909204213
0.0286644500644
-0.0527707222505
0.0793805763109
0.0415231650405
0.0774414757194
0.0938263979512
-0.0233616503938
0.113356955065
0.0366690065371
0.0870427836076
0.033865844146
0.0769558385907
0.0439063711993
0.111280276528
-0.065073995609
0.07309512703
0.0717200880092
0.0738817468627
0.0105075870641
0.112874298599
0.0456532379249
0.0394216797304
-0.0343249749024
0.0005766191478
-0.0191877152674
0.0708429378122
0.097686174589
0.0493805312111
0.0378704908278
0.0705799595604
0.0779956718227
0.0898725428522
0.0199643380368
0.10761662379
0.119201172387
0.0561557626178
0.0737806017324
0.0863758814202
0.0158591329459
-0.0162860092715
0.0261513799796
0.122144297661
0.0228793659539
0.108729238696
-0.0910572783474
0.0824648626148
0.103802964066
0.0505165374877
0.0760455538707
0.11018023862
-0.0528446391177
0.0253805252874
0.00696012660504
0.0756953084867
0.0951326983563
0.0109323805669
0.118975283649
0.0910227400185
0.121633104877
0.0887794722923
0.0894006681409
0.00553660749693
0.0574998429706
0.0643231522442
0.0284706778655
0.0427505434959
0.0303127291735
-0.0747054136811
0.137403763013
0.0253932668917
0.0837550950234
0.116165705759
0.00157772211288
0.0403380857016
0.0605523049713
0.0817470316682
0.0270879273188
0.0970416728595
0.0275424259322
0.0585762171784
0.0555805657585
0.0760085175425
0.0455494995201
0.0548383347027
0.0267892210656
0.11648481192
-0.00825858531901
0.0433847197051
-0.0150632687251
0.0893930825049
-0.0549037219568
0.015012228016
0.0689077958382
-0.0238330976116
0.129025978258
-0.00257714597227
0.0727072042966
0.0248138112876
0.0463103041692
0.0366178075623
-0.0546732599088
0.0601884507004
0.0775151452617
0.0356940916108
0.0861097873584
0.0994791106415
0.134160398879
0.0298728586208
0.012559760932
0.0602680268004
0.00358427247698
-0.0521981430359
0.026144806299
0.0342720520281
-0.0360866221707
0.00394039641564
0.0375320436734
-0.0764597632521
0.00546465525629
0.0766919571275
0.11235916147
0.105238369925
0.0573613221434
-0.0394707027922
0.115442716942
0.0934694796559
0.0400401638539
0.04853319472
0.00865094394063
-0.0566259841493
0.00498600451543
0.0913724822135
0.0432294535185
0.0834081821955
0.0216174451608
0.0348849080873
0.0888403844647
0.0172702773683
0.00593649160823
0.0321757154534
-0.0344312629824
0.106676986629
-0.0179662094394
0.0790072255443
0.0724731270327
-0.0161898948365
0.0616083656583
0.137733168798
0.0642753827718
-0.128788759711
-0.0162300350483
0.0567132487594
0.10027428322
0.110296860404
-0.0252956054824
-0.019167540261
-0.0257097901619
0.0666472288746
0.0549505361379
-0.033462332567
0.0414887926643
0.0488162758946
0.100944098306
-0.0643285098449
0.0627660063377
-0.0612168642854
0.0351375731531
0.029542783015
0.0677677264112
0.0592856862487
0.058752473465
0.0684363842245
0.0390356250026
0.0728481997779
-0.00544039232857
-0.0287756956238
0.0825668912286
0.11125943931
0.00764473705156
0.0740105654588
-0.0750566496188
0.0782735206553
-0.0445836053148
0.0766669633319
0.111861648436
0.096275972629
-0.00041632080059
-0.0127453144936
0.125129100141
-0.00964300620258
0.00605000962363
-0.0395023277231
-0.0443410046602
-0.0298245579604
-0.0657049597093
0.0778928592858
0.0137091382488
0.00579726133335
0.0273913235221
0.0678875545014
0.0645909965565
0.108668658342
0.114334300092
0.0359619702533
0.0596461072859
-0.0467382151174
0.141374714044
0.0327440092971
0.0767337433769
0.0448114454634
0.084234701738
0.0609172607692
0.0815112255897
-0.0312837760426
0.131680581949
0.0871276076707
-0.0021964742772
-0.00194046287673
0.051123151254
-0.0654445431206
0.0828254467313
0.0477671499794
0.098521428526
-0.0560380208368
0.0444519074805
0.102621338309
0.0694341687065
-0.000448987687818
0.107733097413
-0.0114473948026
0.0559680434509
0.139793669228
0.0259205633564
-0.0139453455081
0.12955217038
0.0553502631875
0.00641197521808
0.0527230038137
0.0918141293433
0.0914354601553
0.117727728569
-0.128261245102
0.0828395281269
0.059511663982
0.079375296011
0.0995735354059
0.0377309756749
0.100508961407
0.0434283433141
-0.0808135638812
0.030084650779
0.0886526085669
0.0612887059064
-0.032268670103
0.0613002057968
-0.0473495116849
0.0775662032955
0.106384314873
0.0204812996597
0.0509548236933
0.0224978712168
-0.055374491402
-0.0107803259366
0.110770230879
0.0711322131625
0.0997556672802
0.0766077354021
0.116089502064
0.0240696294701
0.0115253306705
0.0556804421181
-0.00417114428259
0.107687691153
0.0707139269974
-0.0436402665074
-0.0719901388391
0.0717223724053
0.0702951253904
0.0791851395453
0.0964885431306
0.0850127517848
-0.0177311784268
0.101351459434
-0.00618324643525
-0.0141555268349
0.0267116371025
0.043080766534
-0.0174335313497
-0.018342349534
0.125640725948
0.0456472076393
0.0532515726867
0.0202025751981
-0.0172343974834
0.0967669442054
0.0997957457278
0.089327108848
0.12481138317
-0.00250377124737
-0.0181939040397
0.00195530682206
0.054941868094
0.00165664320456
0.0227109901421
0.0727984445964
0.0457499243378
-0.0211060993048
0.0595483825202
0.104034775192
0.113443898871
-0.0133930278258
-0.00557851412451
0.106012034254
0.0759806938675
0.0348331777614
0.0552625954538
0.0733097292444
0.107524029314
0.00914605137312
0.0903924565048
0.0617926039985
0.0736339753392
0.00866162699729
0.0184978583935
-0.0094024070114
0.072295644386
0.0164443324773
0.0337151425327
0.0650371134299
-0.0035194419182
0.0973279284303
0.118830888565
0.0126864772769
-0.0143827256995
-0.0315257712033
-0.00179797576366
0.0269638237306
0.112449563001
0.112117218028
-0.069800863231
0.116135565609
-0.065274312476
0.069577971701
0.00907935264797
0.110037063676
0.0404280826402
0.0707975072446
0.119051275645
0.0371631462698
0.0896651647266
0.0291905694286
0.0812748915464
-0.0821706908035
0.0199311624619
0.131775205878
-0.0518969612404
0.0778160957487
0.0150797378602
0.0572213707469
-0.0727889249305
0.0339130475145
0.0366211457321
0.0721717339904
0.00844020982228
0.0667478357951
0.00739906598796
0.075802008184
0.0785604706973
-0.0926769052789
0.0805073164702
-0.015842422502
-0.0456403741192
0.012169935674
0.00932183583601
-0.0190672027401
0.00851363062087
0.0336976282545
0.0282421747189
-0.0996026595755
0.0309813922591
0.0970014450356
0.112183371646
0.0460107171154
0.0632155013271
0.107353584627
0.075227934513
-0.00785460487969
0.0938123047581
0.0705028840671
0.124929896919
0.00961912438038
0.0280269155978
0.0466767240987
0.0837026530285
-0.0451948221555
-0.0331260312851
-0.0172353378038
0.0300549843208
0.033211472902
0.057115015821
0.0251182716495
-0.02297494194
0.0174497868766
0.125874875492
0.110349235038
0.0638710736414
0.0980376531124
0.0773052555171
0.0772564994149
-0.00173577048857
0.10506718812
0.0561478217873
0.115040861572
0.0873117582778
0.0207239353837
0.0427589097302
0.036765907863
-0.0249654978822
0.0189802236525
0.011562543701
-0.0295176280273
0.0621817851899
0.0363188092147
0.038167651133
-0.0228390472954
0.0851286623776
0.0221216531597
0.0913029826519
-0.061958930474
-0.0566331268267
0.0616807980488
-0.0174678952018
0.0631242988076
0.00563549926156
0.0927102650627
0.138156069151
-0.0357021013145
0.10172899212
-0.000992950364052
0.0409248404604
0.0108078781282
0.0641843310463
0.00126719528099
0.118304090242
-0.00352941281892
0.133992316444
0.0703907258184
0.0265864183264
0.0712199350002
-0.0371232508499
-0.0228268261022
0.0714972949731
0.118438853501
0.0846183446386
0.0524771572966
0.0795433127416
0.0134278506206
0.055199892105
0.01236950727
0.0136217247496
0.130993103741
0.0938313738476
0.0195802219491
0.127837367961
0.0615976948119
0.129303916049
0.072884934777
0.0592367416262
0.0589863734257
0.119994350833
-0.0441149113259
0.111288715554
0.0646270040259
-0.0417993965409
0.124931246037
-0.0123736206981
-0.0025439078991
0.0790692975218
0.0898536357363
0.0774448108925
0.0694820802147
0.00856131917897
-0.000652422656479
-0.0518069546868
-0.0438561888401
0.0636364611251
0.0895152876943
0.111296620712
0.0747840415546
0.0293596548491
0.106396015858
0.0685765534577
0.103487442554
-0.00884050748443
0.0377857663308
0.0493746574311
0.00281695308802
0.0587196873512
-0.0109468462211
0.0532282244764
0.0848761003345
0.0314016151002
-0.0167142575236
0.0497636579682
0.0949352406481
-0.0173385756724
0.120805272248
0.105779035687
0.0853869162178
0.109424820636
0.0389731033806
0.0681528864025
0.113971602977
0.0762494717286
0.0752492805941
0.0935987917586
0.110161117705
-0.116546498318
0.0681965644641
-0.023753895108
-0.0331976706174
0.0183879393227
0.133262732662
-0.0669922420243
-0.0357184272562
0.0397422429506
0.0629526806965
0.111836584312
0.0637079337961
0.123045973357
-0.0358275374395
0.0324079650871
0.122836217637
0.108173172718
0.0532444425146
0.101314364992
0.0271454864062
0.0392649553313
0.0291180345397
-0.00457946571056
0.01806802933
0.0556911220384
0.100096330761
0.0227494513507
0.094559557861
-0.031576594765
0.0417962256411
0.114642192405
0.041809287069
0.0787170286945
-0.0156669563033
0.0894228982372
0.0551590875013
0.00670591386955
0.11479100203
0.04681217094
0.085067319736
0.0303832533313
0.109128347073
-0.0293593258742
0.0663721944644
0.0258723619063
0.0719116625181
0.0986187433843
0.0635337374655
0.129925641793
0.0922936419487
0.0120674269061
-0.0438295101095
-0.00657684609658
0.026772570203
-0.0263368883937
0.00787727417382
0.0928399234049
0.0637608300343
0.0229605481826
0.0145598089276
0.0692643815439
0.0950893860199
-0.00780779766313
0.00449779583906
0.0288211891839
0.111117662119
0.0257736491967
0.0403470330357
0.0347191869649
0.107580801585
0.0862074733911
-0.0408334443981
-0.0457952416856
0.0415526433372
0.000958639470562
0.11752005652
0.115181132654
0.0983794017964
0.0450751374541
0.120324578849
-0.0299593928689
-0.148758682837
0.0080944456627
0.098144807937
9.80718754615e-05
0.0237475776424
0.0526497844252
0.124468125056
0.067737469166
0.0109944953417
-0.0195395975838
0.0556340356405
0.0562133220182
-0.0379898849564
0.124157484083
0.0569023410622
0.116270036942
0.0117134691508
0.0371316678468
0.100660760407
0.0235443835458
0.0287535133717
-0.000578719926605
0.0564622917379
0.0534552105978
0.0871553079071
0.0255547657543
0.0951765106298
0.0955744361622
0.139719010244
0.0820495666352
0.0552951900793
0.128029114038
0.0358857724709
0.00460689479357
0.0621525140489
0.0951748039511
0.0541529218394
0.00963373671873
0.000789712029828
0.0932263485637
-0.0238354957813
0.0901484392278
0.130812988518
0.0908296645273
0.131052026246
0.0735900395604
0.122156635629
-0.0173522018585
0.00578331045698
-0.0875109559444
0.0984244666289
0.0366455436493
0.085075714522
-0.0458633720473
0.0811528265564
0.129597710916
0.0425520811188
-0.103073870345
0.0619155983501
0.0310933387107
-0.034127506349
0.0682429742535
-0.0485352152529
0.110006012642
0.0802941749428
0.0348285778081
0.00254005481531
0.0373288284501
0.0459622206939
-0.0564394330697
-0.0104731823129
0.0182691777898
0.129253191991
-0.0392111157365
0.0426157431763
0.0153193641653
0.0288712722614
0.0335545732658
0.133997155195
0.0452760538226
0.13158730504
0.0216458111812
0.0823232447404
0.0613045519051
0.109650145014
0.0929082456632
0.0674696443395
0.119960077962
0.07331212207
0.00363683834449
0.0778810593659
-0.00539173203375
0.0206138935483
0.0335379448771
0.0474757230373
0.0325957687697
0.010098112795
0.0354459132782
0.0685967853399
0.0790870133086
0.106613098581
0.0863313898666
0.0388371671344
0.0628104851576
-0.0849329295874
0.0224180656674
0.000534674016095
0.06639497028
-0.0236244213405
0.0378892363027
0.0780852108088
0.0968501381451
-0.0134338309162
-0.0689249853779
0.0990836304254
0.0371959570588
0.0607922931381
0.0572107383962
-0.0084805731506
0.0898387776915
0.0897096868048
0.106963286204
0.0374742778474
0.108374155884
0.0486421850026
0.0523862842605
0.0392871288622
0.0681121936466
0.125916851847
0.104612998559
0.0509389784119
0.0883870023706
0.0898781826719
0.0387247518774
0.0990698987952
0.0841059025064
0.132089769566
0.0795669333091
0.083298486352
0.113367612671
0.0607200316375
0.0833234932504
0.0126653758292
0.0433188879055
0.111361949331
-0.00783408738313
0.0698076871964
0.0975536912187
-0.0636368165659
0.0731890935665
0.0963801878163
0.102668377577
0.00977241830124
0.0300153763886
0.060593691907
0.0457577329986
0.067888637421
0.00525112257544
0.107942974588
0.0783306549809
-0.0011435972059
0.0866057525178
-0.0030714390065
0.0425489888614
-0.0319273610578
0.0893783639685
-0.00313818800356
0.0979930582676
0.0596166548553
0.0401248696406
0.0808151166667
0.0991544185501
-0.0447484388807
0.0990321031332
0.0635195038341
0.125591275984
-0.0846422512651
0.00449344504811
0.044856345349
-0.00670233966035
-0.0191836355865
0.0829239762995
0.049620790319
0.0134390479032
-0.0359081311348
-0.000626989811918
0.0813744163208
0.0564361917378
0.0590174560027
-0.0363092487706
0.102295596226
0.00521623350737
0.0667673791628
0.111319248386
0.104745307995
-0.00647620809454
0.00766121798495
0.0603112359045
0.044149605128
0.0128430601133
0.0360291698714
0.122904301674
0.049406755647
0.0795394436356
0.0209121331699
0.0622090885198
0.0933890712146
0.00883084179369
0.0337767222103
0.0377436370059
0.113468147335
0.110834374798
0.104520987383
0.126583250658
0.0753216109582
0.124817979908
0.00599988441952
0.0502584473707
0.0739865823646
0.0796462884608
0.0839083206724
0.0912313593937
0.0109590694159
0.117470652478
0.093476488069
0.100448383647
0.0531887176034
-0.0129979069538
-0.019361892115
0.0460727864128
0.0486293728164
0.0535887371256
0.0312442724075
0.0318580407915
0.0781792851292
0.0682175980222
0.0219136584819
0.0923340903632
0.0470716893924
0.0614580807978
0.0248357650858
0.0651733229421
0.0325035262337
0.0817302316655
0.0279993656309
0.0680541476686
0.030904430278
0.000949413325346
0.0692934203135
0.0600296788602
0.0790448520789
0.0758373109038
-0.0178755606512
0.012576018927
0.094708753147
0.0730905843751
-0.0476954492144
-0.000764014241598
0.0115418789741
0.0428216355765
0.033817862469
0.0352484621511
0.0579318737097
0.0527831018958
-0.00133335011956
-0.00561646425548
0.0209740160827
-0.0205020366871
-0.0397392778333
0.0917093116412
-0.000301732168241
-0.0188058095173
0.0239928515057
0.0248323224701
0.00807254539348
-0.0536348992838
0.0753757581189
0.0830029250023
0.0209522939165
-0.00725374429406
0.0764625409193
0.0327534247145
0.0930558356916
0.104997262461
-0.0243552028238
0.0422984750219
0.0345554650371
0.0505615122028
0.0533293248848
0.135605658976
0.0455729600687
0.0747365022208
0.0701168018249
0.0925449365044
-0.0687259739271
0.10749585982
0.111500259527
-0.0308123660984
0.076747333658
-0.00554803938417
0.00536448200155
0.11111772802
-0.0259492524739
-0.0500361413205
0.0887724020034
0.123986409182
0.116414551816
0.123344437088
0.104861118258
0.115475182581
-0.00198382577777
0.0412417120271
-0.118789041329
-0.0378409821868
0.0224569717728
0.105360586216
-0.0514876131396
0.0265443448351
0.0364996687794
-0.0388638224621
0.00313461082629
-0.0532670365247
0.0648322638906
-0.0219866499463
0.0491731001849
0.110280343736
0.0480568842542
-0.0287658985024
0.0621555560088
0.0151778352768
0.10693088199
0.0259901492663
0.101529408424
0.119800635285
-0.0385855613854
0.0366625449068
0.062864998207
0.00455459189152
0.0991043482569
0.104016035382
0.057669822399
0.0753320336072
-0.0466807227915
0.0870114761823
0.0543732388201
0.022825422829
-0.0103237060211
0.0666947261087
0.0837076853877
-0.0325626091065
0.116063381281
0.0237210544124
0.0766788087546
-0.00313690249031
0.0610287858661
0.0356873660022
0.0451095827701
0.105198855115
0.025950342725
0.0898284235626
0.0234585999862
-0.0140927885615
0.0939662144027
0.0208600176101
-0.024308100992
0.0949019210179
0.093810295545
0.0984535389723
0.0642429505895
-0.0378503835124
-0.0483866641808
0.0779197867743
0.018788328947
0.0945947377845
0.010330840538
0.0885314729094
0.125105977091
0.0675949767003
0.124145432896
0.11540341891
0.00989060929418
0.127018358888
0.0673103287362
0.0405214087276
0.0750294546776
-0.0555648710461
-0.061299630718
0.0819244123853
-0.0105197062998
0.0413447489657
0.105432012734
0.0826135621651
0.110460933305
0.0473678190828
-0.0137882505391
0.0262010488303
0.075389341799
0.0383580923927
0.0536722484287
-0.0156302530821
0.11861338029
0.0745382163219
0.0764465910393
0.0692188618979
-0.00798233646714
-0.0528406127848
0.0383025684049
-0.0306957087202
0.0735478139925
0.121725665211
0.0350435662647
0.0114800052508
0.0396864946828
0.0147470033284
0.0517577537764
0.012159083261
0.0317072722914
0.125710270428
0.115781004793
0.0271306934036
0.0443358209722
0.0962391316252
0.0787056223547
0.122777604631
0.0635179292822
-0.0359424303609
0.00384749002185
0.105936179188
-0.0421798328312
0.0415319256145
-0.00450916385499
0.0384609550855
0.0112542273758
0.0180584918767
-0.0413606614391
0.0454318294473
0.0129930584244
0.0755677864307
0.0278995492674
-0.0537539202267
0.0813624107127
0.0140252771372
0.0773894623861
0.0734504805032
0.130212709425
0.133888013703
-0.00315044362628
0.0188015795447
0.0796321346001
-6.80980024015e-06
0.0549709421608
0.040367466845
0.0907366478958
0.0605463650581
0.0869814576578
-0.0502396767639
0.0623035509582
-0.102937659682
0.0111406550578
0.063099158633
0.0195903785533
0.0206815073016
-0.06767370058
0.0382449581814
0.0277054226612
0.0164728889893
0.101784456618
-0.0468796853414
0.0557899895749
-0.0811743875057
0.0468992938946
-0.0189441293211
0.0376519874438
0.0169064730962
0.0945497921103
0.075212251591
0.0629966002819
0.0993685360575
0.0282159535191
0.0425697905616
-0.0215413833817
0.030680421582
0.0510894352525
0.0810412516589
-0.0472939274738
0.0192242693889
0.0785019661093
0.00619312897773
-0.0107757317846
0.0199566153015
0.0741310339837
-0.0231765499577
0.00269967481641
0.109942017619
0.0911367346233
-0.0118134966076
0.0696513431544
0.101625119086
0.0588863615299
0.0443771855612
0.0397215560368
0.0686888458075
0.062063083448
-0.00969452647108
0.0493628924697
0.0839383621281
0.0194801285352
0.0631510905229
0.101628286401
0.091198964866
0.0934690936897
0.106112741589
0.0432533653781
0.0826117270417
-0.00344110769887
0.0824505632608
0.043284303856
0.0622849740692
0.0424669814996
0.0483916332485
0.0644994076405
0.0129486512891
0.130088606609
0.114076197582
0.122180524063
-0.013899565906
-0.0386306623632
0.0459404150758
0.084403165259
0.124866594346
0.0710873978853
0.113227764685
0.0554703013055
-0.00308798379003
0.0754103941187
0.0147362231311
-0.000146265721826
-0.012262266186
0.114059201508
0.0470293499144
0.123658893476
0.0426355099912
0.0517595478551
0.000418625859636
0.02138367675
-0.0601895071417
0.00402801411866
-0.0177560763201
-0.00282516232979
-0.108154075408
0.0796442736228
0.0986026988786
0.0904800360168
0.00673446795824
0.0245871232741
0.0187167606222
-0.0211991234276
0.0649896093579
0.0646207468852
0.0275499958938
-0.0219208321801
-0.0133924193945
0.0817477562185
0.127307106374
0.0176284630029
0.0653528281514
0.106633282799
0.054532064426
0.0259701475304
0.0915656726883
0.00903784192125
-0.0126946579458
-0.0893031062363
0.0508476221224
0.0457483863977
-0.00493211078779
0.047446868925
-0.078285557708
0.0375020557782
0.115336590115
0.0756992989662
0.0821997097787
0.0977259547328
0.0123730657129
0.0521978494635
0.0132599173531
0.024445619105
0.00458476202711
0.0874122776698
0.0978575846051
-0.0581519881835
0.0822995344158
0.10152706321
-0.0143465743575
0.0268340593542
0.0211704865635
-0.0358797600467
0.0108150426089
-0.00228591429967
-0.0254469325183
0.0177739718791
0.0149366496999
0.0181314197783
0.0977581491635
0.0632437327415
0.0606813628083
0.03964572217
0.0344030344485
0.0921607070524
0.0816287428319
0.0582570363566
0.0881161905766
0.0382236466743
0.115417018502
-0.026916313777
0.0218664822346
-0.00720238339616
0.0987178240846
0.0552380331388
0.0682665139178
0.103755927985
0.0227261808755
0.0924467879408
0.0164950122654
0.12300954258
0.0598900167037
0.133264503549
0.031030568135
-0.0153619864877
0.0523007933731
-0.0220826211318
0.0316732733783
0.121313279208
0.0100901742145
0.076341868334
-0.0071273358816
0.0489116669047
-0.0384662883764
0.0454552333787
0.0836008465702
0.0946318817155
0.0798515676323
-0.0248043326926
0.0416772272747
0.0848663209756
0.0489238003094
0.0596900097802
0.0547146171418
0.122399808051
0.0399391251824
-0.00568571235944
0.0705560822215
0.0133175801884
0.00782276367888
-0.016549939233
0.10740351685
-0.0689720115522
0.0837165922015
0.0526386808034
0.094837574759
0.0673859151449
0.0727628177077
-0.0322700293195
0.127961089378
0.110430651746
-0.0606671261774
0.101815599587
0.0784877686818
-0.0307342939525
-0.00207656834126
0.0655021357864
0.135193321749
-0.0080943055559
-0.024618147446
0.0754118764537
-0.0430082912888
-0.00214779743198
-0.00738832038632
0.0115766772402
0.00150997733127
0.104770511258
0.0516196612693
0.0822627676625
0.0457191077454
0.0713512650123
-0.109697486563
0.0496471950961
0.0345143787904
0.023405603264
0.0993019627226
0.00410269338025
0.0172050799609
0.010785010698
0.0134446149257
0.137143038357
0.01905903339
0.0698741255614
-0.0268372492516
0.143287215401
-0.0256318178069
0.10849297197
0.0174235000356
0.0803861883016
0.0327539954014
-0.0238669401352
-0.0425270079434
0.135134885886
0.0486063463655
0.117957641035
0.0746732971934
0.0115681166803
0.0325129435311
0.0197508985265
0.020515280457
0.0592588699128
0.0989186850519
0.117160637155
0.0281627786578
0.0816093944863
0.0150609501329
0.0278594879336
0.0144908257946
0.0782846118254
0.0682170337347
0.109642888971
0.0353772570168
0.0266122632724
0.0572930439976
0.013458641073
0.0283881721784
0.0244508289147
0.0628614619156
-0.00297287413538
0.0747871166665
-0.0796458070984
0.123268929925
0.106304885799
0.00960288602151
0.0098454700128
0.0136040763686
0.0977042612231
0.123561890029
-0.0423733568393
-0.0276007895465
0.0376146500787
-0.0230454360562
0.101866332363
-0.0268074241907
-0.00915617001585
-0.0505884591606
0.0989253284312
0.0544428513464
0.065240856466
0.0695365178386
0.062719077946
-0.0487573081874
0.0739170240054
0.0899634580149
0.0672774044717
0.112947294522
0.0673955078559
-0.0246749419186
0.106530883909
0.0286984425987
0.0447245155011
0.055077877231
0.0246194762774
0.086313108839
-0.00897493274279
-0.00868421602209
0.0226934608589
0.0983948180817
0.0517258873802
0.00382587132126
0.0583677882639
0.0583677204826
0.078659610193
0.066605516505
-0.0126508187903
0.0420511889678
0.0908237966605
0.0760205044428
-0.000787268919998
0.00180709116049
-0.0657354538699
0.0366166585093
0.0818656332725
0.0961319100555
0.0653709856371
0.0267448628807
0.0851819305846
-0.0165358093528
-0.00467800599399
-0.00411693414782
0.00562117598943
0.00572350015381
0.0859005762695
0.0972656296192
0.00970496435518
0.0455768861576
0.0211995221672
0.0497071328352
0.0941954764244
0.0187536347093
-0.0238068508919
-0.0266736326532
0.102129467354
0.0689893178558
0.123181087467
0.0515370853899
0.0547819966414
0.00439989912334
0.0147012066954
0.0920924400268
0.0412565437904
0.113499526891
0.0973110577081
0.0841764299136
0.130532378491
0.0989620191966
0.0248863845985
0.0709002566937
-0.057631774994
-0.00641765694612
0.10963111181
-0.00712621716314
0.0310941958771
0.044220373497
0.0179566420388
0.0404935311565
-0.0201974017494
0.00709401526712
0.0859763064422
0.0101281387018
0.0513747178453
0.0977473809239
0.0798373561706
0.00699132104737
-0.0189290858002
0.113488711443
0.0787302775812
0.106987536184
0.0215312973023
0.082986826499
0.0698790994396
0.0660949822852
0.0958616502434
0.0851299815348
-0.0620391662761
-0.0310755880514
0.0017643622052
0.103469990792
0.0366430574287
0.126203266962
0.0580612282565
-0.0411440774011
0.109979159535
0.048479487544
0.07494677277
-0.0332871015864
-0.000938915742358
-0.0633414870191
0.0332473068008
-0.00338718166633
0.0807188414709
0.0116626114067
-0.0766012782059
0.00977209682628
0.0848511416468
0.0480338918215
0.0764593287398
0.0630578255504
0.0307904370646
0.11599963203
0.0931015819379
0.0967487325566
-0.0190920708104
0.0334791207769
0.032030295966
0.0444770119198
-0.112158834669
-0.0049848402838
0.0455811459817
0.0130462272728
0.0170441058688
0.0856916923244
0.0565835304994
0.042360147108
0.103753698981
0.110041699527
0.0841211475906
0.0455084425901
0.0501243327146
-0.0347118124533
-0.0175402428887
0.110240797629
0.0391653209414
0.132612681539
0.0805886660843
-0.0105798004573
-0.00409227975858
0.0080182115378
-0.0028668758536
0.0858985612023
0.100498383371
-0.0119959129563
0.136366551164
-0.0196525533082
0.113906662759
0.000802851558131
0.00456413062871
0.117007506534
0.0619329390696
0.039123203753
-0.0496882289061
0.0720573139417
0.0835028460948
-0.0126431008876
0.0610892877205
0.0292046137122
0.0404237458053
0.10309124131
0.103184461358
0.0316620883728
0.0238354226044
0.0518853010513
0.0280952923349
0.0473054816079
0.0640798217026
0.0736600531703
0.0816981537141
0.0743337997773
0.0955960970168
0.0523504434613
0.070916566871
0.00799630166457
0.0664474585487
0.107467066075
0.0315031338118
0.0172356648658
0.0675730085517
0.0526297344361
0.107040993245
0.0458150005659
0.00856982788244
0.062451153083
0.0145185893113
0.00817736063553
0.0990599193964
-0.0174192405372
-0.0674852006946
0.114824534143
-0.0966786816073
0.0397351070899
0.101068356317
0.11320291535
0.0716222493796
0.020450868147
-0.0066787831178
0.0353188290245
0.0579590387319
0.0340622539531
0.0372899968546
0.119847385899
-0.0373002033424
0.0199729188176
-0.0266092400497
0.0684339644494
0.0630568796044
0.0140197659435
0.0917950339855
0.0172229565027
0.101627061476
0.104287102691
0.049919000062
-0.0630835749268
-0.0080725950733
-0.00952178705293
0.0178335928011
0.0912371740134
-0.0196974234251
0.0520652876942
-0.0384466314085
0.0837672924093
0.0261358503353
0.0398661487594
0.0154914128596
0.122301706031
-0.0149302959754
0.0134273668578
0.0540582892883
0.092063678594
-0.00150126224131
-0.0455282219244
0.03081490772
-0.0997465075121
0.0615586712548
0.11682953027
0.0872305456802
-0.0414061238606
0.0287923768306
0.0366061266902
0.0634056543323
0.123852217887
0.0259594887219
-0.00611591651769
-0.0146279923826
-0.0404907715774
-0.117717476012
-0.015845692044
0.032513318593
-0.0139646617266
0.0396670682338
0.0299870248676
0.0302007573129
-0.00939884922086
0.0829825684232
0.0881321834929
0.0843539567911
0.0147570746924
-0.0604929365297
0.10492065016
0.0998590472283
-0.00511450101977
-0.0291064967173
0.0820395222742
0.0474617255343
0.0587139579073
-0.0540013756425
0.0497199102905
0.0825233912553
-0.00844541790204
-0.0771739963208
0.0363645290873
0.110014124907
0.0857987465686
0.0941749218453
0.0143126677862
-0.0869425748415
0.0948021472893
0.0640844948122
0.0728712559274
-0.00829329607325
0.105963547695
0.0981615815273
0.0425584485733
0.107974001368
-0.00329981603648
0.127715901918
0.00102707027555
-0.0071212320246
0.119313349344
0.100606376246
-0.0181921488353
0.0644100448226
0.0420726095965
0.0359887491107
-0.0136137162393
0.127285647471
0.0905190255199
0.0193747351701
0.0414017935769
0.113324986342
0.081129407049
0.0940013950799
0.0559644539013
5.6021578013e-05
0.0669738122746
-0.0420081640424
0.0798219318605
0.0576545050604
0.0540957777608
0.0709167451631
-0.0458535221499
0.0403163255056
0.128257496468
0.0586371208198
0.0260127064314
-0.00723672065388
-0.0367874146017
-0.0200363052732
-0.132922456723
0.0422708988578
0.036658191843
-0.0189943471708
0.120210118495
0.0840526115392
0.0882970077627
0.0904612322491
0.121007943659
-0.00628952471025
0.0279671082191
0.054521404076
-0.0178037117979
0.0595046121328
0.0742735670862
-0.00250129376732
0.0864533574588
0.0549194073971
-0.0437751665068
0.0697555315823
0.0932274986704
0.0819188809831
0.03956412126
0.0555435274977
0.0829608816786
0.0246939693305
0.0794491839481
0.0754135720157
-0.0682972612623
0.00311578883395
-0.0252105259614
0.123765956425
0.0680146092284
0.0274819658396
0.0763360641727
0.0487866091757
0.035220990418
0.0703555527984
0.0888200460923
-0.0420129834474
0.0191824063891
-0.120044256426
0.115597041017
0.0372307080958
0.103935797496
-0.0374388192937
0.111274578465
0.0980703823934
0.000250232850613
-0.0374180991903
0.059601322477
0.0789370646242
0.0305542658056
0.0579852169646
0.0818033321088
0.0845356206832
0.0714472309816
0.0549771532746
0.0926175678221
0.0360038041864
0.118271671692
-0.0237448542028
0.0169961052974
-3.6951802926e-05
-0.000700476966761
0.0179037543235
0.0472213069216
0.0332123041159
0.00966363805169
0.0243043201927
0.0738289344999
0.134394388327
0.0116685838205
-0.0278566959716
0.0637024532479
0.0663496387971
0.0452670685524
0.0930065513651
0.0843481164237
0.0313922939558
-0.0783384541545
-0.0232451780882
-0.00797417630728
0.0562243304734
0.0524036903513
0.0271171557873
0.11935492341
0.0472414572287
0.103213700941
0.0647827686444
0.0860622772742
0.0457746850708
0.0661106785815
0.0494563726692
0.0844832785983
0.0948796182001
0.0109310631907
0.0161175704975
-0.104242676855
-0.0289263139081
0.0290935736712
0.0575861164172
-0.0248100472925
0.0220447604853
-0.00796295813818
0.00509321981556
0.131723577258
0.0407237510549
0.0868363118341
0.0638593198419
0.0660911276526
0.0474993984778
0.102403036202
0.0657826726254
0.0232266573378
0.0618775161501
0.0896686433211
0.0257027448369
0.0938798493391
0.0401771666536
0.032138755273
0.0737906576001
0.036476577825
0.0136819029825
0.103079686438
0.0963845272892
0.0741721629939
0.121337207829
0.106670510263
0.0312895684888
0.0615072277843
-0.00503308215411
0.103230431322
0.0793600565631
0.0182091366443
0.0459823470433
0.0753096494524
0.0829846805875
0.0819931617931
0.103555323966
0.0718614245988
0.00112781905428
0.0665006826854
-0.00594786309547
0.104824218571
0.0121518763795
0.0747858072003
0.111451842102
0.065710833797
-0.0601298287631
0.0340350738653
0.0600398694246
0.0837674027784
-0.00142621409568
0.0782858647613
0.0475878655446
0.0334749264286
-0.0298762350833
0.102439575195
0.103797700008
0.00671458401306
-0.0443578164666
0.0331369053337
0.12083055782
0.0159326834534
0.0979721534927
0.0601975573416
0.0660738132443
0.0559349729622
0.0166195508512
0.0621440583241
0.107987204182
0.133038453573
0.0557301695324
0.0322865400642
0.0679233541647
-0.0218136390106
0.0731037942977
0.0412322712537
0.0924668666045
-0.0309480989275
0.0185030710718
-0.0462654665521
-0.0261008181505
0.0248258684984
0.10220455663
0.128833875677
0.0285105539118
0.0569637088856
0.0831803911758
0.0388463148276
0.123067791195
0.0829815347715
0.0415876066395
-0.113908884076
-0.0325650920363
0.0542880531714
0.0935070752498
0.0826858731957
0.0940466180806
-0.00917876546692
-0.0579105854292
0.0828539646932
0.0380218319699
-0.050428967568
0.0732744560814
0.05294663521
0.00825457947698
0.0355422829454
-0.0319934709383
0.0743909579769
0.0272983192556
0.0611574450696
0.0615990746672
0.05346075904
-0.0141192777759
0.0636329875718
-0.0154682636484
0.132464841832
0.0656438505154
0.0688780019564
0.119253592822
0.0815141169219
0.0557753380208
0.0844508215737
-0.00496352535982
0.0704210315105
0.0684535858545
-0.0113844797895
0.0545417431914
0.0179713425664
0.0341949456904
0.10367041433
0.0994799650398
0.00288422078794
0.0550237884672
0.0715184067784
0.0351168510528
0.0397330765631
0.0620174578449
0.0284531806651
0.0198857240154
0.0553831968077
0.0254705151639
0.0677882585641
0.108017689166
0.0799605649447
0.0337061027681
0.122205884106
0.00889081398887
0.105086248123
-0.0018256947678
0.0478181536267
0.0779460512034
0.047899562872
0.0826974964689
0.106007621564
0.111696555881
-0.0305774157106
0.00562452685063
0.0739976729728
0.104708788877
0.10053174622
0.0215190416039
0.064753843999
0.0243177742476
0.104018301819
0.0805296580582
0.121720698472
-0.00721431802126
0.0233466794682
0.0454859085149
0.123042081873
0.0730673160929
0.123667138158
0.063431772843
0.0577771039421
-0.0246648402936
0.0782450346155
0.0783863493251
0.11915277864
0.0530461457168
0.0244371127745
0.0545889693428
0.0962654762361
-0.0394254267324
0.0612982742725
0.0759890602809
0.0658547457477
0.133117551286
0.0262297807535
0.0251375557
0.109538261534
0.047680515639
0.0696816985791
0.101511339975
0.0300599609744
-0.0106258724316
-0.000806797713567
0.0142696438273
-0.072595071651
-0.0370804691465
0.0706512705013
0.119103193307
0.0113711400346
0.08736205802
-0.0312861585508
0.101638496279
0.0610874753785
0.0758022375875
0.112604763479
-0.116218795936
0.089308540704
0.140286062196
-0.0567067335837
0.0376577714116
0.0183459393524
0.0502759168777
0.105526391663
0.107940058901
-0.00034766632584
0.0373813495818
0.00624883056571
-0.0236926767132
0.0227066990119
0.104149188626
0.0282138573383
0.0539214307668
0.128134583255
0.0740150098986
0.0267120823878
0.0565883341645
0.105115206683
-0.00729371763854
0.108117986671
0.0277500887181
-0.0108123180192
-0.0270053835997
0.0058290390476
-0.000531925886682
0.122963914449
0.0767182874786
0.0498232305479
-0.0334400039215
0.00352137724792
0.0849445460354
0.0793620191889
0.0841523241479
-0.0111068104646
0.0879660951096
0.00189710329009
-0.0110734789737
0.127618851107
0.113218197174
-0.00680437128822
0.0338426315984
0.0479553703579
0.0412679628293
0.0796896784748
0.130582266429
0.115889441761
0.0200525798404
0.00279084095351
0.0696608068274
0.0054954640916
0.0357672837117
0.0870183576351
0.0467461530215
0.105927079251
0.108235520142
-0.0365088012056
0.0904981748839
0.0718354586194
0.0813705986243
0.0512604566955
0.132981969989
0.0938120978481
0.0720607622893
0.0666434994444
0.0134611566274
0.109650388906
0.0110354373243
0.0850248986384
0.0504237320466
0.0697413563389
0.134836446478
0.134126887266
0.037854953226
-0.00206110412979
0.063889838669
0.0548358163402
-0.00377389106406
0.0873947977853
0.0512530851952
0.0885350692034
0.0863424529177
0.100762650303
0.122201574689
0.0848383991647
0.00695357825418
-0.0532190888728
-0.00695552506264
-0.0165403800407
-0.0112553438158
-0.0227586600454
0.113334447975
0.126929057889
0.0639359091633
0.0335006270082
0.117302858971
0.0622645980269
0.0994733384064
0.0897065474228
0.111027262661
0.129604624655
-0.00651595596254
0.122953559986
0.138068439637
0.114176005524
0.101346118241
0.000728527469802
0.0285023365551
-0.0114291211318
-0.0925811416113
0.118700876315
0.108843534294
0.0417528114275
0.00459683456422
0.0197644136345
-0.13109851809
0.121667209896
0.025230690061
-0.0352395188902
0.0198586561561
-0.0414790950426
0.0636581112067
-0.0255831677314
-0.0381547390271
0.0308246589731
0.0233637978082
0.0437025761496
0.113037089472
-0.00633284985526
0.0900959329031
-0.00679801424508
0.076973610898
0.123799283919
0.107697114203
-0.0247233068621
-0.0755478488887
0.0330634362116
0.0565260576879
0.0994517520956
-0.0557071319994
0.089308851637
0.0475969568025
-0.0067206483027
0.108893586308
0.135667138131
0.0385633280062
0.0333756140462
-0.0764290396368
0.0235153209566
0.0475501888799
0.0199458120435
0.0732253346416
0.0308224239566
-0.0415263393972
0.0717415098197
-0.0566076005442
-0.048092382506
0.006654865198
0.123411594573
-0.0431812024877
0.0768869756562
0.0618014814805
0.0876969548428
0.0318360662032
0.0828183112839
0.00034105232508
0.0154440036121
0.0623675411254
0.112729290775
0.127204500223
0.0462160950475
-0.066095944225
0.064340583279
-0.00513087243975
-0.0205107931861
0.00189167618671
0.0449663627353
0.0826025082914
0.0792370813419
0.00927028195623
0.105875852809
0.0706720809325
0.120569657941
0.0842952517762
0.04008059258
0.0172498513122
0.0750855416033
0.127888256088
0.0310078987614
0.133653999905
-0.0580374400738
0.0812959400638
-0.0237612120527
0.0418924673791
0.0143325252672
0.0561498944103
0.0771034732641
0.0150772872578
0.135653731653
0.112645926165
0.0854129052809
0.0770849245864
-0.0152462211134
0.00187468827665
0.0562490737321
0.11802669734
0.139830986822
0.107530073232
0.0851473349878
0.0430080432337
0.08499480683
0.0571487249916
0.0517936271699
0.0450269239845
0.0140284332227
0.108139304067
0.0265749557408
0.0210940366304
0.0847471920208
0.0918081645782
0.0568560642913
0.0293529534323
0.0815750443855
0.0422863198709
0.104610200825
0.0215229330441
0.114525523897
0.107228881564
0.107331366794
0.0545325365962
0.055860792182
0.10935047562
-0.0332138071399
-0.0156193646364
0.06349437784
-0.0945896715599
-0.116198668273
0.0590677913839
-0.00864102011329
0.0802318594564
-0.0211498043038
0.0243914827429
0.033543537256
0.0636906778049
-0.115512183455
0.0760500624963
0.0101254109395
0.110355590044
-0.00672065092884
0.0437354984436
0.00937936864993
-0.00554915337525
0.0600566132824
-0.0404336735157
0.0621028363037
0.0144608146146
0.0197302347471
0.0740820937029
0.118283376416
0.114854443394
0.115887786909
0.0802619022554
0.049524767101
0.00797827283128
0.0645427168652
0.0448441911516
0.0904100017873
0.0462751366664
0.0273628710734
0.012777116702
0.0513553615086
0.0321186262734
0.145631100927
-0.0335917287452
0.0480539966881
0.0272254308322
0.106284417024
0.0512324420402
0.130449277013
0.0880221815989
0.0590530124524
0.0188692784315
0.132732585652
0.0474065853784
0.0141177373875
-0.0116550910328
0.0457851079049
0.0745432211185
0.118810205197
-0.0402002589245
0.0916429359574
0.123895361031
0.0980513666075
-0.0894527457908
0.0589588378674
0.0993780958522
0.0321508950315
0.0842086784208
0.059514304529
-0.0299071145647
0.0659636694934
0.0922486538181
-0.0145091546096
0.0463932642267
0.0844369323509
0.123562150378
0.0511610986742
0.058518248047
0.0232318809842
0.0515307051292
0.0860865290493
0.0918145215109
0.0947413559175
0.0363130611199
0.0911220839236
-0.0182464700127
0.0530676073205
0.053004662739
0.0464991772628
0.075706739341
0.0014075906886
0.110820372552
0.132125697153
0.0747999561278
0.020365871639
0.10679275928
0.117979900553
0.080404457875
0.113043614638
0.114650420335
0.0778004478021
-0.00088301532797
0.135662854868
0.0595107389696
0.0458454335917
0.0553927233618
-0.0758208759525
0.0806456138232
-0.0144527673256
0.0895650946183
0.0832191497062
0.0991432416784
0.101344066169
0.0702107572998
0.0919016170149
0.0596943612726
0.0441866198759
0.0924178760668
0.03644464399
0.130124906772
0.0736269721674
0.0896113116142
-0.014130553403
0.131884557176
-0.0197117283416
0.0718807269815
0.0829082795238
0.0458734716546
0.127183370092
0.0390797706442
0.115994872997
0.0435983290315
0.0565009113036
0.0249460307749
0.120122934299
0.055482912941
0.0669141955472
-0.0530697682384
-0.000855562161822
0.0949131621309
0.00807547447824
0.119857521743
0.114791728398
0.145549837604
-0.0284229870514
0.0870373410514
-0.0246232834366
0.0807969345043
0.0564301779018
0.0993871365414
0.0572744164224
0.0604084601219
0.105358480967
0.00149610099507
0.011353185436
0.082070532742
0.0834860011604
-0.0161731306368
0.115517877397
-0.0258844077501
0.00919248478167
-0.0586820433369
0.0982735234908
0.0302175823378
-0.0689662446992
-0.0460732114198
-0.0246542823942
0.0584663837252
-0.0371091472754
0.0829276371702
0.0605976274138
-0.00861242839162
0.0177717855071
-0.0961287149979
0.0756378329993
-0.0261158743213
0.0965490314471
0.0710857089769
0.0965662094513
0.112734143337
0.0875037514731
0.0980880351199
0.0865697238057
0.0961591952054
0.0512245520876
-0.025382557514
0.10425834934
0.0785366036786
0.041272402177
-0.00973362204675
0.0545552173446
-0.0571372801715
0.0833687188283
0.0343923701509
0.0585174314584
-0.00175246926508
-0.0920945051986
-0.000510427666812
0.0227300402443
0.033495540955
0.0753291935895
0.015541038708
0.0899899416985
0.0348879000317
0.0720375430424
0.0510539521595
0.0431977663613
-0.0302269792132
-0.05357534517
0.0877808250194
0.117188638106
0.0638505064385
-0.00233637719576
0.119073268217
0.125698550447
0.0641490247413
0.0598405585552
-0.0245042307675
0.0283721152894
0.0219945793508
-0.0842648746543
0.0718595240924
0.110382172547
0.0447787557533
0.0255530850658
0.0355952399904
0.00670930564609
0.0472725293506
0.118973826928
0.107807236653
0.0880357284991
0.10783568325
0.0875134406139
0.0483628615278
-0.0366248421499
0.0720925715076
-0.0906966921207
0.031831572015
0.067356631047
0.0771863786748
0.106838662284
0.132144557897
-0.00271709047447
0.0729837756405
0.112012845505
0.00962406956523
