0.0261962927379
0.11342816112
0.0963791281753
0.0409806545823
0.0369372675563
0.113804763036
0.0544898631671
0.10552913041
0.0160093123392
0.106812401241
0.00471479218791
0.0450046478478
0.0770269290047
-0.0217825785515
0.0662130520111
-0.141568117057
0.0805002655792
0.0497424264643
0.0878104463066
0.0424761306635
0.00290337281484
0.0672481415971
0.0286139062115
0.0606461134065
0.00863903670388
0.0580504783669
0.0907400255504
0.0404381321038
0.0693951089564
0.0298501731852
0.093784594686
-0.00310291339561
0.00456064861017
-0.0347966668146
0.0765232717536
0.0321461381208
0.0933724474366
0.0396531979375
0.0109157850131
-0.0975430344546
0.104568901436
0.0340965578297
0.0826502935148
0.0291618763785
0.0704002986275
0.0404687489552
0.0346046960028
0.12104096932
0.0243175284219
-0.0219664148057
0.0630465188934
0.0718072071953
0.10582575379
0.0347175157823
0.0640618049845
0.00287670194454
0.01789022167
0.0922648059891
0.0338757354711
-0.0672012340746
0.0332750470809
0.0187584977873
0.0664392640708
0.00197344931339
0.0565923057614
0.0716052885772
0.034302370476
0.0322683050678
-0.00387551597351
0.137587724459
0.114345394014
0.0272677678138
0.0796807660423
0.097705538252
0.0214074149227
-0.00674695013534
0.0795616857017
0.0889467551993
0.0286764160394
0.0577688607782
-0.0271406174126
0.0384015289064
-0.0818227339442
0.0466288987905
-0.0108279372456
0.0463816485457
-0.0517851256812
0.0653133534042
0.0196022247002
0.011049879989
-0.0563193850574
0.0372651536273
0.0645813483217
0.0640633845529
0.0807334728242
0.0796069085399
0.123976364557
0.003161570533
0.0158722859468
0.0484812966215
0.0891423523675
0.0282544184332
0.112301970885
0.00196597913341
0.092881727803
0.00832925537325
0.0790579865513
-0.000713246062674
0.0221159338726
0.0374951355492
-0.00936238789108
0.0605875803288
0.00266729406823
0.106413200566
-0.0172501377034
0.0553315549024
0.0366636346526
-0.0355438073105
0.0628309515798
0.0204588552002
0.0222648127455
-0.0618510988668
-0.0576367056263
0.00825585520589
0.107136578087
0.0847099283168
-0.0598663655863
0.107011916703
0.0468093228518
-0.127669057729
0.0483027890992
0.0848918752628
-0.0564825716708
0.0238741555412
0.109482889533
-0.0335719515644
0.103321086271
0.0856665895981
0.0113392179637
-0.0191102878564
0.018348255245
-0.0511989017011
-0.0112790048388
0.0786046139838
0.0152236436396
-0.000545149256854
0.0408484835441
-0.0961276491972
0.12396627118
-0.0500943710739
0.0391682518413
0.0238717525205
0.0673554882506
0.0598405033701
0.0775411857332
-0.00896565923008
0.0774491440735
0.00638064179262
-0.00126498245912
0.0328720840846
0.0363640203407
0.123588098005
0.0145628310887
0.0760511505502
0.0828213010742
0.0234046882488
0.0136182094833
-0.0270565757201
0.121829775071
0.0814994669283
0.125393981666
-0.00364853309562
0.0584277158892
0.113858354116
0.093525114496
0.124432912926
0.0319948571473
0.0356160519877
-0.0747718436513
0.103719077609
0.119197686504
0.0599212623555
0.0563554560655
0.0721759968611
0.0295225224075
0.0598329367109
0.0565379581447
0.0822620798675
0.109991000372
0.13236118353
0.0506882680952
0.0938488278939
0.0336099101323
0.115609149313
-0.011334005485
0.120132322574
0.0424475674856
0.0178741130181
0.11240186925
0.00708259184788
0.0559430897777
0.055215148768
0.0364946972914
-0.0234730106151
0.0636068662912
0.0747746309664
0.0167267843077
0.0585264665068
0.115790947331
0.0842825717755
0.127177060586
0.0424053471047
-0.0498724137731
0.0466155412837
0.123558872712
-0.0501497764511
0.0542950638739
-0.0313265265007
0.0469182923712
-0.115145234449
0.051040703847
0.0901920946939
0.0633475018225
0.118477666692
-0.0143816247198
0.0775006914012
-0.0835781221364
0.0550407124786
-0.026068702241
0.0398008824679
0.0383454519454
0.0144003603347
0.11573963222
0.0932171664745
0.0241451283764
0.0323414274417
0.0803408285636
0.000853035871293
0.0623029389083
0.0322958128535
0.0908775132339
0.000321227977919
-0.00562882896621
0.0676020656796
0.0465359566132
0.0552033316926
0.0508204654157
0.0531487947439
0.130641562965
0.0933235730507
0.100426128941
0.0816510418441
0.0522091189572
0.00463054967883
0.040162342349
0.0945029764011
0.0901408508429
-0.0244009327693
0.0693221564947
-0.0104086220273
0.119795072302
0.00311546462041
0.0965979617898
0.0435981179852
0.0370940081022
0.107596631854
0.0692512608924
0.0719219320571
0.00881074009881
0.0306358788618
0.115279699092
0.0811878126316
0.0279107842868
0.0429800788629
0.0630308481048
0.0155741632404
0.0658919565972
0.0197352348175
0.00482334753689
0.0448778611481
0.119506839518
0.0757374820973
0.00475750347674
0.0702576187019
-0.021416235206
0.0822327463199
0.0359286673079
0.133268890712
-0.0487270613909
0.0401191153976
0.013596420461
0.0283565627846
0.0324037942453
0.0590678740128
0.0559059885696
0.0254028812918
-0.0657688529139
0.0282082939673
-0.11157060555
0.0312298186692
0.0743307765946
0.0423335681715
0.0931387972501
-0.0067364657508
0.105897023908
0.108123873432
0.0678139743254
0.0209588646502
0.0797986184515
0.0342088017941
0.00195748640956
-0.134946059886
0.111862548531
0.0748026725462
0.0709582570679
-0.124139196584
0.0323679324059
-0.0272825204565
0.0552275081945
0.113163235748
0.0393092797468
0.0287272931671
0.138114651638
0.0840760646608
0.0656137115364
0.0123700954038
0.0659397367953
-0.0408300814588
0.101045888388
-0.00843906445084
-0.00697391811143
-0.032106469212
0.058153614045
0.0269932511398
0.0458154531889
-0.00277803447262
0.123029392491
0.137452872395
-0.0235760510796
-0.0157253103507
0.104845089138
0.111533216071
0.115742892372
0.0226365030538
-0.0409912106372
-0.0158229880648
0.0263894944221
-0.00411124438723
0.044487842881
0.122187912835
0.0918501711179
0.0983111433863
0.0198416009899
0.0324108267961
0.0228349528197
0.0490266921297
-0.0504198951131
0.104801864179
-0.0140886093015
0.0765302596594
0.0471600611367
-0.0030285189851
0.00940301639486
0.0563600831273
0.0383099988086
0.0335169543215
0.0956052229537
0.0470461719253
0.0627916235226
0.0248878231329
0.0222616899461
0.0109848542643
-0.104520042015
0.0464134160252
-0.0228164941164
0.0824527556082
0.0660087105748
0.0556618363618
-0.0291001620442
0.0452449671813
-0.0190368127686
0.0988825013738
0.0160472867168
0.0695103855732
-0.0579077509141
0.0481730850366
0.0263026796551
0.00450539330857
0.0497999598694
0.097966429661
0.0820046941899
0.0270668242036
0.0343370029305
0.0289397029029
0.0964941652487
0.0167266991244
0.0832259172661
0.0134776576158
0.0764018278235
0.134536771451
0.0258496740048
0.0540767564307
0.0784994799603
0.095457629313
0.0579466839029
0.058343528404
-0.0619589459275
0.0965998224521
0.024299337933
-0.0364873498167
0.060860205332
0.0741017712462
0.0866078189902
0.0833594516131
0.103596466315
0.046506900942
0.0605406212877
0.0586204198578
-0.0701283316644
0.0696351347261
0.0670669394067
0.0493083801861
0.0303518473289
0.0858342185683
-0.0373573572047
0.0432146770177
0.018282397057
0.0946823015314
0.0956195253892
-0.0120020758597
0.0731194367605
0.0812611331911
0.000249880818383
0.000675514322512
-0.0592627008611
0.105958447741
0.060908426448
0.0446617364659
-0.0283970880166
0.0990070631249
0.0841633713964
0.0897991911655
0.0487991438332
-0.0180794427022
0.0618654184011
0.138033249925
0.0290404658218
0.0200969121305
0.0129305570338
0.0784094868307
-0.0804759840951
-0.0405568553367
-0.0442377002011
0.0286052559669
0.124929450524
-0.0326215506683
0.0945212806743
0.0289904184691
0.0596019649542
0.0720194005579
-0.00109170492521
0.00797029344771
0.0162997363319
-0.0233733994749
0.0196197443209
0.12932184281
0.100737640089
0.113189242938
0.034398906843
-0.0216109905058
-0.0248679773981
-0.0742999165025
0.00144757932061
0.0407625145823
0.0740162075587
0.0241497378775
0.0132016444409
0.0305648092203
0.0195898368369
0.0149074973776
0.077903523672
0.112122683786
0.0973189469125
0.0857827883832
0.0556685821615
0.0497473353981
0.0777993956934
0.0194749156543
-0.0140600603491
0.0919277851403
-0.09342095018
0.0821723340144
0.0577287620213
0.127397892843
0.102795921423
0.0882683030867
0.116597108839
0.0478944010775
-0.05665751928
0.0305298448872
-0.0127287814642
0.0695063588339
0.0396989921745
0.00919501933084
0.00914301211257
-0.00253824993747
-0.0483943222534
-0.00855156782709
0.131152946568
-0.00189724452359
-0.0211212228233
0.046621623271
-0.0821896269321
0.0937701039302
0.0337782095971
0.0834718353591
0.0966867064762
0.104652795053
-0.0180999351547
0.00765349520205
-0.00212912647271
0.0511777470487
0.0342516306063
0.0547032307044
0.0879438878571
0.036655237874
0.116846080982
-0.0337758918271
0.0355810908067
0.0808363584873
-0.0868812558911
0.0261199106065
0.0151547910203
0.0329728037193
0.0471189548635
0.0935636148344
0.0636435503865
0.0418099399463
-0.00513160517182
-0.0575866693476
0.127601358452
0.00864818424972
-0.0324130672112
0.076230136999
0.0864425396334
-0.0510726275129
0.121658889721
0.0558043433971
0.0200840525427
0.0294318818465
0.0610414695378
0.0411805349599
0.0283614212468
-0.0324827713896
0.101661114901
0.0900549111431
-0.0210524043234
0.0149128107626
0.0264532583426
-0.078709841707
0.0686782203196
0.0972401065587
-0.019299563331
0.100413519946
-0.0287541319097
0.0358378071466
0.107090392937
0.00517341748948
-0.0710071557474
-0.0107232876369
0.0357290075209
0.0919322321059
-0.00461745956903
0.0502347332345
0.074330962279
0.0472579913547
0.0685314613523
-0.0516877931586
0.063546711879
0.0428850429019
-0.029744768793
-0.00315026325395
0.100612333784
0.0282742212145
-0.00702581184424
-0.00456532647499
0.0200855297098
0.00599345358932
0.056739048738
0.0677134864022
0.0527474669143
0.0609891741708
-0.0857769414174
-0.0036279624945
0.0591530330425
-0.0771918733625
-0.024975224284
0.0389233032304
0.0458098303404
-0.124423196757
0.0150851197284
0.0421302181769
0.09711682638
0.0241600056021
0.0790859050082
-0.0466740689567
-0.0021811450032
0.0670318296316
0.0644538747117
0.0109448853919
-0.0869957826759
0.0325474547721
0.0156432993423
0.0445997808649
-0.0245112402878
0.0501679601315
0.0507407448238
0.0469564618762
0.0706446359007
0.00568769739419
-0.0438365331312
0.0455679264337
0.000379672997008
0.0482220135434
0.0680735169912
0.117122526716
0.0937154350192
0.0699213134013
0.026780723058
-0.0494080970172
0.0322176660611
0.0859034894872
0.0973731687676
-0.166123051568
0.0613521823868
0.0293640700862
0.0130857950396
0.0790065289024
0.059989113195
0.0595598436239
-0.00455990240289
0.0216543321429
-0.134517261774
0.0965556591253
0.136157175932
0.0565728093523
0.118038923776
0.094480716591
-0.00791903791353
-0.00856486253748
0.0890406339122
-0.0831157815499
0.0367105567953
-0.00921682618452
0.0350560735071
0.057750655952
0.10018407141
0.13964594478
0.0715472744125
-0.00795525836255
0.0765362815006
-0.0306821312295
0.0444859045909
0.113801728152
0.109938737388
-0.0242605706892
0.00421692967279
-0.0564595165616
0.0438967109519
0.0701262383807
0.00322592211122
0.0369272019224
0.0842116890408
0.00955739352943
-0.00754766925135
0.0140562357557
-0.0175900296561
0.121353855077
0.102672736047
0.0668983924761
0.0192757606443
0.121144511641
0.114038134779
0.109452743697
0.0830937755617
0.130074615879
0.040838765376
0.0358991037987
0.0478834024112
0.0286732623786
0.00766857409331
0.067689580046
0.0736886202609
-0.0728923495661
-0.0155746065805
0.0913770689143
0.118305074452
-0.0164395867805
-0.0540380064997
-0.00107194550428
0.0472880408348
0.10158306669
0.0950187654292
0.0672103181763
0.024046325763
0.0822736140619
0.0580005701585
0.0629033489185
0.0928941228795
0.0417437796151
0.0277680085206
0.105161597645
0.0954987172273
0.061086859877
0.0526627762563
-0.0175599430069
0.0704654564119
0.0907117369177
0.071650382549
0.129424301306
0.0528787067362
0.00672543200726
0.0877636446018
0.0785694732307
0.0548733517241
0.113475254002
0.091433672933
0.0353036690478
0.119348769369
0.0976516590645
0.108790985133
-0.000944611837302
0.0749190074744
0.0358577958673
0.0529521704885
-0.010186188439
0.0745428682814
-0.0401902876383
0.0952983341172
0.011776344564
0.0656962096994
-0.00947221237977
0.0611289859283
0.0458634484108
0.0383630589958
-0.0144462114519
0.0420119258152
0.00926844944648
0.0389549122263
0.0494852510093
0.0666748002731
0.0668072371467
0.0668059359321
-0.0520532105419
0.00322020295545
0.0221294102379
0.115869470845
-0.0021744789099
0.0623785649695
0.0735510493586
0.0151459373738
0.0113380483449
0.0782196670847
-0.0155672424788
-0.0305334849279
0.0997657975946
0.0725213800183
0.0444265725298
0.0114596384625
0.0613707596727
0.0960497834787
0.104903772397
0.140728529378
-0.0448251737101
-0.00509221506893
0.0659494912099
0.0623733021009
0.0767106738096
0.0212469746434
0.068572137812
-0.0232019065252
0.116020244885
0.0385903771606
0.0696757293062
0.0975038607378
0.0483023951186
0.0504723566904
0.10426145757
0.0751434403978
0.0994050672951
-0.0407644308198
-0.0928588323839
0.0254431008644
-0.0174513500188
0.0692329128894
0.0429236445304
-0.0266837617839
0.0505443811731
0.0750690920448
-0.0688377199623
0.0615835490267
-0.0590156428111
-0.0868902819798
0.0300410949819
0.0867604341911
0.125762641448
0.00765513651549
0.084553228642
-0.0305018703141
0.0605882954655
-0.00357689344715
0.0828898148115
0.00492624862906
0.107156544976
-0.0583376428898
0.0668312765677
0.00613201061797
-0.00660978023805
0.0483916370516
0.130768779978
0.0479907742695
0.00607088965325
0.0997176716153
0.0653148283929
0.0641084047641
0.0676123227756
-0.0615647470789
0.0697266705922
0.0494473431547
-0.0015041587578
0.0711484034467
0.00393399031904
0.0371934102517
0.0216307247878
0.0792191965703
0.0689879007028
0.0183548897936
-0.000618458863981
0.0265979174816
0.0189494839024
0.103885446148
0.067627596139
0.0205132027071
0.0211382161034
0.0753994891385
-0.0256469713822
0.127412743555
0.0341333198083
0.0366042725064
0.0331375552879
-0.019678789286
0.0994575013234
0.120203759665
0.0999308119134
0.131956340926
0.0605515545462
0.0841853928937
0.0757920308573
0.124000872069
0.0513885577269
0.0330187730058
-0.00586685579711
0.132779322368
0.0924225551046
-0.0471052877759
0.0439105454046
0.0841532384107
0.0472041465716
0.0427034528783
0.119023272046
0.0953919967364
0.00812423374057
0.0406154879946
-0.0656108802583
-0.0173071576809
0.0615211718333
0.0699551597252
0.0629757900248
-0.0119957070104
0.110099255073
-0.0190644613585
-0.0507322937187
0.0684105529004
-0.0306168724847
0.121372532422
0.130729079983
-0.0825485194936
0.0816673486685
-0.0312386843562
0.0755725578725
0.00793358316683
0.0924075385542
0.0605248323194
-0.0237636774019
0.110246005232
0.0691777044406
0.06159525185
0.06034125777
0.00511942850109
0.012820686289
-0.0983111178373
0.102967012432
0.0353043796536
0.0631682758412
0.102830014237
0.0180812259261
0.0516040368149
0.00545824506755
0.101447734335
0.078637954664
0.0418052348519
0.0503719593355
0.109640426172
-0.00392853036874
-0.0448119167261
0.0285187458412
0.0753842123769
-0.0526862042208
0.0909989549423
-0.0452374130296
0.0123438471133
0.0893990405924
-0.105813562655
0.108303025689
0.056522469111
0.00280322247497
0.00350834952976
-0.0161236775752
0.0374606437497
0.0532429921021
0.0423964641712
0.0467877473481
0.00538089897252
0.117781588911
0.0117965411239
0.00936015495987
0.0168887269014
-0.0870056347942
0.057887744839
-0.0536282253505
0.124191250951
0.113233702807
0.00360340980304
0.0175660475501
-0.0227393849264
0.108224219908
0.0767409860654
0.0357377368643
0.0593248404572
-0.0944965940573
0.110759166265
0.039228358567
0.0511114019771
-0.0328432709005
0.0304645553466
0.0572505287131
0.0832848368491
0.0828601725294
-0.0122466520072
0.0744042526592
0.120950774174
0.116927640509
0.031763363594
0.0583613800166
0.0259987537915
0.067656042242
0.0839250926164
-0.00443749030736
0.0779306196132
0.0706129245485
0.0948233922903
0.0496608566552
-0.0354766692565
0.00831269990735
0.0158029120096
0.086565621208
0.1282491315
-0.00567873624594
0.0101667581764
0.0219359579573
-0.00102529951426
0.0788521050681
0.0724371178227
-0.0330599538734
0.0200169857809
-0.0188338785807
0.00778712133615
-0.00146073593582
0.113302807903
0.0314149767747
0.0231356271571
-0.0870854466411
0.0773669436617
0.0692576968217
0.122319458568
-0.0135886361935
0.0992295563641
0.0182119007169
0.0533685601533
0.126385003973
0.0441045288188
0.0233526813221
-0.0363473032573
0.0792978984963
0.0699808837945
0.0779567916034
0.05786981585
-0.00124124433492
-0.0345170618491
0.0508647614148
-0.035242218825
0.0146546688228
0.068546110646
0.0275475179149
-0.0297085392113
0.0938577158796
-0.0382752256088
0.0918693643868
0.0552482057785
0.117911264639
0.0860500022611
0.0425062928115
0.0155280754687
0.0341880742927
0.0160667942593
0.0548835395413
0.0511006228585
0.0421082361243
0.117634397933
-0.0386351772313
-0.0109414687993
0.0542581200941
0.0287430096241
0.0958128722
-0.00907485608155
0.0870852598848
-0.00906395214795
0.11415077799
-0.0315809809756
0.002996072449
-0.0193013083305
-0.00849320286713
0.0942736302623
0.0466348149228
0.00342864113332
0.0198853075092
0.0294587731936
0.0326507753345
0.108627517812
0.0888851439047
0.104672358995
0.0985591579179
0.0264376408112
0.0575197438764
0.132351479943
0.0931969722634
-0.0804721865141
-0.0244887625746
0.119183514406
0.0837176802603
0.0871576742147
0.102158496933
0.0944619860924
0.0660657150736
0.0805076443921
0.0855056898084
-0.0345660057691
0.0438229267205
0.0463809779667
-0.0364215986395
0.0665323441281
-0.0152146199226
0.00827700090628
0.0331672868858
0.0279460683154
0.0847310459782
0.0623525087546
0.0616642130079
-0.0858367082533
0.0928043422528
0.041434015888
0.0559042240477
0.0337826616428
0.00924581993554
-0.0210078605268
0.0658694608834
-0.016270093534
0.0226058871758
-0.0293359270373
0.00154069947822
0.004259279852
0.0191407658081
-0.00607739762502
0.0436985760367
0.0170149923476
0.112485484864
0.0272017960144
0.121866225879
0.0385793516955
0.074847860836
0.128476691289
0.0121255658356
-0.0145793648856
0.0916761835431
0.0838776090067
0.081677922439
0.081315027428
0.058385655788
0.0433217125479
0.00488947259755
0.120359989794
-0.0462796923972
-0.0219069847755
0.0597054787483
0.0513673613637
-0.012581912116
0.0207630928393
0.0513219951529
0.103563186552
0.0746800452896
0.0415278693572
0.0466469993471
-0.0134790258744
0.0816643193179
0.0284724069409
0.0728468460269
-0.0345031776
0.038580465449
-0.0192362678936
0.0957341679907
0.0300495844725
0.0795432666802
0.0884359938535
0.0884019848247
0.0287103098196
0.0728323966263
0.0156669032936
0.0866408606136
0.124285694526
-0.017050802081
0.0643408640397
0.0631631792532
0.129342505283
0.0936646534217
-0.0309172015817
-0.105463405568
-0.00300865651387
0.0610998414694
0.0114856743182
0.0604259268891
-0.0514676311621
-0.0307091399534
0.0550631476319
0.0378822115357
-0.103968599616
-0.0108802133805
0.0228919276571
-0.058395302874
0.0641058286238
0.105509262655
0.0555286050011
0.0362995081401
-0.0966959846125
0.0514075549879
0.0734941649719
0.0924068041097
0.133237220246
0.107878038296
0.0553061129759
0.0403219048019
0.0872169611217
0.0149042453065
0.109961006626
0.00332350096595
0.0561141220758
0.088820693146
0.0784335703648
0.0174490026078
0.0138395482244
0.112101753754
0.065616878182
0.0549885082876
0.00543781455589
-0.044677385526
0.133384300325
0.0945515970823
-0.0498920534978
-0.000151609084811
0.0293389968147
0.112258501749
0.0667327895961
0.00417600326459
0.0820388181269
0.0733719162411
0.088766759387
0.0803642120589
0.129941858505
0.0578018692753
0.0696385650856
-0.0852949258681
0.0331961974723
8.75204944863e-05
0.0454116349252
0.064131646621
0.0675220968165
0.0193869737259
0.0297891084436
0.0783848245554
0.0798031944694
-0.0190295320257
0.133183308954
0.0907366417391
0.0610553348045
0.124314926338
0.0517038477
0.0820648301315
0.0112224831048
0.0620664228291
0.0622777687842
0.108845999876
0.057736803791
-0.0695464057801
0.0595272575937
0.0606944949953
0.0577064101288
0.0265431056672
0.0329101998213
0.0271341559911
-0.00818803983485
0.00285552226275
-0.00312273235987
-0.0372025261888
0.0411046083617
0.0428348031481
0.054534345357
0.085412724396
0.0516463548341
0.0401161281765
0.0401269193993
0.0920476786542
0.0806045921939
-0.00859110391026
0.088178182155
-0.0389252528965
0.0440519202256
7.12651455652e-05
0.0637905286776
0.0242093081743
0.0804108031053
0.107740452155
0.0801974687967
0.0405266816255
0.0556133701322
-0.00110048631286
0.1252829343
0.00390135191657
0.0545266011372
0.0623453754839
-0.0237591924524
0.0258122860802
0.0484221129244
-0.0448804327273
0.0212993610285
0.0114761163024
-0.0504419958333
0.118554634331
0.0719739728972
0.0218758939058
0.00152991360834
0.0749089885538
0.116130815774
0.0877779551659
-0.00203853349497
0.107018200222
0.122210662631
-0.10958081749
0.00632213191737
0.112853370481
0.00799829628955
-0.138642460731
0.0213331545882
0.0897331370457
0.108054287245
0.0989435453533
0.067772091869
0.0378545854024
0.0356200127831
0.0515656023858
0.0655252724803
0.051606407575
0.138239383509
0.0196253240579
-0.0728958893411
0.0366399380255
0.0377375548476
-2.677758778e-05
0.0767144377643
0.0797033017055
0.0622294306274
0.020497734784
0.100351197657
0.125807851035
0.0299479450887
-0.0138746925237
0.0748174714687
0.0677129256199
0.0698196390518
0.0947302406897
-0.00235733831782
0.0772615828175
0.0587352846323
0.0576497272932
0.010882529393
-0.0691897538262
0.055549146367
0.0379150985012
0.00260205464049
0.119499959864
0.0529997608164
0.0197003922455
0.0518164931355
0.035079125273
-0.0423993491185
0.0690605037343
0.0265226578544
-0.00540431914593
0.082394809383
-0.0523806012586
0.0608600791792
0.00777331058199
0.0020127853477
0.0774211757705
-0.0165358862691
0.108016348223
0.0681506015017
0.0684404318061
0.0265051040756
-0.0228254796097
0.039020685888
0.100762176244
0.106336505258
0.0120256280208
0.0206008244232
0.112324515402
0.074900659993
0.0617384812875
-0.0155921288166
0.0926137210519
0.132227563129
0.0700898854846
0.0642885402496
0.0737660326745
0.0676998960541
-0.0823674846574
-0.0575961291393
0.0395292749787
0.0406775522195
0.0996465080088
0.10122652492
0.0372814421796
0.00667154025235
-0.000653384711548
0.0277762916169
0.0112775374907
0.103019447866
0.0588675434726
0.093013373988
0.0754253713094
0.106729792034
0.123908300029
0.0158739951866
0.0950897013184
-0.0361477668017
0.137409896297
0.0104132185473
0.0905768521918
0.000226533043079
0.00242473525557
0.0436456829418
-0.0493499230306
0.00126237042704
0.078280935666
0.0400126436039
0.0888366211707
0.102068967253
0.0188899407849
0.121118978113
0.0619156351994
0.00690054552869
0.0922763926649
0.0500659050893
0.0650498874454
0.00486071369731
0.108764144151
0.0729119238106
0.0475967106699
0.0861124280234
-0.116738673674
-0.00316772413343
0.0253591684313
-0.0199913775345
0.0685917966083
0.101152959961
0.0806534956343
0.0722313437594
-0.058951340852
-0.0299181445625
0.0308575054841
0.0683519523894
0.0271651936076
-0.0716185600137
0.00748386750478
0.0430529589255
-0.0152340297913
-0.027104791819
0.101762669675
0.0306276988127
-0.009201855292
0.004070895894
-0.0303438773324
0.108736657092
0.0214008611187
0.134331620652
-0.0315534603028
-0.0146191718827
0.0307475518451
0.0693649971687
0.0509896412262
0.0645974442214
0.0160621976878
0.00146020771057
-0.029674748769
0.0792676369577
-0.022994987991
-0.0114404564347
0.0305911659434
-0.018546812547
-0.0191196743802
0.0247215224198
0.0267340966987
-0.0264461909334
0.0918886332579
0.0933762146289
0.0643146367145
-0.00210382374257
0.0529002366599
0.128606216954
0.112813592025
0.0800711616989
-0.0531168316253
0.0710961206881
0.0318512097458
-0.00207100786762
0.0868082823378
0.00457834393131
0.0935790538207
0.0245288803356
0.105323974852
0.106732089013
-0.0130551533233
0.106573248584
0.0553527010119
0.0665419654577
0.112287446725
0.0939121205217
-0.0141004080683
-0.0130270675361
0.100609290927
0.0294802859189
0.0829719209342
0.0777837396786
0.00769002630759
0.119997942324
-0.0149158361426
0.12938245277
0.10639009149
-0.00473842830472
0.0620594483613
0.0303475824609
-0.0110666723405
0.00912740944062
0.019058162569
0.0957038302139
-0.00487529108331
0.101407869327
0.0572739467853
0.0344575243876
0.103706355825
-0.118985901256
0.100234604945
0.0796283241806
0.0957212360655
0.111060245764
-0.0686007833737
-0.00530417933377
0.0269888820273
0.0353241406875
0.118390480927
0.0401252743593
-0.00537679481733
0.0519401796234
0.0549671447749
0.00639052066602
0.0449587887235
0.138337272799
0.0167672653159
0.0600139406346
0.0186992811395
0.118575139821
0.114066902512
0.061026282215
0.0180929067693
0.0157385422298
-0.0110334378411
0.0986100183845
0.0575294928851
0.116626255385
0.0310529162629
-0.0277865001214
-0.0618549303001
-0.0885362521849
0.0242229710563
0.105761752755
-0.0524182475475
0.0519514988313
0.005412625047
0.0300235000137
0.01442044534
0.0319416647425
0.131225093671
0.0376688816555
0.0137195422682
0.0811798745423
-0.0274041347104
0.0377414863912
0.0325553470155
0.0811235982789
0.0369290938353
0.0670536527131
0.0977750044125
0.0852202182619
0.0793225802609
0.0271363267993
0.0351798765528
-0.00499661949527
-0.0408184212303
-0.0633952812069
-0.106926670375
0.0291542258328
0.10243785149
0.0754966671603
0.0593316751347
0.0483704737758
0.0789495150582
0.00114275178409
-0.0102662466028
0.0502471451728
0.115332220586
0.0018213120206
-0.0132753799799
-0.0317455651802
0.0961019928926
0.0997718638077
0.0595083289271
0.0778747587801
0.146925975016
0.125032927391
0.102860609365
0.0582461759189
0.111298392684
0.0144133760218
-0.00827896533998
0.0764414877799
0.0923698500158
0.043993400516
0.0258106692254
0.0937228236858
0.0263046613344
0.0540213610389
0.0477349569185
0.0186470764003
0.089183847546
0.117857059322
-0.0068021875625
0.0777978105867
0.102465897774
0.0374242647085
0.0846140522098
0.0678102604839
0.010274901246
0.0144788543459
0.10954175727
0.0320493551616
-0.0297613629165
-0.0178353995779
0.019888827512
0.0410179329053
0.0579385203652
0.074297982572
-0.00582311229615
0.0974565059703
0.0264051063227
0.061237249891
0.120603893332
0.0759063587311
-0.105724817432
0.0941827787543
0.00517886888455
-0.0750631924851
0.017470483958
-0.0368241599334
0.0916909666381
0.0864438369179
-0.0111662878774
0.0972102828805
0.0168227278386
0.100684125639
0.10632747833
-0.00548303393725
0.11437774772
0.09977152557
0.0842038775586
0.101513967921
0.0362360332926
0.00509827680701
0.0864606798124
0.0476903933578
0.0360674047525
-0.0445274247191
0.027753098837
-0.00323992200521
0.0744314607584
0.0792045896395
0.00355741663645
0.0341004097184
0.0870111929714
0.0431031699463
0.100944868047
0.108290496108
0.0770890070389
0.053654880923
0.11400369175
0.00301526551897
0.0534159341257
0.0375632243641
0.0635365890872
0.0276949415751
-0.00770190008544
0.0441483049391
0.0512565417191
0.0290102415531
0.0296564142394
0.0216704246438
0.0262922721952
0.0562121648306
0.00473097353855
-0.0268602509987
0.121272448821
0.0428837274753
0.00619485264017
0.053079505396
0.0532673631845
0.0682993135728
0.114393349827
0.0380552838428
-0.028186797901
0.00620895817589
0.0751963691566
0.0527365189983
-0.0272833876726
0.0762662482363
0.126957274513
0.0395923222646
0.126369916965
0.0648684488584
0.0581244819796
0.111599153197
0.0005741632892
0.0689160069167
0.0983657888843
0.0449740278282
-0.00381827737727
0.0202947103641
0.0631798520446
0.0160624489561
0.0826305269547
-0.0397180211245
0.126058368533
0.0977131992182
-0.0398766159637
0.0888976996337
-0.0529669618351
-0.0532696443077
0.0806547800882
0.0827662439009
-0.0695703901499
0.0901969171866
-0.0363986384321
0.0751946759388
0.0218579727865
0.0988466981396
0.0028611767075
0.0415288475326
0.0962384605404
0.0614144643941
0.116064765463
0.0177620415128
0.0214459723917
0.0936907597391
-0.057880105357
-0.0163196515727
0.0557824852802
0.0296058999207
0.0632895494335
-0.0229442577409
0.0363931502864
0.117907683487
0.0490827305283
0.0462223268636
0.109795481685
0.0466323342315
0.034459070001
-0.0105343174707
0.112078055051
-0.0252864088306
0.0431489650917
0.0482821837294
0.104106074795
-0.00449812354451
0.106453746854
0.00620465968361
0.0133251372284
0.0655369611198
0.0157225005528
0.00273355660167
0.108449699138
0.0695480503513
0.0146624202422
0.0689479552154
0.103467955177
0.0506204463421
-0.00591305732124
0.0465395876456
0.0161065946872
0.0888530887962
0.0622694164261
0.067990358806
0.0793847524234
0.012944529462
0.0940425743884
0.0154644304085
0.06208842853
0.0361775349829
-0.0784230234231
0.100503062426
0.0934631684082
-0.0931494780367
0.0270572857821
0.132940573945
0.0580612906783
0.0688267020848
0.0481505484718
-0.0351698548556
0.0551088323825
0.0858569235694
0.0395571486744
0.1222012764
0.00504915466597
0.0277843982923
0.0222006822375
0.0795516711269
-0.0234630126012
0.0382115141827
-0.0315582603815
-0.0155723367811
0.079262249444
-0.0135381836837
0.0640622772808
0.024093577784
-0.00602939709423
0.0519252116009
0.0737775865278
-0.0227744090305
-0.0241102795857
0.0845371000318
0.0123005940321
0.106613122097
0.0435735943339
0.0570953619515
0.0487811287449
-0.0370397908945
0.100846147535
0.00564942804817
0.041606072853
0.105622601184
-0.0613517070706
-0.00559238915602
0.054718204063
0.0404730627781
0.0702860049643
0.0648375075894
0.0134030969998
0.0312456808605
-0.0987553160712
-0.0438920551424
0.0833631087895
0.0599263183418
0.0470337027296
0.029748793242
0.0705786287326
0.0983622808939
0.0640079843585
0.00113953902353
0.0218857836266
0.113819757154
0.0196281524866
0.0147151469957
0.123560926657
0.0803190054919
0.0743128064658
0.0369974833849
0.0167733432898
-0.0179107501141
0.0691249519534
0.0914996011071
0.0873069132278
0.0969416561204
-0.00498598311783
0.0222578769158
-0.0345096557577
0.082490374026
-0.0573415458135
0.0299339466442
0.0987846266989
0.0589930061869
0.020728710075
0.0171659740683
0.109196308698
0.12375502084
-0.0475772322841
-0.00309117407273
0.0347872915762
-0.0203633292619
-0.0413977430844
0.044053401758
0.00395589168026
0.0115607878772
0.125446917557
0.0419596128296
0.10021196996
0.0447284191268
-0.00551264680694
-0.0215617231725
0.0696149026009
-0.0976268101063
0.125005047787
-0.0890292655963
0.0373746386987
0.118269819265
0.101033593336
0.0895430920992
0.0817902012894
0.00822484469621
0.110252751929
0.0129719382236
0.091012699945
0.0681321517616
0.00614835145183
0.147454481681
0.08444032465
0.0338952052741
-0.0289897618401
0.0969872796747
0.0223620874091
0.0945766261927
0.0602174398141
0.0655934756983
0.00162854516731
0.064568020837
0.0211314336796
0.0401766890619
0.0949716981646
0.105232488156
0.0912350742501
0.0862936789134
0.0803858383658
0.0980851263408
0.0865444706293
0.076774073873
-0.0131886777699
0.0950629272468
0.0910390842235
0.0921856342918
0.127946546396
0.134507640685
-0.0701562963712
0.0305354044713
0.00364351849204
0.0615274821199
-0.132446860267
0.00732551401531
0.102816879011
0.0671937628201
0.0967027676783
-0.021184326114
-0.102286190553
0.0559974935992
0.0156995455406
0.0398674023443
0.103427672657
0.0100912372959
0.0746594042214
0.0595903666729
0.127232828049
0.000180662718113
0.018021102283
-0.0100970347655
0.00944127321651
-0.0227276485339
0.0927308788944
0.00846974206042
0.0831878972844
0.0469508812141
-0.0974527634664
0.0385332376542
0.0781524865589
0.0668952752123
-0.015251342894
-0.0182564855115
0.0327122022328
-0.00788636450783
0.0990827879654
-0.0338469068813
0.0628051365739
0.0446049281285
0.0103179677525
-0.0571837015235
0.0257345241205
0.0839562200301
0.124959900324
0.0597245582047
0.0657048045671
0.0762461703361
0.0358867048954
0.055539884567
-0.0405116449619
0.0592153865546
0.00894786550244
-0.023200966772
0.0659689211545
0.0960470710308
0.0555014078637
0.0788173281536
-0.0373513918072
-0.0115768708693
0.0291784129706
-0.0145128080513
-0.280607242027
0.121271223533
0.000684706917592
0.0500435949141
-0.0423776169262
0.124361915997
0.0245986157756
0.131100178241
0.0310564292283
0.0781540496142
0.0451709683062
0.0182622022352
0.0709727537519
-0.101653266286
0.00220808680114
-0.00999377381886
0.00399064690843
0.0992163903466
0.00287981288872
0.132027598719
0.0611908955212
0.0880383309203
0.0261764706374
-0.0653778713292
0.0250838833735
0.0837560255058
0.0799376905333
0.048523222064
0.0393829211551
0.103182473045
0.133625095716
0.0470050524458
-0.00011753310022
0.0857235331515
-0.0201981606558
0.0424387499802
0.0524061092322
0.0833865605176
-0.0335210032355
0.0382652617641
0.0971877757797
-0.099053715158
0.0987100306471
-0.00780809505449
0.0357120597959
0.128573835881
0.123096380811
0.0332289231564
0.0647466876504
0.0787024336677
0.0216475359015
0.0327275051752
-0.00705215729293
-0.0322203925631
0.00393795578706
0.07819308763
0.0885342643568
0.0441437712895
0.0546393812145
0.0125612500644
-0.0671141866157
0.0349099488098
0.00990528388373
0.0933082505879
0.0156319973738
0.0586865775504
0.0534939671253
0.117286727613
0.0808513256368
0.123636032946
0.0568450924554
0.0467844045513
0.0663291792503
0.068530551274
-0.0181867891534
0.125351463366
0.12560499076
0.116509184038
0.000109961006126
0.127476294829
0.0319154301098
0.108249237909
0.0616290611856
0.0287434610759
0.110559363246
0.0194350022734
0.0552407770921
0.140904077754
0.0479936428142
0.0956754697656
-0.028778433809
0.0732924126266
-0.0567553947454
0.0605026981191
0.104319826269
0.0194300447053
0.0938874832568
0.0501210237974
0.0267717507533
-0.00169941028542
0.0187165883583
0.1297217414
0.0548529754404
0.0920734579215
-0.0102608374328
0.0433102787308
0.0298048803709
0.0249101847608
-0.0425160966843
0.0507959643143
0.0606661339685
-0.0281354079015
0.0408472774243
0.0362669780122
0.057467451503
-0.037044375248
0.0392328731871
0.0683014025897
0.00163918632655
0.0966322309427
0.1248007295
0.0174918752762
-0.067887416282
0.0352486170343
0.0951057771115
0.0820359601938
-0.00555881694371
-0.0763371620899
0.0861382355916
-0.0206360081649
0.0815434732596
0.0632123816891
0.0280290693552
0.000950655364528
0.0481390445369
0.00232283014977
0.0453291073756
0.122828021337
0.0947324561468
0.0682953074461
-0.0485273381289
-0.053604937117
0.112726362087
0.0172516971383
-0.0157605114182
0.0971039594442
-0.00467364055168
0.107931910141
-0.0468794777693
-0.0370787594502
0.0761509629303
0.110682009178
0.055939294817
0.057642377522
-0.0223186473665
0.0663502002812
0.0273683183227
0.057944295072
0.0347966908717
0.023225883065
0.00309055898594
-0.0014643469815
0.105481835815
0.0622302670627
0.050104210517
0.0769988856839
0.0738739619399
0.0298002833468
0.0557701335539
0.110481167178
-0.0110678771656
-0.00355753566657
0.0898751557641
0.11419475464
-0.0098323494213
0.0452697255566
-0.0242030851112
0.104163074867
-0.0577246921396
0.116108154581
0.0738699895591
0.142694008487
0.0592979821185
0.0510970407035
0.0677177593558
0.107415894397
0.0461737517838
0.0320421536161
-0.126060838149
-0.00297556848134
0.0232898696803
0.099882239387
0.107104011081
0.130515352076
-0.0147058767809
0.0534974145812
0.07533030894
0.0155425497082
-0.0354798644242
0.0182281248753
0.0981164504175
0.0307278800724
0.0339114457194
0.0499210444744
0.0205060126469
0.0288148620212
0.0133977179284
0.114445120458
0.0581184875351
0.0599868388848
0.062308825142
0.0679031108271
0.134617965648
0.00455513318039
0.0658088337215
0.00235075387101
0.104299722503
-0.0248976596253
0.0749885613441
-0.0305556755038
0.0993470756916
0.0213385530739
0.0462010886223
0.0645626757883
-0.0479331643696
0.0764524032291
0.0372642519245
0.0938490927578
-0.0148948896436
-0.0720019485973
0.111324614313
0.0548650468451
0.0520894984796
0.139547295079
0.129532508414
0.0325044001784
0.0305095790119
0.0371203433909
0.0409646578816
0.0994748216485
0.038384286562
0.0899280471583
0.0500858842126
0.0726319317027
0.031385222053
0.0516843969206
0.0425285006581
0.0102242666266
-0.00126323309823
0.0651576484501
0.0369221184119
-0.0694148309492
-0.0917343349902
0.0836675939831
0.109052666002
-0.0217871371456
0.0853463661741
0.010490491078
-0.0337548353615
0.00145385107115
-0.0124281573419
-0.00768657513809
0.0355734038085
0.0435598684781
-0.00370624657218
0.0871414636643
0.0434006793131
-0.0435851436601
0.111440369168
0.0101328246602
0.0609045812733
-0.00940962523946
0.109772466075
0.126887607087
0.0416586388596
0.103755152053
0.103704225322
0.0901509049988
0.0309389695172
-0.0217201756927
0.0737770057351
-0.0275740894935
0.112655606438
0.123788387256
0.0678912240448
0.0415074287999
0.0424973051045
0.0933938382749
0.110070877277
0.0579403259063
0.0126405109692
0.0351690205666
-0.00834907541984
-0.0243341758913
0.0547768968843
-0.00472604331866
0.10418613871
0.0309812158307
-0.0072709164952
0.123750405219
0.0820266924441
-0.0261489185645
0.0628450337576
-0.0396578620992
0.11490827142
-0.00252318291014
0.0671620745362
0.0655702869341
0.0950548970689
0.116636910024
-0.00839416219165
0.073027243919
0.0192018196822
0.0508241194692
-0.0315467489909
0.00224310956179
0.0343235982569
-0.00546489528954
0.0452032754929
-0.092361255979
0.0696157145794
0.0432688159533
0.0302458562054
0.0827795366263
-0.0275443400901
-0.020793651546
0.00288272067948
-0.00384751406161
0.0613421643205
0.119878659839
0.0439714413399
0.0454101439649
0.0299477874562
0.0287665412247
-0.0197158671261
0.0200227814577
0.00674519101984
0.111288739971
0.028607997381
-0.0263707295922
0.0613254113424
0.0251525637654
0.0873916498415
-0.0176014967347
0.0581328254728
0.0334488594775
0.0051789122865
0.0194657163103
0.0489921945948
-0.0238142783417
0.0285224466305
-0.0148300038793
0.0596178645804
0.0423217731307
0.0557389395204
0.0237363989939
-0.0291087600305
-0.000809115032339
-0.0302615254973
-0.0618130836946
0.0675426332692
0.121381627811
-0.00168704101965
0.0514418138423
-0.0094509688084
0.0418532762243
-0.00141283506939
-0.0769541352488
0.0313109372192
0.00874830246542
0.0728277250567
0.0213947841335
-0.0600535638619
0.0324931647328
0.110577746505
0.0622584574231
0.0790133043648
-0.0362223302369
0.0204160276845
0.000560119891035
0.0499881195565
0.0727030996051
0.0515079703548
-0.0109856077638
-0.027125069277
0.0486662787095
-0.0487803744139
0.0166831558399
0.0047960089022
-0.0526111231233
0.0386214470019
0.100056670256
0.000205764413781
0.0256801782958
0.0301715688485
0.128456522504
0.0696581060719
0.113554285471
-0.0177772800305
-0.00168986112003
-0.0270542460459
0.0543111479943
0.0232977200974
0.0354592857886
-0.0237933517154
0.0227974305044
0.0827099197733
0.0416581647731
0.0478065523617
0.0977153507238
0.0618147062018
0.0717101926165
0.00706039929021
0.00971294806074
0.130566332192
0.0515369713597
0.0675008426573
-0.0343273091651
-0.0198926543758
-0.0111750094439
0.0539272776255
0.0681900012871
0.116016916121
0.077836837991
-0.0249132546
-0.0349048975109
0.0543623115477
0.00109745096058
0.121925132886
0.0509167363588
0.117357517121
0.0551815275396
0.0675321352996
0.0199680302935
-0.00690932088084
0.010598259145
-0.0902308842448
-0.0822657675186
0.0888019386229
-0.0209064184115
0.121254514331
0.00110879591105
0.117007314009
0.0222466679863
0.0278980825281
0.0861177470595
0.01557673265
0.0158219116142
0.134223886702
0.00240825949927
0.0196842729225
0.0274367194999
0.120910693657
-0.0288224462118
0.0145103567041
0.0629464367715
0.0755488851377
0.0964097191986
0.100059286326
0.0620647317496
0.0526147636359
0.127165494658
-0.0125451101691
0.130569952165
0.0649079868607
0.0395892345994
0.0785601048486
0.0808733950726
0.0816874463841
-0.00568358618088
0.0718638615171
0.0965469170224
0.0468014587694
0.0264853681486
-0.0472480705729
-0.0470693965726
0.0679140590344
0.0694689176868
-0.115926382354
0.0231804672838
0.0552102501003
0.011817791546
-0.0631464040127
-0.0176661951347
0.0199608967465
-0.0775937955924
0.10288791056
0.0503659243802
0.00402841032529
0.0455321537865
-0.0399695601716
0.0239074199145
-0.0649682326858
-0.0353560736243
0.0197167251407
0.0209667443294
0.0777945873208
0.0530940468161
0.0912082497261
0.0810553961332
0.00192547214043
0.128658671055
0.108460634476
0.112762953436
0.0846925261983
-0.000422963110768
0.0838648955785
0.0246480111029
0.0593208719188
0.0808206485784
0.0623085222293
0.0623864029895
0.0838980610733
0.114121197401
0.0839032188064
0.135884459162
0.0875807551088
0.00783846192251
0.0798383226152
0.0536434768697
0.0334702128136
0.0737446977913
-0.00235017418286
0.12114724529
0.0982472061726
-0.00323408085953
0.126143697899
-0.0109891153027
0.114360852685
0.028423660924
0.130580977826
0.0696066553352
0.00294205404211
0.0510391912865
0.0894302449504
0.00854193262763
-0.0938847981082
0.074253408564
-0.00520475843202
0.016738287107
0.0468019501221
0.0582446295024
0.0400197930457
0.13375823824
0.00870057441241
-0.0778826684196
0.0755185646548
0.0190758997829
0.0514655645077
-0.0443186953169
0.0383339877415
0.0323248935124
-0.0103675771216
-0.036379090896
-0.00404738881261
-0.0468656139614
-0.00180200414775
0.0216245084627
0.0810945139345
0.0212576216545
0.0239868634728
0.142753397567
0.0913538095748
0.00990328551078
0.0418750407557
0.109357161468
0.107645068186
0.0618871859221
0.103338622235
-0.0104161517099
0.0753054577686
-0.0524606536449
0.0559877916144
0.0271971138346
0.116415459158
0.0272920655651
0.00960508993734
0.145920657709
-0.0163449483261
0.0768692860267
0.0334982171843
0.0582469286392
0.0937898384504
0.0889790728195
0.126601563643
0.0381660848653
0.00368242059452
0.0448210388963
-0.0411020382404
0.0575065129688
0.0868405077923
0.0493448584927
0.0771208733429
-0.0116236181086
-0.0160706727097
0.0869976262079
0.068106888671
-0.0043215032862
0.0143673681109
-0.103155817729
0.0409130961793
-0.0280381491931
0.0432308374017
0.10856547521
0.118848704827
-0.0485265757082
0.0722082300364
0.101231783583
-0.0221505644587
-0.00724227703939
0.123536366372
0.127234750157
-0.0229498961565
-0.000800950404606
0.0924541599331
0.0562065130298
0.0831626645949
0.0384099824397
0.110755104041
-0.0191198852048
0.0850507941484
0.0264455587296
0.0506430112118
-0.0139074062452
-0.0824289764346
0.0206908824983
0.0174814688683
0.0248487383079
0.0398302384761
0.0430430319259
0.0596471993703
0.124167941671
0.108078680225
0.118532218538
0.115260622161
0.0146266635333
0.0532385179858
0.0357150627254
0.121117719031
0.0135669876891
0.129329717103
0.016355132022
0.00389783283129
0.0578288818997
0.109101282154
0.0191997652144
0.0842651374736
0.124004935317
0.0891488261597
0.0206474241304
-0.0303710977239
-0.0270164644336
0.11723069171
-0.00982995447795
0.104974471127
0.112796719422
0.0321245266922
0.00923548233009
0.116296032092
0.00825224846828
0.0662302503545
-0.00613237787915
-0.0148765729233
0.0695982413318
0.00933811005926
-0.000905065621117
0.0315482374164
-0.0204100616982
0.0309986678874
-0.00840126471717
0.126221584422
-0.0391177486545
0.119882260773
0.0793393638186
0.0200834398765
0.0505971404934
0.0932251884485
0.0207856667675
0.0680266670183
0.0842880609095
0.064386341909
0.12381595253
0.0521734012404
0.0134701513295
0.0733407691755
-0.00026269048008
-0.0621073990174
0.0394158045041
0.0368285866126
-0.0081167400166
-0.00392133262575
0.0607871975086
0.00340338929883
0.0366059788555
0.0892185425032
0.0334045355609
0.0580937519988
0.048885358267
0.0611078427083
0.0158232194334
0.126119705762
0.0735095755426
0.082842495314
0.127749964181
0.109810133609
0.0797237233685
0.0444585171363
0.0484222202378
0.0845356573905
-0.034659436274
0.09788329911
0.130869793515
0.0529104270434
0.109106024657
0.0526592076902
0.0997559342356
0.0990208016554
-0.0121955923717
0.0939174300328
0.0860591584001
0.0478973032586
0.113826509342
-0.0601428073128
0.11769368671
0.0851202516246
0.0940836730208
0.110950782145
0.0165787750322
0.0332520693151
0.0750885220307
0.106527981716
0.128399597098
0.0372756606094
0.0130480643511
-0.05516221879
0.10755821359
0.102310228189
0.0255857678694
0.0311182816352
0.103446704202
0.131278948761
0.0785049064746
0.128666378146
-0.0100778259563
0.0139366166841
0.0406578735894
-0.00996762902821
0.0600070597649
0.0330580023297
0.0563392939296
0.0406378986228
0.0504817467774
-0.0188008354057
-0.0120890135724
0.130674248617
0.134688195734
-0.0201169039845
0.0275031582506
0.0285962170088
0.0196782497741
0.100941851304
0.00751420283651
0.0362638563557
0.0439701405045
0.105532440967
0.0039324069468
0.116340455962
0.0885908965488
0.0653985598676
0.0795723249402
0.087371990102
0.0450480158619
0.0864037678805
-0.0494164610638
-0.0455718757577
0.0324373680025
0.0981089274593
0.0130492963154
-0.0513975420328
0.0664883009657
-0.0412079653853
0.0459450712191
0.0442913900737
0.00635078073402
-0.0126446158707
0.0326163179014
-0.0442835359854
0.0543932694724
0.0331975036536
0.0484994920806
0.0515189056197
0.10555604515
0.0380924795674
0.0982193500994
0.0350646931951
0.12922464129
0.0440691406528
0.000151270443514
0.0413391990469
0.0118584754448
0.0634489998428
0.0875984139145
-0.0287441233042
-0.0591770328573
0.0900669141243
0.0287178652198
0.112517799542
-0.0257531133672
-0.0197190985538
0.0920130702621
0.0583551729079
0.0866380691633
-0.00146053996749
0.0591813639446
0.131297689107
0.101810815292
0.126213582499
0.117250668993
0.0270675293996
0.095189539143
0.0533851041335
0.0351464981132
0.0726730368128
0.0445395049955
0.0463898268525
0.117019863487
0.0967125581491
0.0364233210674
0.0827667177691
0.066176022726
-0.0370634705349
0.073212107152
0.0567039906724
-0.0152395298883
0.00287683064731
0.0478517495893
0.0478347958799
-0.029405655082
-0.019200687583
0.0364655795927
0.00103612309304
-0.0125750300511
0.0871058148519
0.0518982163572
-0.00517663540713
0.0361612162982
0.0818696108277
-0.0587419497639
0.0789974700518
-0.0570688685323
0.0576255783239
0.0163126955837
-0.0169352709896
-0.0970848171772
0.0208186139991
0.0263256084212
0.0804381429869
0.0275017460019
0.0627948099009
0.0449219711028
0.0748809214641
-0.0194108662912
-0.020079304224
0.00503875312715
0.0835734133876
-0.0527398059092
0.0724008084323
0.141184819316
0.0409333257973
-0.0282051718758
0.0728373105192
0.013170483159
-0.080316045106
0.0234284118
0.00905354472588
0.0761066088509
0.0741510846417
0.0447471393752
0.00176139411287
0.0557119464495
0.0789443008949
0.0960637154226
0.0965539945972
0.0972898997888
0.0323346638913
0.0650353408627
0.135044529045
0.108292442368
-0.0259309756255
0.070161705905
0.113591676661
0.0757732781115
0.0195527761301
0.00870485274731
0.0933207602298
0.0625752781648
-0.011417766254
0.0634430194576
-0.000413890246727
0.0270217951102
0.0627478179278
-2.13583659905e-05
0.0284889912045
0.0621329115994
-0.0427158733593
0.0546474057049
-0.055581183905
-0.00754793902291
0.0179223365404
0.040256055307
0.0984807429565
0.103823820133
0.078087147556
0.109871718779
0.127975883094
0.0514454880175
-0.0368926620002
0.0130055922853
0.0313283083167
0.0573252188056
0.0549334774257
0.000624866787533
0.0226899868243
0.117138741786
-0.000479211025039
0.0398481981875
0.0277649662084
0.00867048226774
0.0196828332429
-0.0143577838489
0.0844614711805
0.0742244642368
0.109081602414
-0.00856065628327
0.0216816909331
0.00170059889354
0.0376937335063
-0.0287214298856
0.0811752329588
-0.0384761689739
0.0555725045182
0.0140472316571
0.0612454007067
-0.048708623032
-0.0253218990315
0.0727611569589
0.0544689202776
-0.0339834995251
-0.0200878665448
0.058626941263
0.0169660194932
0.0284116981961
0.061731419873
0.0943127985567
0.144915595966
0.101997876313
0.111526208909
0.0709672698825
0.0997003584053
0.0672075983087
0.0607619689507
0.0543003392104
0.0640059335242
0.0227161446024
0.0590070586941
0.0399286849988
0.0413199362517
0.1156234618
0.0531302224551
-0.0139335801413
0.0353117061644
0.120046955618
-0.0466028576247
0.0474836011144
0.0603844173386
0.0391516799229
0.0364124402821
-0.0938969075514
0.0924701596299
0.116412933442
0.0541038378456
-0.00499037050232
0.070418033301
0.0960495979228
0.0445163557565
0.028296291093
0.0702908911439
0.0523044668033
0.0842095258565
0.00523802987354
-0.0544718017126
-0.0137469100258
0.0552145891068
0.113945664064
0.0611070532742
-0.0420416506318
0.0215071519384
0.109771540336
-0.0268171375658
0.0727241603896
0.0281559103617
0.0748597742886
0.0094455608262
-0.000884143207054
0.0173997852902
-0.0655346938988
0.105214917997
0.0124667977108
0.0908651086646
0.033812991368
-0.00802197905178
0.107103021105
0.0925051581041
-0.101949847587
0.073919942593
0.000364627386095
0.0560930713921
0.0607103589654
0.108156452449
-0.0567061497306
0.0601252468722
0.100444803415
0.0699366514092
0.0789169780026
0.112561416004
0.056912533731
-0.0482010326256
0.130301644024
-0.0535057369363
-0.0100674473374
0.0791315082153
0.040944871834
0.127322342462
0.106204318076
0.0800107263808
0.135099775628
0.0180316210955
0.0842306932396
0.105082595341
0.0198168208778
-0.00713647028152
0.0675378069581
0.0923896712615
0.031027242156
0.0877105578736
-0.0750135282622
0.0528576403715
0.0961652220168
0.0219703866489
0.0733487449278
0.0267177774825
0.0433232784208
-0.0046095800286
0.0444854328375
0.117845429932
-0.00538176601901
-0.0501061555208
0.0774837395308
0.0141752923899
0.0387231842692
-0.0483986261739
0.110398212149
0.0278857303319
0.0262293333697
0.00100377599053
-0.000536240663997
0.121365479062
-0.00750982923806
-0.116407847731
0.0672874818081
0.0436044549127
-0.0102851205666
0.0317745132949
0.0162138911515
0.0969836025996
0.0508190022711
-0.0140072927953
0.102425504059
0.0916447637587
0.125947700574
0.0322920571547
-0.00111781645252
0.0456318794125
0.0153161097464
0.0510960021377
0.0440437451025
0.0429169262406
-0.067504264443
0.0833933974937
-0.0142360015432
0.0953153748267
-0.0398389663673
-0.0239508374535
0.0628798444583
0.0355058838636
0.0992019436366
-0.0794738482833
0.0780247780201
-0.0540979667043
0.0517449165615
-0.0919020873076
-0.0476409216493
7.96574999393e-05
-0.00529319914237
-0.0455542705256
0.111834832488
0.057051361663
0.0450672991361
0.021613329603
0.0692267421832
0.00266294154933
0.0345684691109
0.0520053321833
-0.00398505775003
0.0369641810182
0.0800216769707
0.0751402764462
-0.0112805724685
-0.0279197401197
0.0250060751822
0.0924887467013
0.11050921067
0.123994105342
-0.00664706996345
0.0500281171977
0.0559284484795
0.0628999018395
-0.0327081306821
0.0297126906608
-0.0885206036556
0.0261353175462
-0.035803684333
0.0404501534853
-0.0125998133545
-0.10829822799
0.0903899367495
0.0226107279984
0.00986873889831
0.0201821955374
0.0829998546564
0.0549024211365
-0.0154059756354
0.133302683378
0.0440187148551
-0.0182444022734
0.142561266587
-0.043037313602
-0.0255008856029
0.0683985822492
0.0923985441497
0.0696362294985
0.0730885682491
0.031838068343
0.0441046270682
0.0434645643198
-0.0520069043164
0.0446999377479
0.00272376899522
0.026303270122
0.0878792750666
0.137584451938
-0.00318935668663
0.0417646057635
0.0544778061893
0.0733400012088
0.0121636652486
0.0235869399261
0.0219501479219
0.00187265497106
0.0288319381242
0.0110113148438
-0.0298185060434
0.0774110346876
0.0232230939303
0.0644155228381
0.065899336421
0.0862314259746
0.0794079945474
0.0475419030707
0.0799158958462
-0.00976676611589
0.121752540715
0.0872938059153
0.114333789797
0.0620957142512
0.0691770718091
0.132931611295
0.0370428340114
0.0566003644523
0.0849728035844
-0.00467760106806
0.120424603103
0.0541757065995
0.0871070378746
0.0929247999082
-0.0391995852137
-0.018685217408
0.0909402975392
0.113467129346
0.101956183848
0.0641518298139
0.103785284154
0.0645777680592
0.111878817918
0.104484980603
0.0770681752363
0.0681095142513
-0.012788429352
0.102876933579
-0.000933677889526
-0.0528475137663
0.0393025085431
-0.0813473383454
-0.00222615281937
0.121420869731
0.103580008125
0.0012338216693
0.0704013281367
0.00292460035396
0.10829664523
0.0913326887209
0.058394420208
0.0882944600705
0.0646324938299
0.116235743876
-0.0774933000074
0.00830924527988
0.0832332762904
-0.141648654972
0.0179146681014
0.0362226656527
0.128598476735
0.0866925090703
0.00441643386929
-0.0126972739876
0.101667919437
-0.00645656694132
0.0633722502461
0.0535099325446
0.0144252139906
0.0197871505434
-0.0229463093503
-0.0525869384127
0.0372045307565
-0.0297251512954
0.0620391502479
0.114350793426
0.0933131774836
0.107023188417
0.0996027139414
-0.030075793912
0.0906114289378
0.0565115950948
0.0298996683627
0.0857866069578
0.0553106655968
0.040802955309
-0.0518272541831
0.00762710464129
0.0365153970617
0.14028848299
0.0414573678428
0.0817351340626
-0.166951225473
0.107924966052
0.0800818309675
-0.0517795942183
0.0866336449594
0.0671108115385
0.0204750648235
-0.00849091251894
0.053627520548
0.0620061764553
0.111992186555
0.0515721748251
0.0763082757492
0.0691140565221
0.0388665525146
0.0863948165833
-0.0813956207009
0.120420820925
-0.0205047856448
-0.0392318694097
0.0172332684667
0.0280479305446
0.0376502035559
0.0124532263353
0.0908553203855
0.0329847842844
0.0367076372471
0.138744712704
0.0319672439002
0.120035770972
0.100251654243
0.039160842368
0.126302336581
0.0481159610075
0.0654279583342
0.0754997887493
0.0203704619886
0.0407519454849
-0.0773917131383
0.00831417872955
0.121080606079
0.134994733608
-0.0251080959674
0.0960981944241
0.0532022072361
0.00377215737012
0.0752024116457
0.0967503612099
0.134879655919
-0.0154475206956
0.01452032258
0.0686181434624
0.0994513172861
0.0459858200236
0.0408245761906
-0.0484314562475
0.101330532273
-0.0603818047334
0.0391539133923
0.0322838074996
0.0982825374133
-0.0422175047136
0.042622602399
0.0760408603807
0.0376065706916
-0.0457619836963
0.0317743137658
-0.0275947176312
0.14817727808
0.124254961349
-0.0180011414928
0.0265249522211
-0.00505914467457
0.0204458300298
0.118944803442
0.0626361924751
0.0425196741478
0.127136861762
-0.103568798623
0.0237289654228
0.0510367078553
0.0367874689047
-0.0185270187375
-0.00019840171459
0.119347448531
0.103262435607
0.109256310543
-0.0333120179162
0.0762211137468
0.0580799560496
-0.0481900089682
0.0856631446849
-0.0303863756977
0.0711847212808
0.0563826880693
0.13971653188
0.0482109128371
0.0694711817085
0.0595477783223
0.091744334381
-0.032937193143
0.0218803274312
0.0734258424703
0.0692417078815
0.0594225343777
-0.0340019628518
0.0228347771971
0.0124188314891
0.123781187804
0.00331464960791
0.0266524418448
-0.138855477782
0.0313495279538
-0.0342800107074
0.0972167048328
0.0976866865661
-0.00403899744093
-0.00762363110891
0.0928050001274
0.0302522376392
0.0790108073243
0.0890600960886
0.104966336988
0.0130468613016
0.0757255685919
0.0356288807584
0.069360248973
0.124921447817
0.106727134243
0.107302355984
-0.0410604406962
0.0934750847292
0.0290291133812
-0.0669308669519
-0.0332207909863
-0.0256794673776
0.11801323093
0.00237820701877
0.0287949862079
0.021375516651
0.121931758284
-0.0306617284873
0.100152206318
0.0264555845517
0.0691209732664
0.0797604660492
0.0726175530515
0.0161664617906
-0.0321812074849
0.121495309981
0.12674039945
0.0432374478793
0.0962145021491
0.104565438492
-0.0169228254746
0.0672430443033
0.0158504197148
0.0754821869819
0.133362274597
0.0771938575859
0.0584898862066
-0.0717401347254
0.0890913069459
0.0640289370219
0.0493365280965
0.0361949220572
-0.0134287167695
-0.0346171117918
0.0735734103766
0.0913274419903
-0.0390265136561
0.108557970194
-0.19685731962
0.0374491918224
0.029876184074
-0.000758196586535
0.00111484804794
0.0786630302927
0.0917481095554
0.0290929795805
0.0420263798666
0.0339754093137
0.0403632737003
-0.0533107982858
0.121296110773
0.106190686376
0.0338743725054
0.0681593888252
0.102461707026
0.0426412413564
0.0495540822574
-0.0267344624663
-0.00989367995255
-0.0484503367136
0.0600302849724
0.0688665441587
0.149242634311
-0.0180512434165
0.0856444973193
-0.00761986722077
0.104439936614
-0.00332092010376
0.0147679455823
-0.0068743175954
-1.32549824103e-05
0.0359613331976
0.0609287385403
0.0770007209358
0.00112392858543
0.0661830575702
0.108185202466
0.0918505236279
-0.000725438235863
0.0507383056773
-0.00178973189215
-0.0112188058908
-0.0341002013349
0.122788725296
0.0702492322557
0.122903519446
0.107091842659
-0.00356234334252
0.0729746001939
0.0417255820804
0.128358070584
0.113116826488
-0.0843364476198
0.109983989
-0.0487126020592
0.0732877370367
0.0561408279902
0.0506851862639
0.0944284280987
0.0334054817742
0.0250115269526
0.122343290271
0.0985565759945
0.0608943817543
0.0496838106119
0.096527814138
0.117584003012
0.0447235719113
0.0285447900185
-0.0148368803068
0.0508009476571
0.00276128077685
0.102406692703
0.00117515082658
0.0306895360841
0.0427077406987
0.0281289629585
0.0434460222386
0.0442182692639
0.107710239809
-0.0265189181513
0.041085314334
0.0808432266947
0.0934770208245
0.100996132532
0.0958113352091
-0.00332874128559
0.108771622419
0.0960028842622
0.0166508674852
0.001426124328
-0.0350554967124
0.100195745245
0.0355298380304
0.0410982670704
0.106706201898
0.0341454994329
0.0246527984366
-0.00748357589843
0.089997879252
0.0764601352054
0.0443311748057
0.125187344691
0.0881447508278
0.0340421704405
0.0577983607052
-0.0474092332107
0.0269267715079
-0.00385098778091
0.0652374804255
0.075012481416
-0.00288813333536
0.0778768734358
0.0851873324611
-0.00886185415948
-0.0414515388361
-0.000899159668573
0.0824398341475
-0.124054409487
-0.00917186056997
0.0118381657723
-0.0486241372371
0.0353187897772
0.0665744930051
0.122137917649
0.0185928659107
-0.0326558396397
0.0627576033929
-0.00145891585141
0.00779414314137
-0.0502005438966
0.0625167629359
0.10566393406
0.00719094980254
0.0632649102897
0.0215028032661
0.027630206312
0.0282834285835
0.129431090425
-0.0956785240166
0.112412246443
0.0395334855113
0.066496929652
0.0725364751836
0.0368771834658
0.038938133607
0.0831013788804
0.0669728371071
0.0758593574038
0.0942310498595
0.0729784887611
0.000418177170395
-0.0200348799628
0.0940036709241
-0.108798902849
0.0510897893161
-0.0341092308759
0.0645435053429
0.0730212613691
0.0199961560258
0.061106907205
0.048438724993
0.0747218841706
-0.024283319602
0.0814093222484
0.0636361184313
0.0689561942606
0.00962683320261
0.0695547388866
0.0553567060752
0.127304938974
0.114193389296
0.0884514047681
-0.0462420016967
-0.0325457841228
0.0217948297601
0.100413168995
0.102703920699
0.0858490671458
0.0272212635698
0.112078764054
0.0551311934994
0.0478970339179
0.0801899863733
0.117546049092
0.111790730839
-0.0407768385316
0.0334435812843
0.0885493092305
-0.00507511476115
0.0230011267269
0.0734787416554
-0.0411422867895
-0.0271038069743
0.0891938937904
0.0594812467089
0.0918063269772
0.0458515441282
0.128297317889
0.140992038248
0.00383732878978
0.0612712743739
0.0699736325226
0.0843782511795
0.123590299902
0.101321829554
0.131381264326
0.063883412547
-0.0864409776036
0.0819849415023
-0.0170794704071
0.0667368746366
0.0417755515195
-0.0236919626698
0.0691129463091
0.00199742949613
0.0274555214611
-0.0427838202684
0.0324740017834
0.0517748201563
-0.0167736546767
0.069259380556
0.0553909358335
0.0878745949067
0.103452963725
0.0795121933386
-0.00939495157313
0.0658914005595
0.0285215373756
0.0582846814432
0.0778483536719
0.0100563742402
0.0789631896051
0.0277633349112
0.000820549108598
0.121474328528
0.0879747750013
-0.0777229945925
0.0872758221725
0.083209339769
0.0545785352788
-0.00571679197612
0.00934412822273
0.063848024962
0.0317429141772
-0.0587733156056
0.123649431097
0.111335148168
-0.0407533868918
0.0883452038312
0.0758855101823
0.039008929202
0.06269476864
-0.00401581774988
0.00153422025345
-0.00637830396537
0.0037888079621
-0.00497772657004
0.0561461352935
0.0954367236181
0.00318920185411
0.118553025305
-0.120390050552
0.0913282767293
-0.0378864067841
0.108602033738
0.0735619791838
0.14548465285
-0.0729009315262
0.0362660447649
0.039210660956
0.038698125653
0.0616112207609
0.118314817432
-0.0153909827224
0.00987865660242
-0.0576120806082
0.0492927093153
0.0621593443868
0.0789873038148
-0.0713426006223
0.0422601907253
0.114984622774
0.0356064235116
0.0621558075607
0.0549160692765
0.032582857106
-0.0679052844372
0.0562069073079
0.00620307231299
-0.0196016276345
0.0998919005516
0.123974561876
0.045029211833
0.125875505958
0.0761591592292
0.0415724969093
0.0493674031661
0.100270579231
0.0164634437192
0.0671346403841
-0.0758114250489
0.0919721744723
0.11740816026
0.0975139486961
0.00516487642178
0.115027549836
-0.0249763929762
0.0525571117769
-0.0338607830802
0.113848481349
-0.0869717563064
0.0062407216815
0.11582139644
0.0201088614227
0.00519940187559
0.0957447807207
0.0783528850988
0.013691152039
0.031286228927
0.100986467824
0.00634391858884
0.0676469411077
0.0957898204536
0.0502079277226
-0.0103364424252
0.0256276624225
-0.0033712221467
0.0464000948744
0.0153145254503
0.0412176008596
0.0520523310989
0.0327218911327
0.0144628102734
0.0408373910209
0.115880049752
0.0622141448586
0.118943195479
0.0538400741704
0.0229622067262
0.0701487972721
0.0553034367686
0.103521127609
-0.0323592495391
0.0723644142106
0.138035415459
0.0415643444074
0.0428416098307
-0.114390197431
0.0243849796328
0.0371241601497
0.0388286204754
0.102577606107
0.071004030969
0.0982714364822
0.0693647050393
0.0623192188906
0.123371122302
0.0609103900051
0.0639230719404
0.0343873671125
0.0501539463632
0.0727819568798
0.0302739460245
0.0480753659539
0.0456528614951
-0.0737245280367
0.00953078477414
-0.04386146497
0.0498394033919
0.0498405900726
0.0586941444233
0.0824621073156
0.0790003154254
0.117172163345
0.0989189463903
0.00487502369269
-0.00788157538647
-0.0344671546467
0.035036171152
0.0894907055674
0.112703656843
0.0769527366156
-0.061270566517
0.057670988981
-0.0655206408522
0.0628484107978
-0.0414526708452
0.0359021215323
-0.00244832172403
0.0374124566613
0.0854825156973
0.11001455691
-0.00145061434024
0.00304246897913
0.1083939541
0.0657694461803
0.0605214514408
-0.0969481877101
-0.0698087807654
-0.0204596625794
0.0530079303918
0.133087460668
0.000376297868125
0.0122570621117
-0.01442356212
0.0419121919367
-0.0018840650488
-0.0148450987092
0.032326074339
0.114133194297
0.0479776068902
0.110084531282
0.00756337639837
0.0245514734533
0.109284835682
0.0399865788857
0.0736987009275
0.0165962928706
0.0149596825091
0.116421716742
0.0452524315151
0.0120101365363
-0.0223459686554
0.0938074749948
-0.00631752298432
0.114504050891
0.0661407118281
0.0351511835429
0.0825076496565
0.0372617255131
0.00137475533774
0.111488075349
0.0109781785735
0.0961780785148
0.070409484603
0.0638403275818
-0.0759693808554
0.0486812122019
0.107504744245
0.0283036169687
0.110086858991
0.00773254562102
0.0791047319074
0.0152954700486
-0.0107610844395
0.088537695475
0.116705455033
0.0720459520274
-0.0316189143108
0.0140651578723
0.0434822215442
0.0167754685055
0.0850417996479
0.122092656381
-0.0546419726131
0.0572605070284
0.0197724654442
0.0635078188588
0.094703717502
-0.00583111679621
-0.0224133751119
0.0422434724156
-0.0632700260949
0.000584497130085
-0.0120870882198
0.0817695580843
-0.0447658519311
0.0698023976704
0.11050349718
0.0300218700582
0.0865266939565
0.0833642159219
-0.00127140386046
0.0208354287415
0.09206945925
0.13283362877
0.117466913658
0.0963993227385
-0.0090393044977
-0.00123657513214
0.0437881474964
0.00225993200441
0.11453722024
0.0729283555416
0.0969479282789
0.0173240097376
-0.00222845872363
0.00460987219362
0.0634960565192
0.00618793495079
0.111120724711
0.113136724514
-0.0282042008378
0.0395592189298
0.05574843753
0.0161458095701
0.040625878782
0.127833371213
0.0397510121236
0.0952129668162
0.0641844787324
0.0631630534865
-0.00256070075613
0.0438288143134
-0.0332750862262
-0.0512426460408
-0.00668418228524
-0.0830582201349
-0.0234067583484
-0.00378104539766
0.0617447523867
0.0702895492168
-0.000987052659378
0.111368682434
0.056733646977
0.0537127832953
0.0549268402361
0.0589116427082
0.0890379869312
0.0770538011224
0.112983545509
0.114086114385
0.0843479365471
0.10539174387
0.026733429338
-0.0519767497425
0.0569396784787
0.00652813899015
0.0998906645178
0.145726879669
0.00975668853372
0.0932384563922
0.0795830032218
-0.005713598812
0.0308878734506
0.020859906855
0.146835769844
0.0880837775347
0.0637877032132
0.0148466702252
0.0255272114495
0.131554579094
-0.023270183521
0.00789854998304
0.046841392226
0.00235049551103
0.088877983436
0.0503339905455
0.00975678884318
0.0628395644226
0.119554798065
-0.0101370421407
0.0383263914661
-0.0161169753045
0.0619595185534
0.0619041850224
0.0390226075999
0.0261896070141
0.109410263376
0.0183810814452
-0.000967962782215
-0.00681464157862
0.0345061593425
0.054534191721
0.0532742867105
0.0803866258082
0.066598065742
0.0816949027073
0.119590506301
-0.110177425751
0.0495084598715
0.0266870936995
0.0343660384567
0.101093136325
0.0733172910636
0.0189320263441
0.0305622321102
0.0616330852006
0.119499660396
0.125380678783
0.0300904908821
0.125890020394
0.0422962956064
0.0485812648826
0.0502088891138
0.0653131670878
0.0778011027998
-0.0387138296265
0.0221723321787
0.012243827929
0.103147947143
0.112253111134
0.030598911585
0.0956226452637
-0.0820664125413
-0.0232912125758
-0.0144209986724
0.0213825782519
-0.00248446609465
0.0453626253782
0.116117325862
0.00460332420884
0.11424708411
-0.0041932853316
0.0195153892904
0.0801081576448
0.035444498894
0.0563170943482
-0.0108087197411
0.0605088662566
-0.0656550767294
0.102088647545
0.0982201280457
0.0468890318292
0.0242598582041
0.0131448800148
0.0141925273684
0.0254510474773
0.0981997461387
0.0200620255085
-0.0500007649805
-0.0594848665729
-0.0296907666768
-0.00205251156286
-0.0436425929806
-0.0211882397761
0.0391005888482
0.0811828056132
-0.0468097079044
0.0453350105317
0.0183381286681
0.0514351442123
0.0970467820266
0.0316762100966
0.0657207679806
0.0597048199268
0.0882168040009
-0.0362494383162
0.0957258095259
0.0436024608354
0.0508038511655
0.136999796792
0.0126646268975
-0.00490810523734
0.121331780914
0.0052341204727
-0.0609682719707
-0.0334668821832
0.0382769409959
-0.00243502485113
0.0289917745458
0.136199048111
0.071349950408
0.0610653640225
0.129080532261
-0.00503443181001
0.030760578255
0.00128226990302
-0.0166889963579
0.0293919915276
0.103368828648
0.0724502983125
0.073193685702
0.0422212195744
-0.018772852357
-0.0241638244396
0.0967685269336
-0.0165329670393
-0.00717104787403
-0.00129599837639
0.130930491838
-0.0715084660733
0.037274837998
0.0341616055391
0.0851318523607
0.0123298564522
0.116066802857
0.0949366094267
0.0677080136438
0.00684103964008
0.11158658227
0.0175308437555
0.0824039565407
0.085962790556
0.0203032930889
0.136507146729
0.015875740555
0.14163780365
0.012544422239
0.0942065172082
0.0932936755363
0.00737251461095
0.0374718928961
0.059840467475
0.0410012917093
0.0792082710965
0.0595601934857
0.00327851500895
0.0523384846051
0.121678677117
0.0873019276545
0.0892517357307
0.0719646862611
-0.021433869818
-0.0561836939288
0.078383528763
0.0874611405806
0.0937282447452
-0.0396244209148
0.0108555847518
0.0697824381835
0.127876556075
-0.0359192345347
0.0457660923354
0.122532282344
0.11721305556
0.0201554896245
0.00197500867589
0.0274993204339
0.120504996824
0.0325915694418
0.0802384995036
0.0990364463251
0.0891879977329
0.0794110770843
0.00552319191165
0.0468547226538
0.051814582235
0.0833752332924
0.0494143227517
0.0477615058331
0.096758839787
-0.0125257283518
-0.0222200683562
0.06577586523
0.10463026756
0.0459483392931
0.021660374417
0.0701367815899
0.109068677356
0.0602108230667
0.0643681129467
0.0866501929388
0.0119058403827
0.0468061694563
-0.0707473318746
0.0784849073501
-0.0144020536597
-0.0767365491026
0.097648638801
0.0443240969607
0.0236282638146
0.0500436718241
0.0919093974275
0.0719020791841
0.0191076706573
0.0571262711001
-0.0186038149897
-0.0962042442574
-0.0480778530412
0.0385239620551
-0.0379685071995
0.0584420425644
0.031171490481
0.0619030891286
0.0559715539773
0.0300583751828
-0.0492305767941
0.0375064067308
0.109761228545
0.139846420866
0.0994489357151
0.100562466179
-0.119445389703
0.0746746652879
0.113306803133
0.031718843824
0.0142812112153
0.113265771061
0.0336335995913
0.0154085457402
-0.036687104937
0.0237360526484
0.0184869530846
0.116692107391
0.0264573283876
-0.0647640212006
0.0672267467697
0.104888726378
0.0311729934092
-0.0315258240715
-0.00864998434015
0.0621414898085
-0.0129327730635
0.083351192941
0.0114176548138
-0.12465742103
-0.0944508568199
-0.0353575172862
0.079800340627
0.0129461793897
0.0742583161075
0.0239976840915
0.110965212008
0.0593047752485
0.105770851739
0.0982123265816
0.110806678057
0.039152537054
0.0232664516679
0.0491907262942
0.0899374150503
0.0818179469115
0.0872438611592
0.0103218989052
-0.00717064886604
0.121546765635
0.0695882413741
0.108374879565
0.0125492349075
0.0843744845482
0.0863860331187
0.0549983929953
0.0921391041887
0.0118990733113
0.0345744894863
0.0837150155978
-0.0290858294703
0.0381059414033
0.0187290884835
0.120745454778
0.0252121580092
0.10367724698
0.124780378294
0.0355529744135
-0.0456195077503
0.0421535796935
0.110657102253
0.118116743884
0.112448917841
0.0849724639349
0.117521134629
0.0229841985656
0.0754916708307
0.0628188247717
0.123838290188
0.090218611056
0.124667709738
0.0318531245037
0.0506455328917
-0.0224424063518
-0.111332711611
0.00077126548958
0.0240482340811
-0.037560031922
0.0202365705416
0.0553759239067
0.0283943430278
-0.00715364466072
0.0362123823732
0.101255428989
-0.122824842886
-0.00312878342553
-0.057034309215
0.0612741940129
0.102647473413
-0.0405376461016
-0.0917139327131
-0.00311724284819
0.0570684258487
0.125526115023
0.0548220913641
-0.0777128735556
0.0375221349251
-0.105407222465
0.0834136334063
0.0967530003729
-0.00817275655429
0.0753202523634
-0.00412367697779
0.116165987401
-0.0115971896995
0.0876541346525
0.0957620134768
0.0592012281093
0.0840675641641
0.0131227839526
0.0693459418259
0.0296700740537
0.095137274091
0.0570714266865
0.124238406664
-0.027056540029
0.0246329806863
0.117649120581
-0.0138453154517
0.0100289877568
0.0405382495172
-0.0440617953946
0.0867354458189
0.10935736601
0.112323075857
-0.133669912141
0.00289704371527
-0.00388207026678
-0.0469106598271
0.0473963538065
0.0246925800014
0.0917984045836
0.0340682450669
0.13085840262
0.0162867076764
0.000305146396835
0.058313787024
-0.0672801119362
0.0126022338378
-0.0478827483955
0.0348026771626
0.0200874332391
0.0510594640569
-0.00980563302379
0.0746499766962
0.128768430134
0.0842187140687
0.0563388617497
0.081850710137
0.0616831880817
0.113554524466
0.130217818113
0.0736593924269
-0.0154881366452
0.0147227704668
0.0167840808252
0.071879451026
0.0567543675997
0.0995823464814
0.112377012266
0.0283661893286
0.0935957454708
-0.0726276498212
0.032878947014
0.0853389782139
0.0770761140137
0.101182656757
0.0808350443676
0.0810215167504
0.124867490746
-0.000151500899117
0.112557031071
0.0370310495416
0.0516789222849
0.0883098801153
0.0455553894904
0.0450137298084
0.0628902590046
0.0298767344295
0.103154185668
0.000555959219751
0.0672302139595
0.10030268029
0.107243046373
0.0498111269817
0.109893754267
0.0120285439286
0.0206467678772
0.102688291149
0.032802070126
0.0742114662871
0.0116874212104
-0.00620909300215
-0.00612286180482
0.0128413103912
0.0746999638005
0.00641216903923
0.117777568412
0.0455006459762
-0.0402871873724
-0.0413036595857
-0.0421290840966
0.0698570705577
-0.0110067244122
0.0402886759275
-0.000989370454533
-0.0201641885623
0.0381218622931
0.00936202073122
-0.000437442899317
0.0105605925385
-0.0223288505172
0.0714488235197
0.038252469765
0.0877705881923
0.0597974497706
0.0500235783888
0.0455865177132
0.0843867732539
0.0221990484838
0.0738194296573
0.0884557484231
0.0127505246382
0.104193174273
0.0403018224597
-0.0199630722635
0.068597909873
0.101660937688
-0.0255819161985
0.0180803858358
0.0147290026806
-0.0502732934262
0.0256557676304
-0.0248405462452
-0.00704177680423
0.0716827265742
0.0240079551743
0.084691241925
0.131631733556
0.125114981824
0.00561151776795
0.0390180801291
0.0567762751054
0.0671475871567
0.0951031238224
-0.0237935144643
0.0669291790702
0.0641083187237
-0.0157370984646
0.00678305681052
0.0813402330175
0.120606331182
0.0179892428949
-0.00314381781617
-0.0562299478706
0.0659795294322
-0.0269198368811
-0.0628546786871
0.0106326711508
0.086103817133
-0.00335674504939
0.0590240632245
0.0967529272536
0.0818759740911
0.000695132809745
0.0700621598946
0.00323833727907
0.127696142481
-0.0372349523821
-0.0390862599826
0.0666162377093
-0.00593418496435
0.10858673819
-0.0295247957241
0.0484929930508
-0.00975226856519
-0.0986050801664
-0.0173101056062
-0.0416534591542
0.0800337066319
0.0987667273951
0.0326440336484
0.0324897672015
-0.06100422482
-0.0446218603853
0.0192395907935
0.0675668028023
0.0500327526025
0.084008600202
0.0513831410317
0.0456484334971
0.0535519386234
0.0436815564267
-0.0140287843969
0.0886984412351
0.0652841295443
-0.149784713396
-0.000646009886128
-0.00641416612113
0.0841746237802
-0.0116491945056
-0.030563276654
0.125359664511
0.122083779129
0.0659127915151
-0.0331092783379
0.0459195199103
0.051610968401
0.0417446437571
0.0742817417696
-0.0367808325311
0.0577090882628
0.135642855203
0.0439334049007
-0.00722387741994
0.116694794345
-0.0119686378039
0.0769691017552
0.0157133310198
0.03764100258
-0.0133183130234
-0.0288790637601
0.0198157973812
0.123176055166
0.0125376491792
-0.0134416979543
0.0231940264777
0.00523196652365
-0.0153607925935
0.0287686099931
0.112244859892
0.0254696916893
0.0477346873733
0.0265360119788
0.0691501446004
0.115785044146
0.117161924392
0.121277138104
0.0322904389073
-0.0192222617183
0.0980040406746
0.0184603067617
0.0187023677233
0.0958113615191
-0.0385741234112
-0.0674692766669
-0.00814328880981
0.0974445426323
0.112801303783
0.0447802724553
0.111008553455
0.00772734432013
-0.0244775112063
0.040118229052
0.0687662671681
0.0696110431375
0.0158193217304
0.00796148982135
-0.0870143630066
-0.0100037791589
0.0309091079104
0.0181917388489
0.0802427346808
0.0117166485636
0.003360708231
0.0659565249076
-0.0403131143874
0.051429137651
0.107156897222
0.107533741012
0.0719903582013
-0.0165536185309
0.035607936072
0.00474522958829
0.0354412710971
0.0941592187382
0.0656067525203
-0.0304627385671
0.062938179073
-0.00731706752518
0.0143883131481
0.122266158899
0.0128252557756
0.0673465226188
0.0674612006996
0.0913783077483
0.0530493775094
0.0390411699135
0.0739052027074
0.0554490365063
0.0882647706586
-0.00347874017718
0.0694650822898
0.0441364657056
0.0641084564211
0.0481855594094
0.0601854367349
0.0961392737322
0.0439693969402
0.065562089576
0.123884907338
0.0285536418122
0.101915403823
0.064965740355
0.00222727278609
0.0348173896247
0.109920728344
0.0978691088824
-0.0204679207307
0.00489602531288
0.0686416085658
0.104474710104
0.106231176473
0.0870279107207
0.0444772765643
0.0309140724417
0.0960821678445
0.0738549338172
-0.0267653307153
0.0718139936605
0.0587185930709
0.0422869666281
0.00188976351984
0.0309742947517
-0.0507116155552
0.0651256044911
-0.0404899064143
0.0440445020528
0.0951003012433
0.0978512172177
-0.0114127625319
-0.0408369375265
0.0194932862686
0.0537753846187
-0.0294140600329
0.0620724250397
0.100165235884
0.0371621235842
0.0704181344185
-0.0250905569076
-0.015097589655
0.0424860991895
0.130982101348
0.130378065363
0.00971913951649
0.114974953802
0.0557987443896
-0.0246958545484
-0.0162659904707
0.0911733134228
-0.0291785492552
-0.00715222607264
0.0416707287835
0.126537241918
-0.0187459884302
0.0475802477848
0.0875216447966
-0.0049674960515
0.073050395339
0.0904629329504
0.00279005297999
-0.0143942736882
-0.0196393162635
0.0641987212108
0.00241984687744
0.0553594638789
0.0626734037685
0.070185536174
0.101158451093
0.112800862377
0.0529906900368
0.101121902355
0.0846590906692
0.0281861150396
0.105547366051
0.0501525071208
0.0402345757371
0.0164171160501
0.0161107512891
-0.0308449348083
-0.00732885914614
0.0823713180029
0.04909163439
0.0848772725511
-0.0100315245522
0.0660132780413
0.0735075412702
0.0986697076198
0.0306868759734
0.0605990174857
0.0232658026312
0.0661586909607
0.0440594642966
-0.0139073535716
0.0763906302733
-0.014279414487
-0.0227385324363
0.126604723089
0.0775653545424
0.0249812675396
0.10265095429
-0.00397651664453
0.0242200366376
-0.0012086621168
0.0831962273369
-0.00852049314347
0.0791551352131
0.0715288889817
0.0273835710584
0.0817121310649
0.0122707215491
0.0782357624563
0.0932320129828
-0.0124896269157
0.123077967738
0.083352861875
-0.0157517292919
-0.0632971432127
0.0849250102364
-0.0127865062204
0.036384776074
0.036978028569
-0.0881513842931
0.10159752569
0.0848178480231
-0.00380092834954
0.0785748541724
0.0760540141925
-0.0104877598652
0.0640300167628
0.0656081331824
0.0755790849952
0.040093094856
-0.0914934831528
0.0828555733159
0.138304910297
0.0791550647767
0.109129287463
-0.010997408108
0.0642705442216
0.0598891688392
0.0232838765305
0.0472230871708
0.0754433167933
0.0554501217669
0.0596936738195
0.0895425858438
0.0248012054831
0.0575534773854
0.0219644380531
0.015166216763
0.125322910322
0.0566198305738
0.0201715481731
-0.0197952099014
0.0940999727959
0.0474272458581
-0.00117866331788
0.0631191740501
-0.0157216314055
0.0824576974775
0.115655200584
-0.0341220414996
0.0194916011284
0.0978917758781
0.0726094685021
-0.0129537280478
0.120601981919
-0.00915615599482
0.0958731325664
0.000906984243141
0.0138196720766
-0.0224299525338
-0.0296299116058
0.00913014339996
0.0764231774573
0.0736097928761
0.0878905657494
2.98858247065e-05
0.0691426519224
0.0541421548132
0.0420806844711
0.0241486224983
0.0567722532292
0.0617275783569
0.00365199166216
0.117635556557
0.022858345307
-0.15598318498
-0.00426458346532
0.0645758683404
0.0486407895138
-0.102466975489
0.0640784260053
-0.145981733324
0.0517284231169
0.0427861953239
0.0851851182837
0.0975359208998
0.0768022110705
0.000669505999707
0.0254759818246
-0.0211129145536
0.0813848591889
0.083742273901
0.0822628807609
-0.0963964298663
0.0387435559888
0.0405301258227
0.0141631929339
0.0745093760035
0.0452697362024
0.00459378784339
0.0835103902336
0.0717463568342
0.137258516182
0.0394454789281
0.0518640465638
-0.0884929076472
-0.0244823279464
-0.0260939604856
0.0919636243511
0.0702284271268
0.129162745177
0.0936019390005
0.115293039912
0.0453292810703
-0.0633293744368
0.11677310175
0.11144705933
0.0835331063547
0.0611178441441
0.0662873137396
0.0794996730919
0.0616521093695
-0.00608069473264
-0.0101785975019
0.129397438153
-0.000432748623393
-0.0450731325248
0.0729786551623
0.111675295319
-0.0439995219476
0.0696319793482
0.0685376250611
0.107455215655
0.0383736893179
-0.00569009864293
0.0700495611504
0.0892406523949
0.108591830958
0.111096346038
0.0563748409189
0.0710326616691
-0.00452240769927
-0.0285043089322
0.081057971304
-0.0470056784389
0.0532423989983
0.074389930102
-0.00503842511506
0.0126604216949
0.0918085222324
0.0530718110987
0.0459624689965
-0.0111173073036
0.0245797448621
-0.00673112984605
-0.0157494672268
0.00730384132855
0.106444832063
0.0349309344342
0.0455673948414
0.000377634348644
0.0460671131617
0.0996707348439
0.08066314383
0.122837101224
0.0532404702166
0.0354382406327
0.0150147728526
0.0256372526205
-0.0318783554964
0.0424151148536
0.0565120219646
-0.0301356864695
0.11112745444
0.0424434561773
0.0352588727663
-0.0290130857489
0.0353849327255
0.0447634114237
-0.0131527207817
0.0999879022122
0.103077098435
0.0707300471472
0.0719902939514
0.0224055649884
0.0467109283115
-0.0130414010534
0.0662312134172
0.0645462946569
0.0370170395011
0.0379461409477
0.0880426628929
0.0666970138719
-0.0292475665226
-0.0292888003657
-0.000467409945209
0.0545860667058
-0.00677374184073
0.0683200817442
-0.0921154963745
0.0455303831368
0.04719573812
-0.0243116559254
0.052954013679
0.042780362745
0.0427246389659
0.107892945377
0.0873623923894
0.0670725293545
0.086622059313
-0.0389733346606
0.0624416508987
0.0242573567981
-0.00932447200318
0.044549146186
0.0904830683923
0.0605277921217
0.0416372961821
0.0309064281804
-0.00840204244671
0.0750195885132
0.0714939951447
-0.039293815549
0.103273261625
0.0486857066109
0.0770783851079
-0.0124169570231
0.0277143508415
0.0701028607001
0.0826906835561
-0.0327554504931
-0.14592853969
0.0387730025656
0.00756934346764
0.01871802359
-0.0349663417649
-0.00411315410711
-0.0227712541249
0.0851418549664
0.0483732714702
0.0106822519794
0.0223988138128
0.091819982695
0.121519980544
-0.0508854445532
-0.116243609833
0.0948947931895
0.090313150735
0.128468284715
0.0799934326642
0.0346646877675
0.00221447049664
0.0777675784941
0.0365404677182
0.0873892236964
-0.0120027136415
-0.0642245775325
0.0796271316946
0.071784796704
0.0365843594784
0.117530375389
0.0665402153188
-0.00470079712594
0.0562585862638
-0.027310544116
0.0547462117267
0.116720901523
0.0588857744945
0.12154505088
0.0225744758532
-0.00938355135861
0.0573499712603
-0.0182609128911
0.0580441537587
0.00223978809077
-0.0649573512268
0.0428608451667
-0.00167922430091
0.0777667014018
0.0208178575894
0.0633734786304
0.0686324805005
0.0792955854311
0.026393457814
0.0948143169754
0.0107938664354
0.0114450280094
0.0674524122555
0.0704182169282
-0.00906862249951
0.0534280175742
0.117569830115
0.0181665264025
0.0384829263697
-0.00937343964163
0.087317879313
0.00510839131955
0.10573600922
-0.131409499455
-0.0298178781535
0.0494526689333
0.0677814897506
0.02180332933
0.111308427156
0.111664797975
0.0693134689124
0.0845951520606
0.0210133868873
0.0123688158044
-0.01897533525
0.0236673653668
0.00747310202759
-0.0444777075685
0.0512557990117
-0.0325716612158
