0.0225175017801
-0.0153577897156
0.0166559671668
0.0917760373384
0.0672535304729
0.12116987692
-0.0166970905654
0.0183633364296
0.0949683735395
0.0885732268823
-0.0249398389837
0.0999782290578
-0.00622258195904
0.083570702985
0.060278085542
0.101883996913
0.120529768854
0.0603178901636
0.106949303517
0.105299954632
0.0784014137335
-0.0356852435285
0.0656646960867
0.056874959472
-0.024025785187
-0.0230594288704
0.07517257817
0.0356891904024
0.0166652962549
-0.120217765474
0.0763254414715
0.0115602435508
0.01622567277
0.0413554103852
0.0663595360548
0.0761666455424
0.0342935905948
0.0968893475186
0.0135213896337
0.0425383919819
0.095820721633
0.0659505024485
-0.00410834572912
0.00577172671798
0.0456632034029
0.0500404273458
0.00228951508581
0.0278221056437
-0.037762321748
0.00984879929297
0.0531903960458
0.0590794779916
0.0714202089
-0.0415485009077
0.0985752461661
-0.0393458748451
0.0909261580474
0.0247444479122
0.0716024916018
0.121949440393
0.086183594161
0.0183094589133
0.0639784896699
0.0396105459733
-0.155218235851
-0.063202470695
0.00883077634105
0.11326075313
0.0545177556967
0.00105546811729
-0.043782670162
0.077541774296
-0.0471408678604
0.115640839797
0.107909314606
0.017737980758
0.00738964809864
0.100976282823
-0.0107220106806
0.075546854538
-0.0285839314897
0.122010569119
0.0871260946986
0.104119365257
0.0860370007076
0.010371233609
0.0244513442849
0.0666388715318
0.0614190824458
0.0397869119054
0.0155816097514
0.0649104804815
0.0291516471369
0.012990945746
0.058586515718
0.025466565544
0.0741168618043
0.0531442752801
0.119553238574
0.051204083435
0.0617710971267
-0.0153105870908
0.0740237924672
0.0719148076895
0.0766237078756
-0.0166570235682
0.120223665696
-0.0118490995507
-0.141276612418
0.0645389312541
0.125749396055
0.0533018645286
-0.00808427068183
0.0368972722947
0.135327649741
0.0218118466716
0.114622073525
0.0289162870969
0.00488992657909
0.133980939412
0.0320026766058
0.0555575970463
0.046472408728
0.0298526296503
-0.0243215658041
0.0101316568731
0.113744666921
0.0410921095313
0.0507677602598
0.029536174889
-0.0267472427646
0.0174224593294
-0.036696226589
0.0859460261142
-0.00668498039398
0.0677193566243
0.0749264081429
-0.0230987537611
0.0200832072534
0.000668013852872
0.0711482346441
0.0770902848451
0.0674119305154
0.0869972413053
0.0460681932861
0.0948784820235
0.0788701423127
0.0539773515417
0.0453257473664
-0.0242290587356
0.0121494808358
0.0307655356992
0.0816096142508
0.0166302462551
-0.0604721408393
0.0895053252139
0.0205547750863
-0.024138480913
0.0420538933817
0.11889995277
0.065823249432
0.0361660877052
-0.0282063729616
0.0620902185738
0.116923078809
0.0213164584153
0.0262907129692
0.0302582614548
0.0983112140414
0.00542191169871
0.0935575311286
0.039659328153
0.0746314428268
0.105782983193
0.0318532369889
0.025747141294
0.00157695228144
0.0621307393413
0.065098141725
0.073882378485
-0.0300548488958
-0.0563392833744
0.0764242936396
-0.105455419494
-0.00522927197022
0.00393948635386
0.0235780879801
0.0921353865086
0.071749154489
0.0425996431224
0.0466255518702
0.074577128379
0.0100485027857
0.0839389183954
-0.00696582209675
0.100386451441
-0.0121019813185
0.130632668416
-0.0681904962271
0.00246055780531
0.0751067687061
-0.000700249362078
0.0198045717917
0.00690469090712
-0.0343005275073
0.0393174491187
-0.0234538513301
-0.0448032002097
0.0142494250062
0.0294535266687
0.00825021940288
0.0191399690843
0.0610648674591
0.104884736228
0.0677825344977
0.116548549064
-0.0133998366479
-0.000513781061814
0.0645243295529
0.0106719466634
0.0410539353659
0.0365706250494
0.0681744706851
-0.0504771917103
0.112220322875
-0.0247256342507
-0.0645762776236
0.102012979379
0.0520170812955
0.121723429195
0.108302474021
0.0252847590816
-0.0464762573331
0.00870087264043
0.0600357496899
0.110325987465
0.0727562514785
-0.0224607689854
0.0232391676598
0.106263660682
0.0662081591232
0.0474575095288
0.0954075303035
0.0666963876572
0.0328183873287
-0.00980094809043
0.0337152636179
-0.00226936687482
0.122696266401
0.0754200456699
0.0548917464092
0.0158526540408
0.0714093748486
0.0430026413208
0.0146419748414
0.00494579150948
0.136754494749
0.00673082715242
0.0554092433602
0.0818234513291
0.112559931948
0.0203371343842
-0.0292155711244
0.116850541813
-0.00899522106797
0.00795449659032
0.0561450836595
0.0930558769931
0.001301924611
0.127602250432
0.0290473926075
0.0484139196024
0.0486759241476
0.0177178542854
0.0771348522422
-0.0340571705137
-0.0486180972953
0.0591801246403
0.0317471480608
0.0367538632862
0.0806908448051
0.0894807276356
-0.0150026508612
-0.00424196002755
-0.13759221478
-0.00125232332371
0.0574638861093
0.0610248851462
0.00214529859019
0.0495531443073
0.0815463352456
-0.0521690311714
0.110730307259
0.0683888789931
0.0296342126082
0.0589540045065
0.100311608794
0.0109515986039
-0.018188864391
0.0122183462688
0.0189710100058
-0.00581575265532
0.0825311439954
0.096585290199
0.0604007554283
0.00417273074716
0.00463465975009
0.118904252684
0.0604291432074
0.0587596887919
0.00326329811343
0.0244210948618
0.0592227046339
0.0434711639091
0.104251950377
0.0102949558925
-0.0231747725836
-0.0463541857424
0.00270458264051
0.0933865673843
0.0565413487749
0.0195039303593
-0.0167878633909
0.0899090740083
0.0677060160798
0.0704132381107
0.110549394535
0.120058403969
0.0861052117382
0.0268258349828
-0.00801225903624
-0.0303746850621
0.106077012265
0.0434589287846
0.0954573700748
0.0171129087532
0.0477455196592
0.0061307234702
0.0473150438829
0.0860225803418
0.0916040797434
0.0603532753569
-0.0461197773415
0.0611649047396
-0.000535206407122
0.0868486534721
0.123005134772
0.123868789902
0.0720637653923
0.0139976474671
0.00647847986849
0.0869433232011
0.0513027694608
0.118005400406
0.114546969175
0.0074229589157
0.0122341860741
0.0392679158928
0.10756316012
0.0361968528527
0.0120842650076
0.0700178386909
0.0886076963547
-0.00185740157104
0.116903112178
0.0462459893812
0.0191004924544
0.0897937164388
-0.0171359885779
0.0856253682256
0.0547733263757
0.077869066073
0.037303239812
0.0321384794503
0.0151775336697
-0.0214521307624
0.119081051309
0.101615009022
0.100717139747
0.0699964165627
0.0561078155768
0.0974472329094
0.0529404662864
0.0792497125371
-0.0136340277325
0.0580139210813
0.0659023723074
-0.0335941295804
0.0942804146009
-0.00705553003775
0.0189430622731
0.0942589499916
0.051446067351
0.0548419960889
0.102738875331
0.0848535376716
0.00323952862502
0.072177678371
0.00487887563871
0.101429401974
0.0685469661049
0.110638437169
0.0621390108701
0.0583740912795
0.0482489382336
0.0804839659894
-0.0160133764826
0.0598744421396
-0.0392393998418
0.0745434965865
0.0107548426174
0.110821003098
-0.00371051598365
0.0591319108392
0.0883934686053
-0.0779650937475
0.076382236809
0.115295528506
0.0501558589565
0.107849896851
0.0930229403625
0.0834692842054
-0.037703058245
0.0846858517319
0.107644289997
0.0102396969693
-0.0453405161084
0.0165345116495
0.110187753566
0.0387921074054
0.0336381423548
0.0803124357389
0.0438260881339
0.0157540379868
0.120235426078
0.0647765668458
0.0866171060718
-0.0168023660883
0.0592451001613
-0.0302407787081
0.0574025753537
0.0185247809545
0.0500009786145
0.0122574645897
0.0665417514473
0.0487329809061
0.0900173091531
-0.072098717864
0.0713593334724
0.00588062989214
0.117274037809
0.0386865300892
0.0590083972254
0.020592837576
0.023246238296
0.0650276941761
0.0544721962048
0.0341254124555
0.0342254250931
0.0226111180135
0.0826450908324
0.0816782872932
0.0414021583577
0.00413931009529
0.0838339310242
0.0859182682811
-0.0372168768106
0.0884094787914
0.0891604261982
-0.0338284880761
0.0595654244609
-0.0112289275014
-0.0120495964098
0.0651848217602
0.0594456601443
-0.0473229289321
-0.017706597798
0.0233323957466
0.0468472112818
0.0453872716872
0.0616621307834
0.122807770613
0.0195686245007
0.0184305226253
0.121727588703
0.0949577123817
0.0989685597669
-0.0251369400755
0.0137699440797
0.0317448949741
-0.0289038326225
0.0167377185873
0.0476348435668
0.0011421446438
0.117674713488
0.0277489344381
0.0829537968855
0.0620633032134
0.0440100714242
0.0300954693894
0.0409550140183
0.079880903756
0.0997363742265
0.000714403873435
0.0790200870915
0.00714926667463
-0.014461608427
0.060220854112
0.0732940654096
0.0626294917241
0.0219432990001
0.0824322745764
0.095733096376
0.00787199958586
0.0455803743256
-0.0190490749349
0.014909857599
0.0115050229699
0.0122602829947
0.102795689128
-0.0406720165356
0.0434014981133
0.0248240531425
0.0936748458237
-0.0348225903535
0.00500479669023
-0.0124013403624
0.109407606227
0.00619975447757
-0.00598086242542
0.0154931096923
0.0210763127835
-0.0185484896385
0.0727069488662
0.091608250299
0.105872254507
-0.0160747812976
-0.049208533246
-0.033876603136
-0.0231712603951
0.09885190116
0.0388516083811
0.0293902913458
-4.37931249415e-05
0.0142816444665
-0.0124775245923
0.111141938535
0.0500082845667
0.00756110613112
0.060799559383
0.0832219394644
0.102748541124
-0.0897936009285
0.0342639522672
0.0318875104536
0.0781303066337
0.111238404633
0.0399357688135
0.0420421910183
0.0436097077763
0.0776703923212
0.0733971850958
0.0606337820568
0.039252021697
0.0801074493203
0.0887028115156
0.0145118431294
0.132054663885
0.0623298210524
0.0427145182869
0.0521041975907
0.0366245521826
0.0741357962561
0.041534324541
0.106184609446
0.133427370689
0.0224260980611
-0.00188814309736
0.0708166828286
-0.0548938667622
0.0543393884282
0.103598552996
-0.043195839729
-0.0554751733411
0.0641285667539
0.0613952357361
0.111855366644
0.036767080174
-0.000621983597776
0.0549697968971
0.0929666759774
-0.0635775707765
0.0549871534668
0.109651246604
0.0583802045361
0.0260245429642
0.0212765628056
-0.0241006869638
-0.124929289333
0.0876427499417
0.0434717629392
0.112888655815
0.0216919280372
0.0990010252831
0.114186534414
0.112123601316
-0.0961120577271
0.0928710937433
-0.0160494769906
0.0019651650058
0.0774032505253
0.0629148054619
0.0668509578447
0.061603439638
-0.0133993389958
-0.0237425999462
0.0837337100346
0.113394219902
0.0477089846265
0.0401904968522
0.01068615839
0.0575904211962
0.0352468794088
0.0540265283263
0.0378387033056
0.0262689038468
-0.0179530749738
0.10061832235
0.088634635145
0.0721887498804
-0.0175957860001
0.0228398870034
0.0216910595501
-0.0675970625544
0.052650119216
0.104302564367
0.0901872252824
0.13005338286
-0.0552228641782
0.132966110955
0.0772823218646
-0.0196664209419
0.0904389542396
0.0899647751211
0.0788764139741
0.000856043846634
0.0132922461901
0.107734299085
0.0666632208775
0.0328735733695
0.0270978783606
0.00219909436334
0.0800571357484
0.0880206847314
0.0403540279318
0.108101380725
0.0934560450627
0.0262041183534
0.0643207605084
0.0144550371133
0.101193733103
0.101390453759
0.0475560679086
0.0469775976432
-0.0878671559217
0.101046582576
0.0295288383732
-0.0339903160565
0.0593856942828
0.0209920336086
0.0516190453378
0.0834971202388
-0.00832573042695
-0.0015568457841
0.0166993452991
0.0623852656134
0.129039632331
0.133624354303
0.00836958259082
0.020949986637
0.118645028623
0.00406323706198
0.00561838926047
0.108581856178
0.0573686476457
-0.0263507325829
0.103691134735
-0.0148001626463
0.0920085029682
-0.0141123665819
0.00911601780437
-0.00576350214584
0.0207104537715
0.0172813248595
-0.0231519669763
0.0519083225395
-0.00367769785133
0.080376363184
0.0506241386656
0.0252707564044
0.0676147057318
0.103305093796
0.121903433269
0.0756138011785
0.0908546276944
0.0993526339955
0.0446218327088
0.0348190187499
-0.0294380481302
-0.00255575003764
0.118565087656
0.0386560952533
-0.0140140056761
0.0322879830803
0.103775411839
0.0651717421038
0.0129283224454
0.0140689137028
0.112852814434
0.0425990101615
0.00859947443409
-0.0218370065391
0.122908837222
0.0379604786966
0.035136547399
0.0513488472003
0.0453771225587
-0.0310406876152
0.00705385575134
0.0339995722167
0.0779885776341
0.00358279864425
0.0191625534343
-0.0192040586715
-0.00428243639784
0.027666685385
0.075663262679
0.0250551861121
0.134391745099
0.0752861310309
0.0655908543651
0.075911923849
-0.0082681554128
0.00153443749295
0.115963133961
-0.132714469671
0.0519714146396
-0.00674367006518
0.0730236134023
-0.00429655237384
0.015559456765
0.0423909608408
0.125683397139
0.0707389719348
0.103710686358
0.0717939424885
0.0991436477658
-0.0350321111635
0.0258301205091
0.073526295409
0.0809894134745
-0.0273682349855
0.126303348118
0.0369461645748
0.083917893873
-0.00339286496844
0.0318777876759
0.116578179096
-0.00528722304208
-0.0178422642722
0.0785919799529
-0.0504242380001
0.0128153669879
0.0854480428227
0.0650472097974
0.0630434624946
0.112329436033
0.104288371748
0.0411091977608
0.0141879924949
0.0189953282866
0.0331432535965
0.0820747995495
0.001206584802
0.01728324747
0.0514665388232
0.0735298909022
0.00617558451
0.039655475596
0.0850011007569
0.112356992487
0.0456852529399
-0.0358885466357
0.133196020361
0.00239909134819
-0.0335145322393
-0.00944851585994
-0.0308230735268
0.0713035233821
0.12471686468
0.0826450532523
0.115630071409
0.0657084184983
0.104421354046
0.062205874643
-0.0416860020726
0.0642570578477
0.0410233134232
-0.00947319071786
0.108776547649
0.0393930499399
0.0398676690639
-0.0218368798307
0.0788957632533
-0.0371963676019
-0.0905840596107
0.0357769216545
-0.069667995674
0.0269335952203
0.0396815288872
0.105588378113
-0.0471960529525
-0.0118007315242
0.0193234848588
0.0199137551987
0.0200553583007
0.113872535548
0.00220192006641
0.106203052406
-0.0289618074712
-0.163417843126
0.110089377722
-0.0126003434843
0.121518923088
0.0361444688675
0.0911987288829
0.117214580857
0.05683082091
0.039369371221
0.0928038144959
0.0386445615241
-0.0485768408899
0.0767001832812
0.0877476933296
0.106548464976
0.00610940849801
0.0447486768776
0.0114503000158
0.0450178010025
-0.0240704648924
0.0745812817939
0.0436470998676
0.0116373688205
0.0631021709294
0.0703785951998
0.0681620292121
0.0786397427081
0.0766490760153
0.0700097994663
0.0239481634231
0.0269384267738
0.0201678138587
0.00432263382582
-0.0169207870068
-0.0558612670148
-0.00226688038276
0.0338084433731
0.0425080380391
0.0543319800199
0.0705319276514
0.0327201698387
0.0924919295741
0.00546344486789
0.0822164149513
0.0125526522688
0.0223129436029
0.107035118873
0.0397807806026
0.0586378805935
0.119798765733
0.0174531213901
0.00104637456624
0.0486664748105
0.132090083422
0.0444028136963
0.0500401742553
0.128292954366
-0.0114732141058
0.035309699251
0.0725838325952
0.0741509566254
0.0630111148154
0.0251562729179
0.0753960432964
0.129970472812
0.0679485598278
0.0741772890224
-0.073298615534
0.108894750828
0.102527500207
-0.0133406916118
0.057242303561
0.1171103332
-0.00805122265878
-0.029003099659
0.100858348519
0.042040085689
0.0436104574917
0.136376795384
0.0762691742055
-0.0145388271241
0.0262140698159
0.0414963868852
0.0894495683258
0.0613939650041
0.0210125659675
-0.0257304291844
-0.0189087390289
0.0662092566422
0.0413935760468
0.0803992294228
-0.0197795637543
0.0685518964144
0.0763664295416
0.0352340465543
0.0535127003786
0.0780702192983
0.113619903799
0.0969016457616
0.121349586283
0.0438386527143
0.025740845309
0.105008198581
0.0222948597678
0.0664038475163
0.0919339248191
0.0560672526535
0.0585625481072
0.0368121388201
0.0877323259264
0.0922152329129
-0.0965131804617
0.0740212461737
0.109636143545
0.0434913159616
0.121669686008
-0.018476147622
-0.0182983100925
-0.0252325358269
0.0946912548089
0.0828727533628
0.129938762945
0.00613308632608
0.0308090214702
0.10743934811
0.0172600778953
0.0925824443946
0.036185607504
0.0173907597063
0.0745635046397
0.0357326280616
0.105917509211
0.0783878371326
-0.0133864589361
0.0446936174992
0.0123160039439
0.0858401897312
0.0562430618178
0.0788971886474
0.0154603319716
0.10846962467
-0.0104063655068
-0.0604485835424
-0.0508617505107
0.0677130706183
0.0486582846216
0.00807172001253
-0.0216920051156
0.114554504578
-0.107753002082
0.03757077182
-0.0268887513058
0.0384998287223
0.0898763450677
0.0447817302572
-0.0327828611535
0.0254201985714
-0.0284848343192
0.0231281736006
0.0671031029285
0.0674114456068
0.00156805937293
0.0127172660035
0.028780806488
0.0600807322385
0.0968361535173
0.0336717177074
0.105406671953
0.0331608176818
0.0047746754744
0.0962884704457
0.0828531053602
-0.0443747480351
-0.00177704057458
-0.0198786276434
0.0793023826122
0.0385940770633
0.0235007781973
0.0436208767723
0.0092342062663
0.107951897324
0.120146860028
0.107763543743
0.124199084254
-0.0262383731987
0.0848082595581
0.00385219748586
-0.0273245187165
-0.0159301780121
0.0545168666266
-0.00520204357389
-0.0193877355569
-0.00946472558431
0.0662812830025
0.0273678068277
0.102779698336
0.0555375947667
0.0646638873903
0.0275088134796
-0.0155715198133
0.0253537384254
0.0746976865684
0.104462381016
0.106352759693
0.00894869133688
0.0365501917677
0.138839605218
-0.0218863332561
0.0579108020064
-0.079730323043
0.0187460352472
-0.00986340523611
0.0389138980522
-0.0859791695452
0.100293786081
0.0101813099523
0.0567286565713
-0.0294925511142
0.133349483065
-0.0466416419599
0.0238909791173
0.016390395161
0.0746963265147
0.00358968327746
-0.00644155057333
-0.00240797719314
0.115376815906
0.0312117149599
0.0834504841165
-0.00738744078632
0.0613404108893
0.0456702796959
0.0826595582503
0.0209183111614
0.071044731815
0.110992899665
0.0861016510164
0.130927068378
0.0937094315088
0.0047896493088
0.0501595500668
0.0836894117695
0.00994148408665
0.0785413544136
0.117195255821
0.0804923666109
0.0189627067641
0.137329982044
0.00853761537152
0.118971394823
0.074218590403
0.0743175966128
0.0904751736995
-0.0156170152188
0.0377763929742
-0.0165651382846
-0.00762229590977
0.0860467965302
0.0432122584285
0.0969525257527
0.0966813103649
-0.0460905542835
-0.0454392176028
-0.0469349422473
0.0145794044371
0.0488553094659
0.0210824591201
0.0587935847556
0.0758301881601
0.0292563466022
0.0229879807408
0.026788140949
-0.0849879698014
0.0537306317065
0.0825869136823
0.0717421191769
0.0192053320516
0.0931318156786
0.0183186674677
0.106447281462
0.0897280673649
-0.01299080277
0.00824440341756
0.0100946425235
0.00641317041454
0.0957523483193
0.0880630346833
0.0745675668953
-0.031443374497
-0.0296060242048
-0.0641713240322
0.0403849377276
-0.0160863240824
0.125224064328
-0.00372084111852
0.114289717135
0.0345931302336
0.120737391026
0.119599273806
-0.0124245765329
0.0158877052671
0.0839548067269
0.111319243342
-0.0512740643062
0.0594106868845
-0.00383975236758
0.0176162319228
-0.0612138341581
-0.0319343860449
0.115525974343
0.0931866754872
0.0184810068233
0.0615151767495
0.0477357245762
0.0455340666941
-0.00414845194712
0.0605686511411
0.112763155623
0.0881403380098
0.0443790938262
-0.0411858082893
-0.0508440286603
0.112597383658
-0.00652508165796
-0.0162434861288
-0.00211407008492
0.115675877118
0.0389430116107
0.0570815059393
0.0506135581024
0.0718547929951
0.0517425145701
0.108278046121
0.102261450783
0.017834959119
0.0993382434711
0.0675643551986
0.00500091199305
0.0489661053314
0.0285737434788
-0.115814117878
0.0729809773041
0.0791065768348
0.0755843460419
0.120160845965
0.0744445368567
0.0959508794055
0.0630306669638
0.0291018470798
0.0157902605288
0.0604293833198
0.0741340980809
-0.0571823857577
0.0524247493547
0.0570958794322
0.0817815094703
0.0907169637321
0.0455888810255
-0.00470038761616
0.00662385798237
-0.0265121426065
-0.0502617572457
0.107272594797
0.0289873308338
0.0250385379747
0.0845350653902
0.0695432172577
0.0223168541459
0.108780082393
-0.0249594455551
0.0061365143867
0.0790923786935
0.088673099951
0.103147412946
0.0459568893409
0.0912647620795
-0.0246860105268
0.0769213045695
-0.0530184144589
0.0823722205085
0.0850400310644
0.107177142966
0.0951604339762
0.0633723513027
0.0420156879841
0.0288338124683
-0.0575806138198
0.076963485842
0.0848686644881
0.104899315917
-0.0397038003942
0.072385787713
0.0686875041179
0.00882721145128
0.0401035120835
0.057640340899
0.0889397400158
0.069755425901
0.0626654078822
-0.0214668558609
0.0796730897491
0.0882139038701
0.0798420376742
0.0185565384749
0.0184960261003
-0.0241687888811
0.0236205812581
0.107074109972
0.0341912081064
0.0551750466795
-0.0543289129902
0.0878549504686
-0.0928088070478
-0.00722963903046
0.0824233094457
0.0573518218093
0.101013402589
0.0658866770608
0.0879608163206
0.0579117707233
-0.020930574984
-0.102130655357
0.00609746562498
0.120287689066
-0.0455497171903
-0.107629293216
0.11657546291
0.0387775310408
0.037617428191
-0.0126694158439
0.00926308325991
0.0529745944824
0.0709101368779
0.110627354669
0.0307828579086
0.00974417474021
-0.0639486431206
0.100516876381
-0.0296637452954
0.0790749271434
0.0207606649361
-0.00610304592059
0.11980013926
0.00214171407643
0.0140436276561
0.128042706488
0.0777561878588
0.0501920370069
0.0223511644888
0.0398222453949
0.0172243329086
-0.0163543675566
0.133433090478
-0.0409970753329
0.0408950944647
0.0194440434724
-0.0417104554101
0.0646703657017
0.041288455114
0.0367157678749
0.0951708413497
-0.0154744626671
0.0744635656149
0.0400839570458
0.0848504010734
-0.0442883570947
0.0406418089596
-0.0152118122085
0.114581229101
0.0622362677922
0.095021815907
-0.0192458391312
0.102817654144
0.0547531493265
-0.00151505420094
0.0902160925334
0.109812787923
-0.0174041916288
0.0457815437112
0.0136118253603
-0.0303129165602
0.0916098036047
-0.0182621285704
0.068391950845
-0.112579409903
0.0261637743179
0.055088299264
0.0968566568574
0.0889940021267
-0.00954110868001
0.0550320310283
0.0442686303644
-0.061440377727
-0.00571128380336
0.00605652206199
0.105219809897
0.0826495518582
-0.0385029009711
-0.0328050290984
0.0844977436283
0.120729515213
0.0533862749506
0.00249664798898
0.0811510839564
0.106078370342
0.0941161856375
0.0113019180216
0.0673084050177
0.0717157948321
0.0517613202296
0.0766392519084
0.0392887575585
0.0290763301669
0.0448803133289
0.0891036644455
0.0666310257749
0.103336247425
0.0418817327054
0.100865817188
0.0936694634551
0.0350465810507
0.0330191959931
0.127281343358
0.0711194989195
0.055596488353
0.0896392905859
0.114535209458
0.00995321570296
0.0645916136983
-0.0428106476009
-0.0194236171892
0.10166483038
0.0418605125418
0.0888685102471
-0.022910171645
0.0629070440645
-0.0408923511137
0.00221811530243
-0.0434361340547
0.00242932004606
0.0216264863534
0.00459002145472
-0.163655229996
0.126315556896
-0.0374195886595
-0.0106559319752
0.0338919024779
0.00705320377514
0.0765174795511
0.112575155157
0.037795017746
0.0853092106032
0.0941246534763
0.0399950797907
-0.0780572486818
0.0762703060909
0.0615150695842
0.0281698565544
0.0110105914828
0.0538074192321
0.0360652979697
0.0918714261582
0.0415586975562
0.113475579633
0.131206300182
-0.022574064595
0.0228260143974
0.00515065464958
0.0847758767948
0.0632657561908
-0.0204526617134
0.033598084308
-0.0632835217752
0.0798525552817
0.0311182039199
0.0613317902363
0.0576765310758
0.0727378316358
-0.0497336969453
0.0996528502643
-0.0245242326954
0.0214626360756
-0.00392561173164
0.0946397640485
0.105396474483
0.0258135258603
0.0985416387033
0.029622896119
-0.013806155442
-0.0208130610166
0.0938013409325
0.0471150223851
0.0723276631061
-0.0919332051486
0.0103980555545
0.0964873557466
0.014893303932
0.101479917907
0.0366344622393
0.00831615428805
-0.0673067237603
0.0567695717635
0.0488254081452
0.0446962323901
0.127714486559
-0.0156218332186
0.0652913887996
-0.024234659205
-0.0317779920132
-0.000186550285836
0.0149666142798
0.0478167263432
0.0791064376774
0.0936414255314
-0.109667648315
-0.0302427296713
0.0200541675198
0.067555365542
0.112223367116
-0.0389657124908
0.0800038114485
0.079579490717
0.0941564066487
-0.027938261304
0.122740480384
0.0525344869062
0.0756901312748
-0.0148834909974
0.0508555210703
0.0943188927075
0.0294909327683
0.115900669193
0.1000241478
0.0136130309564
-0.0517930797319
-0.0328831810094
-0.0103275805193
0.0300584711932
0.0669942697148
0.0616015298479
0.0533422665096
-0.0562798039914
0.0361500747027
0.0625191978799
0.0199905528691
0.0654714395408
0.0446929141435
0.0176899387189
0.106565742645
0.132491217443
0.0942041175129
0.00578179260361
-0.0375785271753
0.0675507666902
-0.00711626892255
0.0625689035221
-0.0211557416397
0.0855438756908
0.018911611893
0.0377839903734
0.0721895638924
0.0162690741703
0.0515129387933
0.00778400310097
0.029113349371
0.0586401081878
0.0887706110129
0.0448024136346
0.0200641197507
0.0607267261315
0.105358330491
-0.025617386645
0.078094678317
0.0636582056722
-0.0737722547656
0.0666689597549
-0.0605530625057
0.117870060293
0.0846770417894
0.105691983321
-0.0673398784557
0.028053972312
-0.0380918302847
0.0523050955539
0.0614504689965
0.085203543679
0.0565003966591
0.0217527512545
0.0580977921836
-0.00215386180311
-0.0126025374946
-0.00397826875865
-0.00264715060914
0.0406998737175
-0.0100649086082
0.00513831087958
0.0427022624297
0.0830754646199
0.0800632215844
0.0835204183613
0.0998131603512
0.0174000433598
0.127842487037
0.114920012366
0.0615274399927
-0.0155765168029
0.00293637897448
0.0387326547994
0.10785801995
0.101237803561
0.0563581842927
0.0182783496588
0.0870521196968
0.0392729222714
0.00428508920877
-0.020364052824
0.113549878983
-0.0293577624777
-0.0132066989609
0.0119288518144
0.112890675172
0.0843282900749
0.0289155340696
0.0339876214339
0.0637647286376
0.0867354785244
0.0117720909553
0.00673445780179
-0.0436470497025
0.0210602704984
0.0461385537672
0.0512704074181
0.023977577185
0.000760067940565
-0.008552394911
0.126636763881
0.0264860031292
0.103309066232
-0.0476098446058
-0.0732486991157
0.0272201586307
0.119656885455
0.0918256227197
0.000795871433397
0.119752738958
0.0281270173481
0.0542551086687
0.128549179401
0.0265117237472
0.019758043305
0.117542110891
-0.067864497851
0.0643354166889
-0.0135082516083
0.0524735202283
0.0207977628557
0.0729015179677
0.0976455324039
0.0722638831185
0.0468568625438
0.0788770665335
-0.0104559649106
0.0457493565492
-0.0271680756074
0.045942489314
0.081913959007
0.0452912224189
0.0637075688847
0.0936641019909
0.101060478933
0.0997148791499
0.0986847664259
0.100214378204
0.0116181680026
0.114746281336
0.0264586787182
-0.0252843978397
-0.0590335132412
0.123004998963
-0.166358400812
0.101764924999
-0.00208692840915
0.128626751843
0.0804341122138
0.0922974206984
-0.0844406789721
-0.0444433815386
0.0118189616636
0.0139087260754
0.0239876218418
0.00223726437111
0.0032633465143
-0.0219463996429
0.0307515608893
0.0546781165491
-0.000158904261991
0.0325231396721
0.0988882149934
0.018062136155
0.0960026607586
-0.01141335258
0.0995164202038
-0.0526745002631
0.107562922767
0.118902390178
-0.044399893143
-0.0297838835245
0.0681286345436
0.0978377096775
-0.00062646488384
0.0547172680884
0.00528616375796
0.0555636354681
-0.0309270741211
0.136303522442
-0.0466658073662
0.138389379498
0.0366127059407
-0.0339437890661
-0.049871170604
0.0748334983959
0.0617286956505
0.0616211713733
0.138122245495
0.120258825832
0.104656505205
0.00357657184893
0.064397840925
0.0151963710465
0.0803441561628
-0.0102905449216
-0.0370252932226
0.10902543237
0.0818914911976
0.0858438089298
0.0988214148035
0.0285101108307
0.0775782328809
0.131650018598
0.0132365594756
0.0833180701091
0.0027655078506
0.0532695259087
0.0429659318521
0.040113383287
-0.00419164549545
0.0690250457932
0.0826986271981
0.035929898427
0.0958421352645
-0.0104717257966
0.00793399520181
0.0948366490056
-0.00721654281923
0.0900855499772
0.0895506270457
0.133615252291
0.0418282440534
-0.0377908053553
0.111422382115
0.049515741514
-0.0352103581152
-0.0193825463843
-0.0296134380703
0.128835044288
-0.0489106263152
0.124075772997
0.0855760541191
0.129688315567
0.100177848793
0.0859274320623
0.0987274145858
-0.0217982527804
-0.0226246158291
0.0850964946774
0.0861612934104
0.0138049700934
0.020727746306
-0.0349402987625
0.12148969977
-0.000487900176838
0.104794100276
0.0316506988667
-0.0107749476232
0.104724137129
0.00880428530111
-0.0492799421956
-0.0299860228655
0.0108323632696
0.0936899529601
0.00956044585406
0.0472598379773
0.0869077163685
0.0231249668991
-0.0134362402677
0.0346675774115
0.111229118053
0.109850385248
0.045731216603
-0.0111099876236
-0.000933317378538
0.0276773095047
0.0572870859901
0.140266869899
0.0398117111318
0.0365217461035
-0.0493739010197
0.0524803170874
0.0533079854298
-0.0146200396109
0.000215724480173
-0.000391446418169
0.0263775457392
0.0317726411773
0.0774492966308
0.0666495876365
-0.0634190972656
0.0346210800107
0.125598409847
0.074030067531
0.107946095408
0.0843862626092
0.117784678676
-0.000126950536742
-0.0641985575311
0.0305224054563
0.0673764741174
0.0738325851287
0.0513407430721
0.0785477433811
0.0542046405726
0.0385597261385
0.00112484491164
0.0515542258139
-0.0228210920041
0.0831887177652
0.0741122573778
0.0787037753312
0.0107863080101
-0.0438018415278
0.0379298145523
-0.082626557291
0.11511685193
0.0609369250092
0.120345568341
0.0745137126448
0.0932659541671
0.0823540776457
0.0405212066649
0.0673884530158
0.0852078121779
0.0961809231913
0.105519612696
0.0680747549736
0.0814545154607
-0.00955344249203
0.0549791130508
0.0530489697967
0.0314955808624
0.105409228884
0.0735851410373
0.0379594201438
-0.0154855953681
0.111237580317
-0.0396455764225
0.108972704175
0.0511793072788
0.0919162465743
0.0669240662735
0.0497473363572
0.00227640497101
0.0878446638661
0.0164082738351
0.0897350802028
0.0950472138223
0.0483856830986
0.03403133103
0.0278960572237
0.117457579887
0.0574995189236
0.0878479138577
0.142588751291
0.0900409594692
0.121613790642
0.0285798843229
0.0709436086595
0.100565961696
0.00875186988741
-0.00531771495149
-0.0406354793494
0.0909700361415
0.0488914888183
0.134156126568
-0.0991979838697
-0.00173031481037
0.0918755662102
0.0937398444718
0.105734033251
0.0369029322415
0.119595495025
0.140030572138
0.0088225511173
0.0178131426665
0.0472811961613
0.0879714913204
0.0877997159553
0.0966898461184
-0.01667650189
0.0769360732537
-0.0110006608418
-0.0254681103435
0.0201968943425
0.099662823955
-0.0346385724126
-0.0210687210581
-0.0101559561971
0.0578097281816
0.0825139108227
0.0389699682942
-0.026927305789
0.0645149094179
0.024898223611
0.105995777021
-0.0475696489157
0.0602309990361
-0.0139926720061
0.036980690687
-0.0481222266645
0.0769729761067
0.110682769365
0.0207384734242
0.0840104211644
0.128541633313
-0.0673640624796
0.133245522932
0.105506131135
0.0687657691145
0.0453004075632
-0.0303837799344
0.0712386979333
0.113427889466
0.069214806421
-0.00447748082379
0.0098448149827
0.0795422847729
0.0685290623521
0.0571599368179
0.0386151144588
-0.100125190306
-0.0588632265402
0.0274795069816
0.00457947411252
0.0928920982557
-0.036885629559
0.0104266771313
0.117470224995
0.108782136782
0.110585410742
0.0657914370482
0.0725051111412
0.0864978359586
0.0224630922233
0.0864254042875
0.0534469163771
0.0536156175797
0.0589281705323
-0.0131575088415
0.0209986550444
0.128653026836
-0.00406867289163
0.068267756319
0.00335183741394
0.0310762628827
-0.0288891632552
-0.0923905147955
-0.0123747333229
-0.0196412332633
0.0504868192707
1.85065807727e-05
0.0809658197182
-0.0519567778634
0.0798448021604
-0.0154895620372
0.0730853348278
0.0337847633932
0.0478141951999
0.0891842922343
0.0477907125871
0.0174350911666
0.0727069819719
0.106221054105
0.0880116759222
-0.0139536584851
-0.00922245546946
0.0778605874826
0.00696778916717
0.0364667627881
0.0219970290276
0.050531290903
0.0878290145189
-0.00284941923294
0.0320092485763
0.0434836822413
0.0162026579419
0.123640963489
0.0167904595895
0.0705150292873
0.0793201529483
0.113634512937
0.0990980011079
0.0331101431698
0.00678943649499
0.0166167392628
0.131491210329
0.0955395414653
0.0929736451846
-0.0248850559294
0.0831609709881
0.130722319921
0.0987650112129
0.0490720342972
0.0713532314229
0.096331519871
-0.0124697115543
-0.0103449106105
-0.0333684269236
0.015769334312
-0.0264026684622
0.0606573761424
-0.0700428826271
-0.0234272095452
0.0165167703348
0.016216064038
0.0158220439463
0.0713043314139
0.0284874908173
0.0564449412498
0.0302634729684
0.0432045032909
0.111552451378
0.0409691212484
-0.0856146335994
0.0809151478872
0.0578522450283
-0.0699725686856
-0.111477442838
-0.0539660262396
-0.0461085763761
0.0370055740467
0.0675931654288
0.00943887737388
0.000197696603934
0.103566875694
0.0378213950958
0.076536399524
0.0887972365099
0.0889333070195
0.0546624430741
-0.0193321867224
0.142278598167
0.0546277859778
-0.00380760178146
-0.00858842684304
0.00926846903432
0.0784517840809
0.108512500663
0.0536448899636
0.0567459062454
0.0834131328714
0.0985079817976
0.0732187039325
0.0946245773998
0.0382327932597
0.0214346341149
-0.0173063919669
0.00211219282324
0.109096858623
0.0378455671368
0.0173453176029
0.0242358612611
0.0083077525767
0.0194140347523
0.0850345115481
0.0516713935318
0.0437256334474
0.0938940178544
0.0532842290794
-0.156477007329
0.0952577884975
0.0783023557813
0.0736208974188
0.0804434328142
0.12204978674
0.125485538754
0.0677379977639
-0.00617607894705
0.0300893573922
0.0444617299311
0.0731022803082
0.0629506353792
0.0472404804238
0.0362884571657
0.0425962609835
-0.00767847923027
0.0325617249446
0.0294328972938
0.0806297541558
0.0430808724391
0.00906623394075
-0.115040872499
0.0818848326253
-0.0260100384224
-0.0213960695284
-0.0242405618529
-0.0113853337338
-0.0129733500799
0.0663711503852
0.0673917227811
0.0804223546429
0.0627606524597
0.0479331999295
0.0216483044471
-0.0864103826058
0.070758255865
0.0990179939893
0.0168142414903
0.0744322955496
0.101949205772
0.0458662003048
0.00974424468713
0.0149236272254
0.109205830908
0.125284712987
0.0120537781547
0.0223411325349
0.035031182663
0.0305281195885
-0.0417946726687
0.0616280048252
0.0892983767557
0.0650566016963
-0.0631525242702
0.0311774389198
0.110751662485
0.115552816378
0.0943040431934
0.0289782772154
0.0482329747007
0.0697582511509
-0.104751478713
-0.0352829162206
0.0376928517704
0.084041258403
0.0562880478341
0.0300835138838
0.140724462458
0.0875069356587
0.0445661704245
0.0770760013378
-0.00168090044363
0.00259924241856
0.0235378599783
0.0612457760908
0.0331238262629
0.0554505733689
0.00467641628912
0.0319662349779
0.0776022473175
-0.00540268726789
0.025652037465
0.0446623790849
0.0243018282672
-0.00351561251959
0.0495345664915
0.0446555688238
0.0322883505805
0.101436347951
0.0235777189418
0.0674740368843
0.0813689879985
0.0933858432636
-0.0950697039086
0.0410858093724
-0.0525846457622
0.020354813782
0.0610621573552
-0.0934305620535
0.00578343511573
0.078808087262
-0.0390247539852
0.106200181069
0.106564477356
0.0775936333767
0.0757354966583
0.0317074844883
0.0233714457657
0.0158079345059
0.0167705626286
-0.0308706026175
0.0905891185804
-0.0271773574935
0.0991778881112
0.0916087688518
0.00323928037403
0.0806948458663
0.0428382037775
-0.00990763437977
0.0241315981118
-0.0282443824968
-0.00340882872002
0.121640966463
0.0299307097216
0.0674591664388
-0.105248012289
0.000991325735693
0.102695481662
0.06203044151
0.0182002121771
0.113038199616
-0.0239450501656
0.0817817859198
-0.0186132483109
0.0253787566659
-0.0827216382892
0.00487201108427
-0.0441421415677
0.111546982943
0.0681733212191
0.081834623295
0.0494420370671
-0.0834052429455
-0.00475726467692
0.046257293898
0.0350350307573
0.0375380023673
0.0335879108665
0.0794431219411
0.11830767985
0.0365775975752
0.117859392625
0.0430159732058
0.059151920134
-0.0812538031181
0.0950998903595
0.037692420755
0.0890881074779
0.0485593044014
0.0930969305041
0.0558558074516
0.0571963974393
0.021863549085
-0.0390648517853
0.126102634599
0.0398613751288
0.120381789676
0.0588392004225
0.0157553767874
0.0695330135814
0.0271313171946
-0.0419658435196
0.130320293288
0.0484774411181
0.076114583679
0.00162839089163
0.033025783409
0.0635658601433
-0.0212898027741
0.00648831563048
0.0485531888807
0.0329760747477
0.0494399155701
0.00463418599838
-0.0724710893265
0.0305163713002
0.0787183886163
-0.0270186695847
-0.0440936694768
0.0302509033563
0.0626050109386
-0.00227022138077
0.057856486369
0.0787636894543
-0.0104516776984
0.039964449728
-0.074089169997
0.127876966095
0.0611185719108
-0.00164170398514
0.139544654302
0.0555871287524
0.0709471499106
0.0944055272657
0.10723347431
0.0119272135589
0.0968786401183
0.089811280753
-0.0984771755707
0.103269301584
0.105209380342
0.0221358758872
0.044077572164
0.103435061388
0.100867648908
0.0625455890076
0.0104605109327
0.112770564453
0.0991334299601
0.0348923825671
0.125592693812
0.101565616435
0.0613571351628
0.0651399140347
0.109989528349
0.131456485944
0.02888952104
0.0178586075809
0.053745412652
-0.0230319358829
-0.0484570545222
-0.0377658372385
0.134834373725
0.0254976256796
0.033815709495
0.00512434667616
0.113559998842
-0.00317674131523
0.0854745563459
0.014410088976
0.148135717254
0.0133542987572
-0.0399265640439
-0.0451234338031
-0.00166304179303
0.0110672583022
0.0739454404699
0.052954149531
0.0598371961951
0.0615300603351
0.0995299024736
0.0651237939956
-0.00722127412338
0.0829524248471
0.0860960622601
0.0126657815667
0.00947694074607
0.132122150798
-0.0434997970456
0.00552572907124
-0.0821217838456
0.00710182044268
0.0351921303238
0.0823960557214
0.0230278205866
0.115778503292
-0.0275760284711
-0.0656113656165
0.102984469378
0.0905475824318
0.00626914297492
-0.0972105249354
-0.00630563775231
0.0239784419997
0.0843263918257
0.128075937896
-0.158076663467
0.0701933884405
0.0432429734958
0.0741491380038
-0.0326751270913
0.00437599409214
0.00828458949155
0.00917312591859
0.067054447395
0.0568623698245
0.0829573059656
-0.0094346312257
-0.00140496709747
0.0664231162189
0.0453234105587
-0.00973898572282
-0.00659133615163
0.115640522324
0.0139075794662
0.0291266006265
0.114178811366
0.0736293792448
-0.135755183008
0.0388949418869
-0.00295735862162
-0.119834228141
0.0203821319887
-0.00242573917789
0.0170352658354
0.0826525329591
-0.0116059913905
0.105603129263
0.0790979710498
0.0463813155989
0.0547019526468
0.049076935697
-0.0115099422642
0.0728291218384
0.0432038283362
0.0733170822212
0.0427851749764
0.0950069414982
0.0558359312742
0.0281830845034
0.085243948114
0.126688560208
-0.0136440544636
0.00224858054284
0.0646524098038
0.0382115917641
0.0937501025046
0.0496595565086
0.0746837908199
-0.00325290988133
-0.0168588144393
0.0728357103623
0.098023073079
0.0435542909802
0.03467039589
-0.0111002419087
-0.000489317562554
0.0890593170948
0.0635590897392
0.0899419211983
0.0594526037221
0.00108720688471
0.0832289017391
0.0552290012621
-0.0259935909775
0.0385731383147
0.0543147596474
0.0678488846643
0.123439842346
-0.0635440794559
-0.00715361062244
0.0867935501559
-0.0586630446347
0.134702292284
0.0550464250253
0.103827712694
0.0803398677756
-0.035787797075
0.104155159798
0.0595728788595
0.0316502809981
-0.0204092000901
0.0258557311622
0.0720013837447
-0.027268666059
-0.05049979906
0.084839903784
0.0391223438129
0.000963396042614
0.0750374611623
0.0589153437299
-0.019881153404
0.0232621441075
0.0562455947703
-0.0425785615281
0.105744952878
0.0652702790831
0.117148506077
0.0956981450706
0.0816871150978
0.12417088231
0.0495239822305
0.0591168943912
0.0638878306732
0.0186749496139
0.0711561548424
0.0629626929208
-0.0123229897798
0.0838003792702
-0.0267657651124
0.0103761138452
-0.0311013313881
-0.00984213031617
0.0842190099716
-0.00847865811531
0.0818565228334
0.0694439050297
0.0721865494916
-0.0381000908439
0.026860563586
0.0444735688998
-0.0350237775922
0.0824053540478
0.0544492173416
-0.0757464537597
-0.000459977175407
0.101607404175
0.0640668176877
0.0483654565722
0.108979925021
-0.0916344684721
0.0165506576921
0.098108384889
0.0464674442703
0.115035615706
-0.0133631365735
0.0565546957413
0.0771840253135
0.0320776771763
-0.0121158727556
0.0480007074335
0.0078992260925
0.0164582417361
0.0734089718552
0.0258779717748
0.0508849635809
0.0266798362657
0.111167779431
0.0412556200189
0.0989980444099
0.0516516247853
0.0618671658043
0.103838108048
0.0958637768207
0.116026510913
0.12286571228
0.113863481193
0.0535970324394
-0.0517572159478
0.0894160678159
4.31769136533e-06
-0.0468305164865
0.0923968772371
0.105317144149
0.00526259086817
0.0944577450543
0.0924626059474
0.0415359276176
0.0583638860251
0.0368156817933
0.0646377443057
0.054929357739
-0.0203620083596
0.101530106915
0.0911277177598
-0.00249906524834
0.0739255146215
0.0738521567378
0.0422500246172
0.109679702586
0.0404512588608
0.092194067516
-0.0146902423457
0.0128542398923
-0.00489570011749
-0.0553793267804
0.00600733768644
0.0966328216065
0.0621294885476
0.0890759282046
0.101151837316
-0.0531526278847
0.110296056274
0.0662156928583
0.0298115118711
0.0313781644759
0.0869548439756
0.0276621292606
0.0317037269126
-0.00394472566986
0.0755419649135
0.0856163995444
0.0212549512532
0.130499044191
0.0981907155823
0.0765812811146
-0.0235265641827
-0.020645494537
0.0824631729657
0.0807527363652
0.0871043420507
0.0220508730443
0.0620544687128
0.0368162151197
0.0802626952402
0.0476261133311
-0.0163230622213
0.0318477588823
0.0965893636697
-0.0117758288683
0.0380616167796
0.097513476784
0.0464099828145
-0.040991332563
0.0525527483582
0.0970416581806
0.0964127629145
0.049319731451
0.0625950848146
0.100003815688
0.0930024673
-0.0549068587819
0.0873421770438
0.0353375696849
0.0812306766267
0.00679997115346
0.0520546129667
0.106622985889
-0.0512244505808
0.0489232940502
0.069854805171
0.0660768716766
0.00441983873113
0.10745720142
0.0682805300686
0.109763436018
0.138852763721
0.00207643507611
0.0829193226005
-0.00752252347817
-0.0502670169274
0.0237670005498
0.0515623858555
0.056627053427
0.0334923377953
0.0410773031575
0.090986525258
0.0275818066647
0.011523916565
0.0543999300364
0.0716988246922
0.0717812051958
0.0388378534203
0.0720901599914
0.0290134653551
0.0145732776977
0.0326352776016
-0.0221740140877
-0.036007096356
0.0753873917251
0.0887883918655
0.1003786526
0.0153745573858
-0.000557978574006
0.0522870753101
0.0561483037399
0.123116874389
0.023734332395
-0.0131305497878
0.0796117036024
0.0887517262349
0.0272787692981
0.0813521019046
-0.00277073281336
0.114997157051
0.0653856997766
0.0724425655265
0.0603904099896
-0.000717987622533
0.079341132829
0.11150946841
0.0852990952484
0.124134637473
-0.0439738169213
0.138624118946
0.134251351088
0.0920294220091
0.126526663114
0.018044270244
0.126560796393
-0.00867406561681
0.0441533864043
0.0351799553225
0.102744417559
0.0846069984311
-0.00986694025838
0.0747315261912
0.0565429998438
0.0528360645531
0.0170133492362
0.0455561958778
0.0900747526366
0.0608190522084
-0.0123278489369
0.0820673172209
-0.0695720838198
0.0380986203089
0.0771314729495
-0.00522766664917
0.00754521665217
-0.0361702895737
-0.0873515877356
0.0947789446659
0.117315446559
0.0927437997178
-0.0470924954281
-0.073593847583
0.12014655982
0.0439682906365
0.0781324779145
0.0801703769649
0.124626805728
0.136183827474
-0.0940092679744
0.101413403881
0.0761290442665
0.0673215464951
-0.0452812766289
-0.0338151553224
0.129763811787
0.0653213914351
0.00583702852146
0.0881324209021
0.0410231238525
-0.0515068444028
0.0998775536748
0.0230052770087
-0.106957265456
-0.0252773883952
-0.0178934842845
0.0668329629109
0.0159185441135
0.0761019824324
0.0508284727977
-0.0699180603735
0.0519988718749
0.0155083754027
0.0442916758787
0.0836542732032
0.0694345816086
-0.0866422722221
0.112257204723
0.0184794334793
0.113582458954
0.0815514401204
0.102627646188
0.0496302045419
0.093462607675
0.00453602743234
0.0500746319525
0.0632260376518
0.0569325417382
0.00693994950406
0.0602855847241
0.112504301087
0.0441081195112
0.0628785552077
-0.108514804111
-0.0120651562774
0.0989979294103
0.121298398901
0.0932259525981
0.0609395326581
0.0650357269365
-0.0204742142163
0.0199593162785
0.0890258436414
0.0793473222798
0.0130679536516
0.070689263527
0.00988310269821
-0.0157868235714
-0.026103508035
0.0299880881169
0.0842470559941
0.0837140230433
0.0229286399015
0.0506476793805
-0.00505133639862
0.0517762181888
-0.134810771488
0.0186454604811
0.034937203034
0.0415522205438
0.0558636721281
0.0433117582215
0.00867678170199
0.133247598357
-0.097293616862
-0.109797632349
0.0200208147764
0.036573375118
0.0208823057296
0.10477363294
-0.0617069165433
-0.129190208918
0.0337704329923
0.100627934919
0.0522670844221
0.100164898197
0.0635650370386
-0.120608876251
0.110039040725
0.0563867940601
0.036146285954
0.130814135032
0.103084796146
0.0354967183227
0.0546721257886
0.0425664352929
0.0709164696326
-0.0184335756857
0.0670564053554
0.00307784144779
-0.0446222414592
0.0238858674987
0.111923450673
0.0536339546634
0.0310202214724
-0.0917027561601
-0.00835940836801
0.0128188462466
0.0633076140331
0.0678227527225
0.0491481262191
0.0769755784791
0.061610076662
0.104686536255
-0.0214808511542
0.0579992692912
0.0848588592101
-0.0456705245386
0.105588691835
0.0349773975013
-0.0384386180992
-0.0218120084886
0.12641224277
0.115647872379
-0.00969787354594
-0.0191772289048
0.0733845207653
0.0524096905307
0.0675341261055
0.0916869324991
0.0464786071239
-0.00364878661433
-0.0628277870563
-0.168514623077
0.0336382465944
-0.0473544319041
0.0380435144847
0.0306639672463
0.0859944733856
0.10990587152
0.10391445189
0.0151242028762
0.133694268132
0.0557951379186
0.0615733443068
0.102702825422
0.114272821964
0.0764420356257
0.0522584668075
0.0759301579837
-0.0180107105964
0.0902570137558
-0.0414994509817
-0.00564867502101
0.0932455076408
0.0256166432668
0.0645078622713
0.00712964197223
-0.00745171916862
0.135832999803
0.01434208714
0.0605496263024
0.100869982925
0.0183358495928
0.147650699103
-0.0330639026795
0.0432452412724
-0.0765278675591
0.0453837832566
0.070918091698
0.0823714553995
-0.0196550943233
0.00235975997631
0.0718315816704
0.016747565932
0.0867825586723
0.0580812470957
0.0493099784978
0.0291394827618
0.0553965036356
-0.104748233985
0.0247892436736
0.0852716183896
0.08625920192
0.0126162603885
0.00366872575702
0.0470866827855
0.0973965413404
0.0318577752538
8.44228936554e-05
0.0939678882011
0.0415094108055
0.0336489793191
-0.00126682340639
0.00066401308985
-0.00530405975942
0.0903721565077
0.115585311391
0.0203184046815
0.105098631175
0.0552162710618
0.0317654039265
-0.00848231346135
0.0189766006653
0.0421800001299
0.00924422109742
0.0761508046685
0.0569710337655
0.0551934799421
0.0578622042049
0.109241756927
-0.00550389798163
0.025117345088
0.0489610354766
0.082225690414
0.120853075351
0.111266275085
0.0386919694674
-0.0161003208234
0.0725928094176
0.011818253385
-0.106700913698
0.0728934117366
0.12428093692
0.104903097727
0.0288950852534
0.0785302785258
-0.102697776058
0.00237797598746
-0.0264368266852
-0.0232181479546
0.118716158348
0.106769057344
0.0631860132943
0.0625583354686
-0.0335884499324
0.0330728143289
0.119291647427
0.0952776295647
0.00335422638251
0.0738673249068
0.0280952314089
0.0963448060017
0.0423597501345
0.131310967629
0.0786119926508
0.0638959187709
0.0780730943069
-0.0397146642817
0.0512915274917
0.0472511107678
0.110630370446
0.118563860527
0.0177280556328
0.123332789511
0.107614151065
-0.00184494664446
-0.0116463840192
0.120623068888
0.0941576290355
0.126377083614
0.0527617296307
0.0599158454165
0.0118351540262
-0.0595244653992
0.0268900920837
0.0900597925831
0.0918464584626
0.072832351329
0.0165131703915
0.0718776683081
0.0635814761865
0.0762538450909
0.0135061218399
-0.0118371082732
-0.00172332947554
0.136196695585
0.061172546862
0.0975945591616
-0.0578612315022
0.129038872004
-0.0266534136842
0.123778265949
0.0377053629248
0.130317056389
0.0106758370605
0.0475648806603
0.134269596915
-0.00456662632255
0.0306904376396
0.138955644509
0.0327951220562
0.0350214169502
0.121919913057
0.0373494838956
0.00325405437073
0.0316600976772
0.0857815116035
0.0389353246716
0.0602395400979
0.0542705965304
0.0874738472267
-0.039525867692
0.0100616762491
-0.0570772986443
0.0342122460669
-0.0117487792135
0.136729043659
0.0659073820037
-0.00412701432055
-0.012126090549
0.0705183494898
0.00851536159026
-0.0268337868166
0.0646066527678
-0.0165407250909
-0.00443266398213
-0.0130161225526
0.0351191959208
0.0538979105668
0.00651119516445
0.0735290601026
0.0308365703618
-0.0535022592329
0.0361219417534
-0.005274967376
0.10190859661
0.0580438767443
0.0566424097496
-0.0233349406394
0.126625917249
-0.0783355474924
0.1416026156
0.0456934601327
0.108738330258
0.0582578333482
0.0870138387591
0.0789136219234
-0.00797884290014
-0.0562017970028
0.0982489836711
0.0552663369251
0.0502713443735
-0.0177843288281
0.0845891074633
0.11388894802
-0.0108572920696
0.0611668963837
-0.0161222202104
-0.0254714882944
-0.0120792943979
0.0369595188024
0.107566535471
0.0696332986579
0.0315020972526
0.0896133584452
0.133988602289
0.0373187320734
0.0187431282358
0.113323766496
-0.0400051509991
-0.022469149313
0.00802953921392
-0.0381169211587
0.096984195363
0.102265665298
-0.0126656426182
-0.016503715037
0.108388161692
0.120122300109
0.0620467467692
0.058717589983
-0.0245782062719
0.0589853366774
-0.0557281724358
0.0263206991194
0.102459754593
0.0868892127151
0.0834274336342
0.0246225546054
-0.00646014625246
0.134858202223
-0.0329818436551
-0.00209304937621
0.0641371066518
0.0296305034467
0.0948248363366
0.0210287487523
-0.00331182376213
0.0632829459574
0.0475760217535
0.0891902484239
0.0209630723875
0.127474863454
-0.00296224460869
0.087588406047
0.0739919685162
0.0358903991302
0.0735515755358
0.0613910005108
0.0768889991711
0.0732700352701
0.0453596690716
0.0997121152063
-0.0629190703445
-0.0188137981967
0.122085698291
0.106158008025
0.0667576655606
0.0880118468676
-0.0338614565316
0.0819420448739
0.0834977616716
0.13184258283
0.0637440715878
0.0342494314749
-0.0347242034079
0.110509559623
0.0263994967473
0.0127311421137
-0.0696668067674
0.0346404505431
0.0839121681155
0.0419412977986
-0.051310894454
0.111895526053
-0.0433209381285
0.069308222368
0.0557913948275
0.0774933668567
-0.013356578008
-0.0330182080029
0.0204241288735
0.0613541433231
0.112531733126
-0.00296323888771
-0.0114441886493
0.0779761435091
0.0451051951342
0.0729630319151
-0.0529712398214
0.0207608287552
-0.066203146487
0.0702105004227
0.0727996650874
0.108659094699
0.0848617711041
0.0298909970183
0.0988830907774
0.112086715127
0.0621254917992
0.0367189549901
-0.00649241376727
0.103108157087
0.0989640648015
0.0180153356348
0.115828631697
0.0663275627571
0.00474101468293
0.0769397291091
0.0623049917321
0.102364444759
0.00456002878981
0.128349299166
0.0708911177085
0.107466774799
0.0359540034044
0.03412782609
0.101004202595
0.0404621711894
0.107249310689
0.0954597341085
0.0440210933856
0.00863522033642
-0.013702518734
0.0432267921891
-0.0605741265282
0.04794475447
0.0860119328679
0.11788213882
-0.0150128751812
-0.000643881852541
0.0732206761877
0.141473225954
0.0350256654844
-0.0167347629563
0.0995360133965
0.075393988848
0.0361436022464
-0.00358356869031
-0.0080191846923
-0.00121166633024
-0.026091077967
0.0793564335603
0.0784849757995
0.0471708642978
0.105462499875
-0.170565160898
0.0130444815725
-0.0203423283575
0.0567630312055
0.0453789314624
-0.0134444782322
-0.0122626823694
0.0168448633708
0.0571938990636
0.0594051525053
-0.0560164172901
0.00432241101727
0.0801336810341
0.0450551227819
0.0377184418983
0.109775046206
0.120216443503
0.00925133477919
0.0312266597302
-0.13448292849
0.0138629036375
-0.0270617343878
0.0779108325313
0.0697792751871
-0.0452952162464
0.105914371003
-0.0248472205361
-0.122201162969
-0.0314407615449
0.0105659418297
0.13361042581
-0.00680709566647
0.114603917689
-0.0501671584018
0.078866235075
0.0126025494887
0.0755269283653
-0.0386070654806
-0.0100698350441
-0.0126581394859
-0.020024703571
0.0624225703601
0.0373112663141
-0.0607906242295
0.0986521850197
0.00768290789486
-0.00782219302226
0.0438355128607
0.0312769562355
0.0579486412332
0.132637958158
-0.0485536085394
0.0600581077661
-0.0682786819312
0.042096517081
0.0163178605807
0.0143390880779
0.037969257837
-0.00937590013689
0.113379841346
0.104237611173
0.111425406343
-0.024492220769
0.0783698508403
0.120763488843
-0.0364637732553
0.0248985433366
0.0743218746816
-0.0373673268496
0.0351767767484
0.0295037286049
0.00522130113928
0.056565351504
-0.0152057251981
0.0292081603432
0.0568871397677
-0.0187590646641
0.0357833286753
-0.0726096270098
0.0344576424082
0.0961812282797
0.0704100985171
0.00578635553889
0.0197075036002
0.080445242407
-0.035882267357
0.0783650471595
0.0292555569043
0.00654317574087
0.044147621733
0.040404864812
0.000989895448878
0.122829386872
0.0642255753619
0.00535855542098
0.113025341407
0.0342912958945
0.0570041246593
0.107195241106
0.102730925678
0.0092542850848
0.0540564515558
0.115031973142
0.0377355190512
0.0664183700817
0.0252979263447
-0.00839783253806
0.091718772401
0.0898721030278
0.100893603847
0.0921540258098
0.124240813487
0.0960707631037
0.0705064255216
0.100704520749
0.0540313667894
-0.0771038668618
0.0652056177376
0.0462370961017
0.00271128233977
-0.0130746329852
-0.000117380650666
0.000576672298617
0.0383677123516
0.109150713597
0.0161884257153
0.0321251281408
0.109129657996
0.0209457632712
0.0746900827877
-0.124081911974
-0.0128199429828
-0.0250510954217
0.0719699091762
0.061826203374
0.0691421726425
0.0542809893624
0.0425546716298
0.00438661185733
0.033331319657
0.0742686026809
0.079463402069
0.035719055139
-0.0305029388773
0.0535035838877
-0.0517426130381
0.10884265053
0.112236409918
0.116926294839
0.106736787048
-0.00958906109036
0.0909665338117
0.0788300421531
-0.032800849788
0.0637374561618
0.0415251507088
0.035338975576
0.00923986854259
-0.0119167693466
0.0289107769379
0.0299540927981
-0.00808237754864
0.0766673839126
0.0395998035129
0.0452173944535
0.0722505041487
0.0766010465024
0.0618124631033
0.0188111895252
0.0732323520806
0.0974597179408
0.00566089046584
0.0538118687535
0.095677178768
0.0735497291664
0.00873715567734
0.0471394234579
0.0389641765105
0.106838285989
0.0779369352841
0.0920432292423
0.0767998784247
0.0182203414404
0.0987709631962
0.0250731640465
0.113678763021
0.061408886698
0.0231730618702
0.0483358668402
0.0390107758991
-0.00207447901012
-0.0457890171604
-0.0189892542564
0.0351629353689
-0.0245315731432
-0.00735377576535
-0.0106132404854
0.0424861277054
0.0146901854958
0.0777759733815
0.0297207252502
0.0665084864589
0.0795170077775
0.104082512024
0.00442797117745
0.0408992637109
0.0218530248881
-0.0293194190092
0.00884054786782
0.0268231123084
0.0167599412734
0.00182787111651
0.0100543527933
0.0547715328548
0.0758209754039
-0.011431436531
0.0909903943784
-0.0211238416353
0.106114874233
0.00375574650497
0.0289270355242
0.0797286114128
0.0412435053241
0.0527901544996
0.12044679511
0.0429676431761
-0.0354864193181
0.014164278154
0.120131527223
0.101925556907
0.0526511246811
0.0888009492357
0.0448576576611
0.00505679761015
-0.0378599438331
0.0750872449031
0.00657960014787
0.000406042281837
0.0467036281671
0.0398466866521
0.0609522011089
0.0639620407532
0.0745057377927
0.0492333509804
-0.0582872447626
0.123646727792
0.0253687852568
0.114395844537
0.105751070325
0.025878957328
-0.0413716717729
0.0356787995943
0.0914873325053
0.0443921161721
0.0203197190559
0.0666956200737
0.0575453137311
0.0791782894588
-0.0096388106869
0.0485446589705
0.0495351678036
0.106122394716
0.0215318176996
0.0351269581544
0.00550908703317
0.0339677820787
0.11143170575
0.0732080532838
0.0532885967886
0.02923055067
-0.0336094619666
0.0235347220805
-0.0611059359255
-0.0214757452404
0.0382145442281
-0.0476974708231
0.113172019559
0.122626256126
0.0587863536046
0.0494588653809
0.123990353332
0.086837998163
0.0841069726814
0.0340162504044
0.0914092227543
0.117191590644
0.071823198205
-0.120632113477
0.059980036154
0.0985244300427
0.0583400102689
0.0260842065209
0.106596154071
0.0378112000571
0.0469560709444
0.0058756994526
0.101374479966
-0.124991735981
0.0342524768299
0.0918858873416
0.0535309356883
-0.0020186219546
0.109242424534
0.0422351610335
0.120397206482
0.0418113446466
0.0332117608726
0.0514727073234
0.100003242534
0.00649872892866
0.0667353005229
-0.0481091295465
0.0827433775478
0.0603289050323
0.0797538171039
0.055957258098
0.0114801321708
0.0980503705927
0.0169539193092
0.0606306632506
0.132268668276
0.0550742550251
0.104355836847
0.0552180475849
0.0282985248124
-0.0450510623181
0.0175646481574
0.0677898126355
0.000917915663702
0.0700358251198
0.112336705797
0.0468984880171
-0.0223302587154
-0.0316237216735
0.131136969198
0.0533855269676
0.108342328152
0.0761633600525
0.100930619217
-0.0364200147498
0.002749243426
-0.0382649429276
0.0862189118209
0.0463292388808
-0.0256611269725
-0.0304587277477
-0.0220813955826
0.0692216771021
0.0271077496123
-0.0109151485407
-0.0280075629873
0.106910734666
0.0662253082154
0.0872514363125
0.0232859384544
-0.0510928514773
-0.0599664759179
0.052825522623
-0.00338751787307
-0.0170909546354
0.0567405495503
0.0142601580813
0.00741220393162
0.0128728130943
0.0291767189661
0.0395191607441
0.111250743491
-0.0191618270231
0.0064964139567
0.108553894971
-0.0972361807411
0.0982739917111
0.0888794024752
0.0112307766032
0.0475898975153
0.0393889248516
0.0420567874148
0.0639918858256
-0.044313429067
0.112318064054
0.101023096914
0.135837067598
0.0189409118984
0.0379502848331
0.0285384759951
0.111462435405
0.00332186220209
0.0497888145546
0.0893274183414
-0.0598176457932
-0.0498659176365
-0.0417626156629
0.0679019206567
0.0957973501924
0.133772703896
0.0608868668851
0.0445926295596
0.0878121869884
-0.00297571546698
0.052159489213
0.0165793247269
0.054731080941
-0.0234999126555
-0.0205730523177
0.0130579365006
0.0614446344285
0.0294100211471
0.111703848408
0.041202082091
-0.0116304449346
0.0558231632649
0.0262989293543
0.0844526083822
0.127237008578
0.0333069791374
0.0892138807376
0.0835912315563
-0.00235213043822
0.0833031792448
0.0564950345274
0.0908441505879
0.0614127899014
0.0470073296869
-0.0208253124309
-0.0308582266798
0.0450901525864
-0.0381044055919
0.111400210344
-0.028361004338
0.0271412328122
-0.0135099960045
0.061212375622
0.06848844523
0.00439048575783
0.00463380119098
-0.0276075991897
0.0798700849281
0.0517326592946
0.0865402840286
-0.0647643249286
0.0323183037301
0.0399604244544
0.0598870724382
0.0672177073157
0.0595534929327
0.117502211293
-0.0573127550221
-0.0364627687268
0.0825011048274
0.0276598905091
0.000831708624785
0.0280738381991
-0.0175932987366
0.0248006722569
0.00864908409479
0.0693729721816
-0.0679392309291
0.112688767813
0.0346478722445
-0.0130635620388
0.0772981525742
0.0287287137357
0.0564071624215
0.0680145900296
-0.0411767136776
0.0278485477847
-0.0218234563841
0.00982792613208
0.0274884394531
0.0608670608567
0.031022828483
0.0586153546246
0.0909000912242
-0.00508631316559
0.0129268167538
0.084155554429
0.046763126593
0.106213204651
0.0570565354713
0.08074806926
-0.0203684654091
-0.0382507463991
0.115619679909
0.00056645898802
-0.0123736618155
0.00746233888816
0.00923164948362
0.0403351904425
0.10402135144
-0.00650913131308
-0.00366892631845
0.0733388997298
-0.0519235211982
0.0789674364884
0.0147279367608
-0.0115461970879
0.131274462945
-0.0213508231194
0.0116898071275
0.0900315555678
0.104462907555
0.125039026895
0.140352943701
0.132411999316
-0.0558543756321
-0.0180220519979
0.110528619138
0.112865168141
0.0817827611187
0.0499216218875
0.0978086785053
0.0809880425908
0.0617366280824
0.00350166205864
0.0483288283664
0.0371503528832
-0.0700298432781
0.0255953963348
-0.0169222491103
0.00986100761405
0.0774476850066
-0.0496333948614
0.0952079301514
0.0649272562474
0.0211993471113
0.127978132646
0.132172071045
0.073859129203
0.0987957029102
0.00228344821329
0.0367241376692
0.1054992316
0.0286495263453
0.0803977149524
0.035912452922
0.119543777612
0.103288709907
0.100900236548
0.0819529826397
-0.0591779482795
-0.063526819568
0.0637524233861
0.0834219976763
-0.0413332718045
-0.0611247674327
0.0447125015659
-0.0118816735241
0.114426792421
0.0701681574898
-0.00230765237194
-0.0304150070267
0.105167270992
0.0278822552416
-0.0395889266455
-0.0794939146392
0.0827186041273
0.0649149118764
-0.00461987120693
0.0537053121199
0.0635278322206
0.0406283661876
0.000557885172681
-0.0294458749997
0.0429214653964
0.0738711744962
0.00512398540739
0.069437862127
-0.0294702962895
0.0969447947615
0.0747338408103
0.122994383645
0.0826574910909
0.052913449323
-0.0124580591762
0.136221863227
0.0117797050137
0.0606515239037
-0.0111042073025
0.0545888355637
0.0607528570864
-0.109854507052
0.039347336748
0.0391379285867
0.018807373081
0.08932786724
0.0837231978135
-0.0166730233105
-0.0522088502523
0.046823073274
0.144493445679
-0.0256166345448
0.0460474209257
0.111505320724
-0.00496510522857
0.0726930259861
0.000249925199675
0.0637662576222
0.046732250861
-0.0435011854507
-0.0259488822394
0.088184458617
0.105101857362
-0.0279714295948
0.0755110268419
0.125195318971
0.0187877520431
0.09762047875
0.0934327791695
0.0324085679443
0.00942982567249
0.119446550719
0.109040174898
0.0301557591631
0.0627628512811
0.0758036268508
0.0362579448887
0.140974115741
-0.0383409473377
0.117005574133
0.123798440847
0.0497509039369
0.0352371648052
0.050178071142
-0.00800039749642
-0.0335936145296
0.0222236095299
0.00515330786767
0.0323975455891
-0.0278071559929
0.0686300076529
0.0554145192879
0.0704056038948
-0.0144535450454
0.140036995329
0.0516292227923
0.0689232404728
-0.100754707968
0.0641198841275
-0.0402925883914
0.0441090166253
0.0512673973398
0.0507199683945
-0.00767150949274
0.0571206323632
0.105032653165
0.110846304401
0.0738325956073
0.117178392403
-0.00270495107256
0.00266605365198
0.060669413208
0.0922755122112
0.061761715164
0.0239526542172
0.0908191005873
0.10998254734
-0.0839304492253
0.0771851244171
0.0425127481006
0.0748495388518
0.0110836783179
0.0274192707396
0.0439095281037
0.0949610316767
-0.0659811144845
0.0876091629576
0.0220154089753
-0.0324561012164
-0.0159703866186
0.0149771634584
-0.00427264940641
0.0821066859012
0.1018059659
0.0529885941976
0.0318842138726
-0.0435295719603
0.0286063742908
0.0264013692344
-0.028624557518
0.0975388732195
0.0935401321107
0.130724480569
0.0917598683273
0.0557109587731
0.00946556721502
0.0376742632651
0.0744506238202
0.0633765148126
-0.000886938405802
0.0235467259908
0.0160380644123
-0.0328638582258
0.0936425124985
0.0139180507376
0.113973311607
0.0414411113927
-0.00525725329383
-0.023608117882
0.121607126558
0.106719656306
0.0630287103633
0.0973920592925
-0.00751102806531
0.0755425223272
0.0407678491094
-0.0485950538285
0.0020616146675
0.0934504406092
-0.0411404893033
-0.0102128252134
0.0425737606372
0.0267107894861
0.0140533897882
0.113137350887
0.0214049052136
0.0700165669893
0.00931285764371
-0.0467420465123
0.040360168314
0.0392681968582
-0.0417818870125
-0.0231884243233
0.101222845697
0.0875839417574
-0.00268656090704
0.0649087988595
0.10546099485
0.0154966029558
0.0298544365108
0.002632721654
-0.10749615253
0.0929998724888
0.0832576534494
0.121300343965
-0.0412729868658
-0.00581272963864
0.0255739439614
0.0701970560514
0.0448050950149
-0.0893422681902
-0.0835664978187
0.0820972108863
-0.0206728016893
0.0178488056381
0.0428000022493
0.00769094386153
0.0546056530217
0.0592781002476
-0.00144655957128
0.0779650060152
0.0409423677207
-0.0313887920409
-0.0284530899129
-0.0364364011599
-0.0605684865924
-0.0122537899211
0.0580943710473
0.0470298579904
0.0628401369529
0.0585069825584
-0.0439920601308
0.102074797393
0.0909059847384
0.00737232841517
0.0547268478292
0.0446936396383
-0.00890594861439
0.0175501857039
0.0826942157508
0.0256165179824
0.102580852025
-0.0129600062325
0.0911603797177
0.110589433662
0.0875231451363
0.0195226427066
0.00215363107698
0.0541562692993
0.126947855671
0.0626458852405
0.102359289528
0.0679487054483
0.00469931336008
0.112960738242
0.0797559722756
0.107670310887
0.0904522200527
0.0565031826881
-0.0122877945512
0.0646207313829
0.0157181845328
0.0833941398133
0.0725372317989
0.102739087457
-0.0246240149357
0.0217165417296
0.0643257240241
0.0947531426742
0.0670312238493
0.0658194606412
0.0015691930737
-0.0129710152922
-0.0197036755364
0.014668966612
0.0159061937701
0.0953525433618
0.114832462919
0.0158903513472
-0.0561883603549
0.0968728776688
-0.0499670766753
0.034803492704
0.118920650311
0.0243729589925
0.0713300842961
0.0176495005381
0.0611222610205
0.100732994443
0.129065094855
0.103385607431
0.102191408243
-0.0663338013744
0.0788192113784
-0.00686590974761
0.00791880836113
0.145466353392
0.0272966476988
0.104922485677
0.0821969657749
0.0866801163265
0.110494742291
0.0168908994405
0.00642936365538
0.131778886814
-0.0476412989475
0.068729413505
0.00353062830009
-0.000620760097203
0.0839332267995
0.0196663203083
0.10916321438
0.0300383556384
-0.0563500961776
0.108009384736
-0.00565119449431
0.00109395935562
0.0117858409901
0.131645943109
0.0428209120567
0.0771166099859
0.0712532685926
0.0853905464415
0.0505785170544
0.00166549867959
0.142338460925
0.0198261069106
-0.00634728479944
0.0944926000631
0.0436514151392
0.111365274884
0.0423023101852
0.131904841318
0.0702065028519
0.104187127188
-0.00971074032778
0.034021740861
0.0311350438317
0.0108086824619
0.10348958566
-0.070510169181
0.0691983568759
0.0651197273668
-0.00515375807776
0.041725632217
0.0757737072628
0.028132247143
0.10504423042
0.00634774146418
0.0559564645013
0.0774064513744
0.0940761008956
0.0883052212484
0.0851557604347
0.0954186598018
0.137438956233
0.0533925058625
-0.00154725812602
0.0449523578303
-0.0659531269485
0.00349395126173
0.0309811546532
0.0679832124081
0.119606177861
0.022682193921
0.0212629457269
0.0741408562986
0.0928514042131
0.141421288149
0.0149622888726
-0.105489781354
0.0819600486478
0.137172399963
0.111387200319
-0.0640481436464
0.113529173721
0.0225187462639
0.013316897996
0.120518172265
-0.103259845183
-0.023254247372
0.0733228473698
0.0412088471996
0.081250257392
-0.0226532807505
0.0794951390516
-0.00779960369911
0.0444297573295
0.0717133757068
0.0304954647516
0.0483086599859
0.0153730358151
0.0307045802446
0.126270163978
0.0940672475581
0.0727275997031
-0.077836482594
0.0854882646093
0.0472508096579
0.107387197562
0.117605167656
0.0467891746223
-0.0870884862828
0.0925162030812
0.0944840023016
0.0981319357482
-0.0626416499187
0.102873973894
0.0510941268017
0.0888708518585
0.0641366963411
-0.0128548281069
0.0355447133967
0.0320075382331
0.035096909507
0.019810221741
-0.138322483114
0.0562366637709
0.0236513360903
0.0256810450547
0.0661260473025
-0.0639332492343
0.0307840916822
0.112808134178
0.099201793237
0.0612916222104
0.106749957044
0.0756707718796
0.124653544967
0.0741092164011
0.0309263624593
0.00791292146437
0.0983723263149
-0.0300224309507
0.026612172244
0.0594316138662
0.0409757957999
0.0787427575048
0.111814421968
0.027592701958
0.0417421075834
0.0053456719626
0.0859064014386
0.032428331694
-0.0346801173917
0.0706452607009
0.0897596422793
0.0371666577661
-0.000937770962837
0.0332386102647
0.0577255026192
0.0829182737856
0.0630998583166
0.079548519544
0.0581227320369
0.0200192012188
0.0131655350907
-0.0465739647156
0.0511020097861
-0.051556071866
0.0959930476334
0.102601352641
-0.0382223947742
0.0359429129802
0.044215576127
0.0640970758613
0.00855875160701
0.0498682884223
0.0660597406157
0.0694943584785
-0.0282969977786
0.0646813383048
0.0639442813304
0.0127029488751
0.034449621271
-0.0769575723508
0.0730665541651
0.0241443857342
0.0302023850161
-0.0113903439529
0.0218232995608
0.0927840086403
0.00548399182638
0.0959392698037
-0.0528757493728
-0.0225987870145
-0.103402138558
0.00574082851705
0.0796078906896
0.119701619847
0.0177737416612
0.0312941902305
0.047847087984
0.0613676244862
0.0209972709842
0.0249288845103
0.0325722132552
0.060467805121
-0.134458502674
0.0426291450393
0.0979208590277
0.0683126887779
-0.034052353672
0.0330019290731
0.00316275588811
0.0959425577029
0.0309653530122
-0.0621379391447
0.124235194947
0.0942829339963
-0.0531106506823
0.0641949775128
0.015535581889
0.0153528998285
0.00168393565859
0.0450600995322
-0.0310883891194
0.124764309097
0.0753203519861
0.063833515247
0.0236818280166
0.0251848478033
0.0278931660156
0.0881501115495
0.00977377644436
0.0746569302481
-0.0218556072956
0.146995698629
0.0777969166384
0.0270657358221
0.14124446753
0.110808174696
0.11272932593
-0.0381995652775
0.0161560112853
0.035347557298
-0.00670008681962
0.0400764726164
0.0122450139776
-0.0123502544061
0.083455120217
0.0379399029057
0.036106334783
0.0845830053915
0.0157740193103
0.0526223279365
-0.013391661936
0.0547988886183
0.0451784492708
0.060847365526
-0.000912876937505
0.0974031770562
0.137206543963
0.0952406158672
-0.0393062829626
0.0584900919249
0.104721773504
0.0161367136604
-0.0460874787142
0.0121711922285
-0.0226864410001
-0.0281632618834
-0.00917172183554
0.0467046146812
-0.030368796451
0.0149845658009
0.016989251314
0.0877735000091
0.047673117466
0.017227975603
0.066818952849
-0.0911284766158
-0.034440511901
0.0211038762684
0.0314160004802
0.0278673307299
0.0653886558427
0.0904961103619
0.0582937809857
0.123022515239
0.0184631866579
0.0488556389719
0.0145021239477
0.065324296089
0.0503379341144
0.0884273701842
0.0490745693166
0.081181693779
0.0232384550617
0.00243762878063
0.0286748196166
0.0289126011756
0.123113411151
0.0218657904024
0.0499842041511
-0.0189009371933
0.00292263525843
0.0437184486087
0.0264027232216
0.0412937199337
0.0296840125569
0.077927902936
0.0987423011059
0.000331980615991
0.0406732109014
0.11963514555
0.0680470531334
0.0595498806698
0.0272184854752
0.0895949794269
0.0677392313572
0.0178569972905
-0.0390894710199
0.0485689723277
0.106181256026
0.0612493620104
0.0266202533944
0.000696913181674
-0.0370609970177
0.0743233505347
0.0397136193686
0.0507011107136
0.0759917620472
0.0487068100716
0.0891913525314
0.0272532266817
0.0866603511135
0.122987954767
-0.00335971041906
0.0025803217956
0.0115885028769
0.04202020646
0.0403867728558
0.099469084201
-0.0188567307717
0.0348244094087
0.0771724715482
-0.0239231690289
0.0149681409754
0.0551530564137
0.0237726325789
-0.0203461581723
0.0335388065749
0.105192818179
0.101606560763
0.0502471903986
-0.101884162386
-0.152758164017
0.0748705655998
0.0216049898301
0.0109521213457
-0.0307600626004
0.0391093766523
0.0675023146108
-0.00657117679751
0.0298499370993
0.118197993397
-0.00697549806597
-0.00786752958462
0.0964305985447
0.0788047074107
0.121360505969
0.0473022516473
0.0472097524755
0.0222078277463
0.0713714668242
0.0580540501151
0.0342634486297
0.0182132862022
0.0782120662633
0.116318827533
0.0887384052209
0.0916756672387
0.10300549251
0.0224541705812
0.00772536079071
0.026137388903
0.12191516039
0.0315050527616
0.0753913042863
0.106126749498
0.0872410357678
0.00929036356328
0.0163083698857
0.105351447715
0.108305022049
0.048053699066
0.033240480286
0.0150982082592
0.000814764569387
0.0992812900303
0.0725341733919
0.0474437461358
0.102779529856
-0.0609177688856
-0.0281425688267
0.135319995114
-0.0144430511988
0.0102706440884
0.0308697732102
0.0998306075369
0.0856820174082
-0.00073037006335
-0.0621915249858
0.0459664475072
0.0483871505928
0.00157999397716
0.0112856610705
-0.0190659061418
0.116252796473
0.107702714193
-0.0108924991808
0.0889093984187
0.00513869452829
0.0450337669103
0.0214420115947
0.0296102788968
0.0409576043418
0.0922255420733
0.0925679773488
0.0434447665659
0.0476299043204
0.0676297462094
0.0164272733344
0.0139268895224
0.0928948897859
0.0213999533974
0.0640963301929
0.0213711510115
0.132873786701
0.0757861151076
0.0580853831373
0.0314124284324
-0.0497756410602
0.115320779475
0.0342136285117
-0.00897644575764
0.0759481744199
0.0918148704835
-0.0878385696212
0.0543774730001
0.0538289112848
0.0171441359945
0.0117081016331
-0.0420192783837
0.0521458404245
0.0796822093462
0.0698764992015
0.0365189691552
0.0766624243115
0.0707847911944
0.0348315304458
0.0541354507285
-0.0231981012761
0.0743937352505
0.00347342255332
0.0460275073203
-0.00913124021513
0.0776985007305
-0.0864349424906
0.12752054494
-0.0122380508157
-0.0184675178689
0.0933133444561
-0.0249771236366
0.0782736002235
0.0168828004119
0.0498155740571
-0.0123765115794
0.044783495208
0.00800815615383
0.024181474356
0.0585656491913
-0.00411905845405
0.00656974141497
-0.00498593275687
0.0799996054731
0.00520496766768
-0.0607648892654
-0.120633795341
-0.0710846575407
-0.0294540968841
0.0258020109583
-0.0360114232645
0.0250586794434
0.0800730041749
0.146826211985
0.109700329084
0.0205503802728
0.0418835671666
0.0485382039536
0.032261947995
0.0889617302815
0.028315461735
-0.0119433889921
-0.094312945211
0.00299655115499
0.125525181158
0.0720946861552
0.0374921950348
0.0448128058872
0.0917110871511
0.0376767086688
0.0748337790333
0.0633915169445
0.100214098953
0.0137614045553
0.0247534949246
0.0528050551129
0.0201793124507
-0.0320646818399
0.0709186444668
0.0617355757968
0.0233779458734
0.03200711997
0.0312267464394
0.103641470476
0.12349245282
0.141380777955
0.116681291856
0.0703213085653
0.0297860082226
0.0542471397668
0.00471019230529
0.0844233520212
0.0980697561636
0.134533020565
0.0903140566635
0.0473504112625
-0.0137060313189
0.0361277014013
0.10851246822
0.0960450559558
0.0553350247821
0.0875626155472
0.0363696800097
-0.0401714077306
-0.0274888506212
-0.0646636510157
0.0589758001436
0.0911639414391
0.0362479768825
-0.0575906559383
0.0837639387206
0.0549791257535
0.0583973320626
0.00761814081882
0.0481493512207
0.0303193294791
0.0389552738413
-0.0244980429195
0.0934416550389
0.076689957788
0.0306003804456
-0.0427514189932
0.113969661578
0.0702188932147
0.0376869330881
0.0110423119309
0.0850796586227
0.0336129410501
0.0954424497736
0.0408287928408
-0.0720956624526
0.00368150712302
0.105038405513
0.0150769832697
0.0843029941464
0.0602641198887
0.0379883593528
-0.0313525934445
0.0984072901493
0.0978429115372
0.106457764332
0.116311719183
0.0492198110159
0.0583649891429
-0.0380989164883
0.0125968130351
-0.0375641551911
0.0533186709937
0.0744785780685
-0.0325816893344
0.131521043481
0.115991426818
0.0219862754522
0.0637439459842
0.0973437354604
0.101018467783
0.0433114667682
0.0203994026375
0.0533709680611
0.0520591074148
0.0803352926004
0.0278545138933
0.000834131013814
0.0543690661357
0.101529775288
-0.0312636992165
0.0309960882003
0.0703724239172
0.0748639845585
-0.00603840010906
0.118470372045
-0.0595176164446
0.0674063238758
0.116048900617
0.0659717866566
0.0218345455253
-0.0700819399174
0.000321175077108
0.0372405461219
0.123308739254
0.0416428296792
0.0617390360397
0.0551007435592
0.0609570925573
0.0233553196192
0.0519528173063
0.024684503345
0.0513261053686
0.033410473095
0.0460769785087
0.0749109150906
-0.0649555067478
-0.0307984709353
-0.023514532136
-0.0737111414143
0.00371981596339
0.0165898811031
0.0458477494986
-0.0694816263467
0.0449852117799
0.0702496774833
0.0915565468669
-0.00676463973752
0.0662606209525
-0.00319016021555
0.0800064516628
0.112752353192
-0.075248274286
0.0956538703262
0.054160941544
0.0580222746427
0.0374129951388
-0.012115386382
-0.0177145618003
0.0522566582988
0.0646076789028
0.0599159500323
-0.0115608291728
0.102977114222
0.0505637479061
0.099205803907
0.0118943021329
-0.00581643104596
0.115374491907
0.00451069247225
0.000954644427903
0.0170457678356
0.0611772586272
0.0409326531975
0.108485112906
0.0176770810298
0.0348807595687
-0.0487908346981
0.0993410456567
0.0527697903916
0.0144851800132
-0.024791600354
0.0212174119086
0.0517707181864
-0.00576813495996
0.143976084668
0.069622451495
0.0285437366303
0.0829162766752
0.0340047655489
0.0122179823084
-0.0167141574176
0.0582739126906
0.00201050448702
0.117299384193
0.0630606032436
0.0826066384334
0.0622066879513
0.0942511882736
-0.0577937615293
0.0339412120023
-0.00302571124364
0.0657117047139
-0.0706685350952
0.0888507472078
0.115782293365
0.0129147988772
0.0651703963404
0.0294108110086
0.0542945154052
0.072835429453
0.112711997204
0.0405004539847
0.0809684427718
-0.0750652127799
-0.0119460259397
0.0117693745589
0.0226338115958
0.0871640498522
0.0440250183773
0.07837806095
-0.0451259993109
0.026702394705
0.042174871919
0.0973386309684
0.0572791734165
0.0307689673042
-0.0369158806142
0.0958303829438
-0.025125113312
0.0465215435559
0.000202928913142
0.00751582202341
0.0596683373499
0.00814933531269
0.0504922890191
-0.0105194324272
0.146079663282
-0.0326478369403
0.0264369188913
0.0508855232675
0.0769718352969
0.0505675188559
-0.0473403616851
-0.0064575896375
0.0147657778717
0.0324082532307
0.075329965145
-0.0625074288031
-0.0924378373903
0.104797927868
-0.0192339501427
-0.122404621346
0.113428459868
0.0709242194704
0.0574271186131
0.109587144629
-0.00124194572434
0.0192585503885
0.0638767546764
0.0827570614402
0.00706326178793
0.0809841083047
-0.133263933579
0.00792715562805
-0.00381567657173
0.106930210631
0.00606365717686
0.0461493095106
-0.0384532720063
0.0814676379889
0.010793007209
0.000675123412655
0.046918598291
0.0189629978982
-0.0204086225308
0.0502547906751
-0.106020621633
0.0964249651849
0.0930974180915
0.060596968719
0.0386159723392
0.0971733951646
0.0559775812829
0.0392352550346
0.064923684793
0.00293719149993
0.0654841242033
-0.0608098074463
0.0229075929886
0.118770298085
0.0509590276695
0.0532248560364
0.0462997277979
-0.0180136554475
0.0469756252712
0.0714796575498
0.105931546592
0.0945635852975
0.107952442775
0.0460517631082
-0.00967113078304
0.0964213151933
0.116031163908
0.0463681241878
-0.0227737865863
0.0451744506906
-0.056478207035
0.13104849812
0.0826826358368
-0.00418901468386
0.111509035755
0.0697659006432
0.132305869647
0.122830748651
0.102497572521
0.0389237091681
0.123832452666
0.0191138377109
0.0350611874537
-0.053024555968
0.0610813989577
0.0586580514111
0.00526568108865
0.001672827739
0.0531556527532
0.0813539077818
0.0996419286189
0.0457588102464
0.102028807363
0.0525303726476
0.108954031626
0.0282125797452
0.0155466776107
0.0199206657178
0.00539659728199
0.0683703084145
0.0790511868431
0.0746035787051
0.130020188001
-0.0409227106891
0.0564555089525
0.0632632207765
-0.0510478195014
0.0794485412761
0.0312378955578
0.000544314664612
0.132812748214
0.0385367531794
0.117574431161
0.0911133072775
0.0116048512822
0.0558237680291
0.0404710914884
1.57361328785e-05
-0.00474473353161
0.100775480229
0.0202025543813
0.105631339472
0.0605399196632
0.103895050127
0.104025463457
-0.00404524172786
0.0403037335981
-0.0592526437365
-0.00842584679875
0.0763612878615
0.0194405482135
0.115240619454
0.0311139512771
0.0297106564119
0.0440534589901
0.0834563706162
0.0438942642375
0.0499049194717
0.0628316158366
-0.0187957502472
0.0933998878678
0.0789963144108
0.0427155224855
0.0437833661467
0.00994424680937
0.0718904039668
-0.0294870263691
0.0724043344018
0.0420705801705
0.0497932240236
0.0786386043979
-0.00841086490136
-0.00484724676501
0.00198914368679
0.0736262579052
0.0411583997623
0.077138480598
0.0549319767042
-0.0224475872951
0.108933856893
-0.0989997393177
0.00399256354136
0.0111366736713
0.0387571424279
0.0391838227197
0.131651746723
0.110486637709
-0.0128230434472
0.101464717317
0.0168613877948
0.0136023413047
0.0972442386449
-0.0679611883837
0.0802817188204
0.0603782625847
0.0874145472466
-0.0181892117085
0.0759668246867
0.0224725683618
0.0492704657385
-0.0280619366862
0.0856552443686
0.0601032420155
0.0876830320904
-0.111348659804
0.105489049629
0.0975340755528
0.122258087678
0.0716773186799
0.0920691007004
0.0735413832627
0.0262908392072
0.10901440015
0.0603503387568
0.0151253143609
0.0466220020456
0.0863637976464
0.0814488714574
0.00448395043328
0.0799186618227
0.0528899980289
0.100222188476
-0.0361796463869
-0.000653690287827
0.0716607507346
-0.0339159737485
0.0820567193059
-0.00913886590003
0.0135678825608
-0.00145114863155
0.00490928188515
0.0913157030319
0.0667909904802
0.0781237982919
0.06485580339
-0.0266404049292
0.0336685063012
0.00181697871436
0.0788334298754
0.0075305077797
0.0364492133795
0.0687220700417
0.029341781341
0.0287390493841
0.0295509216515
-0.0165942531711
0.0327595952575
0.0939335868092
0.0543486927965
0.047598443554
-0.0141938958395
-0.0742951858155
0.0105837860176
-0.0192359676895
0.0653790574957
0.0936952641377
0.0577141289935
0.0227272222819
-0.00988297710567
0.07558127713
0.131754625383
-0.0169023036054
0.0626803387902
0.0533101420612
0.110248338581
-0.00548173015664
0.0822261339018
0.0437041243987
-0.0431774804465
0.0400054942883
0.0249526563809
0.0146698670269
0.115949674803
0.0890604540963
0.128173039042
0.0990576389296
0.0964130742236
0.00552872976671
0.0927219577883
-0.00868575305608
0.0830130646651
0.0339720791356
0.0894764968383
0.00204377441488
0.0812839874755
0.085664945893
0.0880194528611
0.111409481817
-0.0557960322068
0.0312921870458
-0.0608567835108
0.00217643711099
0.0330563124037
0.0212132581733
0.0796209450705
0.0760427386954
-0.000289186452376
0.0565194346088
0.0553047497308
0.104871308554
-0.034191045916
0.0255352586533
0.0332701650751
0.0646792421766
0.0315290192995
-0.0300613326583
-0.0467125092104
0.0826827114216
0.0146959506656
-0.00581302431668
0.107429202979
0.0785052671953
0.00260311616005
0.101932146635
0.0334600819237
0.12127080651
0.0790674831418
0.089531982293
0.109245879009
-0.0167364640026
0.0382835228142
0.101217248756
0.00201723527367
0.0488600464677
0.0415827674218
0.0465142526591
0.0475843096321
0.0781275838535
-0.00190644090711
-0.0075530279927
0.0115448016561
0.105908836114
-0.0371923780145
0.0235406754266
0.0355835825639
0.0438046633053
-0.0181220700093
