-0.0370925345361
0.0303014895957
-0.048734983105
-0.019799337967
0.0321671699267
0.0575984182466
0.0249958885079
0.0321876635844
0.00835008786372
0.0378983085052
0.046868189578
0.044765264832
-0.0549746108203
0.11022074617
0.00939469602384
0.0192635479714
0.0868348961102
-0.00515645256309
0.027987347563
0.0180964819608
-0.0841395938783
0.0395380021404
0.0301793633448
-0.0170050207821
0.101080153618
-0.0284144622933
0.0224015655194
-0.0525639309882
0.0321475355122
0.0237854685083
0.0764600502673
0.120467436885
-0.00345216487802
0.0115899742063
-0.0639229504928
-0.0674921462232
-0.0165672744869
0.0249486143741
0.103079256132
0.0105926494315
-0.00597164497341
0.00635770651815
-0.0861782061155
0.0613187258525
0.0135078815763
-0.0421175457778
0.0302706378308
0.0541824719882
0.0087141319549
0.0234927534111
0.00822145997609
-4.33151486554e-05
0.0480409553332
-0.0191838750597
-0.146258404132
-0.0577227542949
0.0878289965233
0.0178454686094
0.0603675132674
0.00182310430267
0.0221602955739
-0.0998442294111
0.0344425666201
0.123081014491
0.0316190039828
0.0756312539291
0.0307598764246
0.0307345928357
0.0899810423699
0.0262214526264
0.0277975755942
0.0967219674242
-0.00595907047882
-0.000151233650863
0.0156112930373
0.0867680137972
0.0813393044918
0.00971540101111
-0.00312620456453
0.0649528532214
-0.00360544759185
0.0646356016741
0.0911155634905
0.0386780561901
-0.0690881479865
0.0651683520644
0.0726248144574
-0.0347805662715
0.0247871778735
-0.196789462775
-0.174581581588
-0.0136727459054
0.0116608750104
-0.0123368821962
-0.0467346392712
0.00563978818653
0.0545830229893
-0.00110237393491
0.0298931154792
0.12918381609
0.0411530308542
0.0642476282527
0.0241191507475
0.00118280532393
-0.0728877830512
-0.104265153737
0.100787968718
0.120964563602
-0.0204154826121
-0.00666306456381
-0.0393069334653
-0.0954150517376
0.000490627300861
-0.0396963258846
-0.00573236753568
0.0247598249218
0.0511704067976
-0.0711501721395
0.0430742366632
0.0578768209304
-0.0203745301007
-0.0594059997263
0.107542909076
-0.0117147817738
0.0316947419304
0.0973788268104
0.026585524573
0.109893528562
0.0242580241293
0.0693681588558
-0.0224985363421
-0.000719242546461
0.0250912368145
0.0927161471263
-0.020553861218
0.0804305957468
0.0580847926392
-0.137389051669
0.108730336758
0.0306974080722
0.0369608669973
0.0569987372866
0.0527489473697
0.015305315276
0.0846339399247
-0.0457243395787
0.029452718549
0.0112336018274
-0.0451142668258
0.092519802045
-0.0240302782429
0.0450180246624
-0.12888145594
0.0121593264512
-0.0210130883049
-0.00668466060331
-0.0707077864288
-0.0994615960782
0.1101557233
0.0537668187394
0.0861682905226
0.0704201341865
-0.0732039052713
-0.0122051988029
-0.0476078451037
-0.00013515011579
0.0110805356148
0.0230939873274
0.0171796218028
0.0108889790182
0.0248410337043
-0.0102057272273
0.11470335425
0.0122702539485
0.0717351667473
0.0176458729143
-0.000977749062514
-0.0465611246367
0.0376385442027
0.014476641581
0.0266124818936
0.0722133112869
0.0611810834348
0.00715094764841
0.0136919964965
-0.00202293773871
-0.0602938177523
-0.0803175070178
0.0869543390923
0.0480325534083
0.0143497821178
0.020729206931
0.088070828051
-0.0693877690332
-0.0623536492198
0.0472132409119
0.0724275411394
0.0440131386403
0.00228403675076
0.00130010738136
0.0349198209584
0.0783895017387
-0.0344518345465
0.0538232011717
0.0539718158879
0.00118528310448
0.0514808789333
-0.035146426567
0.00939348669844
0.0712209826859
0.0494221874741
0.0816255526314
0.0470235031643
0.0604440669534
-0.00997882059353
-0.0208220598729
-0.0719857306432
0.0450914602036
-0.0174094973889
-0.0109069174227
0.00261453922523
0.0893689737871
-0.0631664621309
0.074712066898
-0.0469159407084
-0.114756570023
0.0422486331552
0.031411146631
0.0361303091026
0.0232919313883
0.113165588721
0.0859392691126
0.103567121324
0.00581589298744
0.0028501878537
-0.072906091219
-0.0732707453936
0.0537235749705
-0.00784769754616
0.108717269887
-0.0186129226677
-0.0307250939121
0.0262309797669
0.137040815962
0.0826096580149
-0.0319546989777
-0.0122068806611
0.0150599935767
-0.0209593933718
0.0870647359044
-0.00888495799681
0.0465509219945
-0.0160053542659
0.0735652649974
0.0322670725925
0.124372768209
0.0285460220816
0.0803254391484
0.0756473915705
0.0234287854749
-0.154916721678
0.0392688926069
0.0188850646067
0.0527105762966
0.0701317004426
-0.0136341650251
-0.0228910355524
0.0605325709381
0.0363479449301
-0.0226912784889
0.108655458107
0.0997599944703
0.0371239361967
0.0414050318421
0.0243698514153
0.0120372543693
-0.0350882374422
0.0249838945127
0.0474645991409
0.0243286672375
0.023903165343
0.0897363815588
0.0943545312605
0.0681017136376
0.0222162257184
-0.02555971795
-0.0953258114928
-0.0184614278179
0.0933619941329
-0.108599282719
0.0655463379485
0.0962696511078
0.0728536559426
0.055125953034
-0.0512920378701
0.0450306364332
-0.0920303828153
0.0293077289341
-0.106668446703
0.0135896627146
0.0116255499716
0.00387919581239
0.0677585904782
0.0169526980944
0.0894292889131
-0.00582545050624
0.0269589448907
0.0708194439146
0.135208132695
-0.0181184287037
-0.0526322585887
-0.0214708905241
-0.00690270397872
0.0288019471301
-0.0336844871721
0.0679549001634
0.00544620943891
0.0639186115955
0.0360554350938
0.089382567309
0.0554737720523
0.0478316493394
0.0530495750036
0.0224931733414
0.109608045144
-0.0623864513683
0.100801553068
0.0178041271964
0.0117179461943
0.0605302902354
0.0287954940753
-0.0478411391949
0.0655119501172
-0.0341022906706
0.0483028068207
0.101212645448
0.12702816514
0.00751317424935
0.0103345336092
-0.0319428703507
0.0120407666562
0.017918565021
0.00131263039402
-0.0198671366846
-0.00323309447706
0.0151300461991
0.101020016414
0.121967594682
0.0764625447492
0.087949625847
0.101900457962
0.038509655814
0.00593430696477
0.0940640084358
0.0154171180117
0.0685345673366
0.0659688568127
0.0345942299987
0.0698819535937
0.0837039873639
0.0534086479581
0.000171927359315
0.0524676655153
0.0166438954896
0.0371667907268
0.0374360714259
0.0217271002046
0.0402729428146
0.0615734317317
0.0156281885571
0.00945469302917
-0.0357485813057
-0.120460799804
0.00734727733036
0.0632871789237
-0.0139417843914
0.0660678850824
-0.04759456646
0.0519833078829
-0.0523111302851
-0.0161331152745
-0.0528776460778
0.107107325605
0.0486221342426
0.0658423772721
0.0708458787167
-0.0409299809024
-0.0687902827763
-0.0322695828177
0.0813886732842
-0.0636875749761
-0.0979930464484
0.047567121463
0.0295756043215
-0.0517091201686
0.0147023121612
0.0180671269818
-0.0311897322683
0.01595777204
0.0850977007506
-0.00442002123633
-0.0064145186553
0.0547065774596
0.0617187420172
-0.0676836216183
0.00013599607569
0.0137039608767
-0.0647618786268
-0.0100292965788
-0.0509258962545
-0.129965895882
-0.0564776159117
0.000563113521062
-0.0940602650811
-0.0420382784308
0.0571738255692
0.00675587140404
0.00279863126283
-0.028627964503
0.0620180733577
-0.00441319608237
0.112562813778
0.0898495726991
-0.0332956909153
-0.0839757494301
-0.0641862665586
0.092775291312
0.114252486652
0.0269945622074
0.097151505225
-0.0650449497523
0.0116964238139
-0.028439063669
0.00132375363737
0.0309486311472
0.091197763889
0.0752702825728
-0.0222070365378
0.0504459703445
0.0180188563502
-0.0848168820356
5.15366191998e-05
0.028670651719
-0.0383514077683
-0.0208180079958
0.0933875484015
0.105073266431
0.0647909511534
-0.0159549024741
-0.12201127548
0.067045537346
-0.027218325274
-0.0515454960592
0.0352332667566
0.0711025432147
0.0753150117876
-0.0334775873536
0.0204796050248
0.031540833868
0.0911902032187
0.00505358017837
0.0824645717906
0.0631522191645
0.0328408273239
0.0198883730124
0.0506713976742
-0.0328433619662
0.0198380710362
0.0927096567956
-0.187009224446
0.0340235950498
-0.114228589829
0.0318335402525
0.0749447469733
-0.016567051188
-0.0166653838475
0.0137477416219
0.0420577393406
0.083041755394
-0.0992420916527
0.105547867349
0.0647816740663
0.128837456772
0.00682568771536
0.0335238375653
-0.0489995936723
0.0452303486783
0.0413953553328
-0.0047661798414
0.0490901251642
0.0726273250364
0.0753077308818
0.0253449245802
0.0850646159815
0.128687057939
0.0217829585348
-0.0101821224982
-0.10984737403
0.0303355781758
-0.00604788390675
-0.00806627553564
0.00511436254807
0.0195749369577
0.0112581122137
-0.108078226789
-0.0550839037524
0.0198942399507
0.0223374431164
0.0560289976903
-0.0293470468069
0.00663009207486
0.0407090814756
0.02940025818
-0.0673409808553
0.0295671807691
-0.0124477934779
-0.00178534689623
0.0731996846649
0.038209199739
-0.0348120454044
-0.0220147995592
-0.023631029607
0.0268519462351
0.137521004644
0.0454014378691
0.045655492542
-0.112733899054
0.0651417780659
0.102432340235
0.0181467716884
0.0283844830924
0.0596378212055
0.0410339144211
-0.0675808650715
0.00901994406949
-0.076990025218
0.0607810043587
0.0500697469369
0.0965564467959
0.0718991981553
0.0243018943239
-0.0572949800327
0.0879055770994
-0.0394193110483
0.0329269050477
0.00182618162075
0.102385026221
0.0526923268227
0.0711158878928
-0.00648728649511
-0.0293172930887
-0.0213454159368
0.0174515968395
0.0288617493088
-0.04574063235
0.0233981553478
0.0995773527936
0.0454914226697
0.0906335246989
0.0981457197389
0.120597534555
-0.0715540544683
-0.115865234622
0.0815652863223
0.0319665266308
-0.0607360893283
-0.0240323898978
-0.0161210807154
0.0701137998074
0.00355781721798
-0.0460333852271
0.0246650341905
-0.0268164369048
0.0776366694706
0.00315485326189
0.0201214134763
-0.0413937457512
0.0523316919392
0.099334034578
0.0868340788163
0.081584197996
-0.045559905794
0.0288387675961
0.0775185078423
0.108096839074
-0.105448746573
0.0338031493494
0.0533455817359
-0.0107705981655
0.0534437527454
-0.00901168856879
0.12024419241
-0.240848709675
0.0859995904352
0.0585219524403
0.0709844516231
-0.0544081971504
-0.0135851511377
-0.00355930340491
-0.0163828196698
-0.0652385769617
0.0768020799054
0.104213776648
0.0380642467053
-0.0672195243544
0.0541512850272
0.0209620891954
-0.00387577126505
0.0207113650437
0.00450447208626
0.00580172229896
0.0876054531544
0.0223257079255
-0.0678778990718
0.0775384919813
0.0345109272068
0.0774593084968
0.0532133025616
0.0619701898648
0.107989475689
0.0661621361461
0.138690044929
0.13274581111
-0.126112607158
0.0180505330266
0.00069539876603
0.0341692219552
0.0327754407627
0.0834033665393
0.00834818063322
0.0501592454778
0.043023632711
-0.0128296469011
-0.013337666389
-0.0104946205349
0.030215123403
-0.00680388544514
0.0458344166867
-0.0297410617815
-0.0705175494633
0.0314775223191
-0.0691014866586
0.00982049566516
0.123475663298
-0.0511001104723
0.0560808413419
-0.0085883455769
0.01900097884
0.0368642376949
-0.0100430330653
0.0998204501138
0.111619063947
-0.0779270798259
-0.0282272972736
0.00585095797085
0.0394790034926
-0.0835533264959
-0.0256487522214
0.0850023351082
0.104374914266
0.0383393660748
-0.0112167695171
0.053709707028
0.0957354595485
0.0280701125455
0.0617108156909
0.0767757225282
0.0176055200032
0.0795294181674
0.0867645209229
-0.0755387878229
0.00848401316592
-0.118265939196
0.082877289096
0.0128867889998
0.0851649638678
0.0589394002238
0.0600781553526
0.0225941675435
0.00134950477678
-0.0349264785647
-0.0599156665564
0.0411066062298
0.0784782372102
0.0579706282176
-0.00422221743677
0.0614849279154
-0.0514655900455
0.0444582994538
-0.134821646767
-0.0160949611515
-0.100714332283
0.126380014252
-0.0947365318548
0.0182649312512
0.121072020337
-0.111140525662
-0.0374645077033
0.0159505089035
0.0859889255312
0.0509559821697
0.0481423538908
0.00663792174196
0.0600682383406
0.030290716509
-0.11436760715
-0.0692847194865
0.000806207981872
0.0110821140051
0.107199879498
0.00826487553544
0.0389175206166
0.00160930328737
-0.039486962992
0.0512202070734
0.0640401538546
-0.0673114388752
-0.00695644784366
-0.0381818665169
0.0665354123799
0.0566144666786
-0.15473630185
0.0474874635908
-0.0541429797336
0.0177204900179
0.0384679241873
0.0619780505213
0.0275834444077
0.0719173203477
-0.0130361264442
0.00741409105175
-0.165431559079
-0.114949368013
0.0369608040596
0.0738750447945
0.0195358166544
0.0864721684617
0.0596118125922
-0.0103332385106
-0.00078113581416
-0.0134792778084
0.00540555435224
-0.018326797206
-0.0265586672295
0.00664016436461
0.0840430470069
0.0212307913693
0.0923035311066
-0.114946945423
-0.00350445576296
0.0545677545863
0.0487222256586
-0.0946424001507
-0.00178893670777
-0.0192516954473
-0.0375238041915
0.0824496757843
-0.0188753825089
0.0218330525431
0.103897077575
0.0296445055062
0.021101123987
0.0517321561106
0.0590176461284
0.0126825792861
0.0161346373828
0.00422094590524
0.0326033198979
-0.0179854726815
-0.0619725591171
-0.0191842142635
-0.0120359730865
0.0750348293577
-0.0103168816404
-0.109984307736
0.00163585517873
0.121834867561
0.0275547985306
0.0663909804283
-0.118590349091
0.00814200247078
0.00525341706902
-0.125993269557
0.0149332736954
-0.00175523878873
-0.050705295986
-0.0588719912464
0.0732931681991
0.0212407630411
-0.026359071944
-0.0173334103525
-0.00380036544158
-0.113948123198
-0.0859406053156
-0.0973251084215
-0.0171014149635
0.0179960167439
0.0901630944629
-0.0160666709803
0.0479514864693
0.000357918629529
0.0834856711969
-0.0095449338592
0.0121745678888
0.0349575224776
0.0242947181853
0.0890909566031
-0.000454024332164
-0.0198602386223
0.051909974505
-0.00904139322235
-0.0330082789727
-0.02374626467
0.0101593238641
0.0362525626213
0.0971801528061
0.00262813881483
0.0708759969018
0.0676531427467
0.0433767710819
0.0251535074734
-0.0109349089949
0.0147969550027
0.0148725347619
0.0587911572084
0.00225134491666
-0.0284505803613
0.0436038195646
0.0759322079823
-0.0760777087394
-0.0222607937334
-0.0771081205964
0.0682277837349
0.0578141425835
0.0349686093817
-0.00549506739067
0.0824023559967
0.024832159153
0.0685820437512
0.0743252261611
0.046207351755
-0.0167595626129
0.0524084246969
-0.0781464641399
0.0642285193912
-0.046213783884
-0.00852228580812
0.090910684144
-0.0960373068647
0.00812357652583
-0.0576318096975
0.0251226471102
0.00041732409894
0.086566871975
0.013765643589
0.0274917972278
-0.0457518290704
0.0762156114346
-0.00923174007854
-0.121799436176
-0.0869010542656
0.0454607649385
-0.12055439074
0.0194416554499
0.0896551967949
0.0129591362397
0.0979838219529
-0.0151045597551
0.0358382968862
0.054042882457
0.0205299314972
0.0126044608699
-0.0138536319042
0.0609320904443
0.0805019264759
-0.0173186383074
-0.0828361464114
-0.0952644495415
0.0119716952627
0.111086566844
0.0967012200481
-0.0393832529658
0.116070833717
0.0443279947892
0.0743228220881
0.111592272711
-0.0228190521091
0.0435010747378
0.0745063897317
0.0540910676976
-0.00763166964706
0.0594294388262
0.0994190245147
0.0484015771867
0.0314495163208
-0.0621728734437
0.0529170919925
-0.060228795985
-0.0107855811912
0.0345561916214
-0.0561599658425
0.0484471597612
-0.00141064803922
-0.131912174238
0.0543613058839
-0.0975381073197
0.0026386970879
-0.106434279793
0.0242267383855
0.0489440884429
-0.0514610596419
0.0749237010443
-0.00378283085566
-0.081583262246
0.00401862033331
0.0696630092473
-0.0241690515868
0.0605882824475
-0.106304517285
0.079192201291
0.0562077109852
0.0128660180934
0.00873413771899
0.0890976629242
-0.0596740511123
-0.0689409505157
0.0238701882112
0.0618290358796
0.000176882738819
-0.118966704775
0.0704281445541
-0.0616330650579
0.0191791383381
-0.0068507130506
0.108562382278
-0.203742497828
-0.0192610105862
-0.0111471227539
0.0292574372722
0.0276564662439
-0.0579464397429
-0.00125764159595
0.0895267115829
-0.0462501917119
0.110434745541
-0.0952288723214
0.0204963571077
0.0795251562626
0.0523900642311
0.0307674248179
-0.0789207012951
0.0646200756174
0.022458143997
-0.0645254261892
0.107557942122
0.0579171680635
0.0123790907564
-0.0400019721809
0.0761616892089
0.100562717407
0.0746173840897
0.00455609137196
-0.157881099917
0.0654580422056
0.0121738503081
0.00224751386848
0.0880923486341
0.0145697733567
-0.0987185493781
0.0146748644276
0.043935687946
0.0186973076239
-0.051186790856
-0.00253943588263
0.016366248313
0.10440789891
0.0507537901979
0.0109786766304
0.0407967787702
-0.128031782304
0.0638006431424
0.0261275634199
0.101047445683
0.0679381621442
0.02634420759
-0.014228954472
0.0224473035778
-0.11256507669
0.0609801962717
0.0504334917943
-0.0828548094826
-0.00357967695924
0.0583720071305
0.0266356655854
0.0611681374404
-0.0308703158287
0.0526921383897
-0.038557352604
0.0559347798334
-0.00316779187502
0.0852763278032
-0.022122480123
-0.0693210539421
0.0322724957294
-0.0437373189657
-0.0796724733856
0.0728266565861
0.12792241742
-0.00333795418521
0.0901775558659
0.0320841161681
0.101315111118
-0.0117481676129
-0.0977775249414
-0.0224969584025
0.0482512193515
0.0263567811419
0.0718662098504
0.0396214801166
0.107113779026
0.00885829050246
0.0237845558953
0.0917268564143
0.104224527242
0.0227367425182
0.0148182395498
0.0157685787206
0.0415949300747
-0.0945098802098
-0.134560290748
0.0969365455567
0.0764140216374
0.081871347286
-0.0176513310826
-0.090833139554
0.0657337372774
0.0309821093344
-0.0155889114631
-0.00419703594702
-0.0379651216096
0.0635515173338
-0.000178093436713
0.0949818145555
0.0945628840981
0.00612238272284
-0.0163652587664
0.0259297755868
-0.0169136054857
0.11182669329
0.0449653266064
0.0118837941061
0.00618029442944
-0.0288870835774
0.076721749958
0.0988282140719
0.124234755264
0.130415806528
0.070235923119
0.00322885782413
-0.017079345047
0.00669803470471
0.0177607507898
0.00756964508106
0.0406925553669
0.0229653724753
0.0533331666836
0.012603751522
0.0308280386235
-0.00240889077451
0.0444217335498
0.0112997227052
-0.0216482179601
0.0424026935566
0.0285477858039
-0.0450784411012
0.0840960326464
0.0642342251223
0.0387088085395
-0.0281207118187
0.00894608419408
0.0836136465946
-0.0141844791975
-0.00564747580842
-0.0994785458445
0.00271415267404
0.029206776876
0.0313731387892
-0.00751180480388
0.0477308200441
-0.0235013073238
-0.00661155064289
0.0684489146106
-0.0501242065541
0.0274740109834
-0.00505772346668
0.117499190849
-0.0899282944853
-0.0613440132001
-0.0178214502293
0.040927756939
-0.0327442557464
-0.0417007464111
0.0268211950186
-0.140657173225
0.0173643469938
-0.0427186443342
-0.0107168812904
0.104591772133
0.114677190567
0.0897776245699
0.00663926447307
0.0800471053048
0.0553111209037
-0.0255835343502
-0.0116590901448
-0.0842520061116
0.00373967320413
-0.0760944365656
-0.0554382527414
0.0897807178638
0.0305606003433
0.0946770367641
0.102379187381
0.034777189387
0.121665845131
-0.0158583642244
0.0864684219829
0.0969724858706
0.0460984255783
-0.116680350972
-0.0526728040038
0.0765071361243
0.0961171059386
-0.0647134551888
0.056013522192
0.0010487451857
0.0368644942917
0.094105094319
-0.0232604020023
0.0610946212135
0.0402580633407
-0.0244859628575
0.0131289116196
-0.0250680945748
-0.0178951030942
0.125747101132
0.110703960395
-0.0366297106941
-0.0485896006477
0.0147739581259
0.0351032468828
0.130880705897
0.0063775206141
-0.129499039194
0.0121212169915
-0.0124787734067
0.135230476283
0.0811675364918
0.0269551208266
0.0473812710736
0.0240676037746
0.0900238217408
0.134533299268
0.0212249934826
-0.05709967911
0.0485480332911
0.109008664871
0.0615144059799
0.0826943572423
-0.0141296498667
-0.0196278457394
-0.03050712559
0.109372674376
-0.03262852751
0.035442714084
-0.0480369889304
0.0997312795422
-0.0102020417531
-0.0412755191696
0.0711646216291
-0.0425076841513
-0.00699204820724
0.0727342468402
-0.0187109729972
0.0844069412835
0.0993169559681
0.06111927808
0.0670558980981
-0.0152238761267
-0.102491313924
-0.0482191191413
0.0929846172596
0.105241339216
0.0585009902718
-0.0753335330814
0.0555431849466
0.124808833002
0.0669922204799
-0.043611333997
0.0381725633764
0.0282852034205
0.0479873579027
-0.00966653961492
0.0506615031042
0.0346489064198
0.0400073732807
-0.0205381183394
0.0345447603483
-0.077226928319
0.0693655694282
0.0781366116018
-0.108712106187
0.0596586066317
0.0117321915009
-0.0257952157077
0.110397091457
0.00718910785397
0.0634283220381
-0.00389712992538
-0.0246767857844
0.0596502105618
0.0600580713208
0.10527180778
0.0104797373939
0.0280745377795
0.0446595230046
0.045473133531
-0.0454451334443
-0.0708037991688
-0.0575315545815
0.0376243106288
0.0532776774232
0.106760804806
0.0615322703864
-0.052264413396
0.0410169822935
-0.0100646388793
0.0644703150456
-0.0128724315409
0.00885524471719
0.0456331558529
-0.119120162977
0.00102623975519
0.0511847186108
0.0792309804866
0.0705500210153
-0.103594097713
-0.0378781830246
0.0655217744935
0.0326219464516
0.0354767157844
0.0752761512937
-0.0746496344298
-0.0161086743017
0.0759467370538
-0.0657937576368
-0.0214473299133
-0.0271516328436
-0.02868910444
0.0504926235564
0.0113732409888
0.0497748672623
0.0313382584817
-0.0463693668071
-0.0346888616706
-0.0812085243762
-0.0766707978054
0.0120798085604
0.0165004956119
0.0180709669689
0.00816815045611
-0.0123743627134
0.0558537107057
-0.0623039681027
-0.0189702987708
0.0725122078328
0.0923454210612
0.0881864969812
-0.0202542403598
0.025442377543
0.0114655121462
-0.00337738684806
-0.145605079518
-0.0216894986783
0.0821438419661
-0.0242225695098
0.0175345029345
0.0469935434731
-0.00490726690444
0.0137724825534
0.00524787655779
0.085294284414
0.0086636407512
-0.014933658048
0.00789699645346
-0.0564350260348
0.0485773598311
0.079334681682
-0.00415476563103
0.0348436664778
0.101942737374
0.128532578272
0.0413309841478
0.00843449547559
0.0177538612715
0.0099086608278
-0.125603207277
0.00285485279568
-0.0228174202973
0.0612504830788
-0.00934510826263
0.0136956288917
0.0798359767092
0.0565339530693
0.0637273317178
-0.0809821886261
0.0848843596293
0.0658194574017
0.0746920637582
0.0742426288303
0.0706534979002
0.10334027659
0.0374935141034
-0.0145718399825
-0.034693965043
0.00990884162742
-0.0607451689606
-0.00183466740289
0.0475183446438
0.120269226381
0.0634591012976
-0.0331109536689
-0.038615129541
0.0557987741889
0.0653485484737
-0.139912049253
-0.0231778080626
0.032762638553
0.0626173954323
-0.0723758990876
0.000984427224202
0.0618220634625
-0.176866232644
0.0823512211124
0.0578109461809
0.0768811869273
0.00292321199703
-0.0748810529993
0.121329700768
0.029557324879
0.0290640237911
0.0591142762313
0.0297646355073
-0.156904278809
-0.121669521548
-0.0413866015612
-0.0105955971925
0.036913007726
0.0911987737718
0.0769388549371
0.0548976740187
0.0195823134447
0.0397918344032
0.0685949762047
0.113905966419
0.036371362821
-0.00352123209365
-0.0523604873903
-0.0236252178888
0.0557709214072
-0.0251521816677
0.0500985544757
0.01027986617
-0.00751057554695
0.0466651521237
-0.0193453534326
0.0330335133006
0.0150117291122
-0.0651009747746
-0.0442127990469
0.132874536424
0.0440113360547
0.0024489236812
0.0154274808604
0.126766945456
0.0113785763382
-0.0631104638013
0.0149536240696
-0.0707621709643
-0.0193893049208
-0.00684819822015
-0.066665066479
-0.0234312423208
-0.0762139052975
-0.0218805804705
0.0253699254151
-0.0200729714202
0.0337710219989
0.0928734709082
-0.0363989212499
0.08082386235
0.0938449435992
0.0463722645835
0.0245182382597
0.0941822867668
0.0478804802255
0.105777153886
0.04410930117
0.0424897821199
-0.00425198395545
0.105910375218
-0.0697752050151
-0.0953787556371
-0.0190566580242
0.0787321302954
0.108575283375
-0.104894954577
-0.0462775472381
0.0547358114977
-0.0302280487422
-0.00711110897497
0.0761052224441
-0.0844879688191
0.000493937078462
0.0255985624109
0.123257789499
0.0449156431603
-0.0304572873059
-0.0133740304456
-0.0186582586852
-0.0408933775126
0.0426012147982
0.0959340411036
0.106865180194
-0.0426964857918
-0.0533039695132
0.0453141034685
0.0692352213396
-0.08680752695
0.0766777449607
0.072482467113
-0.0331143915921
0.00949024472889
0.0225707278628
0.0144817024009
0.012342048621
0.0114016301522
0.0215262687853
0.0532957025359
-0.00162764653631
0.0339348914898
0.0210314957645
-0.0419662888471
-0.0125714874891
0.0319449666817
-0.140518197228
0.0918187461125
0.0236868716145
-0.0269875399526
-0.0419117642313
-0.0964914857535
0.11092711911
-0.0379917667819
-0.0455602458823
-0.0921825785072
0.0987699459518
-0.15979807623
-0.0130414002729
0.0100629063035
-0.0257758709912
0.0783289933597
-0.0301761803717
0.0683450213277
0.0597972468272
0.0454117207365
0.00641378235683
0.0451445622341
-0.132709679557
0.0105283099465
0.00882144310851
-0.0625547927641
0.0177708361978
0.0403720981983
0.0451938570648
0.0691952473581
0.0634200913228
-0.0373940317961
-0.011180704798
0.0193329385336
-0.00266340037352
-0.00953395156306
0.0947971962812
0.111263723367
0.088736406323
-0.00226475403201
-0.0411185630701
-0.0758508913325
0.0600920759185
-0.0232510584436
-0.0790978655425
0.0172340552196
-0.000548193001212
-0.0218676361384
0.101817945733
0.0389151566065
0.0269014357006
0.0231226655404
0.0312926914803
0.0154272934578
-0.008758050842
0.0459074517099
-0.0516586637307
-0.117708434907
0.107332344732
-0.0116559247882
0.02740780712
-0.0154670114023
0.0714953333553
0.0655697116436
0.00930630372943
-0.102815372334
0.0341422029144
-0.00373723563173
-0.0455093204067
0.0662275715596
0.0728117440024
-0.154576940539
0.0660383972944
0.0535643234091
0.060899627068
0.0393366872157
-0.0131109171823
0.0542275313877
0.063466450088
-0.0267314764972
0.0108079927518
-0.0117314635843
0.0965664764303
-0.056828025525
0.0798624072254
0.0248644762823
0.100131499389
0.0486558833544
0.0597612920639
-0.0514034127993
0.0825879422813
0.00857632741684
0.02231722705
-0.105011443127
0.0170400982286
-0.00919846252797
-0.00376207689079
-0.0216742155356
-0.0491570904225
-0.0196893706005
0.061985050446
-0.0950101139315
0.0681575349598
-0.00451126249399
-0.0683875838522
-0.181234032055
0.121462233716
0.0279290536363
-0.0157906802773
-0.0696565028498
-0.0324427751316
0.0284824769344
0.0313146044994
-0.0258191118665
0.0505766178923
-0.037020046827
0.051787864639
0.0701092812785
0.0547566780561
-0.0202291957481
0.0615215976393
0.0966169632
-0.00613349841557
-0.0145275744312
-0.131902402463
-0.0381529211918
-0.00605695860461
-0.0280781775036
0.0464601943519
0.000832351540566
-0.0861983377854
0.0358340774598
0.012865500975
-0.0743405566598
-0.00815825932307
0.131343534784
-0.0240940283917
0.0428650566306
-0.0266966155522
0.0524607938901
0.0177931809455
0.0599931497853
-0.129919639025
0.00233816217302
0.00445222550249
0.108806298726
-0.179656591363
-0.0479168162804
-0.0850646769546
0.0193065514086
0.107866507839
0.0502291729445
0.0895987715029
0.0704531424295
-0.0163414537164
-0.107394282248
0.0409752964459
-0.0111189846681
-0.0839639830592
-0.00452398861187
0.103811894306
0.0254499082611
-0.0423352630497
0.00574511749034
-0.0348324589822
0.0260294497374
-0.0694441930147
-0.113638079879
-0.061337888164
0.00216932806054
-0.0477036797596
0.068484699456
0.0154462179118
0.0678212970814
0.060265679299
-0.00440601061236
0.125018578322
0.0445415303558
-0.0107413980812
0.0657055321668
0.0483647658589
-0.0192969597519
0.0165002028587
0.0419861352033
-0.0229047366867
-0.131712570605
0.00733704781952
0.119329989132
-0.0518332822668
0.0901368015385
0.00837584626674
-0.0902119460696
0.00369205443675
-0.00374029888073
0.0435568375219
0.104485669681
0.053708331611
-0.0442376043796
0.0553660107929
0.0878587776895
0.0621067774061
0.0868729505483
-0.0366175710403
-0.101267708973
0.0319035177184
0.0654160945649
0.0350673044254
0.0924686196744
0.0254422077963
0.0553754654022
-0.000701296235146
-0.0176428152557
0.10594969548
0.0634315268043
-0.10952469898
0.114838740105
0.0500066293276
0.0880691692056
0.117179224105
0.0984861078636
-0.00395657966834
0.0392974043751
-0.0184646765052
-0.0353236269583
0.0821173732188
-0.0731248042967
0.027860616641
0.0263649960103
-0.0227472685341
0.0672977095114
-0.0167253632286
-0.102694603451
0.0278298670268
0.0548648686256
-0.00272691713166
-0.0554505220335
0.00441384388254
0.0604384057563
-0.0385231891437
-0.0019576049555
0.0992556753604
0.00591545016656
0.073287377044
0.0355654038971
0.0144783176307
0.0473907426863
0.0912558102451
-0.0384376123575
-5.80570613131e-05
0.0209909911221
0.109237625453
0.0242219395938
-0.0207874357491
-0.0284814617096
0.0428180541744
-0.0501871157521
0.0134107207286
0.0715848074824
0.10097698893
0.0819366815008
-0.00168916504495
-0.0182386331034
0.123719324623
-0.0167090764293
0.000476572750705
0.0263825088824
0.0228617271818
0.00326811321912
-0.0404639431008
0.0120731446753
0.0634329738402
-0.0743383776063
-0.109366117209
0.0253081707606
0.103406766889
0.0779247842147
-0.0875203683052
-0.0205960801877
0.0829789277153
-0.00859006571179
0.00124706361071
-0.00357899661008
0.0354774835833
-0.082627638393
-0.0374640721148
0.130959020266
0.100341747352
-0.0882509419834
-0.0150629045586
-0.016711913347
0.0592473492311
-0.00659721038157
-0.0286125124291
-0.0482086102275
-0.0237153202726
0.0770140985876
0.121605438263
-0.0504008425189
0.0152963867731
0.012155370604
0.00525780735505
0.0977027764386
-0.0451548016376
0.0801026276223
-0.0191447038016
0.114615926485
0.0191265592323
-0.00662560735595
0.0645734541924
0.0245537812732
0.0317099118496
0.0422577317168
0.127451019246
0.0679085408639
0.104299892473
0.03146404093
0.02505886566
0.00324724426542
0.102250855414
-0.0385284914872
0.0892920119776
-0.0123492568656
0.0462949880178
-0.10203795721
-0.0570229493407
-0.0269216485064
0.124552293296
0.00283691378584
-0.053187809496
0.0368147534174
0.0652757610587
-0.0190679502335
0.0114427978389
0.0933713017567
-0.0858120266877
0.070636508167
0.0548737678541
0.00921799860321
-0.0345414648302
-0.00580146469033
-0.0708287212912
-0.0235681842565
0.0601896932009
-0.0968575344967
-0.0173654780391
0.0494008539434
-0.0847776817336
0.0819131638426
-0.0393205950591
0.0327235861325
0.0633955656749
0.014663752986
-0.0069366802311
0.0405336854523
-0.0861556162756
-0.0445689608758
-0.0929538074849
-0.0338577425626
0.0659807684261
0.0928933784199
0.0503755859582
0.0474282459046
0.0952392072427
0.0531114447119
0.0185264998017
-0.0619942367065
-0.0485631358596
-0.0287588919528
0.0578117744224
0.0235759485194
-0.0539317557521
-0.0289854621053
-0.00573835905025
-0.0105656051165
0.0518472712384
-0.032894121857
0.0291877286569
-0.00209351146047
0.0699279539957
-0.0798425010753
-0.0212628915495
0.0536781352869
0.041799448448
-0.018799757575
0.0300651795457
0.0536727460273
-0.00817017272465
-0.0130400472421
-0.0240583971436
0.0643099090898
0.0876602283288
-0.0357968992173
-0.0494001659155
0.0897569563487
-0.0402552323705
0.0541043055121
0.00710023075488
0.0994535088797
-0.0693409412673
-0.0314706658253
0.0144903902772
-0.00332151704933
0.00935068387132
0.0370603194435
0.0264311489221
0.0811296208027
0.027431255457
0.0916203013397
0.0807204418026
0.0389280495317
-0.11232726627
-0.0842797514762
-0.0343903585959
-0.105380648556
0.0669958178685
-0.00767210374567
-0.0367845918947
0.0966430462471
-0.0316215006895
-0.0241037355987
0.0290190324523
0.10940510347
-0.0497882430365
0.040193657979
0.0939573772487
0.107821236063
-0.0163974545575
-0.0412327412644
-0.00334763041307
0.106093869543
-0.00754081902245
-0.0699422856802
-0.0108991856557
0.0214055954395
0.0824613550042
0.0323870653873
-0.0545466161894
-0.0697161988726
0.0191030313254
-0.0133024764042
-0.0359382671492
0.0470933607533
0.0151469047735
0.0247133484796
-0.0764756728159
-0.0117479159124
-0.0284453234094
0.00438174603805
0.068732577278
-0.0746083997635
-0.0465452408305
0.0963213052021
0.12241738535
0.112945291489
-0.0499289392095
-0.00761578609976
0.066247211675
0.0540161866461
-0.0690197154416
0.101191977834
0.00828507842288
-0.0809906767584
-0.0801040803979
0.000414228022072
0.0654507592564
-0.0173314304973
0.0178979981086
0.0359174728681
0.0521716900389
0.0872363428087
0.102519915851
0.0636495000026
0.0634474907506
0.0880923064826
-0.0686504712807
-0.00181823508674
0.0927582866044
-0.163529741098
0.056866917781
-0.0412819254522
-0.0233745117131
0.0264921439602
0.0577291629802
-0.102437339906
0.0623104057315
0.0114113299525
-0.0387205875225
-0.0177637196381
0.0670675627881
0.0372666734376
0.0780554750719
0.0612394481297
0.042468353449
0.0675690468215
0.0449631694693
0.0311924353281
-0.0100113829003
0.0322217123308
0.0410901014217
0.0536511863994
-0.00416470263807
-0.0760898732572
-0.0203771689661
0.0333222122546
0.0541046264483
0.0766049466093
-0.00840565400391
0.00860795833493
0.0097190219804
0.0572791373199
0.045343645025
-0.0210388066291
-0.0086742384186
0.0401800859104
0.0246157995101
-0.0144453462245
0.0443694598229
0.020729708173
0.107957542177
-0.028989577846
0.0787479876953
-0.00675828772031
-0.041637888545
-0.0284748731896
0.0899441482107
-0.00499006691881
-0.0101372213901
-0.0373339729764
0.0995832645283
0.0488719899484
0.0504826388439
-0.0333697788723
0.0653239910927
-0.0224821325653
0.114291563426
0.00268997730253
0.0345027092925
0.0278293225485
-0.0344965796775
-0.0162310836798
0.0333616616976
0.105349821435
0.00956356599849
-0.0548327390109
0.00562832358034
0.0205909087504
0.0122732379557
0.0970869723767
0.0285449925448
0.117115876608
0.0836576913535
0.112066480807
0.0603090785325
-0.00520334434426
-0.0538479826361
-0.0263471401209
-0.00397090823146
0.136833311712
0.0315324161236
0.0683780302935
-0.00298706730186
0.0360190666077
-0.0544506771662
0.0628062517495
0.0373726019146
-0.012939129054
0.0856949196741
0.0103837633402
0.0514906098558
-0.00278735678798
0.101159325948
0.0225186296574
0.0135056308074
-0.00840454336088
-0.0129192592933
-0.0174657472691
-0.00625674644241
0.0683808810235
0.0759529147697
0.104739096137
0.07630574627
0.0420747266153
-0.0270332776553
-0.0351253246136
0.0240317251547
0.0674747129664
-0.000495180029324
-0.0772088519478
0.0260226588359
0.0234949560753
0.0329060193985
-0.0739752375674
0.101312308086
0.0455920477303
0.0331205650353
-0.055002079015
0.0824312767088
0.0524746468035
-0.064461945114
-0.0509706476685
-0.0693725761951
0.0209699446472
-0.0225063711692
0.0579866847874
-0.0376637467187
-0.0136433801811
0.0421409519268
-0.0459875704091
-0.00677807364052
-0.0180223307489
-0.0263916129161
0.0780741915742
-0.201786596562
-0.0679011822071
-0.0916330771383
-0.204734641767
0.0262184721176
0.0374614906284
0.063629750384
0.110794165952
0.114250526234
-0.0169076956409
0.0489748492683
-0.0829728265862
-0.0478574571944
-0.078964797377
0.0839572898274
0.0701076479372
-0.0419058545209
-0.000880427319398
-0.0111795481429
0.032949563493
-0.0218659769505
0.064423072967
0.00513278893372
-0.0324402073142
-0.0761690814844
0.0399747895286
0.0123488092854
0.100588195598
-0.0726848467033
0.109284410694
0.0481232759247
-0.0605305215423
-0.0344533374839
0.0552145562127
0.0105932456349
-0.0731145618515
-0.00169774124285
0.0726912461135
-0.122718119637
0.103299605599
-0.0466453071175
0.0203054495257
0.0333063762149
-0.0359760952969
-0.0147572877382
0.0153698062022
0.0254088847813
-0.0331255410421
0.0456697482731
-0.0303277413307
-0.0265756064029
0.00563394414444
0.0044778490122
-0.0246721698016
-0.0914012403463
-0.0153722713528
-0.0383662890834
-0.0580412265768
0.11819140939
0.00311765567877
-0.0523746707739
0.117184276008
0.0380341409644
-0.12170449179
0.00779411676385
-0.103113781284
0.0190935701848
0.0341123495373
0.0475240793188
-0.101237912019
-0.0364036286149
0.0262850890474
0.0036346226326
0.0211245478607
-0.0117901517859
0.036149403845
-0.119256409529
-0.0559092523221
0.00588459160666
0.0723979143148
-0.121794283204
-0.0242329172475
0.0279328847173
0.0605906563106
-0.0416634195144
0.0827291598696
-0.0205653894095
0.0213773641946
0.109261191316
0.100691297302
-0.121455476053
0.0905765753673
0.00802100401302
0.0201186043037
-0.00381672970558
0.0255744507874
0.0458127836919
0.051663695169
-0.0348049272005
0.073921537268
0.0584781138825
0.0939058459187
0.0306470461648
-0.0485984783897
-0.0332666220701
-0.0449973689435
-0.114823767932
0.0670413405718
0.0899225866968
-0.00520957220449
-0.00814993039799
0.0710611023025
-0.0727225386499
-0.118535735232
0.0947749329016
-0.00820866218626
0.107975360919
0.0846804626132
-0.105135057992
0.00875040819612
0.0735650121888
0.0723097979284
0.0116657017505
0.00700316601292
0.0150352247421
0.00559452596406
0.0228910831576
0.0290331434805
0.0862679347186
0.0666550818857
-0.0259624825005
-0.0742752160674
0.0966311621299
-0.0298499845026
0.0859071313652
0.115458120437
0.0261794197533
-0.0845624633398
0.0465837728226
0.0267465316543
0.0938208549298
0.0799197612042
0.0211717819275
0.0793728268379
-0.0489771858434
-0.0712090263822
0.0282392381734
0.020506347365
-0.0410012908639
0.126346739657
-0.027073853833
0.108180314606
0.0949455907311
-0.0910959777221
-0.035103486877
-0.0281475002082
-0.0258483031716
-0.0967686633962
-0.019133290756
0.0761203022269
0.111282112685
0.0432395850637
0.0996090150514
0.0684483620869
0.0576673338038
0.0180461456038
0.0933265354663
0.0490722239938
0.0290433654468
0.0504990794547
-0.0532588405421
-0.0317636872268
-0.0214326156221
0.0315157986645
-0.0257797206343
0.0653404008698
0.0379871340614
0.0140381749955
-0.0470481767638
0.0289649429135
0.104955641497
0.0405308869268
-0.0291667409932
-0.0543735855682
0.0689752696881
0.0840332428021
-0.00927157748978
-0.01065407994
0.094332704305
0.0476591087167
0.0762394206831
0.0727244774267
-0.0765514775502
0.0674715905505
-0.0141779140373
-0.0864387917957
0.041472502019
0.0341940219349
-0.0307179480509
0.000192431773185
0.0456308013233
0.0426742452052
0.0409047391208
-0.10370545269
0.00101228798964
0.0456117925047
0.0608015276857
-0.0479703376741
0.0458136454213
0.0411559585303
0.0385465727395
0.0866459824704
-0.00118057057012
0.0418195348476
0.087258351128
-0.00636310559545
-0.0750153885089
0.0467150992218
0.0336781134347
0.106489804345
0.0854641152369
-0.0325715586243
0.114091946292
0.102304582541
-0.0634198045967
0.0162293216319
0.0565844069411
0.0763978047552
-0.0617858150027
0.0189498723861
0.0841291418423
0.061581602487
0.0317193806128
-0.0238352091366
-0.0364601179362
0.0484660917371
0.00687736097135
-0.0427637179225
0.113571502354
0.0364465990623
-0.00723558277407
0.0613783971722
0.00816576764497
0.0312846688817
0.0671743431635
0.0933692238748
-0.0277690005062
0.0919244347873
-0.0668698104853
0.0919111333569
-0.00895050931338
0.0306316246172
0.119960476986
0.0454468793982
0.0814698127079
0.0121011184587
0.121904820126
0.0550301373167
-0.0257945744171
0.0275810797752
0.103226119749
0.000378913247804
0.0726830255447
-0.0122057160616
-0.0310955733467
-0.0144864920822
0.0467922413376
0.103338807216
-0.0339109975481
-0.0184587570932
0.0402997668046
-0.0107306852112
0.0370700377826
0.0208134445349
0.111498760932
-0.00747080485084
-0.00967355473276
0.0275323516992
-0.0356477614552
0.00515411083975
0.00161788272097
0.086745918908
0.053485083337
-0.0665504537708
-0.0473756872788
0.0395688686292
0.00718793110996
0.0826591128155
-0.0293376827056
0.000673971518822
0.0663130384931
-0.0437836190275
-0.0609801739834
0.0394186026078
0.0466310651372
0.0306111918904
-0.143582466335
0.0615146575841
-0.00525781016204
0.0715937895357
0.0552177533578
-0.00487364102956
0.0145047554297
0.050259662082
0.0771492406778
0.0144538334665
-0.0177867102216
0.0242270152905
0.0537707988959
0.0651093378989
-0.0636525075551
0.00434794595667
0.021543975154
-0.0842193345897
0.110135701916
0.0599736438171
0.0343764674541
-0.0544439741071
0.0278837623117
-0.0387954313484
-0.0608637791286
-0.0213398051109
-0.0200636622919
-0.0111597571996
0.0612287248772
0.0171113283893
-0.0434267533135
0.0765038509715
0.066326910677
-0.120959132417
-0.021479201065
0.13585761482
-0.0614051647378
-0.0441934297316
0.0150146826263
0.115711125405
0.040087487272
0.00206407012031
0.11231545493
0.0316725562507
0.0356302493369
-0.181785219168
0.0780031056395
-0.0223245251553
-0.0655705122211
-0.0356613074219
-0.00669780731754
0.0185051648098
0.0684073175907
0.0715302910348
-0.0725091452274
0.0141426042971
-0.00754019212709
-0.0653430913913
0.0577297087031
0.0537246928168
0.0285144361194
0.0856875658255
0.085054173364
0.119306303956
-0.0496936000822
0.0153422573821
-0.0313896015858
0.00988409357605
0.103057406238
0.0913209870084
0.0537627888527
-0.00449174346172
0.0438905959071
-0.0193067867697
0.060866118845
0.0460195406966
0.00742621790775
0.0513330953004
-0.0250771722364
0.0421714818698
0.114868992032
-0.0228701330488
0.0424380166705
-0.0437954477945
0.0779987897436
-0.0155590571651
0.107405807811
-0.0818370660622
0.0324622656089
0.0569522640966
-0.0612631765907
-0.0207742209641
-0.0120128337408
-0.1311547763
-0.0741544059449
-0.164388682152
0.0538090904146
-0.134160660416
0.0839619593064
-0.0636445330477
0.000847486736472
-0.0112315900418
0.00429516826274
0.0972215597155
-0.014391294899
0.0256432697546
0.0731590365417
-0.0554934119685
-0.0134212979059
-0.0474961952826
-0.00552557295119
-0.0394257314793
0.0474213256648
-0.00944525003725
0.0364718807366
0.109191265421
0.0841198931493
0.0637200715781
0.056040797487
0.0706711728572
0.0917989459982
0.00397685047077
-0.0139744276745
0.0402335354197
0.109283211438
0.0957177831685
0.108235196009
-0.0511259589121
0.0733500628979
-0.000462581576089
0.00914501446713
-0.096426927949
0.0870326886244
0.0675229667034
0.0778511876948
0.0104936885098
0.0836369556525
0.0513065328274
0.0543786794316
0.134843093119
0.0392560198808
0.0594622350565
0.0825520682394
-0.0432668022339
0.0554940032848
0.124005289892
-0.0365642403188
-0.0874924995108
-0.00546992842757
-0.0133932776748
-0.000380743034439
0.014667017108
0.0670302992457
0.0391591424534
0.0292770792379
0.065784537694
-0.00497950928134
0.0852386552092
0.0254574753913
0.0293373716114
0.0865945192465
-0.00273048919706
-0.0488227593396
-0.049024638368
0.0652771771225
-0.0238063784588
-0.0165319327673
-0.0237349018311
-0.0760383984591
-0.0170654692415
0.024330796039
-0.0863034549135
0.0508572605893
-0.035629136332
0.00621617716312
-0.0162559314051
0.00300516328459
0.0924937862694
-0.0468794099087
0.0426311185331
0.0478148020335
0.0633750868956
0.0365161457347
0.0242393817042
0.0715794547274
-0.0399575824976
0.0825929915396
0.013459408657
0.0274000390729
-0.0256399281256
0.0483181474119
0.0975680590957
0.0626781134257
-0.0642368572617
0.0762621849912
-0.267773593265
0.0549491919094
-0.0342416594122
0.0854852415317
-0.0431203961688
-0.0414427926705
0.0037082823859
0.0352268138251
-0.108164879377
0.0730700634902
-0.056502680993
-0.147180825023
0.0114002077934
0.0793963674706
0.0402753994929
0.0257248888127
0.0460093042853
0.0198472085971
0.0659408130634
-0.0375360399402
0.0547309758806
0.0508873932108
0.0490457226234
-0.000827276154267
0.01797001575
-0.00147810167828
-0.062437884193
0.0115180262277
0.0933918000274
-0.0491835803136
0.0131576378174
0.00590209879707
0.0197315043774
-0.0130017416792
-0.00652913406398
-0.0623943640155
0.0184337592585
-0.0573308768149
-0.143256437648
-0.0583744963598
-0.0893946355434
0.0424994042288
-0.0880027788022
-0.0470131461181
-0.0190955698489
-0.0714574095477
0.0974152661237
0.0450933476422
-0.0535443795709
0.0339605164175
0.0290684018346
0.0820669141045
0.0933171263415
0.00110354896612
0.0761664384327
0.112431321545
-0.00569396667682
0.0629457999835
-0.0430211228479
-0.0938334114467
0.132686123231
-0.0282007651731
-0.00568615536167
-0.010598868439
0.00929173767719
0.0961139347381
0.00578461738235
-0.0189797468651
-0.0627092821828
0.101104352212
0.06372051886
-0.0867765771863
0.0282136151482
0.00414561060166
0.0951146153496
0.0341205595512
-0.0822680033311
0.0415579772669
0.0492368946123
0.102262042683
0.0837170902897
0.0841384319723
0.0500379407592
0.0541793589056
-0.050077861853
0.0500977840562
0.0477061690881
-0.0328236527507
0.0138940425577
0.0982587838372
0.0635306682323
-0.0454289017579
0.0313745749836
0.124778232138
-0.053741582683
0.0266535915213
0.0825087556727
-0.00453291236237
0.039045443218
0.0445761095336
-0.0113180231209
-0.00657666324261
-0.0490806984846
0.0222096611559
0.0767152606751
0.0684391190927
-0.00313136893357
-0.0169817022934
0.020175261084
0.0436247443518
0.0578643655028
-0.0292433015456
-0.0307412804713
-0.033080917001
-0.0484671161508
0.0599999183244
0.0752836684244
0.00867066129597
0.061330854198
0.0863996550148
-0.0167053266865
-0.0409442618355
-0.0400473738358
0.0200507507136
0.0120653660971
0.0236311346787
0.0192995601798
0.0537946952559
-0.0675662903536
0.0100091883716
-0.108114549078
0.0229759296928
0.0979871775503
-0.0528550178881
0.0691945437594
-0.00184723158364
-0.0891129884937
0.0785295875648
-0.0720907896026
0.0400978897725
-0.0493846558656
0.0423451860091
0.0431291562208
-0.0590503128989
-0.00395459230256
0.102850277559
-0.0531645541963
0.0549647750602
0.0856172098893
-0.0242655709736
-0.0273780940823
-0.0283927358511
0.085102506551
0.0987970107631
0.0339356183632
-0.00609888357021
-0.0621941437135
-0.0377361680261
0.000597929125966
-0.0011689864668
-0.0905459098436
-0.0428534873868
-0.018449334122
0.0712953134993
0.0564069096865
-0.0422130243224
0.107227218578
0.0550797811481
0.0506596857157
-0.00052535368035
0.0482428053374
-0.108935533404
-0.05798460254
7.00328525074e-05
0.0355504267401
0.0530405847155
0.0332798028223
0.104609773848
0.10185186948
-0.0718561524908
-0.0630195030108
0.0736938979396
0.0478531801733
0.0655446473267
0.0224069627042
0.0449102889985
-0.0437267658529
-0.0484568278015
0.020755818523
-0.0717403801059
0.0706946362545
0.0335606487488
-0.0600968391846
0.00393739816353
0.0150973144533
-0.0537364872358
0.0876628204272
0.0924668253688
-0.0732549225544
0.0883076740064
-0.126775961568
-0.142035885058
-0.0356771238827
-0.0189684442685
0.0756337318359
0.139163750629
0.0571696218906
-0.0280376498022
0.069696369088
-0.0158615178914
0.0276018855608
-0.0139977504307
0.011676280697
0.0549803068656
-0.198356518125
-0.00389253553297
0.0297210957341
0.0143199426392
-0.0313972592377
-0.154039571624
0.0947287081494
0.0563786672648
-0.0336132043347
0.101023635898
0.0590001746312
-0.00424472267019
0.0678907126197
0.0302381770177
-0.0562122406501
0.0666505968599
0.103781977347
0.0452014302838
0.0271963881453
0.0531414496951
0.015246736519
-0.0237083683336
0.100146443398
-0.00051832400203
0.0603856010733
-0.0707152069966
-0.00107618876685
0.0414912014571
-0.0132605241399
0.0527464142351
-0.0206683416762
0.0429938214029
0.093971697896
0.103382402398
0.0748393199389
0.0632982050059
0.0463684944504
0.0484163363482
-0.010012385923
0.0193907191757
-0.0243605810381
-0.0654979752163
0.0206307176232
0.0249316490966
0.00782767886701
-0.0508933872584
0.130913851356
-0.0954821155096
-0.0351504788891
0.00343035016189
0.0837301304867
0.0779117937495
-0.000340863323558
0.0887177103899
0.0137575233704
-0.0406966028904
-0.0357212087802
0.0854593519599
0.0400162301741
0.0466130844668
0.0567305223705
-0.0427605123167
0.131089976433
-0.0521167259911
-0.00389537141021
0.117386703871
0.0578276610052
0.0246020123669
0.0659182917906
0.057206387291
-0.0144350621586
-0.0627192766584
0.0370394932608
0.00107708412518
0.0113581825066
0.0258219595299
0.0488312180915
0.0299677775814
0.0154314358274
0.0384474270844
-0.0342644016933
0.0949247965421
0.0492503057395
-0.0267928812558
-0.0444379372286
-0.00936545483202
0.142479173225
0.0407174974624
0.0710800032457
0.00276242582598
0.0540987790138
-0.0303084761878
0.0362153080391
0.111286559159
0.0893020683075
0.0749375187104
0.100961423156
0.0455621041753
0.0178292649273
0.0162209341664
-0.055461129905
-0.142868666741
-0.0235537084153
0.0519279775126
0.0407727198227
0.108389923913
-0.0423028626655
0.0783964229474
-0.0798619708004
-0.058947252739
-0.0144288082648
0.0073096610804
0.0784631662165
0.0629044463572
0.0575168842233
-0.00344945487507
0.0309983961421
-0.0155885459981
-0.0698418069942
-0.0739619738954
0.0155932902016
0.0475868110926
-0.057649371747
0.0580266894491
-0.016795147986
0.0562867411484
-0.0390102307638
-0.0517771386321
-0.0998238875554
-0.0344329508245
0.0975561938966
-0.0859414630295
0.0539119159676
0.0367979616458
0.0275332307231
0.0232690260949
0.0191889006048
0.000522412707401
-0.00247655855911
-0.0436056114152
-0.017938399928
0.0214602783907
0.0449846858968
0.0831782231924
0.0546888276259
0.0180354645386
0.0315560942973
-0.0135701673913
-0.197339891626
0.00692198881607
-0.0608567744967
0.055593402013
-0.0800909156138
-0.0271779328396
0.0860439635623
0.00678601366984
0.0758823956217
0.0273361478611
0.0791091211757
0.0262530789675
-0.197788200456
0.117346543425
-0.0158414740176
0.00676819232635
-0.00310972422685
-0.0312921237984
0.0850285494776
-0.0204630890114
-0.0655429717195
0.0575084488127
0.0529419989433
-0.0220657377769
0.0853511452892
-0.0124170987818
0.038033135975
0.0511652941972
-0.0141204437041
0.00603467761726
-0.0214034774987
0.10084386332
0.0697338094614
0.00302271039084
0.115604258533
-0.0628226488272
0.0146286596532
0.0973248702683
0.0556161033295
-0.10959905046
-0.0210648013029
0.0605955687538
0.00763053892692
0.0560587854404
-0.0736231408566
0.0384645093868
0.0166184618227
0.0236109781714
-0.00999531124963
0.0693342787356
-0.134985204644
-0.114554952334
-0.0652659191676
0.0700223920113
0.104229323081
0.0938233388168
0.0501551578814
0.0542870276356
-0.0225748191579
0.0695162056319
0.114082026515
-0.0334155132216
0.00493498359929
0.058914511081
0.00789012816091
0.066769412155
0.0670428943497
0.0131506244781
-0.00862290435113
-0.0522538890553
0.0870479759097
0.0824023457283
0.0705104948427
0.0928529117736
0.105259504703
-0.00188236485091
0.0136416937577
0.0534421939741
-0.0689278853418
0.0666885570912
0.00357304527721
-0.00248641441464
0.0650313414619
0.0549177770921
-0.00508997856642
-0.010912397982
0.0971553880628
-0.0271872466848
0.100718091575
0.0130784156379
-0.000174365997294
-0.0215313595589
-0.114630554966
-0.0272254820006
0.0934011692273
0.0871253692133
0.0166573545351
0.00510993668368
-0.0104579680756
0.0324330020745
0.010759777383
-0.00837453578355
0.0697384801671
0.00747839339816
0.026599468644
0.0536061459439
0.00109460344562
0.00166957814392
-0.0302932750045
0.053172841566
0.129077540574
0.00609789439975
0.0554265471837
0.00850236613584
-0.0164899524197
-0.071914415311
0.00205205766065
-0.136895474506
-0.10433550773
-0.0188048532432
0.0593795327507
0.00711392908435
0.00942804123454
0.0843410131339
0.0441382955842
0.00845735271956
0.046200574284
0.00384657358641
0.0709050077011
0.0119638050323
-0.00506974601731
-0.0122606568171
0.00849015670502
0.0302880140683
-0.034541260192
0.0925152054682
0.123139418583
0.0499001076545
0.00179986823986
-0.0705389679383
0.0212412797412
0.106761674346
0.102322805691
0.0250632911714
-0.0492020995705
0.127186409303
-0.0765968016341
0.0781295316646
-0.0375345714811
-0.0901148859229
0.0978642901961
-0.02636609368
0.0734222772392
0.135747189321
0.0304359391436
-0.0822245902868
0.0768891576942
0.0244795805888
-0.266187240373
-0.0439798985094
0.0403536094281
-0.00753303373921
0.122329284171
0.105334594854
0.00480905822685
0.0533538938315
-0.00622888160971
-0.0256342094153
0.0291565021834
0.0120151536211
0.0322841626748
0.0515234732815
0.0201393960215
-0.0102133303828
-0.0429908163289
-0.00457206626715
0.113777106246
0.115401839736
0.0974573495476
0.0270019344321
0.107686023953
-0.014262820551
-0.000815445218615
-0.00228488407574
0.0348483746952
-0.0384769125144
0.0239126946474
-0.0333550232854
0.00293948301962
0.0561522614614
0.0122764494158
-0.0112536049082
-0.147607262717
-0.0487267295567
0.0423507013637
-0.00860206629079
0.10261223633
-0.0257305026085
0.0308262083535
0.0909431712783
0.0449050141044
-0.024188055577
0.102082408895
0.00511342795599
0.005923452549
0.063724335442
-0.0648583253076
-0.00702188964329
0.0738156437594
-0.00285835621688
-0.0155411441305
-0.0135371663946
0.0282170185279
-0.0013276140721
0.0687741928124
0.00707470650949
0.0082781474915
0.0851670526443
0.067596714652
0.0900340409918
-0.0252667649855
0.0177962923806
-0.116444027477
0.0656259691142
0.0493965805743
0.0762979197731
0.0458491856258
0.0476293795107
0.0323086753699
0.0717316942044
-0.00151845467533
0.0331891794242
-0.025368514286
0.0661586006474
-0.0320144778743
0.0577173584275
-0.132109937474
0.0630037130758
-0.0743291115649
-0.0290289690681
0.0563118549535
0.0802307215886
0.108573463887
-0.00144925310027
0.033524134104
0.0482701746148
-0.0296413226491
0.0716600621525
0.0687991994235
0.0391287790316
-0.0318839144576
0.118475352533
-0.0227409536219
0.0463986268677
0.0478907602075
-0.184330184829
0.0228266634624
0.0855846067425
-0.0150161881727
0.0132509609302
0.112606498848
0.108860209273
-0.0319979708894
-0.0421194144255
0.0550187023947
-0.0373882651823
0.0243357937849
-0.0605967687231
0.0280275446227
0.0562025900628
-0.0708913945606
-0.0117275185942
-0.0195606104443
0.0928691235477
-0.066874714209
0.101447559812
-0.0193446346411
-0.0418482477082
0.0258334218749
-0.0127902268118
0.0392937790275
-0.169487907497
-0.0768259861208
-0.0508897852136
0.124340535748
-0.00935406385302
0.0921341192083
0.0375892300773
-0.0369234665619
0.0272192876333
-0.0137951581826
0.0815487648614
0.0625183224298
0.0252291944858
0.000125992526556
0.00385212665161
-0.0153282126874
-0.00263207774743
0.131651507511
-0.020392357144
0.0353802623993
0.0976202368463
0.0321892827812
0.101894805145
-0.023482514379
0.0192303381232
-0.0283601565426
-0.0380388732839
0.0724213910234
-0.010288199636
0.0757243514568
0.00328404557713
-0.0599577826708
-0.0718424119886
0.0435376357128
-0.0202011243938
0.000663083589512
-0.0799659491986
0.0643807188612
-0.0108287298113
0.0327574744467
0.069163956239
0.0876067222581
0.0874654216155
0.0643929173293
0.0367372794553
-0.0449905724552
0.0167563031113
-0.0307302856398
0.0118420336224
-0.00612114414488
0.0367322056793
0.0287147779508
-0.0184201014731
-0.0324759432037
-0.0119004385625
0.0272615519295
-0.174403734021
0.0829309525995
0.0549814458818
0.0386247239135
0.00735236453854
0.0128456383322
-0.013595372478
0.0109305175355
0.0177832148699
-0.0541257930497
-0.0150339698694
0.0623534444118
0.0362517130597
-0.0145001424596
-0.0149694796524
-0.00218822290243
0.0166535049802
0.0723000928969
0.0345973582898
0.0208432504259
0.0416044004922
0.000557767183833
0.0388816135011
-0.0206376655707
0.062335777881
0.126751393397
-0.0705829119163
-0.057978967789
-0.030285834766
0.00716341432161
0.0911826878549
-0.033861551472
-0.0351159126833
0.044397762173
0.0201770197799
-0.0478362933562
0.0640808160528
0.0396475448883
0.0461818038167
-0.0241237336293
0.0948762205767
0.0105237507607
0.0186583209678
-0.00750696242111
-0.142351438574
-0.051764945047
0.0246053157833
0.116254725252
0.117589780008
0.102315890974
0.0287483450004
0.0259624051222
0.0213945936858
0.13458234754
-0.00382506156566
-0.113284357305
-0.0253326476607
-0.00274496122023
0.0556281789503
0.0716165730527
0.0625076642685
0.00432970832889
-0.0757633195717
0.119511068808
0.000868508445008
0.0775805238581
-0.0027548759753
0.00652442595984
0.0942362770879
-0.0178134914984
0.136494229228
0.0370684157077
0.0492048017023
0.0404625415455
0.0199439367717
-0.0249521611556
-0.0555935451227
-0.0380230506168
-0.0802387152501
-0.052430803015
0.0110827811786
0.0893286719164
0.100843175715
0.0928232245849
-0.0191618314936
-0.0701672101537
-0.00844065874197
0.0952813578925
-0.117387742325
0.0129232136886
-0.0202243647309
0.00783607594987
0.0249173304735
0.0529008360759
-0.144321824184
0.0176657738646
0.0318261493893
-0.027335214315
-0.0151263511976
-0.000128664868381
-0.048408951469
0.00919646612467
0.0595529307905
-0.0311043412807
0.0730591058542
0.0372854050021
0.0957500712421
0.0685445165898
0.0631914675098
-0.0291369868768
0.0422535229086
-0.0829792922095
0.0877890923874
0.0403882863223
0.0491294275972
-0.0314424355698
0.107863429157
-0.0167433038585
-0.0263172228823
0.0520880268813
0.0553560410031
-0.0596951452906
0.114487270955
0.0112134238737
0.0458734082648
0.0638167073242
0.000450340379279
0.0254279911431
0.0747626782501
-0.0339741845496
0.0769393647428
-0.0299732486382
-0.000620894901864
-0.0511078481207
0.109130522014
0.0186984357826
0.0462775922736
-0.0213254480959
-0.0275325720327
0.0130243889174
-0.0841280007413
-0.0462458586098
-0.0134417073535
-0.0113155031549
0.0671328339655
0.0713474381534
0.0606422204463
0.0892279273032
0.0456248051433
-0.0406272566665
0.0222118938962
0.0557447611908
0.0270620846107
-0.0125310798739
-6.35465894252e-05
-0.0931199729221
0.0499880009871
0.0310782827217
0.104845185181
-0.0478898569864
0.00609839584825
0.102021999125
0.00274332617416
-0.012016100347
0.023334985299
0.0455435407579
-0.0476330338005
0.00488036403842
0.0401758640666
0.0374550469483
0.01021826536
0.0839589466263
0.137763116347
0.0887724110236
0.100828143607
0.0586649214335
-0.00417095404548
0.0152069701838
0.000112205732666
0.125134228097
0.108963852402
-0.000853332996645
0.123604021964
-0.0323015296029
-0.000274226139725
-0.0777648387592
-0.184960636731
-0.0822621050307
-0.0257793376779
0.104014954241
0.0378964780129
0.0842575433976
-0.0492531584371
0.057655479013
-0.00956017119352
-0.000341208280821
-0.0659767205449
0.00387868180482
0.00610309279388
0.100202694214
0.0819977766408
0.00262825675298
0.0781258284879
-0.000625571972156
0.0646470328127
0.0355802810343
0.00717351328583
0.0468114705461
0.0962689375888
0.0483553262093
-0.0267084749655
-0.0508226681433
0.0132985420831
0.00110871891349
0.0631880744705
0.0411167608152
0.0319984194927
0.0789164858674
0.0404591699652
0.0473582425512
0.0378063689946
0.0393509625496
-0.0432824509883
0.0039965111629
-0.00504529026678
-0.0289147805573
-0.0493838513534
0.121163989549
-0.0413671824129
-0.0658215651136
-0.024264661248
0.0494270962715
0.0342754837861
0.107948016261
0.0467322680418
-0.0154847919641
0.0280028389551
-0.0433791288756
0.122001889779
0.0408372552061
0.12396128547
0.099657186978
0.0939233159731
-0.103316739083
-0.0599005021459
-0.075320020222
0.0628086791537
-0.11777939781
0.00810613987565
0.0516533750506
0.0508806675442
-0.0412889989781
0.0419734824019
-0.210140737152
0.0299604324608
-0.026673784806
-0.0110672403347
0.0518321445712
-0.0689397516312
0.0199847013567
-0.0449731688526
0.0496239884638
0.0890345801651
0.0111752398186
0.0519309567676
-0.0195250111158
-0.0215070174559
0.0152185555063
0.0606215261008
-0.0328621234334
0.0157016232857
0.117840052322
0.0843045562346
0.0483577084902
0.00822299222382
-0.101967097476
-0.0370712424633
-0.0268425481371
-0.105175965179
0.0138791322719
0.0602962061537
0.0158260743693
0.0383154844634
0.0294139547171
0.00160642307937
0.0775211981477
-0.0623647733204
0.0271948354023
-0.0385577919267
-0.0161114338724
0.0279110062789
0.116787797434
0.0244347832932
-0.0412154958208
-0.117316786288
0.1193435101
0.0371695941095
0.0734042732163
-0.208417860822
-0.032427186669
0.0278957320834
-0.0517566052134
0.0345418965049
-0.092479211309
0.0282208530919
0.0466027328091
0.080717749633
0.0509138253722
0.00458513932272
0.041946336612
-0.000864551493077
0.0439208534556
0.0425116099317
0.00882482284943
-0.1055083362
0.0186894948368
-0.187452276619
0.0200714099075
-0.00920474893873
-0.0149201412351
0.0409615430024
0.0521779781036
0.067983522774
0.0820319667117
0.0272182397718
0.070048069185
0.0995676331158
0.135896941028
-0.0624829068966
0.00110070174549
-0.100145185288
0.0288132686043
0.105757312913
-0.0362442906333
-0.00581849246144
0.0297468930906
0.10920043713
-0.000537210489869
0.0221670278574
0.0235777222792
-0.00421293086532
0.025791571353
0.0227243014768
-0.00379819070729
-0.0523718037784
0.0996096452184
0.089754063251
0.0282855836829
-0.00648181407302
0.0169173630555
-0.0823522012131
0.0517384730176
0.0203154740764
0.106534814029
-0.102434411483
0.0783785912343
0.0560075135452
0.00273811109247
0.0112267259328
0.0522620975178
-0.0120133823997
0.0223855444603
0.0443795987419
0.020634158038
0.0712769443811
-0.0332293940015
-0.0394321646875
-0.0495645185426
-0.047679260976
-0.0337080184368
-0.195045096034
0.0236278913995
0.0233607145123
0.0569185182269
-0.0575884695808
-0.0415513300762
0.0521588594613
-0.0531299340559
-0.01756474369
0.0527546155071
0.00892595405845
-0.0129298006483
-0.0432308229021
0.0705488233907
0.0192876321869
0.0221340493355
0.0152311902221
-0.0103213953443
0.00338956871174
0.047675395053
-0.0276862378105
0.0174302973828
0.0391974220143
0.0670186100705
0.0181216158769
0.0286916606052
0.104320489646
-0.0230526770672
0.0475264968741
-0.0252740095941
-0.0234943081387
-0.0369325591888
-0.0327241908849
0.0327652910043
0.115341210099
0.014987001686
-0.1007810633
-0.0361787125441
-0.0446718498284
-0.00200372853496
-0.0327269239136
0.00963494599332
-0.0566103957207
0.0384067544402
-0.109854341363
0.0818028694081
0.0260108879716
-0.0401363425083
0.0337774113204
0.0825298092947
0.0621636391126
0.0881128475218
0.058685490724
0.0730886316242
-0.0157311543643
-0.21477724865
-0.0244640383121
0.0177501547805
-0.0357280419655
0.0987004984702
-0.00233475112167
0.0187010044778
-0.122808603071
0.0901981589354
0.0858452896704
0.00236224211801
-0.0204589113124
-0.0496820629991
0.00904076007721
0.045147120143
0.085884667946
0.0440692788836
0.0268082210691
-0.0217805039519
0.0871755316338
-0.0156807083434
0.0146565135757
-0.0130543243249
0.0611713727994
-0.0480373605035
-0.00463381619859
0.0898033092592
-0.0252527587943
0.0382148686141
0.0184403236633
-0.0466252490648
-0.0651182567292
-0.0277631871833
0.108640835591
0.10930852877
-0.0148304333647
0.022202550778
0.0102498232177
-0.0320573495288
0.0203106960686
0.120592080113
0.0317954097706
0.00876524173338
0.0869133022898
0.0101037958367
0.0484681492533
-0.00345321839944
0.0217588182861
0.0274672636286
0.0682016143681
0.00959646211629
-0.0322443452635
-0.0456276815473
0.0247040746219
0.107502793792
0.0702724222967
0.00320058718796
0.064746063832
0.0327943859335
0.0107202779464
0.0832043420345
0.0869275996834
0.0307063078106
-0.0256482758671
-0.00495177507794
-0.124862740556
0.0192986355939
0.0410897722255
0.00954890539822
0.0321644213495
-0.000950761836563
-0.086380133443
-0.0343340627367
0.0997792969635
0.035371227012
0.0334198505496
-0.0727609004562
0.0803211025194
0.0342087001628
-0.00404201788225
0.0890457679477
0.00132598836132
0.0642976294062
-0.0388504540521
0.0844169774639
0.0048775237451
0.0726452912124
-0.188971032324
-0.0640800439758
0.043115922668
0.101474725698
0.0841009656083
0.0767594329704
0.0904225047223
-0.024547831646
0.102951798153
-0.00638815408809
-0.0399451024011
0.057325893923
0.00164406709391
0.0806780652564
-0.0480235451216
-0.0438311485567
0.0980695630147
-0.000250451977843
-0.0160475387008
-0.045486847216
-0.0343543866263
0.045408811795
0.086798265991
0.0394955160882
0.00539977718696
-0.12730232797
-0.116147234018
0.048570454392
0.0604770895087
0.0937803176747
0.0139756267552
0.0184529247473
-0.0936325820247
-0.0161325909538
0.0280538425124
0.128701034664
0.0380480859199
-0.00402715086305
0.011240328115
0.106070783004
0.0738617246578
-0.028364384638
0.0717602395214
0.0255649244177
0.0828754267657
-0.00163168076953
-0.134036705042
0.0604723618445
0.0940938008444
-0.0111873447307
-0.00171782744885
-0.0167832263266
0.00689591778526
0.067969274977
0.089512415366
0.0688287923513
-0.081574123296
-0.000714498231616
0.104255442117
0.0291724047832
0.012732415409
-0.0382277032789
-0.0250714115389
0.0216846253736
-0.0025609608597
-0.0225804984211
-0.0374076521864
0.0635660786755
-0.0118373075509
-0.0663815202902
0.022721876392
-0.0134027729702
0.0427368518605
0.00244820326511
-0.00837069967651
-0.0338918430217
0.0356372134969
-0.0665240275529
0.0843404471074
-0.00606913365811
-0.0352392920682
0.0534634659154
0.094110607662
0.017288418526
0.0574356639657
0.0667806583111
-0.0525644090523
0.0253146921919
-0.0108191730172
0.0244490552189
-0.0198344626044
-0.00421744440191
-0.00457115637004
0.0388300395723
-0.0475769116068
0.110722153524
0.0575403376972
0.00303910720441
-0.0903888259011
0.0153941122291
0.000109129492667
0.129341596688
0.0415381519702
0.0352383980955
0.0242067449762
0.105613027521
-0.0316910607397
0.00202451210749
0.0326024312246
0.036614187311
0.0507816198832
0.0149338341559
-0.0125180553786
-0.0188707960613
0.0186378659686
0.072494562816
0.0946666969222
0.0148257240477
0.115670498138
0.0975410287799
0.0570074634229
-0.0594069528171
-0.116598352645
0.00290846395139
-0.0950427966526
-0.0919789326582
0.113691938283
0.0898299401923
-0.107868276528
0.0528951419747
0.0230173939908
0.0523697925171
0.0153972902763
-0.0428520594165
0.057303646402
0.005732081778
-0.0166460931712
-0.0151956950262
0.0572193158564
0.0935848619587
0.116342030939
-0.0997126168899
0.0413660751293
-0.0834536177954
-0.0499762321295
0.0382249488872
0.0282982315374
0.0413381691182
0.119992592213
0.0242836826991
0.0481998824877
0.106421413237
-0.0797199460157
0.0666720380583
0.0840616182243
0.0905097121332
0.0267156588469
0.0707562296749
0.084268441307
0.0211342909907
0.0552923102347
0.00777632675427
-0.0475120571887
0.119059131199
-0.0325564679378
0.119040558313
0.0764009418588
-0.0219963418464
0.0464520855819
-0.0379895836448
0.106064562109
0.0757538721678
0.133181258244
0.0193731940862
0.0881294714421
0.120112425108
-0.0209495438754
0.0497924012129
-0.00413684617376
0.0533533828484
0.0252555476809
0.00126454643913
0.0200889226467
0.0938099519108
0.0709992222139
0.00716984896778
0.0394336177889
0.125894931442
0.0834129060621
-0.00133049899684
-0.064177346079
0.0789428943913
0.0999008046185
0.0812164757008
-0.0191279180383
-0.1336256769
-0.007552843109
0.0213784395299
0.0944662964658
-0.00956113181357
0.00882533114537
-0.0575364573989
0.0788795255982
0.0315195858071
-0.0231937179989
-0.0627923552038
0.0629167882453
0.113445677195
0.100794524257
-0.280407717666
-0.0439225055583
0.0956812518572
0.0486413966765
0.0125042996486
-0.0342044701129
-0.0441669774635
0.00255963466105
-0.0250063689891
0.043385436452
0.0880307285613
0.0818651033558
0.00753924879812
0.0443616523873
-0.0324781812275
0.0979647034359
0.0716422927795
-0.0353584274985
-0.0122089862509
-0.0597210988435
0.0860956535307
-0.0264634955258
-0.0783378250745
0.00173777868735
-0.0507061598407
-0.0775005598992
-0.00392825411379
0.0448593866872
0.0570582418719
-0.0480925848187
-0.0754730000837
-0.0134058154605
0.038561160177
-0.0118708051099
-0.0120736283213
0.0588765600309
-0.00947869218776
0.0864857961056
0.0283183917543
-0.0391285445194
-0.0147604318099
-0.00388902012387
0.112222810806
0.0959846454616
-0.0511377050353
0.0699835038705
0.00832952711472
-0.0217032513219
-0.012059443277
-0.0767219629355
0.0321065201453
-0.0791600678633
0.114872558075
-0.0323085773253
0.0715484435446
0.0878843311648
0.0875139210976
0.0981036697831
-0.0468981011635
0.06028542468
0.00828206090529
0.0622388083387
0.0151179278768
0.0941184401992
-0.0984514747835
0.0931845912467
0.0242600563561
0.0872673293141
0.0891238841109
0.0489577848669
0.0631261372916
0.0651844737802
0.0517438883442
-0.057273563582
0.109846852443
0.0549824279183
-0.0794311142782
0.020277986318
0.0837145277282
-0.018098994498
0.0886286629345
0.0028619399085
-0.0471972738464
0.0160405666409
-0.0156682949955
0.0397377141621
0.097569558886
0.132553907983
0.118631330516
0.0777441608748
0.053673025898
0.0830841898388
0.109710517445
0.0613780576077
-0.14475095472
0.00264558211951
-0.106897683143
0.0439468125466
0.086536040904
0.0396535949911
-0.0376632753085
-0.0995428063846
-0.0978672802212
0.0936160948325
0.0943294055292
0.0602732001948
-0.0104495757615
0.0283948032694
-0.0879633089788
-0.0569382562036
0.0215408442911
-0.0525426922714
-0.0467030968164
0.0245560845625
0.111720314798
0.0421186604916
0.0286969901926
-0.0302959201039
0.025402949933
0.0833331125997
0.0706701225739
0.0265695677094
-0.0918832376204
-0.0510551394242
-0.0341897752548
0.0581840252096
0.02301867739
0.0116664594365
-0.0264195206223
-0.112383917083
-0.00305400887282
-0.0228773841967
-0.0290935671579
0.0333627673218
0.00495176725805
0.127947124624
0.0519646270847
0.0220990618607
-0.0056877325362
0.0130515130304
0.0120989834339
0.0071853199083
0.0183323491384
0.0251975615591
-0.0459882451497
-0.0564420209295
-0.00359687388886
0.0270905781147
0.0407076663689
0.125934725028
0.0601638348191
-0.0616540576642
-0.0622467268291
0.0950700066791
0.00118304777653
0.0565199720122
-0.0171468154174
-0.00213161871429
0.0743657889224
0.111240154549
0.0878241072401
-0.0300723637941
-0.0594364667009
0.0159554302944
0.0663774084361
-0.0295572244043
-0.0411957303097
-0.0463944303906
-0.0583922261618
-0.0715994852133
0.125289176863
-0.00323484482632
-0.0618218498826
-0.030802552799
0.0154141151213
0.00352689016709
-0.0493632167313
0.0630427706962
0.034519560908
0.0410686307918
0.00474412069087
0.0571622880375
-0.0780751077042
0.0893986855903
0.063648991548
-0.0160298358831
0.00451083022616
0.0370474774122
0.00480638570362
0.0367942502511
-0.0796476141626
-0.0534297244843
0.0808203725761
0.121512860034
0.0250190212441
-0.113195285633
0.000608886878414
-0.124032519127
0.0329396742438
0.0752330531512
0.12432540398
-0.00471221717285
-0.0887527681339
-0.045981558084
0.00624872036953
0.0318567546771
0.0115678632899
0.134755341599
0.115399236696
0.0135190643677
-0.0519010818967
-0.0320831232519
0.065854147936
0.0230740086348
-0.0907654400752
0.0433906166754
-0.0108503825498
-0.0505622537819
0.090603051094
-0.0259471375422
0.0565904689221
0.0425862605412
0.0594346956945
0.0689964028592
0.0237118048954
-0.0188527499226
0.00457197404741
-0.0119763046874
0.0884945738934
0.0738556326079
0.0726231553476
0.116210770383
0.0313442075444
0.0231976182715
-0.00546328958198
-0.0123620105941
0.0951823970277
0.0521050236808
0.115834354006
0.108837287336
0.00613715275359
-0.157179882893
-0.0368730621793
0.0554989275501
0.000390503318558
0.0368233603962
0.0139107547989
-0.0522388968111
0.0939138693975
-0.0341374744548
-0.0637734857097
0.0483505104751
-0.00601303013969
0.0685657490588
0.117480574661
-0.0165736761875
0.082732158458
0.0376650293988
-0.0104993867222
-0.00538760866992
-0.0298781670097
0.0385830884431
0.0277155131777
0.115483033526
0.0213116681948
0.0331340821902
-0.0696056401502
-0.031160033769
0.0335609690791
0.053391777788
0.00305105770582
0.0894772831836
0.090577318315
0.05494649473
-0.00601011591407
-0.00820887470832
-0.0313913435721
0.103385897257
0.00384605088958
0.0862106502192
0.00955951975004
-0.0045084933686
-0.0656299033209
0.0198322831541
-0.0740713001164
-0.0185348798562
0.0125265558526
0.0508131747759
0.00224556947834
0.049343553382
0.100588340702
0.0863510802593
0.0137891208188
0.0207433350794
-0.0358711826125
-0.0811745653062
0.0475931807021
-0.051169733081
0.118309165166
-0.0590857706401
-0.00190633468891
0.0807531418803
0.0289654999409
-0.060298067624
-0.0518280274478
-0.0198104744798
-0.0121336307163
0.058413404569
0.0823913432046
0.0462076490498
-0.0135730035782
0.0342857014367
0.0030996408181
0.0425022002284
0.111217041599
-0.0182405089083
-0.114306975145
-0.0204314924796
0.0997131720487
0.0949663686571
-0.0154517554041
0.0174313685359
-0.0983804076682
0.0751464141803
0.126543749786
0.0807662002099
0.0524665459906
0.0199138631756
-0.00369825430048
0.0849492816282
0.0961904750351
0.0775793992706
0.0644654554626
-0.0341702140681
-0.0905857332798
0.0569987647548
-0.0710202670401
-0.100467603122
0.00603437882526
0.0878892162379
0.0982472074288
0.0568865342617
0.111136229367
-0.0470758000146
0.0285714977577
0.0400361915168
0.0250080573648
0.0452824861282
0.0294116319491
0.0456627062526
-0.0662451812157
0.00673344137352
-0.212913257343
0.0442507319987
-0.216867409172
0.0173930122995
-0.0198708053227
0.0770333561197
-0.0635414507613
0.0833996140828
0.0197063640984
0.0542626800522
0.00899754725054
0.000466068144318
0.0237195362038
0.0841693828441
0.0050993719713
0.031452410711
0.0451012987576
-0.0380924213318
0.085928521283
0.091506175036
-0.00489608089419
0.0926223161592
-0.0274472557817
0.0516667288031
0.0675935633865
0.0724039645732
-0.00850260994106
-0.0562015253162
0.00365225091659
0.0817930611378
0.0494342567341
-0.110448248296
0.0268452026503
0.119433290936
0.0101793717658
0.0307385846782
0.0694880495082
-0.092418840116
-0.0292366899337
0.122089465246
0.0602535489632
0.0100530712419
-0.0393534826366
0.0609483331237
0.0905190117203
0.044794754603
0.0779841738475
0.0541282345853
-0.00182271144803
0.0280088949823
0.0880545072897
-0.185014084249
0.036735634284
0.0993637896736
-0.0241354941827
0.0587713857276
0.0486691231589
0.0176878466058
-0.00153574670816
-0.0527924027267
-0.0494323772434
0.0927341228999
0.0408728765932
0.0143263433994
-0.0290349528099
0.000247434437242
0.035610803869
-0.0179887497107
0.0299918500034
-0.0522060736884
0.0155860172806
-0.0844764455021
-0.0719228698285
0.123380215933
0.0283931002946
0.0369292022964
-0.049112111826
-0.0422795184756
-0.123122933413
-0.0412659894909
0.116794160998
0.0694138802117
-0.0311785131139
0.0774597370488
0.0155041039704
0.0766328447165
0.0104802871547
-0.0524906070696
0.0988535461198
0.0628117600024
0.0100290639785
0.0947733651682
0.0437366338105
0.0143071655378
0.096597378531
0.0234601239324
0.109408477609
0.0854021206844
0.0450366170861
0.0947367177977
0.11161225461
0.0430585113324
0.0845692555586
0.0631377497391
0.0317382668214
0.0278157848747
-0.061723967653
0.0225661738758
0.0955067471364
0.0836164038853
0.00243600181313
0.030650417472
-0.0308461269109
0.0777680936832
-0.090106978621
-0.0229387320397
0.0333491460104
0.0318717649772
0.11728562491
0.0722230050741
0.102808994411
0.0424928018349
-0.0602771890693
0.0198503195449
0.05220423441
0.067640553658
0.0281863349371
0.0356482589465
-0.0291390243877
-0.0295729805184
0.112918549566
-0.00436524168401
-0.0984535249409
-0.100490332755
-0.0311871149399
0.0842334323996
0.0458203822208
0.0621906295586
0.024041285511
0.0796642259794
-0.0476792007453
-0.0536757497246
-0.00373928248137
0.00120547530096
-0.0692678920714
0.0280810696893
-0.0280645006962
-0.0376631899491
0.0247717367513
-0.0222762872143
0.0695457149858
-0.0186606278839
-0.0358662341518
0.00869517532436
-0.0620918319449
-0.041857761306
0.07605698608
0.00325506075855
0.0461308450205
0.0902626039748
0.015497281354
0.0484417585402
-0.0609496961962
0.0868451098841
-0.0213269828587
0.0201797413306
-0.0718221468765
0.0645261824039
-0.0054560684192
0.0426651965698
0.0134459834731
0.0737005220884
-0.024062146247
0.107214533482
-0.0150865463322
0.0372782742445
0.0324945563184
0.059537699363
0.0470155761401
0.0531134428447
-0.019409312038
-0.0616121068379
0.0073576474766
0.0104537451659
0.011243901285
-0.0983158374263
-0.0327003745886
0.114073671142
-0.0170135089791
0.0549371136237
0.0281323958159
-0.0345390488644
0.0143515309138
0.115347290244
-0.0986035254985
0.0542647829
0.0340412378395
0.0864669081746
-0.0185207933762
0.0232645767922
0.0488262530698
-0.00770429962759
0.035563297701
-0.0884152142863
0.0194107397654
-0.0226805737763
0.0810505259416
0.0593582615262
0.0975440681041
-0.0205319367734
0.0168158632419
0.0143796717383
0.020982886056
0.0119682388373
0.0028467050216
0.0437180993937
-0.0709293720161
-0.0162497120309
-0.000699874145695
0.030954409005
0.0346609256711
0.0222323824112
0.0378677732161
0.054685390347
0.0273349377455
-0.0881471490318
0.0247578716457
-0.00305762465266
-0.00659396257263
-0.0319235107498
0.0471786887265
0.0569044936502
-0.071418594642
0.106158380847
0.0295922481925
0.0274133910521
0.00851183427605
0.0105653775921
0.0661338414533
0.0791319746527
0.0228384679769
-0.064385688045
-0.0310423597809
-0.0842315789617
0.0550690643721
-0.0694597501382
0.0742904142988
-0.0365275569424
-0.047435301375
-0.0581806785747
-0.0196131443537
0.0547820512021
-0.0636571192485
-0.0294918706031
0.0540552760176
0.0393983779837
0.0310868331576
0.0788707500574
-0.060245251128
0.0639003698218
-0.0543278707893
0.0715713774261
-0.00780181334999
0.024054612927
0.0875783515993
0.135347590114
-0.0768297865367
0.098932096743
0.0197885819546
0.017095253236
0.0495561742237
0.00872060590206
0.065841016868
0.0226132575138
0.122749878853
0.0201763952545
0.085371495293
-0.14972450371
-0.00831267062218
-0.0153234261337
0.0447701134408
0.0311806413307
0.0117888236605
-0.00189174386828
0.00387635630414
-0.0277332816011
0.0297157003735
0.0546749913157
-0.0551018633223
-0.0154417116282
0.0198515420406
0.0753776330683
0.0662352244586
0.0366298970834
0.130929987551
0.0749218896342
0.0438545074379
-0.0118397814739
0.0416888235804
-0.0553933387248
0.0162820851474
0.101192794738
0.100742686632
0.0161182393988
0.111926549134
-0.0646429663974
0.0527196628634
0.0709060213368
0.0707276941726
0.00984549277999
0.0955354719069
0.0975094639739
0.0630205206228
0.0371016973549
-0.0019693469807
-0.0324210646604
0.0719990298063
0.032652761689
0.11391556796
-0.0623226009752
0.08403669857
-0.00309412824667
-0.124095024552
0.031233747626
0.0857440160315
0.103368360948
0.0152850222887
0.0421966983565
-0.0142631036804
-0.0552909806702
0.0242940287904
0.00468453648142
0.126314285123
-0.0159634167403
0.0319186155385
0.0823986522022
0.0460983857613
0.00498084528042
0.0639971379605
0.0277052341992
0.0986171594884
0.087377011613
-0.0412230522075
-0.0478917828586
-0.0805401489885
0.0785354683275
0.0429880029946
0.0388851678166
0.101609988748
0.0186179472065
0.11369929559
0.0314013488393
-0.0104403938738
0.107098252061
0.0776715819269
0.0123161859266
-0.0412499324873
-0.0295867354133
0.0515125708823
-0.114757045106
0.00927230197708
-0.0243474208315
-0.00141130157724
-0.0148540060707
0.0151930462523
-0.028641524094
0.016940214376
0.0599500666213
-0.0450816836954
0.0268048668059
0.0514225011319
0.0562504831946
-0.0590972664351
0.0874933690784
-0.046038839541
0.0699432112558
0.0772216280855
0.0165468250888
0.105532638649
0.0414719769917
-0.0628038055353
-0.0421318265304
0.0112436015225
0.0901186326814
-0.0315018299034
0.0320493491405
0.0459738339272
0.0163700156952
-0.126971822278
-0.00210055763547
0.0351121936443
0.0517890987111
-0.0207468869116
-0.0180618773244
0.0708284696975
0.0243211880139
-0.0255906420564
-0.0180099008077
0.00548497667473
0.122351025372
-0.0228327613019
-0.0119481659165
0.0508297970163
0.0446686998028
-0.173932931829
-0.122719778768
0.0111729431585
0.0365999832621
-0.0750520471021
0.0653172411296
0.0490319085255
-0.0154176281402
-0.00767162973361
-0.0363610097781
-0.034975169978
0.106324515591
-0.00106626003959
0.0778261141743
0.0579049274114
0.131098277183
-0.0513278959601
0.0918498206807
-0.0154635619306
0.0172078475426
-0.0902966467944
-0.0687205231276
0.0260863398909
-0.00680035395792
0.00723407451343
0.0354146030917
0.037979724711
-0.0238278863862
0.000494614507177
0.0921925707854
0.0458324726581
0.0659679135473
0.0397832083453
-0.0406811576076
0.0373024880626
0.0165061780229
0.0430905300317
0.0465186242696
0.00565406349341
0.0850376390769
0.0326008122446
0.0776992106461
-0.00356939703714
0.0200173813362
0.0587457313486
0.0871442415591
-0.01841480067
0.0663153180511
0.0549140128067
0.0139725832792
0.0554484110338
-0.0108158313746
-0.0231182819188
-0.052313634009
-0.0620474703566
-0.0964805440818
0.0491086684853
0.105773793798
-0.00187631208573
0.130294149804
0.00976278168526
0.0222693120801
0.0912203475133
0.0104794331134
0.00223447440672
0.0272996886277
0.0275489228754
-0.0296643521961
-0.0474820356262
0.0198572708584
0.00869808390696
0.0228019067815
-0.0545215431723
-0.0118007125383
0.0421590827836
0.0442263601283
0.113880557949
-0.00915660543097
0.0624688298501
0.0112146660564
0.0747064427236
-0.0171465520114
0.0873856463126
-0.0156659814229
-0.0655611405987
-0.0753466953398
-0.03181837902
0.0433758202642
0.123021961721
0.138753385571
-0.0417255814438
0.0198017864918
0.0240355880174
0.00686553314594
0.0482548020867
0.0155935975218
-0.0569181979913
0.0627081156342
-0.0193993117383
0.0548602667502
0.0543971055199
0.0943470646608
0.044278662894
0.0195349123045
0.112350730336
0.049387836594
0.0475332230049
-0.0173799703946
0.0208749221788
0.0578051000405
0.0803796307601
0.0146423817333
-0.00750238790129
0.0566205254798
-0.000418316834807
0.0169675191333
-0.0341066312649
-0.0238739475793
0.0495223940189
0.0935690388873
0.0762689799563
-0.0158854254579
0.0642102258006
-0.0042170496134
-0.0184928432418
-0.00620006723044
0.0339290300522
0.0117995042171
0.0540107034423
0.0547542128568
0.0418883420028
0.0945948207317
-0.0300163364156
0.0943946156564
0.0558433072467
0.0258777682853
-0.00982113968887
0.029272065428
-0.0349485940737
0.0724802691306
-0.0692323644449
-0.0384445767423
-0.03937262405
0.0107296202363
0.0099437984669
0.00904550998727
0.129195141773
0.0930361776186
0.0376808310638
-0.0625213918043
0.103315593408
0.0758529311897
-0.144136672106
-0.147596684237
0.0317964211565
0.0581978932937
0.0823142905836
0.104250296966
-0.0452378098804
0.0521031454247
0.0739898652536
0.134240405954
0.0371729299807
-0.0160656502027
0.00748721543962
0.0429311655885
0.0666313322145
0.101748108878
-0.00731093575682
0.0426975100143
0.120539694185
0.050640931147
0.0700603106316
0.0568228083335
-0.0322449699535
0.0244404236826
-0.0513269506442
0.0588725799586
-0.0416163627202
-0.0212511450745
0.0969983977772
0.119180090359
-0.0698165583754
0.0545512009483
0.0140271874524
-0.00804321138549
0.101551657899
0.0452951861334
0.00057226351487
0.0197107860422
0.0347906809219
0.0836720805547
-0.143865046128
0.0364196166141
0.0300076494792
0.00493735317317
0.130552686589
-0.0523568265642
-0.019050102068
0.0423291225409
0.0893806066882
0.00251037914371
0.116517007619
0.020306674719
0.0385161456651
-0.0444586407875
-0.0400443095163
0.00205434234905
-0.0377816918105
0.00392611310738
0.0772702028618
0.0200912356052
0.0128127086881
0.0488660540659
0.101602515118
0.00502257010107
0.000579131812389
0.0275445662021
-0.00827907485168
-0.00370860657186
0.00983108369673
0.017377621033
0.13142363534
0.00390087067305
-0.115946799123
-0.00313556383363
0.077170771311
0.0661155817162
-0.0779719614943
-0.065265137786
0.0636482761078
0.030128171982
0.13573758766
0.0440508066715
0.10652523577
-0.0361893907959
0.0412084023862
0.0207019133808
-0.134289432556
0.0262279999501
0.0497601856197
0.0282448607138
0.03403810019
0.0714722091449
0.0234095456865
0.0408515823343
-0.0616172381281
0.0384944344856
0.0284310613114
0.0106694132908
-0.0985440779913
0.00697602050436
0.00181566027191
-0.0671775469513
-0.0598477417879
0.00600479909384
0.0373665834035
0.0314514582495
-0.104410612211
0.0360175037102
0.0237435375826
-0.0334471006379
-0.0228872388116
0.0591618202009
-0.00210287342969
-0.034132611132
