0.10852231057
-0.0219784226316
0.0442429767038
-0.0266479905862
0.0781667436598
-0.00491005011835
-0.0745574780242
0.0274609624619
0.0803527253703
0.0415132485459
0.11697793196
-0.0701246534623
0.0653147468564
0.0167560432833
0.0176840910912
0.100986106257
0.0170490370663
-0.00272582505116
0.0462616205983
0.075925690866
0.0448803893317
0.0449063281358
0.0771083994714
0.0420349101822
0.1050920597
0.11249151456
0.0655068967293
0.0365238848773
0.0305428922573
0.0835865452499
0.0305812235696
0.0709879388709
-0.0398971673817
0.00634826866647
0.0869797435598
0.0900499567699
0.0685954554109
0.0390202163073
0.00654532058322
-0.0500273206272
0.043591025271
0.0934425476302
-0.0029012914368
0.0389086582478
0.103402461589
0.087107696739
0.117883609508
0.0308252621155
0.0950219476385
-0.0232957445624
0.0860009822624
0.0263651230664
0.125214131374
0.0896020953045
0.00953003594327
0.0159996661036
-0.0425142057746
0.0866119917532
0.0120903038817
0.0850816811543
-0.0158109566174
0.0431948506068
0.0129899451676
0.0565258380679
0.135701902704
0.0791431953095
0.0108608182652
0.0354182253773
0.103517334786
0.060010284685
0.114000303414
0.0733778155651
-0.0601641803479
0.0455558576172
0.0536101965224
0.0390187631433
0.0686078395075
-0.0219390155287
0.0217443912599
0.061131964717
0.0695540806573
0.0120314787834
0.102223242684
0.0111034168072
0.0764538355068
-0.0809279503681
-0.0599187462594
0.0666733662295
0.00426922103589
0.0296042990341
-0.0908141319349
0.0879928050102
0.0446736557658
0.0505923567969
0.0314433496819
0.122483744341
0.121562080465
-0.0192592836546
0.0690636280976
0.118812519365
-0.0176078702224
-0.0134091560297
-0.0186861705127
0.0778526985124
0.00366979625963
0.0369196330801
0.0759876094983
0.0871525767972
-0.00432454914319
0.038468293586
-0.0206532611112
-0.00172834323575
0.11051377908
0.0104337866179
-0.0145324856074
0.112568537542
-0.00170433898401
0.064481042424
0.0934949383966
-0.0956726398425
0.109924743359
-0.0466012124899
0.0111613505039
0.0966427178118
0.113744904391
0.0351848753002
0.0618713825553
-0.0202139511531
0.0678627622671
0.00536365754468
-0.083655665709
-0.0278115821825
0.100512207838
0.0996691716243
0.0123415768544
-0.0499673149161
0.0404369572776
0.118432682822
0.0919103892146
0.0715004777403
0.0494559792605
0.101737129491
0.0920120940792
0.096756037023
-0.0188736809988
0.133754460569
0.112982094238
0.0712715187609
0.0856748118511
0.117447194411
0.0513692494657
0.0180436329035
0.0527390872007
0.0486024063642
0.0757612258783
-0.0446574241962
0.0923140891162
0.0721550652799
-0.0527078081483
0.0484891912664
0.0521999164482
0.0395929230478
0.0333841306383
0.0765596502289
-0.00563337739592
0.108996420736
0.0996567282334
0.0303931909266
0.111917474941
-0.0674502415309
0.0531877198442
0.0519645066599
0.0114975136437
0.000667236898797
0.0381186830155
0.128795305414
0.036521591285
0.0881042224732
0.0739911630133
-0.125663749458
0.0543716321715
0.0605273061638
-0.00886418252452
-0.0037718438889
0.0996449464328
0.089368929198
0.121107779764
0.0203947407391
0.125394817112
0.0340601168439
0.058096854536
0.00852230427061
0.0510010547403
0.0852472190532
0.103354991407
0.0700842345486
-0.0309431287915
0.0254731719049
-0.0133077038535
0.0274043980098
0.0441758401054
0.0745914230491
-0.0424482062317
-0.0709239869563
0.0357880193471
0.0262421140869
0.131331390203
0.0188918753493
0.0560699371168
0.0248619934215
0.0432975094685
0.0968981357755
0.085788015051
0.034657761183
0.0219786631945
0.0976163597378
0.135588187296
0.0754211132376
7.90705761613e-05
-0.0400418213141
0.0488596458826
0.0746395586064
0.123897009004
0.0474777354716
0.0857644489165
0.0323838936049
-0.022561003213
0.125425681157
0.0251754738829
0.0887236652353
0.0104601820214
0.0685415456725
0.0800286070038
-0.0805260537714
0.042632959997
-0.0219965911051
-0.00876633044512
0.0789419141386
-0.08298072795
-0.031071679261
-0.0648452031349
-0.00164392067638
0.041295965101
-0.0346280546172
-0.0519606200359
0.00874516373374
0.00574777827176
-0.0698027321819
0.113055106799
0.0418526959902
-0.0256492835795
0.119128412535
-0.0441631981375
0.0553650735091
0.0926453006625
-0.0651816932443
0.0136311029329
0.0964479004497
0.00549757484131
0.126899612546
0.0280781852709
0.0996823564196
-0.0131878515945
0.108335791092
-0.00629284675298
0.127575215033
0.0434952802312
0.0666699631995
0.0315805775399
0.0624276299223
0.0560658952166
0.0504176804146
0.0274990649367
0.12192187159
0.0205978855308
-0.0665743915022
-0.144432978543
-0.0152592660205
0.0536064529069
0.106123531236
0.0939003824539
0.0476308801039
0.0248570275332
0.0479215775701
0.00286042627548
0.125648992984
0.106277773183
0.0665983323659
0.0216817967861
0.0245936602878
0.0885083681233
0.0838152159299
0.0549305822132
0.0672153120483
-0.0263533766281
0.0523182237681
0.0832243309165
0.115728158729
0.0819626610122
0.0458879549928
-0.0413489372348
-0.0276677643487
0.0408291011513
0.0162039744093
0.0545688684016
0.0640462963063
0.0254377032299
0.115234667585
0.00141954421468
0.118693671739
0.0508687627822
0.098045462333
0.0366361307686
0.126629087673
0.0519534927435
0.0847144390591
0.0081888524207
0.0317524896758
0.0472492951329
0.0018258650541
0.109527741372
-0.0178402727129
-0.00400740199245
0.0483652317688
0.0202630804612
0.0124922728206
0.0046156253279
0.0631385992997
-0.00567934347976
-0.0434703635605
0.0796551802794
0.0869936189934
0.0874798748243
0.0949545115873
0.089886608905
0.0284738519378
0.0367965555116
0.0739705419477
0.01914154635
0.0965626891704
0.0597479084502
0.123200884422
0.0993699772021
0.0484805388778
0.0279098252006
-0.0797182357552
0.131454847814
0.0419511027945
-0.00495061602695
0.127433246824
0.0370966326531
0.0561078365278
0.120618717142
0.081351726487
-0.0320186264035
0.0284528558904
0.107184315046
0.0500082637909
0.115116150286
0.0300214283778
0.0079582498887
0.0653047520836
0.124101208141
-0.0184391410448
-0.0292489857813
0.100280030876
-0.0458166090952
0.0976712037883
0.0782251382614
-0.0434549178668
-0.0350919564213
0.0185062143237
-0.021119001383
0.029698187278
0.119374743215
0.093151030541
0.083056041336
0.0272005274392
-0.049415400154
0.0417627469584
0.0946050825754
0.0933865086374
0.0353833826675
0.0945922157721
0.050334024902
0.101356677023
0.0522674981027
0.110987351142
0.054621104153
0.0624389433149
0.137191748135
0.0592909663841
0.012966656179
0.0131104602294
0.061757508025
0.072468802683
0.0675114124434
0.0251098094301
0.085450413279
0.122053597236
-0.0674434571526
0.00606858722476
0.0508472275347
0.0175809801603
0.0804336759366
0.0291071281277
0.0146996489895
0.0571230809704
0.103215686559
0.0535865281052
-0.0612098462525
-0.0571872688763
0.112520378193
0.0675335491972
-0.0127958859618
0.0190605758747
0.037041728149
-0.0113542969752
0.038386133399
0.0945110248604
0.0656692739182
0.0599990521734
0.0483592354495
0.059802775334
-0.131086965009
0.00450389588726
0.0605770840974
0.0688544311384
0.111907469855
0.0907002448859
0.00830810760336
-0.00105435238194
0.0770003264114
0.0222363588295
0.028978911044
0.0593340000901
0.0440065733032
0.0341825919307
-0.0132252125206
0.0430344359147
-0.012783835899
-0.00789524659657
0.00580484833814
0.0458058155254
-0.00770145956179
0.0732389972077
-0.0354430365448
0.0858211952448
0.0691739182806
0.135901289229
0.076161148582
0.110349132314
0.106991401951
0.0655997294979
-0.0720079359352
0.135102450738
0.122537381908
0.0865156653942
0.105752669622
0.0839324095728
0.0684871989539
-0.0786116771321
-0.0025121578866
0.065031090013
0.139780778412
0.0210394325187
0.0700095886381
0.0747788978364
-0.0460569144531
0.106079306181
0.0485791423702
0.0406680673279
0.123601867666
0.0311766004258
-0.0177718078737
0.084097414708
0.0756272198219
0.0395534394242
0.0331050208266
-0.0329729478704
0.0523847278652
0.0441837762639
-0.053974531535
0.0354701732796
0.0206893983561
0.0686489463357
0.0856965559372
0.0197015132868
0.0659406889587
-0.0169516642132
0.0934882872541
0.0338789087724
0.138271616671
0.127175759397
0.0679438208008
0.133602853878
0.0459177345231
0.0859251344179
0.0764064689684
0.00702699658531
0.11429104603
0.0215157216403
0.0316389168351
0.00475808629236
0.0524454114704
-0.00493567022145
-0.0126595322734
0.0778572763508
0.00449778465195
0.0581209725843
0.125462447696
0.0377525670709
0.0183772549476
0.0871094078853
0.0516256545699
-0.0848380485857
0.109002740963
0.00566110541394
0.0660203820426
0.127254373238
0.0506184130945
-0.00932582651671
0.0974130752378
0.0580156767516
-0.0154343093708
0.0157963504621
0.127055633065
-0.00286104123524
0.0445512377437
0.0512224517158
0.0217216464344
-0.00626999028938
0.0633525163255
0.0017563116397
0.0816446061146
0.0885413921816
0.0827955104429
0.0413400001329
-0.00965693775262
0.0517079325939
-0.0096732495769
0.0559645778582
0.0813891304749
0.0652671056137
0.0147926038066
0.0308944564008
0.0622005206833
0.0233246022797
0.107314767529
0.0182676275136
0.0663981926879
0.00821019456007
0.02546218548
-0.0221290591808
0.0248876522243
0.134402613602
0.0874855648684
0.0585514732824
0.125214274036
0.0138177120993
0.0231316251417
-0.018366347618
0.0896144946721
0.0500929309488
-0.0297982879425
0.0689743245652
0.0213207192232
-0.00370593483492
0.0682952162271
0.0554175555855
0.0673578036976
0.0374095521061
0.106397196514
0.0143620036822
0.00498572960932
0.0257207642704
0.0562541270309
-0.0482311370295
0.0572019211145
0.0563095278352
0.0497208250955
0.107458941841
-0.00505532843012
0.0751622514102
0.044835608495
0.0117819332394
0.0765415013894
-0.0203129126348
0.105747063945
-0.00989455353665
0.100692763147
0.0312147202989
0.0562970920214
0.139811129507
0.102785853479
0.0704188637354
0.0580672445316
0.00934154250128
-0.0294907230166
0.0899165446352
0.0671739708619
0.0200284770808
-0.0049366272313
0.0560558011758
-0.0231249463666
0.0578570862448
0.0751462190362
0.0920217635856
0.0908942521747
0.13445663043
0.146591827925
-0.0440852036197
0.100911368863
0.00122151221005
-0.0149460384422
0.0549167767637
0.0399985972533
0.0830019833662
0.0665195848321
-0.0523502847327
0.0778379219597
-0.0346198307479
0.115862074423
0.0260400229824
0.0533206919983
0.00528040089037
-0.0117713095687
0.0993800876007
-0.0227286214817
-0.0171465690233
0.11141024632
0.051536599066
0.106052688613
0.0111008916886
0.107352657037
0.103685728141
0.0635368123989
0.0437174997247
0.0346107949585
0.0671295043707
0.0566412298167
0.0414703638715
0.0282048304104
0.017210570402
0.0247185912289
0.0500992322008
0.0560585312095
0.0734598998771
0.0572789021116
0.0434127144595
0.114090947686
0.0734389847425
0.0655503412739
0.0546200936499
-0.0219972321417
0.0556152842625
0.0165836934153
0.0479494271248
-0.0078484612574
0.0200875755278
-0.0105598757694
0.0512818463767
-0.0537678159655
0.0827049136312
0.0648265232044
-0.00879941210015
-0.0213968683859
-0.00257737756888
-0.0380681417214
0.0555346027147
-0.025502169677
0.0598923600613
-0.00331383636497
0.0923810815999
0.0596620290387
0.0466926649077
0.0515256369426
0.0927802324439
0.065934804445
-0.0495544731624
0.0519566004263
0.0372053445147
0.102603137788
0.0592201925092
0.0988294842362
0.118570903988
0.0218592009706
0.083383571666
0.0382845426606
0.0183489066159
0.002238524949
0.0684575461109
0.00618319720586
0.125754867305
-0.0143234254589
0.0113581540642
-0.00291769746558
0.0768296375559
0.0548431576404
0.118153308945
-0.0633492478173
0.0124330548238
0.0802944176382
0.0256571517598
0.104124640743
0.0620933524794
0.0748573944543
0.115220976891
-0.0169414559393
-0.00667438214043
-0.0636831446527
0.0793340599945
0.0359079526866
0.0903915758586
0.120154797073
0.118869530825
0.0451510083317
-0.136559890164
0.0286766100981
0.00923352472616
-0.0110501599355
0.02645783511
0.05303721283
0.0079217092684
0.0485993991606
0.00565070066058
0.0437645669166
0.00575390709798
0.0329522255735
0.0487468365981
0.0764110143447
0.057453366668
0.0456735354459
0.0355932631553
-0.0323785325254
0.0841418703917
0.0595677203811
0.083432727562
-0.0369115801695
0.0591141432335
0.0783042096807
0.0482997519819
0.0539699329336
0.054088514479
0.0389502421208
0.038334111171
0.0443423749143
-0.00938074313835
-0.103051348847
0.0409122295387
0.0819265834753
0.060464784202
0.043022499241
0.040559600377
-0.0185534543426
-0.0136322353844
0.018410509635
0.104481859664
-0.0578345918316
0.0729439139364
-0.0374962283957
-0.0550204297233
0.0666708578034
0.0617543311999
-0.0119254430394
-0.0298446552349
0.0363040036077
-0.00919768916735
0.0191873956935
0.139541429974
0.104236290349
0.0778827413197
0.0485372406981
0.0553092743416
0.0244107296152
0.0705286089916
-0.0700195342975
0.00177017810408
0.0437829357166
0.00458087203366
-0.0622929622062
-0.0178405507663
0.133521671222
-0.0236460765957
0.0370783749802
0.051313619654
0.0872396184691
0.0755954955796
0.0547416782839
0.00788068549416
0.142839767231
0.0185737990397
-0.0140139556373
0.0702971184411
0.107132121579
0.0694536002507
0.0907924000226
0.0387296822524
0.0798604198413
0.0775908147147
0.00510440898961
0.0509422718777
0.00318463116387
0.0426499945313
-0.0495909379265
-0.0417081732517
0.0918794236694
0.0924375492109
0.0582212533685
0.109803095567
0.00300072725135
0.0945593839191
0.0471994527235
-0.0176502432353
0.058490627342
0.0509503218978
0.074242387227
0.0903878907741
-0.0855566789303
0.0956334763007
0.0483677689796
-0.00283906840386
0.0271194421939
0.0359615316082
0.0527540384731
0.0016005633618
0.121767253252
0.0805835111946
-0.00925420780313
0.0129778534759
0.0435825412072
0.0832812526563
0.123743613945
0.10907945903
-0.0104851152785
0.0979275077513
0.00789523517455
0.0823416279351
-0.0447932367351
-0.0628041386832
0.0108962019046
0.0117600852237
0.0725093546838
-0.00225527083015
0.125042883699
0.0840153617981
0.090909924076
0.0278841886675
-0.0478210146176
0.0595895344902
0.125704214822
-0.0731565357401
0.0572855843528
0.0943151110445
0.0565236715741
0.112977645586
0.0361701065797
0.0237221487019
0.0855297310668
0.116773550017
0.0735985565809
0.0711899320148
0.00351216067435
0.0722119032014
0.00879134812569
0.0460167526937
0.0548681580381
0.0554487808272
0.043406909512
0.0281321336813
0.0226724700919
0.0379983953802
-0.0291649141695
0.0314655845179
-0.027701195011
0.0212044905783
0.0842351318389
-0.00911937869269
0.115453254059
0.0378276627371
0.0877522692951
0.0563907419036
0.0197339522625
0.0944636565565
0.0296991914377
0.064238751067
0.0728156032265
0.0042853483157
0.0334780356472
0.0557434896612
0.109590748371
0.0272968341996
0.063717050955
-0.00523595028054
0.0741145349479
0.0342591463512
0.0901231205712
0.13249912057
-0.0840568393638
0.0766678712106
-0.123232361939
-0.0566593489013
0.10034450916
0.0516597231021
0.104039649118
0.0688763036557
0.0175227559342
-0.0141856500456
-0.00681945699869
0.00600472833581
-0.00652125433895
0.00424615769245
0.0731613649837
0.0131681762747
0.096273091326
0.0438225792333
0.0622457327126
0.0471172003972
-0.0194490698092
-0.00355360016255
0.133355593596
0.0221839999946
0.09619371684
0.00318506784607
0.0575457017306
0.121333798513
0.0309954683193
0.115850359118
0.0245802152184
-0.0101088777685
0.0146710782238
-0.0305006593901
-0.0690039968033
0.0102090314684
0.0587032124534
0.0193365779446
0.00816233612658
0.0438001415321
-7.20097200926e-05
0.0432431405759
-0.0302108959787
0.0856752205295
-0.0135422169334
0.0956524741434
0.036694492193
0.0299148083392
0.00774827978722
0.0160584975576
0.02482115783
0.0592706629678
0.057626359575
-0.0162239336179
-0.104044980037
0.127896052693
0.0465888889244
0.13330529335
0.0832805536842
0.0070667577552
0.0433600619727
0.0510996001572
0.0181486853212
0.0835250704673
0.0234059174809
0.115351686015
0.101734814451
0.00440665808899
0.0661168947208
0.0684707839774
0.024968941359
0.0430726650884
0.104792788259
0.0662094332299
0.00297164224098
0.000686210459389
0.089593867607
-0.0479067145774
0.0905382383954
0.0448503000023
-0.0143300856275
0.129468706499
0.0491441566782
0.0298115990322
0.0828582855759
0.0665284680785
0.0848591551317
0.0578892731888
0.0481788146242
0.0739467080982
-0.0170584518177
-0.0117649162751
-0.0150703061319
0.0216152158117
0.0731063362055
0.0620980132481
0.118169038894
0.0157441412533
0.0729469883442
0.0568019054329
0.0299077732103
0.0955780289714
0.0555049463477
0.0641162844472
0.063023040679
0.0712217730241
0.0375918543396
0.0686846741578
0.0109279065899
-0.0487982406829
0.051440028906
0.088570467857
0.0234271224616
0.0820810624735
0.0897381480224
0.0518245164783
-0.0645968724893
0.025387852461
0.0756378610988
0.0437307338231
0.145468487579
0.00922709420438
0.0737465425713
0.0860831323107
-0.0397843346171
-0.00322603800039
0.017919546124
0.102802218309
0.0165744602178
-0.0524799638915
0.0634566537135
0.107715664187
0.0866122081228
0.0384015838698
0.0820222991806
-0.0257425387497
0.0657458758188
0.0508359869488
0.106912174059
0.0951810913445
0.0312358192354
0.0946845259786
0.0362024626983
0.0554039095031
-0.0225780089013
0.0266270325931
0.0543778107959
-0.0189927240242
0.0137421349131
0.0662625907122
0.0651300408
0.103099465006
0.013629769467
0.0521571014895
0.110594064239
0.0752016921946
0.00126873841891
0.0234862604204
-0.0422248348314
0.0421445662526
0.114832867335
0.0844702991717
0.108020171763
0.0207515575978
0.117836148001
0.0606354492919
0.0201480634881
0.0621019123057
0.121701925483
0.0747093784419
0.0029371623219
0.0232331109861
0.0553012188963
-0.0199275976033
-0.0176852890636
0.0587936849095
0.118569400765
0.0782802986904
-0.0927112797161
-0.0145492578194
-0.0114862626533
0.0215089524599
-0.00141548649868
0.040810297433
-0.0452220082159
-0.0379444535487
-0.0059538858544
-0.0422261773869
0.0590586493837
0.0661615032493
0.0691518175285
0.0642965876494
0.0972467975598
-0.0605948928032
0.110261477078
0.0826717138202
0.0736187123626
0.0342866637415
0.0271655437627
0.12902426748
-0.00284073415025
0.0887576845181
0.0992539501834
0.0311012475867
0.0935947672174
-0.0768432237649
0.0143853802878
0.0229062642966
0.064743476055
0.0174876343185
0.0449902229529
0.0330534124143
0.0721103110176
0.105470973701
0.0895936781353
0.0166196248706
-0.0248138462644
0.046307717516
0.0897897533378
0.0809716892338
0.0809459956748
0.0422834472549
0.104879426981
0.103876710846
0.00967311167851
0.0559834822096
-0.0314703001594
-0.00963603611081
0.104892635791
0.115320333163
0.0777111248456
0.0349020096994
0.0457634052082
0.009423131633
-0.0986607150912
-0.0191908538278
0.0664727309777
0.12313521798
0.072855098623
0.0238818790906
0.026575571249
0.0810107100442
0.083075814382
0.039754330798
0.0633267981651
0.033905893195
0.106042388506
-0.00332794038983
0.0723234856732
0.058564563767
0.0280975412959
0.114573455409
-0.0221632527259
0.0365926288559
0.0891276540566
0.112117453453
-0.0108252134659
0.0913709086294
0.0295703806717
-0.0595063647176
0.0350943378888
0.00229012202301
0.079860792168
0.0497015971079
0.0182497511576
-0.0279472512001
0.072607661881
-0.0113305583555
0.0306636425202
0.0369553984877
-0.00523113870793
0.111108555598
0.0652130579422
0.0958091262286
0.110777256848
0.0230846048852
0.0303602333679
0.0744702674515
0.0242618114003
-0.0770726428268
0.00953327402839
0.0050705146187
-0.0483642934204
0.0294665988096
0.0550895326871
0.0122152899887
0.0374198447814
-0.00613493269625
0.0504660820964
-0.0628266993681
0.0618090356013
0.0812182440862
-0.0221534917728
0.0982739361131
-0.0296200400711
-0.0189183626984
0.0954904952076
0.0223802658964
0.100357780682
0.0842430034199
0.0127753283575
0.0520598099274
-0.0401218031126
0.114787317214
0.0918526468182
-0.0703489577232
0.0191367021756
0.0139495960934
0.0574377047049
0.0854877141308
0.00982181070911
0.0907427442933
0.0914301656352
0.0496897546143
-0.0151060360869
0.0221493397066
0.0764169217409
0.0860575877128
0.0705782159223
0.0813198104724
-0.00141705111753
0.0720876968554
0.000856411017855
-0.00760082664284
0.0511729333688
0.0770222095659
0.035203699103
0.00601209290789
0.0396213272159
0.10723417201
0.019001370606
0.0342122874277
0.134003824839
0.00421023550547
0.0789074567584
0.0544016445918
-0.0671634647883
0.040193801159
0.0684203235322
0.0766746073985
0.0891299256306
-0.00481772520314
-0.0232539018377
-0.0632697290864
0.0900105089384
0.0210833707328
-0.0587719401393
0.0325845616772
-0.0445526699861
-0.145105898289
0.0659634093482
0.0291733653463
0.0994185985412
0.0937102405441
0.0332078196588
0.0665526409122
0.0345018225287
0.0399627692336
-0.0998727499487
0.0502146077801
-0.012204386889
-0.0554203394804
0.0650905566454
-0.050913488841
0.0796140601833
0.00294374535261
0.000272369992119
0.0901211271001
-0.0122262947689
0.130506506125
0.0173071448495
0.0435063608972
0.10521774866
-0.00255568021186
0.0418491378281
0.0647438079425
0.0507150605479
0.0381820077193
0.125251615538
-0.011032299729
-0.0347721050333
-0.0286326772061
0.0727573786398
0.0424056450103
0.0815096587383
-0.0243454225312
-0.0253501793004
0.00511273583278
0.0452692015036
-0.0149078149434
0.0141704441963
0.107069024549
0.121957519766
-0.0637444091255
-0.00510229911305
0.101894267976
0.000164130980579
0.0893878095133
0.0809593084028
0.0677223267383
0.047080347343
0.000475575787167
0.0452287578436
0.0854766949428
0.0418636495847
0.110533122227
0.0608539973933
0.0299378999249
0.133900421927
0.0493744289145
0.0777647809001
-0.00983390537693
0.0344389820473
0.0356875502826
0.0269696432654
0.0656690365789
0.02803013384
0.118682729826
0.0298237030358
0.0126723524385
0.0377417613455
0.0673166349751
0.0356089671479
0.0144960835551
0.0449008490832
0.0902577979787
0.0691246211095
0.0614758447401
0.114756915833
0.0888537696402
-0.138047387591
0.0423574542002
0.119827509834
0.0395419113518
-0.012099186414
0.015557803178
-0.117063438904
0.0644729056942
0.0438858014085
0.0539872909106
0.0996123742439
0.100091110954
0.0612241671532
0.06420747907
0.124148731634
0.0256413725039
-0.0253120599643
0.0894259535965
0.0752645405289
0.0391011476661
0.108712694394
-0.00665912229123
0.0146620306523
0.0320955166157
0.0740352547566
0.0606207158007
0.00644526455471
0.0789397032658
-0.0481979288614
0.0885877295757
-0.011760841194
0.0719271570971
-0.100881574694
0.085835719803
0.041701369934
0.109886581888
0.0794118140529
0.123057662154
0.103774710063
0.0630860363554
0.0572813744696
0.111874994038
0.0361024037313
0.0765445953504
-0.00215984974772
0.00644394641332
0.0113656974954
0.0511439385851
0.0951432670332
0.101766156462
0.106074178658
0.096826231068
-0.0134203680523
0.0395911982413
0.0570039464848
0.0802307749946
-0.0015098220718
0.0538791200888
0.118787145228
0.0925332977799
0.116031233475
0.047678580101
0.0564670951577
-0.0491321291971
0.0628901318059
0.0776673574038
0.0104570055867
0.00114382373088
0.0427043230896
-0.00960519840043
0.087054986164
-0.00418609218908
0.00536404272915
0.0455836170289
0.035450368366
-0.0162915515985
-0.04907233915
0.0353525244551
0.106485455739
0.0545435460733
-0.00555017812656
0.0225799033377
0.0533328549602
0.0225727570138
-0.0226039844552
-0.0303659957331
0.0474564323509
0.102811127498
0.0065333107982
0.0857181375473
0.0872562828346
0.0257517872729
0.114615586508
0.0747868104937
0.0508437540791
0.00316985797388
-0.0498636429643
0.0988365638811
0.124705243529
0.00659496416749
0.00252000164386
-0.0827661540301
0.0880398308892
0.00358432746429
0.0537857034756
-0.0325663135869
0.0599190260991
-0.0473097082148
0.0419041792259
0.0970390269807
0.00697646196351
0.000528536713135
0.10178356226
0.0766502946305
0.0874407264388
-0.0221930667758
0.0973323625206
0.135727891385
0.0109556555801
0.0112235286934
0.0858110798793
0.0497632782434
0.0915544990671
0.0147406156548
0.0314696473584
0.0958145990628
0.0845582291158
0.0908459923475
0.00495929288209
-0.00448602811295
0.0950208949252
0.0309126302382
0.0355216047662
-0.0444110441911
0.00854090456546
0.0653834008159
-0.0125236477421
0.0675545160644
-0.0261663005538
0.0657638277558
0.00445834854595
-0.0233692871636
0.0396349580769
0.0649429725034
-0.0470038582803
0.0983141448428
0.0545007679862
-0.0108828779125
0.0877881314309
0.019502593653
0.0803127878619
0.0505890133232
0.0744842993211
0.127394961944
0.0534032281991
0.0588729789734
0.0888729180372
0.055377671767
0.0504380151593
0.0153048280906
0.0421937259582
0.0769556476911
-0.00418478116522
0.0903480890445
0.0789676287718
0.0641327402123
-0.0196232287208
0.096979302439
-0.0353742144794
0.0929063459243
0.0826871263644
-0.0454080671155
0.0264296769945
0.0953121263296
-0.0932232173532
0.0527488123332
-0.0514578580817
0.0250778956022
0.0991811155624
0.10063885128
0.00967293036255
0.00743655533487
-0.00946986296917
0.126893728873
0.010721978155
0.0209921796802
0.0744334476983
0.00730939916719
0.0842265236274
0.00279838076443
0.127735402111
0.133922419128
0.107257057446
0.108063041093
0.0287599572248
0.142400282505
0.0323800465992
0.0486694753266
0.0830443887456
0.0323817254925
0.0414712659488
0.0751247191168
0.0366955240264
0.0898614117854
0.0960540226249
-0.0143338887083
-0.00698232029692
0.0526261960163
0.116795183022
-0.025720998681
0.127728148462
0.0240782868151
0.0354320688328
0.00664784255412
0.0710202101463
0.0519635414492
-0.00883611967333
0.100703666601
0.100517659047
0.0108383818065
0.0505274258009
0.111256429117
0.138200383129
-0.00952173653095
-0.0215515652058
0.114207554515
0.0384530200304
0.09539372979
0.0379672391476
0.0954808467539
0.00889748319881
-0.0609356689141
0.0501323550077
0.0279082179034
-0.0201128903173
0.0843138626182
0.0457344204779
-0.000656088441627
0.0062427222189
0.0540502324975
0.0119400337994
0.0144195874597
0.00111484278666
-0.00319618168165
0.0413213136078
-0.0765804013786
0.0477760583076
0.109807679842
0.117409908768
0.100455333586
-0.0660912931994
0.0317986318992
-0.115836223719
0.0574196012725
0.104011182094
0.0461691393015
0.0524310117342
0.0344198769337
0.016415598087
0.0101979430055
-0.0119816583608
0.0874377499338
0.0797367967344
0.0678083095082
0.0992364476092
0.093908892405
-0.0433232890631
0.0832535845924
0.0529232416286
0.0632109802364
0.0311578123302
0.004764905616
0.111993501657
0.0777091812218
-0.00794922062412
0.00799580907387
0.0592418365689
0.0619003800658
0.0234852783264
-0.075352792908
0.100675361874
0.0394624363207
0.0456832051297
0.0396256514125
0.0571055679566
0.032670529209
0.0753386162641
0.0642088721713
0.0021947218277
-0.0504842558326
0.0494619521333
0.0356241692173
0.0385154338877
0.0832260121112
0.110213935945
0.107291743002
-0.00877215575735
0.0193834807362
0.00118836537528
-0.00514956744392
0.0387500087159
0.10155584073
0.0708786996956
0.0725081500571
-0.00223170375232
0.0137642255279
0.0933105661997
0.0149889177766
0.046389812039
0.086070964342
0.0348556572338
0.0762344596428
-0.0258605607466
0.10336640204
0.110984893291
0.0337204429104
-0.00778799835955
0.0604186511011
0.00222754792786
-0.0287009940618
-0.0691400843972
0.0781965368145
0.101824289063
-0.0758010890815
-0.0685287221288
0.067666007902
-0.00699911518329
0.0997583598063
0.0983570294567
0.0894791976597
-0.0800564855913
0.0456402425674
-0.0519990371841
0.119668759255
0.0416520398389
0.0595415814727
0.079975253722
-0.0382110246923
0.025744573111
0.00987506461972
0.0297246684554
0.0899302035063
0.0537879571817
0.00322754224254
0.0464125729249
0.0889604519703
-0.011584318257
0.0455594085082
0.00794772121484
0.0611628186245
0.0664145103692
0.115183072406
0.113667718821
0.0455802640926
0.0430224326898
0.0657822055164
-0.0107316817613
0.0559667831751
0.0636817227944
0.0258810798687
0.091177233098
-0.00178346226132
0.0413559144889
0.0460552643929
0.0882256898093
0.057780013748
0.0590304015319
0.0223862100737
0.0905969473289
-0.0189292179766
-0.0295004352815
0.078358945751
0.0680052504827
0.113390396399
0.00630945611906
0.0274773905777
0.0496506896174
-0.0101914521926
0.0787712341854
-0.0479425565477
0.0848038368627
0.128896291715
0.0893728641626
-0.0152316267874
0.0113004605413
-0.00434184329889
0.100732137291
0.0732291507919
0.0752175506824
0.0253647197285
0.135793577562
0.0582322564867
-0.115376345902
0.10055908898
0.0225345537883
-0.0248143657253
0.0252785382497
0.0737274544337
0.0683733836085
0.00970164121306
0.0104535858272
0.0858091280388
0.063401981647
0.100421491123
0.102191977102
0.0285480354745
0.0700313699362
0.113609231034
0.0809438316415
0.058225436069
0.0157597333797
0.0128197053474
0.0770021507546
0.026611293402
0.0330616824434
0.0462282714391
0.0973444796419
0.0301833326884
0.13344581311
0.018067986803
-0.0346983745376
0.0559469415041
0.0666790812234
0.0959479414985
0.0780920520181
-0.0156248364686
0.0796326335085
-0.00190509190414
0.078255150178
0.0663965182921
0.0164609135715
0.00788437750501
-0.0297476189607
0.0598292252843
0.0556569659025
0.00803123143745
0.00195972625476
0.0945507184617
-0.048616872969
0.0229131559119
0.0228696534629
0.0628983982478
0.0955610815439
0.105649913173
0.0540670289801
0.0961201027677
0.0185298958306
0.0473435366691
0.0905616815871
-0.0742522375182
0.134321016726
0.0413068799682
0.106042506206
0.0552325418382
0.0402179163983
0.0196564358996
0.000216012782619
0.110271167974
0.0619660983815
0.0391347013314
0.0612427648225
0.0337959078854
-0.0281548881641
-0.06093239964
0.105282120051
0.0787988329422
0.0728233765275
-0.00782017319546
-0.11714116634
0.0697449668948
0.00305338145956
0.0740932775862
0.127015278747
0.0505216736801
0.10695278794
-0.119843135598
0.0858148966906
0.102535695598
0.0979885153251
0.0290846383895
0.0657892560748
-0.00684903432107
0.0695268089067
0.00389467220691
0.0938680859159
0.03925115814
0.0622158073733
-0.0603409838354
0.0179564545573
-0.0393812015073
-0.00942791398756
0.0159391094296
0.121882778894
-0.00885720761011
-0.00718999452952
-0.00346434447345
-0.00761046950301
0.116055672572
-0.0138827300455
0.0440971343632
0.0159272803057
0.0365651085266
0.0136149880796
0.0421377006396
0.0279692916586
0.0969212737911
0.0982576013939
0.0830786842771
0.0187970566411
0.114042894929
0.0207603718229
0.0436876510924
0.0499110425153
0.100555410633
0.0212551851356
0.0764612842783
-0.0771972915826
-0.0231096613254
0.0794464719554
0.0761534034818
0.0251474120627
0.106103608518
0.103192192006
0.0672352178587
0.117441906787
0.0865447571415
0.0132039971911
0.105825511473
-0.0380374560673
-0.0103459116353
0.0665892210503
0.0942217424853
0.107847214117
0.020493901101
-0.0853475394518
-0.0103811475425
0.0432516988724
0.0315601908256
0.127512641796
0.0829596165293
0.0880375383558
-0.0876122550225
0.0972107154691
0.0210630918588
-0.0949478611385
0.0191522269776
0.0790080621559
-0.104947334044
0.102094807497
0.129867599847
-0.00242948736989
0.0393519471143
0.0470741610483
-0.0103227920799
-0.00747855816096
0.0556578736697
-0.000453898436316
0.0260519725258
-0.00146498313237
0.0321720933724
-0.061607760638
0.0733994732617
0.0512222223557
0.0254771885679
0.106393799047
0.0166986447894
-0.0147594953206
0.00897924348127
0.0258076292765
-0.0214553072522
0.115772352283
-0.0033114508166
0.0775557415944
-0.0237639720673
0.0902228399521
0.0870662297444
0.0963910584815
0.0745376307355
0.0209226972894
0.0161796694172
0.0506789008423
0.0390216772877
0.0847725127533
0.0115751818402
-0.0244628818284
-0.062277769433
0.0649287169484
0.0354874251984
0.00844781172984
0.0794591840115
0.00584542298255
0.0586263314814
0.0628565431283
-0.00901750146897
0.0950327977273
0.0901159268468
0.0420639237369
-0.00187439652188
0.0194612465174
0.0755197029681
0.0230662076369
-0.0443847392166
0.0388574790664
0.0721576088431
-0.0109704451945
0.0185656059128
0.00526880297442
0.103926332025
0.0570480706626
0.0642382586702
0.0426003063747
-0.0366199424475
0.0500092047078
-0.0864275687062
0.0910035702798
0.0277284139349
0.0450647499837
-0.000726346229852
0.0712936765195
-0.00910518291797
0.064725527843
0.126367842229
0.0855837165656
-0.00239311031154
0.024118727268
0.0716961687959
-0.00525892212684
0.107234388243
0.0616582342836
0.0805112146868
0.11211345729
0.0247489192781
-0.0102560535012
0.0278746846487
-0.0548668607959
-0.0401327366242
0.0240404210716
0.0848359545734
0.131235350633
0.110690701086
-0.00713189673429
0.122629607899
0.087695237753
0.0431029812332
-0.0063758728483
0.0171592291032
0.0366539766923
0.0472331149593
0.115779590711
0.0906487430083
0.0679291974261
0.0546573601397
0.0550840363017
-0.00390436441124
0.0321952582627
-0.0374261339567
0.065220086136
0.0416072609704
-0.00804023638652
0.066683193734
0.11312460581
0.0278395263451
-0.0261931243363
0.122480109648
-0.0438673828701
0.0288243822
0.0102951739917
-0.0176877032786
0.0969838370708
0.0981930949418
0.0655397762573
0.0188189071135
0.0445345540843
0.106589176252
0.0188534440087
0.0722818675993
0.0225365328756
0.1336709453
0.070495957678
-0.00557405453046
0.0142985624676
0.0321611880208
0.112915078806
-0.00906098002708
0.0402663003645
-0.00303099283182
0.105361721791
-0.0347271296826
0.0769206976665
-0.0360549708467
0.0670200954968
0.097752342162
-0.0507674134493
0.0883554716806
0.0218186438625
-0.00356208982543
0.0657936429539
0.0914001891128
0.0091785742082
0.0420223799406
0.0522369188659
-0.0682235144693
0.026907075711
0.00620249342706
0.0686993515985
-0.00865447810323
-0.0291431281755
0.0214030068792
0.0683586200018
0.00302908054358
0.0791488084088
0.0121923952848
0.0574883031036
0.0824425669007
0.0516552351203
-0.104026021927
-0.135325131578
0.0580808456857
0.126070003471
0.0254807658948
0.112351053812
0.0283756105397
0.0674988384337
0.019669189869
0.00744883237702
0.0597708956688
-0.0735853301024
0.122146165572
0.0616459900246
-0.0349873943848
0.0660401585001
0.0629259149496
0.0866054191165
0.0380328893504
0.105180005023
0.0791489318442
0.0159888594059
0.0914737151086
0.0952524490785
0.101303415538
0.0721587183037
0.0562747767016
0.0265621243008
0.00882974729904
0.118422719276
0.0014514049507
0.103912219277
0.00781441015345
0.0687443149165
-0.0763267409832
0.120504548533
-0.0422170568036
-0.0221551062197
0.0388020627741
0.0282116457454
0.0547234418834
0.0215759653478
0.0706851772539
0.0687319119221
0.031091323864
0.114359380748
0.0289394796429
0.0396172803637
0.0432407803487
0.0303156015706
0.010471640919
0.108570955236
0.0425637995405
-0.0181012089936
0.0391654136547
-0.0327616186151
0.0381003129501
-0.0196794871327
0.0452612485458
0.0213054643397
0.0864874637962
0.00557623961077
0.0953962580975
0.129283137622
-0.0121957076615
-0.0530161550212
0.00315171055604
0.014359953814
0.0475916422374
-0.0522641580925
0.00147651125747
0.0364404124503
0.0738847315604
0.0991201229721
0.12143083118
-0.0204659134165
0.0399921278404
0.106568137409
0.0720017119037
-0.0307996917021
0.0904876918513
0.0858867959218
0.0943909286837
0.0820628955905
0.0161308800196
-0.0337979408382
0.0358226816018
0.0770483355948
0.055854470508
0.0930252465062
-0.0139013743462
0.0375655589997
0.0513492801928
-0.0123697187599
-0.0643866492117
0.0210600383209
-0.0619408468113
-0.00899779146003
0.106358454101
0.0561734314269
0.0467147755132
0.0424558530721
0.0403409280432
0.107823860648
-0.0235839365627
0.0531822295722
0.0866724703505
0.0839239708451
0.0328820123647
0.0703692734848
0.104051316213
0.0753701940392
0.0458294035072
0.0477128536779
0.0260699690781
0.0571867720365
0.111935017972
0.00670002759083
0.111094761834
0.0561586368277
0.0732902053438
0.0747801500047
0.0957946390728
0.0782824556922
0.0141888573804
0.118744439127
0.0145973957605
0.00649965755883
0.0226724018581
0.0939672189753
-0.0646976138975
0.130074008467
-0.044968004497
0.0826225304584
0.0140490685231
-4.22528467325e-05
0.115222211219
0.0854780121173
-0.0244851909705
0.0081059520775
0.0574051571428
0.0407668233333
0.0464850362895
0.0811039211017
0.142310598336
-0.000105794894875
0.0335421087314
0.0873980395139
0.0974974140872
0.0195357263006
0.0128381021817
-0.01251169588
0.011412397138
-0.0278222345361
0.0359483010124
0.0694862349632
0.124530489174
0.11864831514
-0.00146052943285
0.104499831444
0.0350776687635
0.0752927738274
-0.0339808035413
-0.0311468563853
0.0924928247964
0.0174284765366
0.0340280228581
0.0716552783124
-0.0288721670396
-0.0386231773258
0.117803441232
0.0218793922635
-0.0125917031128
-0.0464447690845
0.0295034583467
-0.0507729298567
-0.00416856816052
0.016528583201
0.0865351678231
0.0713806989233
0.00236739450193
0.0948757340074
0.0891262868336
0.0154541591197
0.00658714605362
0.12296633121
0.095789854288
-0.0620681597139
0.0449483575709
0.025176016382
0.114407845782
-0.00997181180816
0.0792881221479
-0.0411502120316
-0.0394354453264
0.0295148416237
0.127439970697
0.060107395905
0.0305475496946
0.0835717538594
0.0704215429635
0.124147648171
0.0520635745919
-0.0271140818674
0.0625654902761
0.0810070995338
0.0411004669611
-0.0312693480695
0.039246806049
0.0370920596768
0.0151921882764
-0.0172057718033
0.0697792441454
0.0381406550668
0.0594699384254
-0.0599599487953
-0.0128169438421
-0.0186579445358
0.0813611436927
-0.00929506612961
-0.0446838512824
-0.0296562390589
0.0895854368398
0.0131282518734
-0.00571734084876
0.078545903402
-0.0781454237983
0.0225807263185
0.0560542992366
0.0309715800983
0.0562918249587
-0.0578022200198
0.000471742628861
0.0220451327917
0.0884686724416
0.059209749531
0.0763826082966
0.0150067471174
0.047910880999
0.0225417819634
0.117983787886
0.0121657364051
-0.00337010390196
0.0307177153104
0.0791081767985
0.0360475701643
0.0773893782325
0.0389258178473
-0.0188466634205
0.0619591944612
0.104678763662
0.0400392037998
0.122946127752
0.0419800694381
0.104860474581
-0.0225338577175
0.0191501777543
0.0653608366733
0.0206549411688
0.120044044802
0.0742866060927
0.0892448786492
0.107194589185
0.0767229695854
0.126406928185
0.0548013758069
0.134438829261
0.00699378287739
-0.0962452985199
0.11946658045
0.0970021013388
0.0996693237588
0.0409412664817
0.016738345147
-0.0519324960192
-0.0499889923164
0.118978572486
0.0345311102149
0.0627286168464
0.0605909763137
0.0954862668544
0.0607985960225
0.020962719452
-0.00150492917706
0.0896251165458
0.0205218116764
0.0608808847949
0.0875896574479
-0.127903603595
0.131830565359
0.0326558835637
-0.0166364262689
0.103429747326
-0.13189899106
0.0410743149993
0.0187887719157
0.0873308677324
0.0778454456942
0.120593631235
0.0358181576156
0.0624232968089
-0.00309664285615
0.0335545009242
0.0372801107468
-0.0734323405316
0.079439985071
0.0115186229814
-0.0539748492421
0.050977958152
0.0822189946931
-0.0449077232188
-0.0531355156424
0.0755909011275
-0.0356167696457
-0.0493974047971
0.0129707193572
0.0436604458156
0.0773636694511
0.0915811241417
0.0987538590858
0.0214012868663
0.0565866575614
0.0304691946318
0.0506564395443
-0.0178761558269
0.125957340463
-0.052557063205
0.0040497607247
0.117221119397
0.0838316652165
0.0300676300889
0.0648873385418
0.0922946713078
0.0065846998256
0.094222466515
0.0629797554462
-0.000212528344091
0.0253982114862
-0.00253171033518
0.061122518161
0.0643181559086
0.00428888100558
0.0872552897098
0.0184779242819
0.0237520358051
-0.0266280903894
0.022046583868
-0.0651982932495
0.044968452236
0.0270752637048
0.01861632389
0.132869543233
0.0494024938527
0.0605597474503
-0.0160015606009
-0.0199957646591
0.0299491692801
0.101332879858
0.0603953263722
0.060251817516
0.0102784201212
0.0762009325265
0.139002655015
0.062040075604
0.0846236727942
0.118125642722
0.0240508577351
0.0451879967598
0.125995469723
0.0805106024135
0.036592691116
-0.0164989535784
-0.0298946719495
0.00876977616766
0.0957331059801
0.122769048508
0.0365692734876
0.0263117122117
0.105471718557
0.0280617674107
0.099100687502
-0.0405815828877
-0.00633322573993
-0.0217342469803
0.0364672799782
0.122336250614
0.107743716971
0.0670595476874
0.0962731529174
0.139422474369
0.0790351546316
0.0591483207646
0.0584929614271
0.0476268085891
-0.0353534529104
0.116852825039
0.065226740678
0.04842254425
0.107823753524
0.0507699108986
0.0213105357561
-0.0678273502236
0.0761803537425
-0.00634587045687
0.103455417094
0.0449508916093
-0.0349129547417
0.115948862139
0.0839283744358
0.113425987645
-0.0562505254059
0.120062210676
-0.0410642185426
0.088382526875
0.123521239025
0.0570334982836
0.0522545038161
0.0969950947601
0.017433386364
0.0809798336728
0.0527907407908
0.069565342844
0.00399614168969
-0.0747217151308
0.12013907418
-0.122991074291
0.0296534423778
0.0831815492985
0.040063636254
0.0703348431141
0.0812283881963
-0.0235361668977
0.0352869418662
0.0807036772724
0.0870280578307
0.105966658469
0.0823740327804
-0.0355844898917
0.00267778996264
0.0319983381407
0.0937422010827
0.0213455744982
0.0836702933216
0.0438493379137
0.0737551131137
0.0614732891362
0.0633406064882
-0.0468428182766
0.117095490095
-0.0115121334826
0.13823257914
0.0459411595737
-0.0103890926803
-0.085530899955
-0.0153946024442
0.00932571145432
-0.012776593789
0.0888379392205
0.114911808948
-0.103351471279
0.0471401331798
0.0430364613796
0.11500509867
0.0469909744703
0.00149437502726
-0.000466729621893
0.00705535350827
0.0273343223273
0.0949626442051
0.0563369553588
-0.0165266906134
0.0158724074308
0.00189062324068
0.00767218564997
0.113176467225
0.0534582441027
0.0894126950776
0.0178044068542
0.136145660097
0.130594279365
0.129357428774
0.0435598528332
-0.0686797291616
0.0619378581787
0.113432911456
-0.0063513494181
0.0197060351366
0.0646051907674
0.0652823877072
0.0997952139338
0.141491367588
0.0710687039539
0.0259712685928
0.0557699399813
-0.00199519662911
0.0348155893987
0.0560191481077
0.00586150463172
0.109357085592
0.0595700319171
0.0483220478876
-0.0573554652235
-0.0076359151147
0.071061183565
0.0531991462482
0.117925925728
0.0514829847958
0.0175428309061
0.0334976757603
0.0252853503564
0.0936817197247
0.095160070765
0.013964657933
0.0266517163835
0.0397876115031
0.0136928568951
0.126228728696
0.126591061073
0.0376188966245
0.00139398273782
-0.0435317198573
0.134481653807
0.0199820162306
0.0688305628017
0.0600186319645
0.102520709744
0.0771181578091
0.0122782536664
0.102140429367
-0.0199342337336
0.105963084988
0.0260693241963
0.0723649744092
0.067127765982
0.0839576154266
0.0311948961814
0.0883664603173
0.0226187257304
-0.071023101846
0.056630857985
0.0777149604155
-0.113269497844
0.0354364818159
0.103567980945
-0.0111467128904
-0.00942261780723
0.0372329596951
0.0851940572479
0.0579325176662
0.106288962525
0.0671722120941
0.125320465353
0.0592596561862
0.070289785525
0.0784589414641
0.0929121080408
0.0636000365504
0.00722908373332
0.0963323819981
0.00360644746417
0.0980944933721
0.0707432869176
0.0384792403507
0.00787116705337
0.0685829487896
0.121458966009
0.129067712035
-0.0702467623659
0.0857878982398
0.0907728819045
0.0750166660866
-0.0763052747388
0.000264051436746
0.00957041283946
0.134322161614
-0.136289664911
0.137807534531
0.123690542507
0.0698516770407
0.0211656596043
0.0127925126427
0.0287772977324
0.0873901104827
-0.0193412570768
0.0969422782071
0.0639623865917
-0.0931437516359
-0.024980095297
0.0527912862695
0.0564008972822
0.0601389792379
0.0626787323199
0.068042905166
0.0535627114081
0.0290875570867
0.0592328046703
-0.062957834806
0.0863850463463
0.0858896493678
0.13041311227
0.0175921117889
0.0663179772427
-0.0385906449538
0.0389640146679
-0.0301156802575
0.0925511804718
-0.0630686077021
0.0927551194665
0.0975890680866
0.119882045733
0.0587027308134
0.0038301281349
-0.01100843578
0.0760378563922
-0.00593890148041
0.0837018490526
-0.0171532211915
0.0477388447452
0.0487769701855
0.0597708761232
0.0384244786457
0.0497722256026
0.106565309869
-0.0388039129882
0.0678508380144
-0.0756306399032
0.110747075838
0.0785059062895
0.129127808887
-0.013109543585
0.0831471289628
0.0994964788797
0.068343109194
0.0966572717892
0.0965873604444
0.0144925395747
-0.0112771591198
0.0369919284851
0.0828490455401
0.113344919834
-0.0397652954944
0.0140843948642
0.0239720073458
-0.0242469643006
0.035468461515
0.0805069199898
0.062408654369
0.0652615486911
-0.00453659333435
0.0991413810423
0.0443898120464
0.121184339523
0.0116663469294
0.0801018595937
0.0808879241832
0.0792198907663
0.062370073891
0.0788646954216
0.024883771699
0.0867909094868
-0.0463521703656
-0.0200816706312
0.0683073380921
0.0609147716419
0.0587517315703
0.0320326057231
-0.0025224569922
0.0503670545795
-0.0872722529483
0.0326856027607
0.019622449191
-0.0220378800936
0.102846439993
0.0483560836327
0.0841214059758
0.0732340542349
0.086664817543
0.0335631682895
0.0722681664853
0.137994719641
0.063940249687
0.0154829859799
0.112293887078
0.0944418192813
0.0738217006854
0.128580300937
0.0690045607889
0.089731907738
-0.0821804345012
-0.000633454587954
0.0480370757741
0.0399629187554
0.103695847395
0.0779056020513
0.0756457068271
0.06742241931
0.0432444372386
-0.0183670828442
0.0955521933867
0.124829145477
0.126390941252
-0.0330892456091
0.111712049184
0.059249128865
0.118510173587
-0.0247100770193
0.0432482141084
0.0123904108826
0.0852050386
0.0419076245411
0.125818550855
0.114498228257
0.0684699016048
0.0550158794675
0.0824024685323
0.116181385103
0.0529910841741
-0.0103032944461
-0.015280304337
0.0674927516395
0.0396587446574
0.0907404006512
0.110284734476
-0.000755558946306
0.0729535323218
0.0885506307053
0.034964375557
-0.00279537329548
0.0825615422765
-0.0826858640222
0.0253142136277
-0.00858361440123
-0.0415912712415
0.0555347425943
0.0973962939672
0.100515855755
0.0510008822589
0.000902527870386
0.0731389248586
-0.00272060537309
0.0791070414957
0.0603505533124
0.0957897708197
0.0723842083937
-0.042575725968
0.0664731381751
-0.0321351335016
0.00866654569035
0.023452436992
0.0187912926275
0.130089230433
-0.0362892120926
0.0906841504068
0.0713416033187
0.0841347165911
0.0278973366885
0.0557596452931
0.031643954063
0.086268301344
0.0889446293384
0.0138297083929
0.10688881137
-0.0181634732571
0.0438986441618
0.0684869039896
0.0529473875439
-0.0246206964033
0.0859583200506
0.0284170295397
0.0518410647392
0.0164298005611
-0.0469814315989
-0.0842271492943
0.0623122870349
0.031218391894
0.0986644484101
0.0903445444901
0.0449447617349
0.102940524618
-0.0459917225347
0.0596673001399
0.081508543743
0.0529625129991
0.00397667504401
0.0752317103665
0.116028253249
0.0777433099432
-0.00731216827473
0.0814429515882
0.129555334599
0.112795811372
0.0661397550997
0.0312153610066
0.00052692123144
0.10687798911
0.0432942300576
0.115834985753
0.0742008971895
0.091794937207
-0.00315964098818
0.0246781182733
-0.0010140328349
0.0244285008634
0.0591380667371
0.0897080878326
0.00844324580576
-0.0241710849201
0.0949105987213
0.0841652239762
0.074612570431
0.0138141647748
0.0453267058206
0.0731259094186
0.0303715668633
0.13610633859
0.0249780592234
-0.000476960142073
-0.0922830014849
0.082463348915
0.088372097717
-0.0776084180064
0.0211922301876
0.0574143131181
0.0298065902576
-0.0240721906681
0.096296819298
0.0554318959636
0.0358678656781
0.0219916076447
-0.0146625775776
0.0320124322443
0.0724050411426
0.019949155378
0.107062321703
-0.015096254223
0.0298216953675
0.134135850248
0.0711347780651
0.0265376528873
0.0406919408905
0.00838438208836
0.095444018272
0.00606751803369
0.00620126418194
-0.0314148388061
-0.00578955086249
-0.0709450741554
0.0890782660863
0.111993962483
0.0409457072002
0.0728856303315
0.116516275618
0.0648479272364
0.0366057880239
0.133560352971
0.0811174762219
0.0459195822065
-0.0900912006235
-0.10093964043
-0.0338337082157
0.0235619802181
0.0379964760321
0.0747387562043
0.0835735045197
0.0456958696439
0.0672007858766
0.0716563432529
0.0469046532034
0.1348390536
-0.0302387209272
0.0677098206739
0.0258215782153
0.0691867652748
0.0498487684977
0.055323356787
0.0125445228663
0.110358566514
-0.0723651694726
0.0717659613539
-0.113835506271
0.0835785093007
0.0553376920386
0.0662137856279
0.0823253048426
0.0171892921846
0.13042607573
0.0245836114955
0.00779896901196
0.0286434727697
-0.0298614952347
0.0486232666355
0.0713045718477
-0.0385905804357
0.102612647586
0.00558046529156
-0.00549373600143
0.0668726655819
0.0678236583735
0.110000230647
0.0393913135112
-0.00796518135952
0.0554550310518
0.0100165981843
0.000445536476951
0.0450809711203
0.0485680566982
0.0513211601008
0.106010468055
-0.0524528900455
0.078172364986
0.0278026256374
0.107656438914
0.00676569578056
0.11241214774
0.000209649118997
-0.00322463515368
0.114687155344
-0.0306385601905
0.147034750087
0.0575479156968
0.0554571322883
0.0969011283569
0.0399820818303
0.0191488172717
0.0312460036706
0.0530866568824
0.0686608639946
0.0674253763428
0.0628155153567
-0.030876585789
0.0528331007844
0.0378521721748
-0.0285593640772
0.0943462699924
0.0432409774057
0.12450946809
-0.0171345754216
-0.0274071017466
0.0247735099555
0.0693550293132
0.0612457312606
0.101231428075
0.0227250263596
0.0987903892023
0.0243007567373
0.028140300395
-0.0134904264181
0.0912157245911
0.124053965528
0.0186008082022
0.129863897982
0.0930815706051
-0.00474167034933
0.0800729052163
0.039538655573
0.132923601811
0.00617758207242
0.0781987652674
0.133545538023
-0.0755662502585
0.105070778878
-0.0620016177443
0.0680449031607
0.119074393299
0.0524274736218
0.0304046671256
0.0961495213262
0.0378845405274
0.0674935680879
0.0503674454276
0.0714144063944
0.142373134019
0.0651466333993
0.0342558685063
-0.0243490641434
0.122011874932
0.059133956268
0.103929655091
-0.0163993188362
0.050727839193
0.00160005699429
-0.0744290718409
0.0600192924051
0.0884125528249
0.00395553725538
0.0415856263392
0.0633453308449
0.101506484239
0.100482653041
0.0783024583774
0.120500390708
0.087300092393
0.0849516074836
0.0566365244053
0.051647028941
0.144783889811
0.112552969281
-0.0109474194162
-0.0182654088347
0.0501598490589
-0.0132023516239
0.00297748396146
-0.0212193368224
0.0518759532101
0.089333781262
0.0683552712315
0.0396639807628
0.0451514152379
0.0579885325605
0.0110763916566
0.0122002601184
0.000723271808157
0.0203757101778
0.00181102077297
0.0520166346078
0.0182966701146
0.046300214783
0.124475768901
0.0704917626693
-0.0208666762685
0.0178865003044
0.0257006306199
0.102380950233
0.0558019117005
0.0119009632456
-0.0139386329781
0.0524446136731
0.101722999041
0.00966046088508
0.0746669458486
0.0798049753508
0.090823472191
0.000723008519172
0.0119345516371
0.0422628970093
0.0732999165324
0.0824017233864
-0.178316715429
-0.00684405848707
-0.0301957997029
0.026219246768
0.111614400324
-0.0196215746783
0.0345424873279
0.103272577978
0.014658375089
0.0873000392244
0.0668486821657
-0.0173963189593
0.0604567492921
0.0722030518322
0.0606589262583
0.0454964626577
0.00245456211964
0.0506654122196
-0.0633839969957
-0.0982703408658
0.0652624173446
0.0530276172997
0.0188533007596
0.0424205771985
0.0813169419263
0.0641026754499
0.0440305627515
0.126861007654
0.0375021202832
0.00395552331256
0.0580496952484
0.107365329477
-0.0704346599431
0.107737457079
0.0364866485787
0.111280910134
0.108607737125
0.0460376416037
0.0332833303784
0.112970840624
0.0962486303059
0.104704454286
0.0922976009913
0.0510733198775
-0.0473986997176
0.0132346814504
0.0658684100315
0.0329894094513
0.134000527977
0.062658040283
0.0367946517348
0.0927363622959
0.1058397646
0.126465956916
0.0416098778511
0.0640590527397
0.0802409441389
-0.141851326434
0.0293815511173
0.0829791866578
0.0551272338356
0.126310880429
0.0741202004295
0.0528801639862
0.124084757823
0.0259814573555
-0.0119413173427
0.0325213630113
0.0239686865197
0.000197860213058
-0.0100995177853
0.0513293251541
-0.0292056942616
0.0207962850973
0.0724510439367
-0.117858880102
0.0188348365298
-0.00185226323475
0.0114221086391
0.00475765244217
0.0111881501118
0.0984271501166
0.105326514839
0.0342201943063
0.124765983741
0.0812394635044
0.138839063426
0.0703123944998
0.114610154605
-0.0283778725556
0.012671379129
0.0824317426889
0.0703691343922
-0.0162678780159
-0.0119556814707
0.0729088138883
0.0237900040853
0.0873821808408
0.10539318544
0.0742310989822
0.114789611842
0.0999852681317
0.0176844982488
-0.0140273029564
0.0121848810905
-0.0164159801758
0.0630960987389
0.0800192980735
0.0542517243376
0.0152479523153
0.100586180784
0.0566462170912
-0.0475827919844
0.0171160905479
0.00855990356958
-0.0576130701367
0.0969850084722
-0.0613326806161
-0.0555629096209
0.0931344048095
0.054028995466
0.00289590158988
0.00446312020105
0.097716275849
0.0900824382673
0.11082584617
0.0781071836443
0.0759025361128
0.0832696193232
0.0119493616326
-0.0019299072258
-0.0402212286895
0.0184920029445
0.0206674058207
0.0642776312965
0.109282377193
0.0926100442551
0.0845402998649
-0.0968446023766
0.0675126173502
0.0521217520079
0.00256734386448
0.0576655525651
0.118312753164
0.0590943161754
0.0533286024909
0.0303281728714
0.0335982958705
0.0161277056046
0.0757218213841
0.0730889397686
0.128097458925
0.050306925934
-0.0120409855866
0.100206842628
0.0216878342757
0.0742587825473
0.0714445352457
0.111231321219
0.0967970934874
0.0180008971463
0.136549084846
0.0178638836586
0.101923928415
0.122300417635
0.0817741184579
-0.0228534897203
0.0913351390491
0.0370815736307
0.103115983496
0.0694162718507
0.0961809567206
0.107381059783
0.0416103449775
0.0666327417606
-0.00866755304616
0.0189824612247
-0.0326373496018
0.128605069498
-0.00947195157459
0.030777494302
0.0204990254916
0.0991967761652
0.0577825925862
0.00598163538656
0.0681882658201
0.0183922910102
0.0131098580001
-0.0563592677863
-0.0979314565452
0.112382051869
0.0185262382569
0.0277336191143
0.0786106239795
0.0916422000019
0.000894580340928
0.0153755999196
0.0257801230603
0.0637523242296
0.0329681535177
0.0186495605362
0.0227698084182
0.0813282465979
0.112127244386
0.0267389751299
0.0729339029142
0.0861989336442
0.0757408068797
-0.0947190660352
0.0725132239542
-0.0390404501415
-0.0331212615143
-0.0458101327883
0.0284542781348
-0.032435074251
0.0708840807668
0.1131343653
0.104494685977
0.061362956497
0.0607493292488
0.0462481742645
-0.0318628662519
0.0563382866414
0.129713459508
0.110380788277
0.0865015538973
-0.0419978029935
0.0652054672765
0.108497280708
0.111284087005
0.0853026134857
0.103255920244
0.0464786830446
0.020467269817
0.0433119872745
0.0474441716017
-0.0162154456685
0.0701454558718
-0.0394902220225
0.114151546183
0.0552268157282
0.0468099888143
0.097303733166
0.120567477007
0.0625173894144
0.0467555669851
0.0667507408791
-0.00282288812684
0.0861801272682
0.00825183516993
0.0272657989707
0.0867042441037
-0.00888058695845
0.091812548917
0.0577640963378
0.110947156848
0.0626746297285
-0.0462278145199
0.0808524006627
0.022056825101
0.00323647433906
0.0721490727293
0.0507216675134
-0.00200770927912
0.0376196831535
0.0766017084763
0.097807991617
0.02011809168
0.0256462176902
0.0517522063676
0.0893558802297
0.0342543521914
0.0170870326932
0.0931314147459
0.0768549747278
0.11234175414
0.0317917611223
0.0564650914502
0.0116314621333
0.0494954592129
-0.020838006651
0.121701784937
0.00206625160589
0.00126520671268
0.0591947579443
0.0841818558986
0.0281469293433
0.0994846636077
0.128550130773
0.0633994094743
-0.0379058651815
-0.0188180711221
0.0338323938319
0.00329063268971
0.0234303496607
0.043769868996
0.0211708403205
-0.0243115608112
0.0444143582229
0.0362396783662
0.0533447729088
0.0161119236517
0.0123083163909
-0.0128708781283
-0.0165111992727
0.102797074727
-0.0942852882587
-0.0341916832343
-0.0198262053455
0.0533871246159
0.0637452973659
0.083039701149
0.00601647264742
-0.0111607941555
0.00216672945186
0.0582615671673
0.0740982157285
0.0970987844196
0.0736897841955
0.0848237027815
0.0454418828856
0.00814694501964
0.0640698769883
0.0331057932618
0.09221613532
-0.0441200448329
0.0383765979756
-0.00252745169984
0.111321693643
0.0721900043474
0.0940407894934
0.0435616895915
0.00310018511163
0.00209814501506
0.111902207037
0.0736654633368
0.0822084767739
0.0242347030726
0.0324901104763
0.0505866716126
0.110285844243
0.0272947489304
0.0702446776342
0.0696923686898
0.0484373741958
0.00510911620146
-0.0329814257528
0.0498721121289
0.0309113568209
0.0758598540948
0.0269430905477
0.0367550566345
-0.0109602716768
0.0378325178993
0.0911358622069
0.0378905356004
0.0366093567792
0.022408024876
0.0710564626272
0.0649193716394
0.036916709541
0.0455148747492
0.0899264831935
-0.0414924415451
0.0024881473366
0.018288238675
-0.0169499183336
0.0109513829947
0.105269061711
0.0734331710718
-0.0839689939819
0.0228416016066
0.0260512563226
0.130001169292
0.116799262705
-0.00537362520724
-0.0168283221294
0.0673907702737
0.083707383289
0.0812404617918
0.00556624203127
-0.0985815489376
0.0806749499631
0.0445742962663
0.0242065423735
0.0597962665155
-0.0307363746335
0.0242796166517
0.0731178760923
0.0681404454291
0.127857085592
0.121720099705
-0.0550706437892
0.0591087555842
0.0590964595517
0.0328562048517
0.110214957731
0.0342656091268
-0.0161310980454
0.0980406901349
0.0227224749698
0.0182140123793
-0.0548861355894
-0.000530221533216
0.0435823879991
0.0327068033852
-0.0137785055317
-0.0280752082688
0.0648828690742
0.0814287399876
0.0866970441964
0.00342305279639
0.0528111415429
0.0765230318773
0.0710078699767
0.0684877939722
-0.0463284784028
0.0577740022169
0.0694774423167
0.039421416262
0.0360944668942
0.0607000855675
0.0977866242308
0.118917399558
0.106694216036
0.0672724081739
0.0077194606568
-0.0328623010196
0.04644855229
0.0315747109567
0.0156621432062
0.06694887444
0.0831127047723
0.0679997175323
0.042487525004
0.0134670988515
0.00838853582381
-0.0126593790026
-0.0547894573668
0.0415596309007
-0.0173926256382
-0.0225941753858
0.0854726875852
0.0365255640788
0.0671097919416
-0.0247870035132
0.0711564153547
0.0442396557163
0.0590354464518
0.0779709200981
0.072117110427
-0.0202443530498
0.110474266865
0.101703604764
0.0511659259207
-0.0188177032699
0.0827751934138
-0.0154086196934
-0.000604412082689
-0.00858455251331
0.00455738608563
-0.0270137083562
-0.0414408499572
0.0696994730242
0.0320305958793
-0.0420598934179
0.0653124960507
0.0884943859579
0.0820476166896
0.0683326871005
0.0404789416548
0.0333369120357
0.036282316723
-0.043044037795
0.0079593227939
0.0690495840221
0.0405124644641
0.0122465902832
0.0357628025029
0.0618496416894
0.136272177174
0.119147383324
0.0202759897247
0.0323175654696
0.104673449534
0.100972449872
-0.0674063955356
-0.0213550315702
0.0251990295145
-0.0111596955366
-0.0624287825271
-0.0927580184202
-0.0769688776662
-0.0344531320487
0.0402028982243
0.120006182948
0.0740783130314
0.0632585746567
-0.0975485030865
0.0993703770225
0.059930832712
0.0244011882607
0.0726037299139
0.0597913970753
0.0867255342299
0.0101064134567
0.08353902191
0.0329810844051
0.0420367259396
0.0327859497153
0.0858715102499
0.0374548978771
0.0809245542312
0.0581416598171
0.133288589609
-0.0448054266973
0.0368830408322
-0.114600117904
0.0750872582589
0.0722423038857
0.0844491235746
-0.0238356313096
0.00847395127967
-0.0306179363005
0.000311537900636
-0.0249981918796
0.0400526688733
-0.0502534412141
0.0215014279772
0.0420524926268
-0.0374544922318
-0.00198331584657
0.0297785426056
0.0635359547242
0.0998041927913
0.0570501484683
0.107973840524
0.0326282738397
0.0674478749924
-0.0120270713172
-0.0314258992064
0.0173263716361
0.0954906908657
0.0525973071933
-0.0543562673525
0.0785624845567
-0.0376034927667
0.0845005337243
0.133345598908
0.0899386965923
0.0769215226591
0.0562586558053
0.0396832010371
0.0741069104592
0.12987973291
0.0648399223451
0.0506460185958
-0.120814852027
0.0157783878573
-0.0017505331261
0.10123273442
0.032700947653
0.0799467189031
0.135049344809
0.0445994533321
-0.0241246160387
0.0510294287763
0.0205848377327
0.145538765586
0.0471426927037
0.107324783489
0.124713181331
0.0225536884933
0.0810265620063
0.0548738226293
0.00784525366211
0.00664275885504
0.0148143869838
0.00465830805298
0.0473093242706
0.0439978161322
0.0204954057651
0.0874050112438
0.117406422166
0.136314353605
0.06036868346
-0.0379898277938
0.0611636834092
0.131958333527
0.0679393412205
0.0984228892383
0.119066464327
0.0185967629233
0.0706395042655
0.122234131181
0.0806642728796
0.0356044975698
0.0826979029477
-0.00128643254509
0.11265215793
0.015907888352
0.0623497708278
-0.0313233191005
-0.0314365869281
0.0985403567199
-0.000686359848499
0.0678931380856
0.0676000756336
0.116114009773
0.107566691085
-0.0134007021737
-0.0751140505085
-0.0202736512885
0.105293294567
0.0599183077144
0.0394290380545
0.0733174151528
-0.0202670635542
-0.109729946068
0.106940567355
-0.020630554694
0.109459687683
0.0427389797378
-0.0341979610492
0.0314334415788
-0.0145345656404
0.120905279137
0.00159469544929
0.0141403447048
0.0092104586005
0.129229542695
0.0777482525051
0.13533421785
0.0877104169205
0.0151613764034
0.0834723077254
0.0671819974381
0.0358413449947
0.0640846721919
0.104330978372
0.0252779809979
-0.0294767776603
-0.0335583120214
-0.100337758664
0.0269469410116
0.0351273608541
0.0240068143829
0.0714129464604
0.027600005206
0.111105563647
0.0275604198973
0.0599993770768
0.116668961764
-0.0181710968384
0.11289831938
0.01015996922
0.0961913672146
0.0688563039113
0.0321422700376
-0.0664593758178
0.0417563868495
-0.000517830963394
0.0812426776175
0.0658803598972
0.0512959740006
0.0787781294763
0.0424016237861
-0.00713415138961
0.133178029455
-0.00703799592566
0.0799966576685
-0.0122664671589
-0.0400444563503
0.0680243555655
0.0395494173386
0.0620193335756
0.101178136361
-0.0545094347966
0.0972161761753
0.0284324301019
0.0322475266856
-0.0379237908943
0.00926622927687
0.0465078833393
-0.0174633734792
0.107710755493
0.0133834245527
0.0765618355068
0.0803575787591
0.115204046088
0.0818883431004
0.060471159137
0.035114386822
0.0910194144313
0.0369896899662
0.0771997970225
0.0462054640318
0.0398769185518
0.0592560059941
0.00809761014317
0.030516709836
0.0246753579009
0.0917042918027
0.100317222176
0.0789705897017
0.0436142387121
-0.0154712108922
-0.00548535692049
0.0500499329466
0.0499397922971
0.0758511595313
-0.00288264419369
0.0840243380322
0.0584088230381
-0.00457321664077
0.024300534911
0.0513072175939
0.0527399939653
0.0454400007206
0.0921792571007
0.0817078530187
0.129445655368
0.0185474363356
-0.0368948968163
-0.0155545197705
0.0466648165985
-0.00109294675791
0.13579728226
0.0648722929909
-0.079669701633
0.0274005457993
0.0921887491793
0.0583006570515
0.11182212792
0.100720429341
0.112840605552
-0.00125733244065
0.0643362101618
0.0897579081011
-0.0106139365697
0.0650972613673
-0.0377145697045
0.0625616994209
0.030983040003
0.0780619184623
0.0867612691546
0.000425061304258
0.0740091642953
0.0471859995217
0.0497655561708
0.0120326588406
-0.0303259436063
-0.0456237737067
0.0687000483082
0.0464434942264
0.0907571048524
-0.0124491287777
0.0954333299238
-0.000235527873356
0.0996484416825
0.0780205052669
0.0616533995323
0.0435052419228
0.0627841725414
-0.0264824366866
0.0249299011326
0.113632018257
0.0216504459045
0.0945627897136
-0.0149373452578
0.0895443846606
0.0445428839026
-0.116974094792
-0.00540607523032
0.109408291873
0.00035968674157
0.0668096279114
0.0178926405077
0.0238475237114
0.07480390357
-0.0333605468168
0.11604396173
-0.000693569883053
-0.0692266536598
0.0465635885128
0.0325570106835
0.0837389492806
0.11832162721
0.0268941891115
0.0555217555109
0.138139136322
0.118204198086
0.017760519372
0.0413625399553
0.116216385442
0.0510565596191
0.132016706725
0.0565689672293
0.127555465447
0.0370053419958
-0.0603656242674
0.0555809403091
0.075354012535
0.0325454742167
0.11560199103
0.0757881484785
0.0870760054946
0.0920851623096
0.0143082104466
-0.0235185984045
0.0915006340805
0.0467072578111
0.0297323950398
-0.0710612094457
0.0526820645482
0.0861057365226
0.0635030956865
0.0461939026348
0.0577638773431
-0.0819598890502
0.0857271193011
0.105591344711
0.0621932584566
-0.00194127701802
-0.0124063601061
0.0745404226496
0.0751012996198
0.0270010051085
0.00482789825846
-0.00920559407975
0.000252676188884
0.0779333488357
0.0757057896403
0.105800279053
0.0199287137987
0.0609491433645
0.0255418390791
0.107721640918
0.0221303585012
0.0899540483683
0.046262341292
0.10053014912
0.11793336816
0.0695535555867
0.0404232734382
0.0490450858135
0.0120938363815
0.0554242039234
0.042613852747
0.122063277396
-0.0505453865954
0.0254234373835
0.0857363578948
0.134770098423
0.115844291959
0.0733859215895
0.0388267187102
0.0317473535501
0.123550939898
0.0835361376436
0.0220091004277
0.0837199604123
0.117824570749
0.128721772112
0.027940384576
0.118714879438
0.0708123308828
0.118804307148
0.00384533095495
0.0955973267889
0.0987736828353
0.0143390584482
-0.0226593087547
-0.0337362779014
0.030068583084
0.000217779721432
0.0833846610409
0.0301522811563
0.093433407812
0.0885727326111
0.125523039152
0.0608747215244
0.0832932247508
0.0190588541788
0.104533066624
-0.0976208961393
0.0920351498732
0.0742950631245
0.0184281106145
0.052248447457
0.0513663131675
0.0942598780593
0.0251943989197
0.0951519611482
0.0626298550573
0.048323687468
0.107983466884
0.0924673332
0.121902232596
0.0983729946651
0.019174005411
0.0872354307599
0.0106887067424
0.0571143853272
0.0631180426225
0.0555780052712
0.123361945727
-0.0196132163819
0.0331138538718
0.116593480251
0.0843717670151
0.136758449298
0.0435282190487
-0.0815902004348
0.00927406609874
0.056040863713
-0.0981793567806
-0.0481133313423
0.0250819845655
0.103995173331
0.0306985251493
0.0392046344196
-0.0161669089001
0.106574213642
0.126870767663
0.0941577113979
0.0557225790263
0.0499682189362
0.0803900284883
-0.031969129257
0.0477850048829
0.0879824911179
0.0521182325207
0.0971714494479
0.018012126051
0.0974633230902
0.037499324866
0.0958813537418
0.0551454645567
0.0280787343642
0.0557283634033
-0.0253836916631
0.100682100439
-0.00955496907523
0.0928604570226
0.11452330581
0.0509544855404
0.00817276160521
-0.0507917784204
0.0173430109679
0.0703854171695
0.0609868658997
0.0812368502934
-0.0168915129693
0.0267524099517
-0.0182713720099
0.0421279431488
0.0304718624779
0.0825250316311
0.0755145327927
0.0423934336596
0.136066867521
-0.0306316057312
0.0500805105991
0.0779773935455
0.0519915925654
0.0658376099216
0.140672458695
-0.0524094264586
0.0505097705643
0.0435268344499
0.0471029345115
0.057070928141
0.104496965153
0.0910604064288
0.0326851299773
0.065106221665
-0.0219476241877
0.0508591682136
0.105179529947
0.0755529994296
0.085824357244
0.128470105104
-0.0185509514382
0.0292807260408
0.0468463133365
-0.0742390889255
0.0269544826563
0.0508615901616
0.0857599434106
0.0160476178222
0.0130522272861
0.0018512708484
0.0200186643641
0.092121595998
0.0911953502378
-0.0154093516097
-0.0434495459557
-0.0148138178216
-0.054640974405
-0.0169823825128
0.0510607089296
0.114477835783
0.0637517696835
-0.0182839497706
0.113488098463
-0.0157463347676
0.0395605284748
0.0762375794716
0.0445140997891
0.0255985912164
0.0581364619184
0.0457249402621
0.0167968663475
0.0337902220349
0.10524382663
-0.0266640364226
0.084085157573
0.0484170255125
0.0418856440015
0.0767225866085
-0.0978703898844
0.00505711156591
0.0386956914865
-0.0751015530836
-0.0249689273585
-0.0474192256644
0.089223819464
0.10466711004
0.0416145459352
0.0810436723045
0.0136832942862
0.0464088233576
-0.00966773201352
0.134283160074
0.041909187416
0.0830803268707
0.0828582465984
0.0512256124082
0.071518482548
0.0519087943677
0.0499541730748
0.0858478509518
0.0344679738863
0.0859293448302
-0.01440823377
0.00550524230922
-0.00538026013319
0.0937916666179
0.0208145052132
-0.0240778677464
0.107645067241
0.0205689691061
0.00289881780236
0.090716999652
0.0964331195808
0.00602174346841
0.109647000374
0.0402372579629
0.100727485986
0.00322973046636
0.105544339063
0.0462236764395
0.0710068334588
0.0312638154923
0.110010380833
0.075018581972
0.0269615858417
0.0435030260838
0.0964228082841
0.0697247760534
0.110156568469
0.102671268164
0.0386388831709
0.0487013201014
0.0467705408008
0.0666292366814
0.0731847216404
0.10254062584
-0.0691639142643
0.0672123845616
0.0351839384406
0.144093985762
0.0728617888495
0.0357859577672
0.0844039215328
-0.0859725630501
0.0200210213696
0.104867682003
0.0541992582074
0.127042501211
0.0755748004666
0.0305596471429
-0.0388473449894
0.0838549465339
0.0268329325456
-0.00768251312337
0.0530246801599
0.0698149033831
0.0763666862666
0.00152279159974
0.130869427078
0.110161770694
0.0512489124766
0.0730499104022
0.0454792447479
-0.0142912287072
0.0337866427307
0.0286259175129
0.0626687139823
0.113224719945
-0.013490595793
0.110531341437
0.0774698786728
0.0155137122749
-0.0218478568699
-0.0107399780891
0.0948863837481
0.00817591716377
0.0763059823446
0.0247409511404
-0.0525169718224
0.114808545155
0.110839684626
0.0544794890002
0.131367285628
0.0855075296269
-0.0382735896665
0.0204845428288
0.0544881953201
0.0509254130367
0.0632974366386
0.0259668870112
0.138529204251
0.114358227133
0.0460972152561
0.0486320078316
0.0765548705972
0.080882107373
0.0952126559484
0.123620829737
0.108318865708
0.0161886524309
0.0468922861988
0.0285341505737
0.103255053849
-0.0237315580782
0.135752697712
0.123928602428
0.00469982120569
0.0726748414167
0.1256463406
0.076477146827
0.105200365369
-0.0197389527041
0.065489979551
0.138480694932
0.031100128866
-0.0470208830815
0.0252783386313
0.0502989538566
0.110403824834
0.0971799384195
0.103237685665
0.10348593336
-0.036368998308
0.0426893689421
0.036730914093
0.0325445031457
0.100775230703
0.0720423364239
-0.0309861136628
0.0193843903876
-0.0157084323645
0.0293510227739
0.0729424855184
0.101118255786
0.0710066179719
0.00726551643834
0.0162010792142
0.124386552146
0.000431947224502
0.1022271286
0.0743637924604
0.017579045897
0.100144754001
0.0199921001804
0.0862554910982
0.0720346407267
0.0736008937512
-0.0249040623236
0.0399519485895
0.0847879547637
0.0568655301583
-0.0287217661651
0.08584609478
0.0110584245094
0.106900709308
0.0170246645099
0.0632818961552
0.0112908600321
-0.00889026756104
0.126606267846
0.0530070433623
0.108754480467
0.0438910486958
0.0783291963452
-0.0824782267119
0.0489539832437
0.0472918497361
0.0237627833929
0.122145687331
0.0999471671714
0.102689042229
-0.0028011325662
0.0225636768758
0.0778387879214
-0.0628946622145
0.0776377899567
0.00232397961524
0.0366222769735
0.0859883513138
0.00748094311812
0.0562942990514
0.0774978224613
-0.053325480239
0.0423735707627
0.0525522813496
0.049944023297
0.100867288183
-0.0320246989608
0.0758457358502
-0.0414204756643
0.119047970237
0.0413839720502
0.0614158409535
0.114835109208
0.0524673541973
0.0707558031313
0.0672141732644
0.0485341970249
-0.016091869364
-0.00102553053236
0.0640244860603
0.0859219818819
0.105557246575
0.0919170144411
0.0968286660682
0.0552566840638
0.113412958074
0.0599879254884
0.0587694594883
0.103486056875
0.103540841017
-0.0501632120736
0.0208747968397
0.0889644047513
0.0801623704072
-0.0133201104574
0.117190357927
0.0744906772375
0.0179261119777
0.0470628542438
0.0207355583654
0.116212538811
0.0650441350658
0.0799430200324
0.0964382857089
0.0847195126597
-0.0130414318805
-0.0224222125889
0.0564694335276
-0.0201959090714
-0.00870994729102
0.0899976023173
0.0655258827381
0.116406414022
-0.0213327582476
0.0996986319207
0.0171500225697
0.0368813353919
0.00585912465313
0.0596189743558
0.087554661671
0.00302171862721
-0.0288188674131
0.0410929520573
0.0578751799312
-0.0161677608475
-0.0232954054654
-8.57671810568e-05
0.0940191839383
0.133943429051
0.0105823574317
0.0286409554249
0.101874474633
-0.0459872033532
-0.00265611993859
-0.0353525040781
-0.0338760390868
0.0077274531309
0.0849662022931
0.0493873089945
0.0713568813951
0.0434338564382
0.0429017646526
0.0146989408182
0.0137696274877
0.0973685975525
0.114017132863
0.100887974891
-0.00413916594296
0.0613983569244
0.0580063568058
0.00159735866486
0.0454287381909
0.0627256969231
-0.0378286202329
0.054539712499
0.0957597871713
-0.000412534942344
-0.0161995923273
0.028516258673
0.0196861937456
0.0333790515373
-0.0216238217716
-0.0172119520255
0.0715952758741
0.10727139896
0.094239914622
0.0435713537626
0.0695088116051
0.00576995092348
0.0476346215283
0.0162236086955
-0.000715830714725
0.0193196706318
0.0282230161154
0.0603254352846
-0.0473709561341
0.0121992973117
0.109510057345
0.0838202293272
-0.0035095393667
0.0767943369981
0.0962800587142
0.10119508789
0.0425548032436
0.090023111674
0.0877332675199
0.129091333615
-0.00913803499427
0.0267227030558
0.105928262634
-0.00434432172844
0.05872812419
0.0150652331222
0.0807823788653
0.10287082241
-0.0281811609427
0.107419610068
0.0837251664376
0.000436069604072
0.0321304446537
0.0642817470852
0.11779390444
0.0142125138454
0.0985972916895
0.136627692299
0.0383534150251
0.0297481398794
0.0417252805768
0.0188712108024
0.0705921357867
-0.0261329052198
0.0672216039453
0.0571612937701
-0.000155421236048
-0.00563765428801
0.0158069000452
0.0727932170568
0.0117824927345
0.00831462559901
0.0145777332236
0.0369960315353
-0.057238527864
0.00895047962513
0.0356358553355
0.0126652680432
0.0712740755603
0.106156267657
0.132201623123
0.0844247561452
-0.020251281999
0.00355393292854
0.0228653885094
0.00124085253772
0.0513957146029
0.0692293255634
0.0269462185063
0.0891297061748
0.0709934481375
0.100073615663
0.0796912546556
0.0396071994168
-0.0140932388176
-0.000534231230825
0.0152355391179
0.132924621781
0.0938044646432
0.0380257153568
0.104543966547
0.0999461711108
0.113799314108
0.0758233049439
0.100891931085
0.0887073258682
-0.0138311209264
0.0451284198959
0.0949469969887
-0.0152748370646
0.0992135627219
0.0787888537705
0.106574507586
-0.139498586811
-0.0119289928887
0.00919569787958
0.0278948250208
0.0800864006569
-0.0100005887408
0.10570074454
0.130979551664
0.0334856584258
0.100433766982
0.0846081104803
0.101814989272
0.108163829043
0.0121287625357
0.0287674899172
0.0801232465001
0.056365166606
0.0431949110671
0.0575972659668
0.0780362800371
0.00638518750355
0.0687078181385
0.0279733928915
0.119073136851
0.11153789067
-0.0157551039754
-0.0259805754245
-0.0171243769104
0.097660832375
0.0371288176662
0.0237378874273
-0.0355432996553
0.0976609044313
-0.055904173429
0.110578491753
0.0299147406074
0.0605381888104
0.113097944866
0.114656261604
0.0812603651798
0.00365908963359
0.0750069226285
0.0577352357762
0.0699629570776
0.0773522801214
-0.004163632185
0.0359810912184
0.0703999833224
0.0365394135738
0.0752290318555
0.00830859617607
0.0254948224441
0.0445846037198
0.0164610873295
0.0623936730199
0.0465462422583
0.128747936952
0.105304350895
0.0965681789728
-0.00549524865816
-0.062040693023
0.00766641211814
0.0449786004759
0.0126330410692
0.00879468072588
-0.0214480917093
0.0490969340411
0.085386577332
0.00233983765958
0.0438396360715
0.0602262657964
0.069558560247
0.0851391157417
0.0160019356754
-0.00275961027025
0.0707451637336
0.135599970307
0.0111425017999
-0.0395066116435
-0.00391119934336
-0.00586440788829
-0.0487011739468
-0.00640110198178
-0.0430446189884
0.028921438392
0.0235015039341
-0.166940188264
0.0659547040826
0.0509580129668
0.106762710069
0.0665805614515
0.111780186114
-0.0196321818851
0.107654821835
0.0868581935024
0.0132872433193
0.0214096813174
0.0130936253041
0.016168441724
0.0837632809974
0.110750922403
0.134225059652
0.0996551295601
0.117629615768
0.10266872819
0.0277067819479
-0.00919841681761
-0.00287672100404
0.0921407382077
0.0799783697592
0.0904980007009
0.0256301305415
0.0678234204478
0.051480128876
0.0674398433484
-0.0564298631117
0.0184786763355
0.0118837070747
0.0726846382923
0.10229443606
0.0523753881096
-0.0144620838478
0.0164038236552
0.0512665713414
0.112915790606
0.0244609327397
0.118660197763
-0.060487700828
0.0353639537863
0.129458539344
0.0713221059185
0.0266739257899
0.0275650858658
0.0466912004333
0.0871751582778
0.0017878281051
-0.0161286384527
0.0252876945028
-0.0192630821512
0.0705815735847
0.0433470332536
0.113986317452
0.0572273149708
0.0657448796893
-0.00285392723275
0.00576756668037
0.112392093274
0.0352009459547
0.0599654389341
-0.0310075573233
0.0220457817868
0.064986801157
0.0251349505858
0.0517031739785
0.0635061297612
0.123105240378
0.0442742987575
0.0206131874456
0.037931248151
-0.107299323726
-0.079960279653
0.0757068533305
-0.0559105760335
0.0236106303084
0.115600608788
0.0534201338833
-0.0109291669027
0.0911773871163
0.0693639270036
-0.152515452853
0.0311271710403
0.0643284256882
0.0984703917115
0.0607342704745
0.0582847112985
0.0661402958927
0.0979260931869
0.0267384793812
0.123677515142
0.0677433912591
0.0924767047396
-0.0061612084123
-0.00190705099911
0.0586611165394
-0.0257331152288
0.0791160911289
0.0264794496922
0.0553545612803
0.0374989426756
0.0553165436255
0.095979614818
-0.050988972397
0.081793903986
0.0772020039094
0.0234061818851
0.119017198889
0.0235083275347
0.0912430755762
0.0851350315175
0.0235153969557
0.0355333290918
0.0803452999148
0.0885020593723
0.0491807458431
0.0942477634648
0.0806280712759
-0.0720032270931
0.100841113588
0.10322184062
-0.0436554040935
0.0603925249257
-0.0775859855701
0.0216524899573
-0.0288254692128
0.0475001255835
0.0866282849205
0.0952266015845
0.0466874246038
0.126147217614
0.0816940840104
-0.0502068824492
0.11182076716
0.0812354053588
0.0189501218719
-0.0130605081791
0.0307164479112
-0.0164812840719
0.0599574789878
-0.0156160697138
0.103764024844
0.0489732602062
0.0215833420666
0.0208693765653
-0.190720212542
-0.0833402007695
0.00176355239992
0.108340857281
0.0136335416345
0.0389868143749
0.000608369255573
-0.0704889890356
-0.0653348195617
-0.0416652551941
0.0814153660268
0.0501186888203
0.0773366994134
0.0440366888321
0.0533393335339
0.000397078330245
0.0318061447749
-0.00275651280296
0.110177156758
0.0177672031283
-0.000947376473805
0.0612533954056
0.0936419986576
0.0443616036821
0.123527790665
0.0868114260163
0.126488694042
-0.0418976036599
-0.00636294326546
0.121632865042
0.106854213313
0.0187373465836
0.111932977613
0.017739582617
0.122458784292
0.0229075323487
0.114930396299
-0.00144677019248
0.0797940688907
0.0952932723733
0.0283695170894
-0.00201904421638
0.0811668446105
0.0281913977025
0.0842705091882
-0.00263906709285
-0.0228662299308
-0.0927559905152
0.0208994546853
0.13334458652
0.0231089200159
0.0954083729696
0.0448464411863
0.0922248056512
0.121057799838
0.0574355401613
0.0691258685002
0.0404971361396
0.0759399230264
0.0109439733211
0.120879347954
0.00692274786553
0.00475680535286
0.0589636863129
0.0927288915732
0.138780222351
0.121586823821
-0.0327286109157
0.0440671261354
0.0337786071347
0.0190809532427
0.104662042892
0.0919949989448
0.0714011302974
0.0621805548202
0.0865197052681
0.00494153715573
0.122475825572
0.0888387504405
0.088011807212
-0.0987460473232
0.120473638288
0.0183518009548
-0.00349106839239
0.0370401055339
0.0269262262638
0.101488887945
0.0812955511215
0.0148354190065
-0.0405133865979
0.105200962582
0.095080218147
0.0524106424801
-0.0276239260181
0.105696303963
0.115687388274
0.0730045782988
0.0982442914154
0.0969787300593
0.0295759914136
0.0380794861029
0.0749446995085
0.0404138582828
0.0800687904514
0.0112563772548
-0.0260755504983
-0.00191000621541
0.00194045741184
0.0176731644685
-0.00940060457899
0.0926713909604
0.094040743231
0.0893066548032
-0.0670181880755
0.0764262559193
0.0148711200151
-0.0536070513623
0.0575551367538
0.109321374841
0.0787318055015
-0.0734639635011
0.125309292769
0.0865984609551
0.0789711441195
0.0539950955208
-0.0610619564357
0.0976669109241
-0.0777530027762
0.104065800514
0.0700417707879
0.0842345843404
0.0354133626486
-0.0267017108024
-0.0142995917959
0.0554305809675
0.136651786831
-0.00139110450835
0.0531667760526
0.0124449688883
0.0884974690759
0.0959372234815
0.0400946728434
0.0214599334466
0.0445865760317
0.0678943769218
0.0272828777719
-0.0137114970783
0.00592484554759
0.023791462531
0.0503297914762
0.0298937029771
-0.0598119112849
0.0409244163465
0.0525793309218
0.0619444289541
0.125181401914
0.0291748344776
-0.00846945679577
0.0301571823924
-0.0387765411331
0.00921916177407
-0.00323090546964
0.0809105132657
0.0134684219933
0.0541723985666
0.0796606574641
0.120992831079
0.0196131085391
0.0226999222302
0.0694643023726
0.0255244012919
0.108736440569
0.0207400269894
0.0240139523387
0.0463685270311
0.110913816742
0.0309665066289
0.0525312667769
-0.00924881120563
0.0669333726088
0.00274163793703
0.025016998944
0.0693718311795
-0.0463293440942
0.0911055565677
0.0714820463222
0.0494317058184
0.107778320727
0.0718342355217
0.0726720204079
0.131166826323
0.0511239395875
-0.0609743763877
0.0816767900645
0.039336807782
0.0673788201443
-0.00442434764523
0.0105844321253
0.064480392519
0.0376201126096
0.0668046840661
-0.0093565464547
0.0705427776505
0.126169969316
0.0370005970418
0.0773627136705
0.0384225184204
0.0214034711759
-0.0467157481134
-0.0137317326983
0.127433835656
0.0558960796182
0.131037532589
0.0409347189126
0.0235564334807
0.0354452501945
0.0659586347567
-0.0146578289615
0.0938579062871
0.138438659306
0.067968700761
0.0440941011379
0.0339577637618
0.0501235415307
0.0319131572949
0.0952236828402
-0.0108469658087
0.0496135232559
0.0427444498237
0.0599815350531
0.0319570083719
0.0645955654402
0.0649025711466
0.0683563918216
0.0561320555483
0.0541047868212
0.0705775627133
0.103804740005
0.00705715657067
0.0871498907602
0.0261953697911
-0.0140602670176
-0.0018579339778
0.0591106946271
0.12248305287
0.126725320412
0.0735034803097
0.0204140559114
0.082092199241
0.00450733975914
0.0235421716652
0.0103370220893
0.0619947975289
0.0881226635464
0.0968690407339
0.112309307453
0.0274355120146
0.126899326907
-0.0127334160171
0.0848370699535
0.110363387163
0.0773775812178
0.0664946838258
