0.130232337696
0.115428812797
0.0275132379676
0.0842008465748
0.0534587946742
-0.00100140012121
0.0706691424465
0.0771582361081
0.00961593861685
0.0299883589909
-0.00102418579143
0.0828458551673
-0.0152868785649
0.0120424684207
0.103714651584
0.071264930092
0.0341029714965
0.083793920661
0.0561767304305
0.0279837003499
0.0500490434381
0.0563513778981
0.0234639800121
0.00339976302601
-0.00224464438319
-0.00777486601798
-0.014778491445
0.0799965624927
0.011928880576
0.0586842657963
0.0675780170396
-0.0311352482004
0.0145705967687
0.0892533152069
-0.0542175160684
0.054490221055
0.0239285212039
-0.0244023949957
0.0229223640247
0.122466052039
0.0447902855788
0.0526883851662
0.0790374466543
0.0268343725628
0.0999377885338
-0.0287174419979
0.0177063034641
-0.0268758508118
0.0840293379584
0.120147254642
0.0451273813415
0.0924004753294
-0.0475715842838
0.0841694571272
-0.0124572379935
0.106865955256
-0.0382676040328
0.127271241707
0.0113685648215
-0.0566587177211
0.00707943334152
0.0449503431363
0.125217519783
-0.0701278973316
0.0847357690831
0.0737598968373
-0.0277578098854
-0.0456042491343
0.122825614861
0.0252735709163
0.0693285824931
0.0488102517169
0.0152053806452
0.108132979465
-0.00827738112481
0.0873643409805
0.0142141487088
0.0655229116335
0.0328097356306
0.0218263333374
-0.0981879825805
0.0251699741332
0.0242515462125
0.0705350013183
0.0742158706155
0.0466846397425
0.0615728249207
0.0990884133308
-0.0597385723427
0.0419820206535
0.0917170048068
0.0130264092794
0.00607663604979
0.133093804918
0.106042314744
0.108598585235
0.095672138853
0.115624979362
0.037173082012
0.00813346914352
0.0683585845695
0.0827049099758
0.0839030488949
0.104325033948
0.0218379163994
0.0603159172413
0.041414609639
0.0236504985424
0.0857242535556
0.112484161335
0.0422197878924
-0.00439928578293
0.0659644817769
0.0966513173784
0.0148991873229
0.0607006327644
0.10208214682
-0.0300380222939
0.079164116748
-0.0102318668991
-0.0168003807668
0.0448067990049
-0.0232870943439
-0.0861442506873
-0.0252415941879
0.0805260412088
0.0242408482796
0.0690093584263
0.0820268478033
0.0162874515914
0.113286457461
-0.0518708525166
0.0960875652866
0.0785449988996
0.00928110596024
0.0803881625156
0.121434889286
-0.0424956340569
0.0886878630773
0.0459007495631
0.00868199108174
0.00213678746518
0.0897745527446
-0.0156271623883
0.0304151512042
0.0395387184941
0.0368635030631
0.0724968883456
-0.0205138763581
0.0236352974345
0.031200400749
0.0702136937792
-0.0348054710885
0.0973624296838
0.0233003280457
-0.0528640234433
0.0912098906368
-0.136438894281
0.101307243372
0.112211336353
-0.0443129976149
0.0330570833082
0.134026199698
0.054683182421
-0.0247531164516
0.0752855639523
0.0402549986395
0.137438424105
0.0107614293433
0.0953840415578
0.0977555072022
0.0784671831452
0.0671442849765
0.0451338619097
0.126916338455
-0.121665404958
-0.0178691621506
0.0445340502408
0.0593848889197
0.137508665746
-0.0127323881004
0.110860122043
0.104372035914
0.0858813563653
-0.0116701671251
0.100020474038
0.0181904006567
-0.0138023057678
0.0381176076188
0.0832415687261
0.0937363996505
0.146067540168
-0.018685972885
0.0832754986569
0.0262057287717
0.0591519039794
0.107765927685
0.113810711331
0.0563480041618
-0.0432362132273
0.0720653759101
0.0910972204893
0.0295446201593
0.104633273561
0.0245446483982
0.00747250578774
0.126134103805
0.117712850888
-0.00891540007199
0.0177172621472
-0.0291391900582
0.103147057403
0.0592235279654
0.0788428620745
0.0695143384796
0.0550158569041
0.0217476980492
0.118428294125
0.0744980766333
0.0285609435051
0.0478433190449
0.0303894752828
0.0782122424825
0.0141209922616
0.0350777947334
0.0746023498122
0.0672317262985
0.0678786817525
0.0118701696884
-0.00146343195975
-0.0189052288515
0.0300295605076
0.0269326327969
-0.046204070623
0.00343093853369
0.103026643712
-0.00940361556448
0.026062010758
0.0360717299891
0.104838330919
0.0220217307696
-0.0368947849794
0.0351435858537
0.0661877078614
0.0341713897741
-0.0380133817672
0.0421833910624
0.0276607470828
0.0673035626032
-0.0581060443374
0.0612520852816
0.0709033223509
0.0482125599174
0.00772444827449
0.0922820506452
0.066835147408
-0.0456018154308
0.056247130382
0.122638772525
0.0154631236641
-0.0237624036798
0.0689594222833
0.0432868253758
0.078924107822
0.0765737233348
0.069342354548
0.0949192100807
0.118718084602
0.109906689393
0.0318940811952
-0.0784837422184
0.0945912449619
0.124025300467
0.0920384094404
0.0901807586218
0.0745555116525
0.116196331637
0.0399604259535
0.0629081460198
0.0452742598919
0.0882832239441
0.0617621563358
-0.0418993655246
0.00186580271897
0.108352914706
0.111393635931
0.0892978908135
0.0749174511094
0.0393158549728
0.0844596604348
-0.0276981571402
0.0724017352016
0.0433379927793
0.0195480374014
0.0814914792614
0.115615405297
0.124708853876
0.100417078458
0.0995589173944
0.044977141236
0.0668522187682
-0.0117738165103
0.0699756567718
0.0235131551085
0.0907313490019
0.0848284060328
0.0597766952379
0.0531444996732
0.0415753921049
0.0125057789628
0.126903412967
0.0382619992237
0.0129084910786
0.0749452681588
0.000302325033723
0.140469494322
0.0383732232468
-0.00601090814001
0.0293959904458
0.0849539766067
0.0335656113685
0.0262585368953
0.0805535548429
-0.00152043654629
0.0822819546617
0.00627436548281
0.00410648297081
0.104398912298
0.0329144427828
0.064914682076
0.00906757985202
0.0459929661863
0.0223899045369
0.0834265353219
-0.0424657830387
-0.0374015695173
0.067231020371
0.0827418127545
0.0307185745042
0.0903550706022
0.0753357454615
-0.0723869302511
0.0031812851983
0.0496453792464
0.06211850534
-0.064045055966
0.107728162896
-0.0157356034083
-0.063944063763
0.0856388810638
-0.0218984451206
0.0154096466654
-0.057897858551
0.0081919156562
-0.0042099269977
0.076085367339
0.0889016435151
0.0251418415815
0.123911246242
-0.0344059627113
0.0129692678384
0.106361814661
0.00619726518627
-0.00558013038565
0.0836747453656
0.046864461946
0.0210786407824
0.11096308859
0.00784309647697
0.0301018611792
0.0512127012366
0.0346803209768
-0.00581897624283
0.0720939395233
-0.00962415170668
-0.0243640674784
0.090472813047
0.0353573099542
0.12691586723
0.0852942656771
0.0450617681615
0.0493008330008
0.016397365618
0.0436608899563
0.111704139442
0.0319236420388
0.0440580512826
-0.0281175355287
0.0666941500256
0.0567637578671
-0.0110836312856
0.0217254074584
0.0922130270087
0.0577849581534
-0.0285824899349
0.0379295584881
0.0686666080383
0.0246649722865
0.0801361897224
0.106759801095
0.0245859659236
-0.0294025726053
0.0318154798552
0.0538698296302
-0.016156203979
0.0802782757906
-0.0266053136805
0.0502468069156
0.129552720502
0.10365643609
0.119855026514
0.109409644989
0.0019564241178
-0.0887148590755
-0.0351060783506
0.00866912241806
-0.0261100020346
0.0784070306802
-0.0211066152443
-0.00288898837392
0.0292143209741
-0.0174742035887
-0.0693946036585
0.081478676538
0.113599004454
0.0405345140459
0.133034670094
-0.0831746733799
-0.00469008515352
0.0572998305843
0.115144698616
0.040315819274
0.0281708256997
0.111664608257
0.0748350024908
-0.000185579488725
0.0371759367043
0.0612845989993
0.108781229246
0.121901263659
-0.0203597899586
-0.0108485346339
0.14198413163
-0.0558822573251
0.100103745193
0.0182867150735
0.0507193289383
0.0533797193468
0.0325962729256
0.0447101646797
-0.0140910358232
0.12769422143
-0.090378446338
0.0882087468191
0.0372151075003
0.0495078219291
0.0973533633821
0.0782536636842
0.0137742540152
0.131141876818
0.104675907835
0.0523841758225
0.0388557906949
-0.0117656782716
0.0640323425678
0.0421927466329
0.0957441663018
0.104902164133
0.0985258499572
0.128398771023
-0.0251872590894
0.000573884460001
0.0427934069407
0.0547024103034
0.107710893114
-0.0710271858774
0.0811138405884
0.106391375859
0.0801345783044
0.0774476298347
0.0183466262188
0.0655865951945
0.10700124594
0.0680194953253
0.0453899692446
-0.0448491818097
0.0266006979146
0.116202768695
-0.00258268653209
0.0795510414426
0.00102136498922
-0.0181279940737
0.0739371455751
0.117121923082
0.074115583176
-0.0204679271248
0.0672137167528
0.0808786508241
0.0469578813711
-0.0199789886637
0.0395456577946
-0.0138019260979
0.0774094474328
-0.0101329763475
-0.0169210344257
0.118368626139
0.0878713304668
0.0786826825768
0.0121919208257
0.0314056560017
0.0263448428327
0.102670891439
0.084083115715
0.115855533917
0.0540068632884
0.0653404304019
0.086909419708
0.0602354731292
0.00301992948715
0.0970863245787
0.0739171745277
0.0183946789017
0.0755638965827
-0.088671012662
0.102019125936
0.0546095504212
0.0437481595704
0.144770462646
0.0626562272979
0.0861452971923
0.0524250961723
0.00466122927612
0.0827103644355
0.0321720419143
0.0202987858085
-0.0191670249593
0.0358156513426
0.0201129448288
0.0620517274104
0.0714396107499
0.0505096272248
0.0217392978688
-0.0426279104827
0.132450744195
0.00147837983647
0.0347510823871
-0.124000433221
0.0661917879844
0.0842785856091
0.0777612699506
-0.00311723123867
0.00756608782642
0.00583251979342
0.0591842387428
0.0585055813778
0.0293474868754
0.0725732698713
0.0353080087676
0.015743602829
0.0872385671768
0.137983907795
0.102052657369
-0.0788500600211
0.0438783254773
0.022806565682
0.0209493398554
0.0170815791076
0.105732761538
0.0911072579459
0.026374167384
0.0668551212194
0.0253717666193
0.0487075167252
0.0105899148213
0.0983010981318
-0.0461496273451
0.0714555260993
0.0471859437317
0.0113096870343
0.0397877636106
0.0151208898734
0.0371380365222
0.0881268000307
0.0255388888254
0.0690358300215
0.0789200541814
0.0629093341676
0.0276693625383
0.0992451563146
0.0396119366011
0.0664832456646
0.0350477630318
0.0504129249903
0.00222375231698
-0.0287219412254
0.0211760619465
-0.006695641023
0.0774889154964
-0.0699495057236
0.0989889329848
-0.0686504639861
0.0315943024281
0.0346457067225
0.085502283407
0.111363805309
0.0222702872473
0.014271189639
0.0517399324771
-0.0436564013585
0.0604114346318
0.0202286905568
0.133991642964
-0.0350401670593
0.00227014978721
0.0688974923358
0.00642347501208
0.081683197325
-0.00746901607468
0.102677444888
0.0759349322265
0.0929088900116
0.120093655795
0.00111358569641
0.0251402059783
0.130583553326
0.0518033952643
0.0103841509353
0.0541268256637
0.0230867766959
0.100640040629
0.0727517564871
0.046652052713
0.0915886291935
0.10514580082
0.104733657725
0.0865755891915
0.11832940643
0.0337939403561
0.0538930710991
0.0984077520097
-0.0793790873104
0.0516125051598
0.0823123413255
0.0933583838071
-0.0446058412497
0.115463623315
0.0415747045106
0.0223035098692
-0.0182695433156
0.096383167267
-0.0385892430671
0.0795945627555
-0.045692270645
0.013583080004
-0.000442054336063
0.0262083700981
0.0434448246527
0.0815476259665
0.0913252994935
0.0252878681737
0.0209599869209
0.00320376409142
0.0526060069847
-0.0101811784149
0.0552226049275
-0.146134662935
0.105647457892
0.0126244846114
0.00330262281188
0.124675127576
0.012371816497
0.0026042526237
0.0880531797309
0.121736983691
0.114565484384
-0.0263295337742
0.10813453386
0.058149670114
0.0456078091986
0.0336757081528
-0.107484346148
0.0273000588609
0.0657127042822
0.102394321659
0.0055031264079
0.0240616723019
0.106733428681
0.0519958563323
0.0188748344334
-0.0156894983712
0.107956897961
0.106033027469
0.110000389732
0.0475915994207
0.000113586294773
0.0881116973384
0.0892317028691
0.12300711461
0.106890893924
-0.00996646190992
0.0303160331982
0.0622201855767
0.113355696948
-0.00454277727232
-0.068590435623
0.0951615013616
-0.0290393098827
0.109336794723
0.0881652357986
0.0221190060994
-0.0183225702363
-0.000648237710287
0.0693433468442
0.043025881271
0.124319779556
0.0847358872865
0.120598786313
-0.0154414090293
0.0886698851246
0.00610729517535
-0.0321764732221
0.0678359805191
0.10998453831
0.0803426723047
0.078205304444
0.0314672990038
0.0567476149554
0.0444295653918
0.0191303110457
0.0173376477454
0.114971275217
0.053775184492
0.0275431667385
-0.0161870009837
0.0181928872099
0.087272195789
0.0705431310724
0.0549826488969
-0.0456540154087
0.00815599919179
-0.00718366442675
0.127268149971
0.0637920941586
0.112525521215
0.0993050311523
0.109800109901
0.0170678486186
-0.0284174390941
-0.0165649623358
0.0921580283631
0.0729945130668
0.0650438158575
0.0282689767196
0.114736954454
0.000689444902253
0.0377171824671
0.075007152332
0.117704696289
0.115716992612
0.0210459888513
0.0408316771284
0.00913614368417
0.099016062031
-0.063325975209
-0.0139087040578
0.0509368279174
0.0771725818995
0.040024172335
0.0945915124206
0.0732651291851
0.0965134601409
0.0866467870536
0.0905112964922
0.0800922914313
0.0129394726307
0.105601157541
0.0184619333793
0.0488356904341
0.0698322913998
0.0794243263423
0.0761171539538
0.0845633777528
0.0911170341211
0.0944972243454
0.00952711701642
0.113138156576
0.0531640476662
0.0153364069568
0.067061430278
0.109303817887
0.0895652905071
0.0974098310712
0.0524556461087
0.0322617288465
-0.0505540682773
0.142120836304
0.117168560754
0.0604463327785
0.112324617045
0.00596703779583
0.0874303052686
0.123254123745
0.0318985419884
-0.0466203361484
-0.0344843688373
0.0395001132067
0.127558076358
-0.0187568552859
0.0931389739019
0.0522476278042
0.0913006575403
0.0312040959064
0.087237950258
0.0594993629784
0.00726926369629
0.0126262647803
0.0143330588181
0.111178495065
0.0782471699129
0.0782600032979
0.0566632438862
0.031796097191
-0.0367299705064
0.0799504619031
-0.0615736927631
0.039240623123
0.0769573214796
-0.000186748732616
0.00809934133956
0.114387364597
0.0113466222054
0.00394334091514
0.038549261534
0.0732874329678
0.0637180946978
0.0593015437209
0.107553738144
-0.085592199524
0.091189578481
0.0256272866807
0.0754876273988
0.0795505057396
-0.0605041919306
0.0615435044717
0.000615110704733
0.0563021285125
0.0315211006677
0.117564280987
0.0545090562311
0.037937289865
0.0793282229796
0.0383926846135
-0.0230573404124
0.0885805902505
0.0562373047198
-0.00313592946087
0.0249781250953
0.07512047023
0.0388930255843
-0.0220374729528
0.00982305652019
0.139102174522
0.0176541498687
0.00237908036605
0.0305086713356
-0.000493816496439
0.0114004287404
-0.0134773663348
-0.0701274296074
0.0480213279029
0.032442144079
0.0784133068719
-0.0302673102022
0.0607681344833
0.0715266657551
0.0953770812903
0.0558080357155
0.125064749301
0.0298075544633
0.0635704407883
0.0405266041543
0.0479443755166
0.123713251555
0.0707691039099
0.131099398124
-0.0273414961714
0.107152323008
0.0907939381241
0.0838984868237
0.0418289626883
0.0698169159598
0.0171296567524
0.119640899182
-0.0193314173294
0.0162367771053
-0.00491769934526
-0.0147875608989
0.00856490741094
0.0966324006874
-0.00750372807657
0.00667578708054
0.0625291900785
0.0272085479049
0.0303158383787
0.0021523338832
0.108233817158
0.0458105754483
0.0799396992876
0.0364770530158
-0.0479734375366
0.07683434399
0.00720330126155
0.0246563864483
0.0854301855452
0.0210702915296
0.0980864467228
0.0711911339923
0.0888077754522
-0.00359088709406
0.0283094901633
-0.0464648402918
-0.0668528315354
0.0295200674726
0.00852809906428
0.104319220187
0.0802632028286
0.0513455937414
0.0434655272247
0.109384008891
0.0921644049249
0.0296358936339
0.0464811737744
0.0556053758709
0.11992038247
0.0454635867976
0.0470938850017
0.0673441698933
0.0518384904795
0.102583938376
-0.0167524529875
0.111368230345
0.0404063925783
0.0375156888527
0.103989578269
0.0635529854352
-0.05202234475
0.0892779579521
0.0692050157939
0.0165637986827
-0.0117759122092
0.0355168748033
0.0110628940534
0.0523913888945
0.0401393867747
-0.00999458225146
0.00409798868724
-0.0274395497522
-0.0132354644053
0.0357165814098
0.0088097402437
0.0235673866198
0.0720790367572
-0.0202670560621
-0.0595197308006
0.015496177738
0.142943143132
-0.0879255356703
0.0458202819638
-0.0599734832373
0.0525064747126
0.0623659651186
0.0393447599418
0.0312490373688
0.0623869683414
0.0107448462643
0.0198037704606
-0.0394806488173
0.0243184652249
0.102795430291
0.0429494224746
0.00100649267554
-0.0790828805179
0.0110772438074
0.124261652047
-0.0358749567515
0.0144572157583
-0.0734182390765
0.106257060549
0.109746635963
0.00738360559951
0.123570521755
0.0439860125871
0.0679713427851
0.0026640279383
-0.0845571577318
0.103701301523
0.0241646794803
-0.0403496985207
-0.0285348318374
0.113635568716
-0.0331326414953
0.0881596290128
0.106963346542
0.0488099324498
0.0986240984661
-0.044895606881
0.0755884436343
0.0345651046556
0.0747360243188
0.11709982672
0.0102677629611
0.0965731226979
0.0654963835028
0.123105549473
0.119258321201
0.120394373739
0.0256401203311
0.116339146573
0.113110147349
0.0227873479294
0.00198018907683
-0.124497703562
0.0685225819588
0.0852978716809
-0.0308033309961
-0.0500501756868
0.00316758476804
0.058814593029
0.122576912816
-0.0252399657198
0.0511073683188
0.0665401099246
-0.0342304885284
0.0244104234331
0.100829359584
0.00484650367821
0.000937357319557
0.0291285880843
-0.0562472504331
0.0137291662915
0.065133425606
0.0615148493108
0.0842270126985
0.0287133485069
0.00812133213556
0.0339015034841
0.109565027765
-0.00925254895897
-0.0453273344314
0.137548657983
0.0940115140444
-0.0411662057997
-0.0438078994291
0.0923298632319
0.0151604836498
-0.00251849632918
0.0639791304133
0.047239258249
0.0571558087787
-0.0165474944536
0.06350065917
0.0682550817554
0.123734099853
0.0590156228798
-0.0323321661544
-0.0170871833096
-0.0336905448949
0.080625470608
0.011184997016
0.127281073157
0.0463532938791
0.0120136895372
0.109385526778
0.0875274676206
0.104143790035
-0.0585241339263
0.0742166944951
-0.0425633394397
0.109116600055
0.00449342209231
0.0451479330361
-0.000139332789246
0.114135467075
0.0915945711128
-0.0342952451289
-0.0118377533711
0.111973970264
0.0908289685359
0.115067857173
0.102927875396
0.0884147616897
-0.0292497928731
0.0542985573232
0.0448351997398
0.0113613903082
0.109574472733
0.0697286339927
0.0121587409654
0.0487365022511
0.035187321869
0.0730000108602
0.0959388294098
0.0873526533568
0.0245330338953
0.064428202321
0.0853339896735
0.0109383808186
0.126243435654
-0.0767694357015
0.10703965439
0.0392070404081
-0.0435026031823
0.0150844102028
0.0216501936405
-0.00879789789578
0.0116097506146
0.0610433959043
0.0785665311298
0.0497266482703
0.00432027941363
0.0994601060834
0.0632551922738
0.0513864890477
0.0291132372704
0.0128078781371
-0.0143660758052
0.113230219867
0.0434659046482
0.0323756703811
0.0464306708555
0.0520832382415
0.0147259641194
-0.00629833887374
0.0930873344969
0.127018839202
0.0346642303854
0.0980079300361
0.0887306516177
0.0591722323627
0.0976749706503
0.105597701133
0.0968538855985
0.064391325954
0.0700042887432
0.0192121670883
0.0450495511117
-0.0012657608447
-0.0105566596359
0.0477106841167
0.0108834365698
0.0846264238255
0.0629583230247
0.0341370517059
0.0112149878232
0.0882350723474
0.106841548826
0.0890751169455
-0.0459496831103
0.0261619924768
0.0741073071751
0.0355908469573
0.0621207840305
0.0948458902729
0.0767249428794
0.123056950048
0.0881969518781
-0.0222562243961
0.0239074079761
0.071728943671
0.120536713836
0.0493188517699
-0.0419441212956
-0.0113370524938
0.0492891238081
0.00402675224309
0.0682325965862
-0.0175532593113
-0.0206746462778
0.0252053119692
0.075246381598
-0.011867265631
0.0512453726831
-0.0378001217904
0.123718239254
-0.0477964287877
0.0218771286512
-0.0110972749695
0.046081858276
-0.0158720722162
0.0091954060159
0.103963964551
0.117826391044
-0.00567018621348
0.0939564999967
0.0381763282011
-0.0349854753178
0.0880265624724
-0.00911417217853
0.0203546167037
0.0600512616554
-0.000729590537194
0.0938037334396
0.125464739257
0.109887141295
0.028845158517
-0.0278364672153
0.0675625382536
0.00814641607351
0.0374524295033
0.0488479090657
-0.0215785610723
0.111560579384
0.0311438840907
-0.0410396799089
0.00638974071542
0.0623198315742
0.0277621002588
0.118150165635
0.0130261540125
0.129709528444
0.101735892437
0.0559117292682
-0.179126823586
0.0668861993614
-0.0569311001017
0.0321097631308
0.0070692999617
-0.0306212768497
0.0963496728989
0.106924410745
0.129716312703
0.0810304272014
0.0644974189318
-0.0559329563331
0.0452328425294
0.0890174748381
0.0792416534383
0.0511782661438
0.103448377185
0.0346908787169
0.128173941258
-0.0639146597687
0.072311169062
0.0352890863228
0.125513456529
0.054496913971
-0.0359736728895
0.0621520803097
0.0557351955016
0.0999301058519
0.145776352831
0.0271601824418
0.0715884324895
0.0806041064943
0.0897272851182
-0.0183986219396
0.110464802753
0.11500323337
0.0285819714989
0.040317918929
0.0316558201563
0.0174921558717
0.025578265732
0.131208735287
0.114830579994
0.0363370346147
0.0617395103081
0.0760973030806
0.070681459834
0.0378774282073
-0.110269080276
-0.0680804216382
0.00413322572366
0.00566367268009
-0.00523253580967
-0.000757632321536
0.0633736113942
0.0116185003175
0.081799149511
0.133246801812
0.116841856021
0.107299207123
-0.0507412936172
0.0967071667104
0.0831245634089
0.0757619521326
0.117175661156
0.0184815337236
0.035078853215
0.0861275368293
-0.00645511416068
0.0742372185962
0.00195785605687
-0.0458113908166
0.0113568520846
0.128351040656
0.0631533221996
0.141184827214
0.0473297723346
0.0287597631608
0.00472048595136
0.0992456831435
0.0856037875704
-0.0178158651205
0.040570653043
0.0588942728527
-0.0423051328654
0.0856866578222
0.0635101638333
0.0333744913286
0.104521365216
0.0253771783738
0.0734203431441
0.059161865708
0.114253455773
0.0566182801893
0.0763487214393
0.0959862016006
0.0353687208103
0.0565568227246
-0.0666191849842
0.115898426113
0.044362061944
-0.0409524922866
-0.00333457343619
0.0404518675566
0.0465559498672
0.0853892508881
0.137864084222
-0.0212503018827
0.0139953487011
0.057587713034
-0.0391034108371
0.117185248858
0.0110099838298
0.117974668497
0.0691504151174
0.0453327941888
-0.0326261372185
0.0604162032682
0.0703317409636
0.111175372148
0.0438511154548
0.0788554600424
0.0136619434876
0.0707154534503
-0.0676341623419
0.030449533219
0.112442908189
0.0758318991749
-0.0227564750621
0.0874197504215
0.000302519621975
0.099986029459
0.0766983484921
0.0469611906561
0.106227026432
0.0243964823359
0.105266735079
0.0862587096971
-0.0704359757977
0.0112639689568
0.0895887721131
0.0870576829448
0.0552130221205
0.0553959420265
0.103243027242
0.0227441065912
0.0573748945585
-0.0423140417622
0.0930513501591
-0.0256487976339
0.0178847582107
0.0837913531073
0.0652325273266
0.0493265351824
-0.112279142529
-0.0185855822017
0.105180922814
0.101643523307
0.100064468275
0.0902994671133
-0.0487014445324
0.0115075022906
0.0890502318845
0.136954798404
0.0998862089426
0.0744822991231
0.0308748627948
0.0767590306403
0.0813657420297
0.0295768985821
-0.023487066534
0.0819908523393
0.00366915314587
0.0256862058364
0.0806475998174
0.0505110124222
0.0976469095218
-0.0101632559578
0.0613340510283
0.0642546847376
0.0512899549874
0.0724674484363
0.0436112482211
-0.00818165599867
-0.03498548712
0.0885383158598
0.0622124241392
-0.097051584222
0.0684017428893
0.0930141675357
0.0243427974408
0.019180131919
-0.0702927486403
-0.00485128491483
0.0367008331481
-0.00365209309692
-0.137054731107
0.0266381480394
0.0114729738206
-0.0410244947954
0.0479759196079
0.087740640175
0.0812447316575
0.080709794428
-0.146885238368
0.0282997868267
0.0697867064124
0.0498056596838
0.107083098794
0.0508165053636
0.096367153564
0.0467704525651
0.0814276381319
0.0461394457748
0.119557785224
0.0246316546679
0.111378441163
0.107150733056
-0.000410287007933
0.129026584542
0.067078146106
0.0837434314507
0.0281053021639
-0.0270222161952
0.0461418106694
0.0723881997838
-0.0246841172748
0.0545312019496
0.0682267488589
0.0030845277034
-0.0649574320409
0.063617632002
-0.0112128561418
0.0793339850031
0.00756394725783
0.102410053898
0.104774083982
-0.0862099925391
0.121885665088
0.0780884447648
0.029704182064
0.0225599594747
0.025602276978
-0.118810216288
0.0739443571424
-0.0424682707641
0.0578417499246
0.0464078429682
0.111175776961
0.113874267572
0.0475420725131
0.0892434664796
0.0651899777291
0.107609248675
0.0500803362212
0.0729715912373
0.0243016404307
0.0971490319888
0.0988985551244
0.0246872696464
0.0714984513396
0.0842009901778
0.066000806986
0.00494471624088
-0.0682891662988
0.083386111694
0.0692145183021
0.0141789613149
-0.00396127831798
0.0348578351626
-0.000150006362881
0.0429056171481
0.0414123135164
0.0782464520975
-0.00913874033689
0.104165399924
0.0760601897891
-0.0823680279764
0.11480491487
0.0927229441814
0.097458265838
0.0713427104778
0.141582507099
0.0117583736127
0.028254126022
0.105594343467
-0.000831527922584
0.0826162911216
0.0648680506527
0.0236105433778
0.0674909521215
0.112289264454
-0.101637574602
0.045756181113
0.00196665501965
0.0969049564258
0.0650223961007
0.113811662162
-0.0313161957138
0.101652857344
-0.00379114663046
0.0399609655051
0.00199592340881
0.0653393180884
-0.012283255159
0.051257989065
-0.00226651157484
0.0111648323066
0.0931171283141
0.0583884921724
0.0614975000976
-0.0515784645365
0.0110152780082
0.112883294378
-0.0252609846247
0.00226908418771
0.0438010798628
0.00567822161891
-0.015209423611
0.117231546167
0.100327544816
0.0158752386438
-0.0361696201655
0.0661288909715
0.00990887317386
0.0572509433732
0.0143301471711
0.0428718054531
0.00299452706752
0.0713550054785
0.105816474537
-0.0317029138077
0.0704520879307
0.0456793791122
-0.0194269677499
0.0673301282375
0.070848065179
0.0801821414777
0.1037847937
0.0755870594606
-0.0173864163126
-0.00113799014526
0.0515604503131
0.0497107541044
0.0526543472427
-0.00099792227235
0.051292537479
0.0339828890904
0.0803654148849
0.0401975761622
-0.00730096048333
0.0678712871211
0.0603247678141
0.0941504896624
-0.0257371772073
0.064996974068
0.103889381862
0.0425764309483
0.0679630691139
-0.0082568088898
0.0257052515088
0.0657820726324
0.111334007266
0.0666680140194
0.125174025284
-0.0583892106776
0.0679489649369
0.0582451834712
0.119957115259
-0.0403784695572
0.110047733559
0.10112333606
0.0772133114873
-0.00447287124526
0.0705583578094
0.138391915556
0.067236138132
0.0265161455822
0.0760040357522
0.0413198697553
0.100985960916
-0.0288443577559
0.00736688595383
-0.0843573075854
0.137203026646
0.0412638637985
0.0994824927574
0.0138472285415
0.051195285562
0.00623081680217
0.14231883413
0.0161081655326
0.110295372414
0.114854663787
0.038452974066
0.108031297037
-0.10324855965
0.0532050666222
0.121474185374
-0.0825300423803
0.0453591904165
-0.0158581991519
-0.0261562047827
-0.00788129008896
0.0989744664874
0.125010338377
0.0533210652049
0.0737926898498
-0.0242939965544
-0.00842845665494
0.0580647659503
0.0396614478973
0.0958570159164
0.0697873899001
0.0535643343395
0.0607798353286
0.0557353748741
0.00354697506761
0.0921527853651
-0.000151762003918
0.0134806427615
0.0176089675698
0.0651717133517
0.101073829221
0.002372730111
-0.0473585506203
0.0864875770753
0.0649068531659
-0.0219450544212
-0.0108682437664
-0.0249083543295
0.0894301217752
0.0427935583707
0.0530929338082
0.0400283614358
0.0595249445649
0.0830468743185
0.0900999533187
-0.0267592778073
0.0274839748952
-0.0281391913415
0.127154980606
0.0179644928118
0.0385898897787
0.105408182356
-0.0290429530453
0.00692188347007
0.0828386903276
0.0867613090272
0.031344674249
0.086248409692
-0.0534818217032
0.105387024336
0.0200796837265
0.112706243207
0.121873629607
0.0109727545431
0.0447159822309
0.0863862120798
0.0910680007227
-0.0399855950397
0.0278851804502
-0.0164278835044
0.0908853030285
0.125687730086
0.0273068471586
0.000576995007855
0.118317548954
0.039270649566
0.057853410936
0.0397906637026
0.0809299092436
0.0405455305516
-0.0198316809978
-0.0943633448466
0.0137731415777
0.0645621651911
0.0904550620771
0.0808385042718
0.0641584023694
0.0199210893943
0.0128886516344
0.093820752808
-0.034804367674
0.0232491223341
0.0263407735947
0.0837043428782
0.06407483801
0.110760256595
0.121930871532
-0.0436338713572
-0.00395774504624
0.0482962364679
0.0849171589281
0.0650222568933
-0.00642643784797
0.127264828174
-0.0296870651875
0.0741901551931
0.105102125816
0.0519889679679
0.136357416259
0.0826506785662
0.079045895146
0.033330104878
-0.0285207216668
0.0824039063792
0.0746762179577
0.0698213609312
-0.00234771380053
-0.00863972427561
0.0535638277509
0.098070755779
0.0812655320201
0.1112118465
0.0235107894713
-0.0249919803764
0.11601121125
0.0248901604803
0.0834504223275
0.0515993893778
0.0857286614142
0.0843506748868
0.0059801268601
-0.0907018020741
0.0622545941265
0.00154633262484
0.103564270489
0.0797429709679
0.004724945113
0.117262766173
0.106820565036
-0.00618771582046
0.027412488206
0.116126192187
0.130641276172
-0.0104661100426
-0.0214917016109
0.00174727944017
0.00803101978299
0.0682794207474
-0.00135461638171
-0.130403214481
0.0669793412075
0.0374818591379
0.0443671298052
-0.109704135724
-0.0141681073566
0.0587440547609
0.0446861580222
0.027072310697
-0.00603880603246
-0.0365310271496
0.0508863939777
0.0365504505414
-0.00137920398014
0.101445429082
0.0357967242517
-0.00982811274183
-0.0169445633322
0.065011748149
0.10215230068
0.0864206478756
0.0454945772338
0.0551990237189
0.00475874579573
-0.0511979200219
0.0952304147838
0.0165286076381
0.0324239169899
-0.0305577667643
0.113333772374
0.050328461384
0.0852963971037
0.0361722063234
0.056324024924
0.0456792445021
-0.00741274424302
0.0353807442016
0.11913468766
-0.0506147227384
0.0463068592669
0.0761050867964
0.0644046797814
-0.0439015837001
0.0552729352675
0.0741108006078
0.124715139417
-0.0531085163307
0.118338067882
-0.0555421760841
0.0442789219271
-0.0334607256615
0.0481690030544
0.129856220778
0.0956322246228
0.0192467393668
0.108322648848
0.0806010071547
0.0601289726644
0.0783596394767
0.0938232152172
-0.0211924473193
0.0976508455412
0.0937856195094
-0.0394081442759
0.112725395472
0.0343387861765
0.0682082683187
-0.00420986953159
0.00232544037221
0.0574210816903
0.00143620384034
0.0778856128311
-0.015445148074
0.0356939069229
0.0501673274396
0.0472314695645
-0.0345513314255
0.0185153078753
0.102762641556
0.0701733747522
0.0380556745166
0.0847037209752
-0.0320115439622
0.0516256525721
0.0353694259519
0.0627840475467
0.0385745229594
0.0899018304006
-0.0245591240533
0.0408819311094
0.0474276066203
0.0185168292601
-0.058411857103
0.0481072884041
0.0364361982548
0.0083655271474
0.0984938964241
0.103086363074
0.0809168085085
0.00118176219047
-0.0521701468817
-0.0567070790861
0.0971608556319
0.11441861767
0.0162811531381
0.0175273539501
0.083230421664
0.105220577249
0.0768170205499
-0.0315760877896
0.0765903168628
0.0119999872191
0.0365020851354
0.026194120214
-0.038794077464
0.0436347297833
0.135528526907
-0.0350887923102
0.0491251134961
-0.0194279828713
0.0024400638997
0.106959192784
0.0756816084531
0.129311467449
0.0821485715016
0.0211039048361
0.0239873797155
0.0859685999812
0.104242202442
0.0227258316997
0.121721035103
0.0656468735003
0.065799604007
0.0444538352897
0.0507936266721
0.0776521761246
0.0878730854124
0.0539408394128
-0.0471396211377
0.0650709521518
0.122040707922
-0.0407878622579
0.117789054961
0.0341512867766
0.0437291294972
0.0392289278266
0.0839130210617
0.0677793584343
0.0230935103812
0.0341314801446
0.0579032580229
-0.0125593791715
0.0574166009172
0.0346754665569
-0.054019317034
0.0563355500512
0.0370310170905
-0.0353185290896
0.0340267751808
0.0493425035673
0.0927571950525
0.0833331340194
0.0308376953835
0.0758763354195
0.0234488707199
0.0389659952986
-0.0350619793704
0.0416239304102
0.0976318759108
0.0569109401223
-0.0951018927745
0.00895665270234
0.106128660648
0.0521763643796
0.0376202613439
0.0666462359259
-0.0309206121716
0.0644789148017
0.0129942678842
0.13192013462
-0.0334698592666
-0.0162064270507
0.097985419819
0.090440689497
-0.017467675142
-0.0728342683641
-0.033679720547
0.0397580579635
0.0628541280856
0.114073508082
0.0931051830101
0.0800178431882
0.101710883044
0.0672152323544
0.017343591252
0.087393253666
0.0234157156747
-0.00498603611954
0.0208025147623
0.0712231096398
0.0473878210139
0.0322238659417
-0.0988163191097
0.0310478731906
0.0111516782965
0.0779997123872
0.122879105252
0.0137767986297
0.127110213546
0.136346345594
0.00197938769252
0.0637942285099
0.0278141584738
0.00882963425544
0.0584929779003
0.129260938005
-0.0163281623487
0.0184756792198
0.0472046735623
0.0751281111078
0.0877446598205
0.126476624541
-0.0260461245423
0.0521578276987
0.0175586433015
0.0777551787003
0.039451853298
-0.0929266722842
-0.00973596988991
0.127779274092
-0.0975089512578
0.128178679175
0.0120188261753
0.0740605615635
0.00803272343777
0.0179585387314
0.078478990377
-0.0699868468483
0.107483986719
0.00992851756689
0.0365516291714
0.0613062252597
0.0769895116409
-0.0776201892127
0.0293590269567
0.0671153282118
0.051425364722
0.0352106961678
0.0573410488631
0.101266591593
0.080227660079
0.0469361105009
0.0527382169294
0.0228962474399
-0.0453425601646
0.124626757995
-0.0764281429268
0.011067163971
0.0723521121365
-0.0485934035433
-0.0542477038223
-0.0451230416233
0.103153631799
0.104970821531
0.0207353592423
0.039865611095
0.11470177154
-0.0174477289854
0.0496433588394
-0.0219656956116
-0.00883229593751
0.1124476365
0.0721373226618
0.111366178694
0.019667217027
0.0813545806928
0.0892877859205
0.0900122161119
0.109098126443
-0.0246259834155
0.117408561883
0.0504508512117
0.0859785051584
0.115655528888
0.128646135656
0.00432568326201
0.0244620309554
0.0866512635097
0.0340833526553
0.000931734983537
-0.0183367763685
0.126800971231
0.0173448814578
0.0125077741887
0.0143922909684
0.0520936775915
0.0457516347086
0.110834396915
0.016409154143
0.0994736981048
0.0626126122551
0.103754506155
-0.113660548315
0.0225098633454
0.0482648605651
1.40172960776e-05
0.0771378939025
0.117298406345
0.115452856167
0.0561160850149
0.0120156377816
-0.0156694339377
0.0124178719005
0.0344282369884
0.0698108196752
0.0550322608421
-0.000266488381336
0.0168076878315
0.0584182773199
0.0844386246357
-0.0202987519948
-0.0020031491225
0.00762792041564
0.00318817233732
0.0941028475938
0.0777772411701
0.0958150518903
0.0810820943654
0.0432231767816
0.0874640727408
-0.023286282012
0.0564417431788
0.0425420082542
0.0227725076745
-0.00800057849769
0.0338965106374
0.100646644876
0.0575647618744
0.063272034205
0.00046571607304
-0.0287158977044
0.119727253877
0.0449797028792
0.0731883697554
-0.0553945716284
0.0354525420973
0.0735287404022
-0.0413447422388
0.0661796756301
0.0952120109305
0.0571928168973
0.0226727974518
0.0901926049587
0.123789930382
0.0701727056667
0.00672482634033
0.0328981050837
0.00361706791332
0.132246829498
0.0198398127682
0.110193646311
-0.0134758889654
0.0975839256709
0.022287185276
0.0724659047584
0.0658911236418
0.0233638850043
0.0593578750767
0.0992443292994
0.0895946193676
-0.0658964340905
-0.00521984894368
0.105673155157
-0.0467971273642
0.0643966645224
0.0376199882489
0.0443607837235
-0.0376136723605
0.0620299676974
0.000929667644097
0.0872356612058
0.00573731905839
0.124308348681
0.0801495974234
0.08149807665
-0.0538284523764
0.0516281689563
-0.0147637400089
0.0487669917004
0.00768572700955
0.0759685494538
-0.0378773817819
0.12451230076
0.103048469183
0.0262219191958
0.000736865261923
0.0678807572102
0.0649493927748
0.120250649855
0.107583451913
0.0814144697812
0.0207861591378
0.0599978055823
0.0870725340803
0.105748820142
0.047050983304
0.0992670609071
0.113235106712
0.0835787126589
0.12207002193
0.0190555402208
0.0612779065264
0.0687298535499
-0.0127841679301
0.0725883498734
0.104837782665
0.0260404958142
0.0510417604509
-0.0445388740254
0.0913130279837
0.100542860508
0.0787789792301
0.106921011978
0.118296942232
0.0520241915218
-0.118175103461
0.117292444444
-0.0558578576752
0.0326040743471
0.0524918829634
-0.0104200624191
0.0814932462885
0.0773232394559
0.0260169006753
0.00146350321796
0.105793704857
0.101033630968
0.0648185327526
0.0293572395882
-0.0691724162639
0.017737922065
0.0553192982558
0.0253997650203
-0.00515143070015
0.0571769539071
0.12987259295
0.121550811786
0.0664538202673
-0.0598397237902
-0.00688583965819
0.131539538082
0.112409662818
0.0930303260328
-0.00699843922487
-0.0131205982598
0.0820416410552
-0.00639689620736
0.0250948095743
-0.00811105288172
0.128101750171
0.103375235246
0.120015064641
0.0589414994219
0.0669583772131
-0.0636191114835
0.0100399972083
-0.00457063618059
0.0891758627018
0.0107035889186
0.114109472789
0.0279495199397
-0.148734748937
0.0291568846025
0.0482022657686
0.0931568165468
-0.005978885797
0.0224072930744
0.0709113282917
0.0927301786416
0.101461399738
0.0497950146906
-0.0365493750302
0.00625388452915
0.0927800766572
0.103342970874
0.11117686632
0.0226302287634
0.0934705228501
0.0133351833184
0.0210085406383
0.0289418952659
-0.0275195592275
0.0795461325658
0.0326274136344
0.111419360407
-0.0205733139397
0.0114282022889
0.115296224442
0.0791791621165
0.0447377490588
0.0781852760493
0.0331958820761
0.0986762692814
0.080847065622
-0.0702960493508
0.0431729347196
0.0842835282204
0.0196739173843
-0.0679175889112
0.0450261668747
0.0852227540917
0.136960425813
0.0798076282719
0.0301482506808
0.0410155140798
0.0326740158257
0.121874526518
0.0676952712063
0.00889013042872
0.0690932711259
0.0633124516134
0.0476280680095
0.0438008800452
0.0749815671433
0.0582454895225
-0.000762400552781
0.00300789274947
0.100274009278
-0.00668491620124
0.087147278908
0.0621783473216
0.0302704978369
0.109610057985
0.0316230801108
0.0928785169753
0.126557630379
-0.000849351622352
0.00842975358442
0.100498089419
0.090951697527
0.0575443920055
0.0156863832042
0.133836102609
0.0102913204942
0.0343168303886
0.087527430717
0.0530359441867
0.0134762157965
-0.0757778821563
-0.0174747071445
-0.0405870895308
-0.0757573130427
0.0489228833734
0.0122451252886
0.0604336798346
0.0115995103783
0.102573276155
0.0737671829625
0.0784583992323
0.0746481718241
0.102641327931
0.059343792725
0.0453925162963
0.0141605899192
-0.013069856412
0.0285838358277
0.0304463522295
0.0691355154827
0.0359341410293
0.0360179545116
0.0844647054986
-0.0389070211288
0.0965604254278
0.115674900891
0.0999835695609
0.047550941988
0.0972699202124
-0.0287367553431
-0.055227124782
-0.00896684213593
0.0944559927394
0.0485077094173
-0.0308810991354
0.035061355619
0.0439456003062
-0.0164147207324
0.0531423809958
0.06900479784
0.0817854895814
0.0441138782705
-0.0117466238377
0.12671950926
0.108208343439
0.0408051366514
0.0410832451615
-0.00506342528857
0.114286689982
0.0415386214848
-0.0655918832169
0.114697882427
0.0618372629013
-0.104219503749
0.0732668929015
0.0768454415767
0.0862891894757
0.0724008564501
0.0244019505649
0.0713756530769
0.066277936864
-0.0651255024489
0.00870361842272
0.0319130632919
0.0931172793822
-0.0167881199238
-0.0644262378417
-0.0044273603734
0.100842902841
-0.0791301339375
0.00305207492446
-0.0623880256588
0.0742237390378
0.0294979800418
0.0626566817411
0.012936341889
0.0391015581014
-0.0257467691794
0.0665353284078
0.0819134399436
0.108564954745
0.0555395423135
0.0991123119383
0.0757456126028
0.0574783583194
0.0692775747154
0.0243615092649
0.0378055698401
0.110943592173
0.0187010721872
0.111648242136
0.0598896954067
0.0764740567567
0.0167789721502
-0.00248283447118
0.0202628354364
0.0530961868191
-0.0676041437201
0.0719574496813
-0.0707246748498
0.0855843165998
0.0398402556666
0.0310925827079
0.0513936203906
0.042159851928
0.0535979746744
0.0694313186819
0.0575774511908
-0.00213081442809
-0.0413137756369
-0.00802201979223
0.0710189443921
0.0100377140295
0.0676194705645
0.0541401226721
0.0155467926906
0.0202518122733
0.0828338058944
0.11400800625
-0.00548948722858
0.0316836684329
0.0428190294568
0.128395423178
-0.026356798147
0.123836530073
0.102445810095
-0.0200088822241
0.0452557572475
-0.0537931442937
0.0498604401543
0.0974149807869
0.0818599750197
0.126511371487
0.0255240582581
0.0657461950834
-0.0365512274051
0.0628401107377
0.0462793559516
0.0849769345584
0.0305386618136
0.00789501655838
0.00979478503164
0.110807448274
0.0311858802338
0.0184917360185
-0.000257980759801
-0.0103648358358
0.094870603819
0.101657347183
0.109001172736
0.0431934446398
0.0152258290179
0.0319202210693
-0.0412261554914
0.0304110243198
0.0351522502267
0.0310931840556
0.0446849440779
0.0788926671785
0.095413010596
0.0492539612695
-0.0362957885823
0.0732829896065
0.0957301221925
0.110903793758
0.0503733972346
-0.0698695679956
0.115984600865
0.111479059389
0.128950479295
0.0252797180631
0.0591871337405
0.115618226685
0.0430210362939
0.023621742535
0.0522186515836
0.121195838325
-0.0361843215387
0.0724624456227
0.0580628513605
0.0738245158773
0.0987922900152
0.0159534869138
0.0744744912854
0.032497379395
0.0825264368867
0.0756574458827
0.06204329852
-0.077805914661
0.031093189829
0.0593167004721
0.00901903381463
0.0460905566192
0.00640421593535
0.0523317958913
0.0872074197262
0.0269182345218
-0.00419305284478
0.12629241601
0.0762013984145
0.0406941227663
0.0570325387276
0.00500757025259
-0.0218541555904
0.102755490231
0.0855542744888
0.109206184216
0.122764337277
0.11870108349
0.00617808835953
0.0479934995519
0.0867844968413
0.063676157784
0.0915414027845
0.0410571971672
0.0837837184872
-0.0156856235096
0.0816476729275
-0.0146636643169
0.0233991877679
-0.0380840358813
0.0192601470504
-0.00129735814065
0.0708001848139
0.0470255079863
-0.0656891242169
0.0149084141625
0.0552068741684
0.0493036240196
0.122055027646
-0.00476668345151
-0.0147632832816
0.0265567981957
0.083188407342
0.0848219649589
0.0072499256536
0.00562952764994
-0.0386437237285
-0.0113743090628
0.122517736669
0.00322007907974
0.107098342568
0.111258329714
0.0644371982329
0.111239620213
0.0723976054963
0.0616810410492
0.111064838442
-0.0178507151772
0.103371972766
0.0206695211928
0.0617790185339
0.0577497291998
0.014644579708
0.0704735640639
-0.00938897155059
0.0967531758748
0.0742542305046
0.0370395451162
0.0683165452583
0.0840412152167
0.019902993693
0.00410203057155
0.0854585479199
0.0965804907573
-0.147677035741
0.0308380267304
-0.0282432725287
0.0818551249366
0.106196273092
0.0636123977502
0.0722570920407
0.069909357284
0.100020345222
0.044340457346
-0.00118202291384
-0.01843536391
0.101338232976
0.0189776417874
0.0238270842247
0.0311553532938
0.132089831808
0.0278863284451
0.02530324493
0.0468346347733
0.0820081671918
0.0866969867916
-0.0213258764843
0.0408700496033
0.0866579145511
-0.00017304399733
0.0472850945658
0.0283894320942
0.106718727225
0.100265442086
0.011188157516
0.112558430161
-0.0699946197989
0.0172251901825
0.0760516748989
0.0915225293745
0.0205920759994
0.126790280383
0.0239445701002
-0.0278151405102
0.028728992673
0.0569718617076
0.107892600838
0.101448878455
0.102169887173
0.0784129415107
-0.00647692805386
0.0257489157456
0.00915825922846
-0.0255475444273
0.104125824188
0.115921579294
0.105676697631
0.0132261892107
0.0503480870266
0.017148115521
0.0112733968556
-0.0580170547914
0.0293816375677
0.0870017572485
0.0934529570143
0.0185173924194
0.0698361617651
0.0887965906058
-0.00445883929153
0.0262562217776
-0.0342420462793
0.0636130722272
0.0212443284312
0.118251038264
0.0776922666881
0.0687133020727
-0.097415011845
-0.0646185201527
0.116862302335
0.00835415859128
-0.0595764643826
0.0647237403216
0.090256084859
0.0738386754783
0.0651742249572
0.0206505276705
-0.0541568001508
0.0397689451849
0.112120271457
0.0372183118779
-0.0364806771242
0.0810568630518
-0.0364782790047
0.112144742662
0.00360381961304
0.0983438603831
0.0660726423917
0.011951244099
0.123658516317
0.113466884672
-0.0486981785544
0.0526865146942
0.0450939821352
0.0361877677212
0.0380098901555
-0.0468361509213
0.0692742146343
0.128448910037
0.073797459956
-0.0158580634723
0.0661119759253
0.0486265569118
0.0647222978241
0.0709677934745
-0.0144296450914
0.0972201358302
0.0624903571526
0.00576410551518
0.078932496346
0.0474675085652
0.0225794051056
0.0324653126205
0.0045077002609
0.0293466867992
0.0915975697402
0.0850296701808
0.0185433223451
-0.0183028871448
-0.0242410930281
-0.0915241733407
0.0461905598445
0.0951444764427
0.107990075101
0.0481771415232
0.0892339631468
0.0604433626418
0.0814555307858
0.0542130151612
0.0268220946745
-0.0360300856196
0.0132611372781
-0.0361086140291
0.100343281712
0.0816474461287
-0.0233473126728
-0.0151660697271
0.00678096095356
0.0219648354941
0.062596932549
0.0217443306881
-0.0146064729772
0.0236054067039
-0.0525013979614
0.0543066522746
0.105465226831
-0.0740409381612
0.0516545277502
0.0915835378997
0.0678595856613
0.0476449214237
0.149122365941
0.037417869131
0.109377897226
0.0806989359015
0.116876540472
0.0364324747217
0.0963050995375
-0.0848021634786
0.0660729978688
-0.0331693236916
-0.0409144899449
-0.0234162568829
0.0677527383871
0.087376047212
-0.0482859926499
0.00774089127348
-0.111750128748
0.148138729505
0.128782153776
-0.032308900869
0.0168312107462
-0.0110164393845
-0.0164649563812
-0.0286850587754
0.0973451274808
0.0670505620934
0.0385583396332
0.0490411042519
-0.0283365044809
0.000596140248182
0.0595619446668
-0.0269348457123
0.117284825676
0.0168797479438
0.0878450370581
0.115082255446
0.0445736279306
0.00161438732327
0.064092140467
0.00586696706646
0.130018929644
0.0559815830933
0.106169699986
-0.0534529252885
0.0927230036058
0.00888731981666
0.0284618456343
0.0253496881058
0.0831851969181
0.0526119237725
-0.0662191166167
-0.0245505433499
0.0683632780657
0.116501643906
-0.0783304876141
0.0983105606002
0.0133366840468
0.0137502497224
0.0802840986454
0.0876072700747
-0.0239399241094
0.000644980160303
0.0503607052665
0.0390618059012
0.0805682971862
0.0990554924495
0.000945287707464
-0.0168692751895
0.0624832254373
-0.00861287784492
0.0762157609184
0.0546615257076
0.0787970697977
-0.00738615131026
-0.0897355079758
0.0832114111752
0.0124315871142
0.0531462708379
0.0326527507974
0.0387553817316
0.0728287215644
0.0293052255048
0.0796859804671
0.0521720007015
0.00345852764641
0.0211899274838
0.028604965013
-0.0256635089537
0.023567964682
0.0691412589805
0.137129477856
0.00763864236177
0.104636983346
0.0963983410711
0.00203753643309
0.125471853171
0.0334249762869
0.0839375950079
0.035548182661
0.122746629446
0.0434216922005
-0.0429228416988
0.0696420178004
0.105345037661
0.0417639152671
0.0976948164515
0.108072307166
0.095980651465
0.0769213276335
-0.0244222051669
0.00701408616943
-0.0182710672369
0.095244530032
0.0367293956029
-0.00288464981707
-0.0567265290704
0.0096300636804
0.0099849143244
-0.0201137003449
-0.00272860769681
0.0415743066174
0.118432739988
-0.0224296920415
0.100882212734
-0.0550695994586
0.000905197298756
0.0351886061377
0.0626704894511
0.0862732256153
0.028352233726
0.100119283909
0.115878058584
0.00710773916669
0.0348986737589
0.0564243603751
-0.0049788071948
0.10825770928
0.097887815977
-0.0035606745967
0.0484212347735
-0.0597542269017
0.0223651935754
0.0605452146527
0.106212092898
0.0684600490633
-0.0419049444801
0.0717416479775
0.0784267226958
0.0381572607006
0.0753569545387
-0.0313014921486
0.08385057273
0.0720028735344
0.0139917915307
0.0540896680134
0.0606285112896
-0.00625645450034
0.0563661874215
0.0517876284173
0.0973249649463
0.047857391189
-0.128897244665
0.0882504314449
0.00554296842638
0.126710657448
0.0166142169116
-0.00392535718152
-0.0223327343372
0.108978660448
0.124724684108
0.0301079876077
0.0672249284897
0.0445797984093
0.129953746566
0.13188900456
0.049087281187
0.0209813768441
0.084376985172
-0.0321372461853
0.052925343523
0.0752238372431
0.10626059464
0.0246103083734
0.060563934841
0.0410309416274
0.0790346143828
0.0856555318952
0.0976180523941
0.0378531524098
0.0712286098446
-0.0310398090688
0.0833859974345
0.0716989583202
0.0566079901109
0.00184081804517
0.13057243478
0.0850473557927
0.0463983342506
0.0234179651116
0.115981729542
0.0577828041267
-0.00427573969564
0.0958266322672
0.00739144153561
-0.053778925372
0.0383004788362
0.106069599776
-0.0316184495149
0.00610708029149
0.112299054977
0.0758149432947
0.0748632156573
0.0964952183995
0.038396956685
0.0569151810172
0.0271179089427
0.138548074101
0.0349360918081
-0.0258012451131
0.0894675662507
0.0434325064509
0.0625442211648
0.0308451620854
0.09866321815
-0.0395975661972
0.0910887653098
0.05106718276
0.0880210053464
0.0609156195604
0.0178345616999
0.136638288044
0.0785652263574
-0.00419994431026
0.0303052794919
0.00209382562655
-0.015880047956
0.0324264898043
-0.0154415785338
0.0443031926816
0.107348733151
0.000796564839313
0.0548265138825
0.0776078047222
0.109550783148
-0.0143212083459
0.0598717401477
0.0314073939854
0.131243121832
0.0331532911509
0.0414393724257
0.0999458406609
-0.00160969406593
0.124644220484
0.07844293512
0.00109802467505
0.00786511637632
0.0601246936083
0.0227521886757
-0.045149296262
0.114255728299
0.047545936049
0.0544008681745
0.0797939669646
0.0296890401845
0.0361114912628
0.0935864208739
0.00141693575054
0.0915636745224
-0.0161115038316
0.0944454038239
0.0507062270865
0.0455322966744
0.0757216861572
0.0118935984342
0.0960082464928
-0.00875745976243
0.0804392604335
0.0444095041078
-0.0317140228
0.00324124537217
0.00580997706377
-0.028845386534
-0.0654532559767
0.0849669233658
0.0607827057291
-0.0890686525144
0.0657052750728
-0.0439789342333
-0.157060296402
0.00241209629638
0.0124884633843
0.0522029283101
0.0410771863805
0.0173916475298
-0.0193336153124
0.0148777736961
0.0279228159561
0.0590351639027
0.0994532064177
-0.0834590145101
-0.0198545504003
-0.0382128712077
0.0405707001864
-0.00591673467819
-0.052840236189
0.0303945511802
0.0996228149192
0.0526143388805
0.0715311533469
0.0767751451368
-0.0417500266108
-0.0263255456983
0.0135071886738
-0.072882532202
0.0113843507729
0.0396754528887
-0.00603303974341
-0.0234430571825
0.0856450215292
0.000266424019936
0.00777049690883
0.0865984412128
-0.0394703166777
0.0135793253542
0.048292247695
-0.208440568105
-0.0556538687998
0.0126394613356
0.078592405312
-0.0562886612779
-0.00970285796001
0.0618168458966
0.0788530202511
0.0952527789736
0.0218509687157
0.0598017373229
0.0380896347962
0.046791872113
0.0824858665752
0.107921915552
0.0351567301337
0.0690957870822
0.102105841128
0.0451316185318
0.0726323457349
0.142333066625
0.0276233461291
0.115777736214
0.053278477763
-0.0692755395043
0.128042158306
0.0362355997448
-0.0485712930225
0.0793898306652
0.0467940494471
0.0387714331307
0.0386468852152
-0.0184779934801
-0.0164319889695
0.047661521023
0.0719170797223
0.115068168173
0.0813239620679
0.0645546680812
0.0811556967751
-0.0239150315977
0.0530558722197
0.0633482511615
0.0861757298712
0.056251789178
0.0710748703986
-0.00322800503764
0.0134002373052
0.0592462455242
0.0526280398361
0.000958746347838
-0.0405657091477
0.0424005677564
0.042944936743
0.0405490088913
-0.127083889828
0.0542278297898
-0.00612315729417
-0.0324875486324
-0.0511417661778
0.0556170872606
0.0875174660643
-0.0168236626583
0.0997309135216
0.119717483337
0.0165682603686
0.00434810184085
-0.0966829241822
-0.000501664711877
0.0102144009622
0.0711117231958
0.0952967698646
0.125051111279
0.0515389090441
0.131018919723
0.081137295576
0.00624172397127
-0.103337255634
0.0069380649173
0.114617100722
0.0554179374098
-0.00344228023484
0.107672263988
0.0563429583019
0.0114862383328
0.0553880498596
0.0718379782047
0.0547692962005
0.0646753545163
0.0894683996688
0.104374083395
-0.0783193244116
0.0824650705504
-0.00518011756145
-0.0123079077621
0.0342676519746
-0.0679415443202
0.0967893167791
0.107676617264
-0.0180400543035
0.0788674153827
0.0555577420346
0.0735733387888
0.0136588583195
0.0995936242206
0.0038430302834
0.112202029792
0.0621964593374
0.080285836529
-0.0219921809945
0.0294327016704
0.0174631219356
0.00430822652171
-0.0103281696755
-0.0154712130316
0.113205948288
0.0744738141574
0.0212974523271
0.0436498927636
0.0308972494398
0.108174837939
0.0896826789883
0.106791364562
0.130032544215
0.0414359751238
0.039319257161
0.0932748710738
0.107185733713
0.0796597358902
-0.0706146694825
0.00643251347107
0.122341126702
0.0834590007248
-0.00182151504556
0.088902526691
0.0403000312956
0.0426223665885
0.0147484850802
0.0786853745916
0.0656149499133
0.039007278773
0.100906410761
-0.0353414778481
0.0878073902821
-0.00141168275584
0.0477231897592
0.100401470888
0.0313839362908
0.0651504724918
0.083493616324
0.0907667570803
0.00493465169397
0.0688783124188
0.00232811951644
0.0885125979805
0.025963405903
0.0539343961689
0.0643417227873
0.0213146867271
-0.04484946557
0.0602014919485
0.026712106372
0.110059572343
-0.0278402064991
0.0918298060395
0.0109614559543
0.0549695425231
0.117000792502
0.112186075862
0.0870058270956
0.0614299068517
-0.00114496809551
0.0443524120624
0.10734447314
0.0212287441103
0.094312039766
0.061520062545
0.0622527276655
-0.0460180780961
-0.017582983996
0.0365196072913
-0.0212194834193
0.0822012364631
0.130658395629
0.099523717386
0.106555779962
-0.00915605307497
-0.0141064803119
0.139097124679
0.0275466098459
-0.111181145277
0.0273568475399
0.0978527061227
-0.133009676707
0.090088511945
-0.00761090661837
-0.0618537764797
0.0502660787397
-0.0200125114177
0.0677010255269
0.0636907460036
-0.0469433881017
0.07089720232
0.0944970596562
0.0362965167297
0.0363323537486
0.0189119251449
0.100249998078
-0.01969105463
-0.105501332739
0.0609710533664
0.0884324975117
-0.0187496663221
0.0908587614236
-0.0327415442557
-0.0152334068339
0.0224704408998
0.0269023447667
0.0108622230461
0.0316901380094
0.0880733843279
-0.0983873945154
0.096970862789
0.0474032634978
-0.0767746361491
0.114565703823
-0.0281422393967
0.0160297878053
0.0863664626185
0.0905291035295
0.0516085681659
0.106416849115
0.0123783055147
0.00148292690639
0.118362746844
-0.00376038019832
0.112918075204
0.0317505443295
0.119556612784
-0.0155355017625
-0.0265190556462
-0.0141080087335
-0.00665186567841
0.0923163501638
0.051104633864
0.0897177170994
-0.0300656509003
0.088888889292
0.0185798634387
-0.0315897425531
-0.0107630066127
-0.0212297226867
0.0869370348524
0.0360392410538
0.0204443689531
0.0219697229116
0.0352008198269
0.0324017176964
0.121018194207
0.104468438565
0.0967518882402
-0.0225498074639
-0.0219571551836
-0.0822499519391
-0.0425523021658
0.0964197952581
0.104765126489
0.00677206752926
0.116560750997
-0.0578610006179
0.00725302032008
0.0853369126169
0.0152748368336
0.0603287880923
0.0277221770793
0.117302687536
0.0367462008652
-0.0108404736152
0.0343822858598
0.0600680238403
-0.00663359509813
0.0348477201114
0.0952533280341
0.0184728295597
0.0628125991989
0.00772129238905
0.0705548769407
0.0212880671545
0.0516365910211
0.0715882038633
-0.0190954316551
0.115274495281
0.10534769126
0.0765600205103
0.0562182208516
0.0451041218372
0.0367339624467
0.0544666412616
0.0517166779252
0.0838393304066
-0.0789354606417
0.08414977098
0.0706459936247
0.0307864189937
0.0181919992779
0.0159122882198
0.0430533575011
0.106728264563
0.0183957913147
0.0870807972818
0.0649895125202
0.0161648280207
-0.0203685340271
0.0914094981215
0.135789800263
0.0930175785116
-0.00904055252259
0.0327067154675
-0.0203578061799
-0.0277526369458
-0.00641494431669
0.0816558666894
0.100020541295
0.0801370301032
0.020745988727
0.0859271966022
-0.0406665335859
0.0289532981814
0.0699105163612
0.113761680927
5.7982994103e-05
0.0808378284851
0.0723474210113
-0.0903774982444
0.0262342500536
0.00145445770796
-0.105391942727
0.00862719775137
0.118295877669
-0.0762749205583
0.0424301394138
0.061523881551
0.0359596288753
-0.0478257893917
0.00392813486525
-0.0358750982376
0.0797446650144
0.0968364209394
-0.0386112807524
-0.00822085671256
0.0588706187988
-0.0985857161414
-0.0463470425583
-0.0125167454546
0.104673451075
0.0489464224015
0.0107163254089
0.0439023152276
0.0484201113915
-0.0541598360138
0.0212594806456
0.045313888141
0.0828874717455
0.0637432630897
0.0515628311417
0.0543582976735
-0.0140132387781
0.0599141356921
0.093696496639
-0.109279736086
0.0906879633629
0.0471551940783
-0.0155723426733
0.0390323271294
0.0316408422327
0.12868305034
-0.0621422231171
0.0119642957882
-0.00864516596125
0.0641620252051
0.0625240364943
-0.0845579103899
0.110733475414
0.0155084426546
0.0141649018515
0.0556889113577
0.0770051963547
0.0625570528966
0.0364457821345
-0.0275611080205
0.131928290591
0.0549981824135
0.0776542309234
0.000397613605154
0.096546310522
-0.0428398926262
0.0622237816544
0.0088261410522
0.0932281906796
0.00185384123895
0.0701176097477
0.00336259051958
-0.00367904284221
0.103854365762
-0.000699283536521
0.0543866902256
0.00482829488805
0.0820244382582
0.0621958000931
0.00427556703354
0.0400391278485
0.00920631042868
-0.0127536102062
0.0568888301902
0.0508177771928
0.0403056179283
-0.00937511340776
-0.00890533889726
0.104535869964
0.0707437139057
0.0850239894883
0.0538513278366
0.104771031106
0.0374169485795
0.0698443424103
0.0351513825144
0.0980925502154
0.0336504473914
0.0754364678961
0.0545259482844
-0.0152102655931
0.0598902538658
0.0686313919673
0.10569523631
-0.0451037619238
0.112283005011
0.0735098151499
0.0332159491072
0.0383552098697
-0.0637762417495
0.131239003929
0.0857804781954
0.0329901343703
0.0748872768748
0.120850799275
0.0926067960473
0.0715808924812
0.0279020840874
0.100921228517
0.129558049137
-0.0424261535858
0.0435239760577
-0.0354008655913
0.00274930090333
0.0850175206962
0.0782501961699
0.0834177237222
0.025553181735
0.0297497137645
0.114107263998
0.0722760615129
-0.00253269671443
0.10127215127
-0.0106682246932
0.0762321919531
-0.110924193523
0.0960462392098
0.0215013708266
0.0863117800262
0.0344417261016
-0.078453200381
-0.056058388422
0.129582157894
0.0554213603235
0.0278920621985
0.122437029767
-0.0132331710072
0.0068367117149
0.0736376181441
-0.00128336183286
0.0648479296717
0.130103928126
0.0294459947962
0.0280809852393
0.10336160462
0.0913808889944
0.0629046440719
0.0586995583712
0.0677238508586
0.074004263996
0.0900160959319
0.061177965673
0.0626960044087
0.115718212471
-0.0350215976045
0.00634576438634
-0.00448915832872
0.0816733444819
-0.0330067778728
0.0635680336746
-0.0120230998568
0.117771674707
0.0688888289051
-0.0142007926394
-0.00861281954173
0.116261647369
0.133043056128
0.0976940396536
0.0656238252566
-0.0114542049108
0.0667143461414
-0.0557503395872
-0.0459667198291
0.0137796396628
0.03131077909
-0.0425939367815
0.117123505811
-0.0190393647256
0.119038158633
0.013825664055
0.00367099162069
-0.0995203600555
0.00627721841294
0.069320864644
0.0693378688743
0.109613009572
0.105272786902
0.0480755940121
0.0887957829164
0.0675344065633
0.10091150129
0.120560617625
0.0504457799067
0.0063372104672
0.0356509895918
0.0638359783643
-0.00240950616279
0.106302342367
0.0631930025392
-0.0477228600784
0.038902419262
0.119444501311
0.0504407637624
-0.0286909833432
-0.0305425263819
0.0496220965593
0.00451326026465
0.0347500419203
-0.00623142528722
0.0768004771404
0.0674233913643
-0.0459117969396
0.0619524334899
-0.024526280436
0.0518081016057
0.00565705948727
-0.0226017745232
0.0105585685681
0.0151950231133
0.0116052044843
0.128850633604
0.0860972987121
0.0121017255507
0.0665999821759
0.0757372035054
-0.0622047266987
-0.0276034279824
-0.0901569136365
-0.00233378616885
0.00020593224801
0.101035575251
0.0808490265041
-0.00838992790668
0.0307857098263
0.053214599876
0.0151758151149
0.0431140714621
0.0828704398466
0.0317237220211
0.0303591229269
0.0753077090539
0.102566614168
0.0672701735452
0.0366913559253
0.131145786943
0.113152129258
0.0337544703786
0.0646541396952
0.0144988109503
0.117770166881
0.0752798553155
0.0777255552785
0.0802472412744
0.0816172230151
0.108976489462
0.0408239105551
-0.0436263656439
0.0515809058106
0.0478954635763
0.03149975541
0.056900409618
0.0702974607158
-0.00224261281179
-0.0988007765254
-0.0532041943369
0.134426071041
0.0340899382099
0.10004859699
0.0958503788758
0.0955299384661
0.0880586747566
0.046254263782
-0.00588413655685
0.0886484754808
-0.0175736355938
0.0284477446251
-0.0577446664496
0.00300720430344
0.0201242324386
-0.0318907018762
-0.0069780240219
0.0413293420925
0.145406659644
0.0982192736025
0.0633767758463
0.00591919742032
0.0468437485351
0.132558847826
0.107404667149
0.0546448108252
-0.0691442670143
0.0447262276483
0.103140686343
0.0467324621866
0.0661713575138
0.0389607965585
0.0615798974636
0.0458034462139
0.00564454686926
0.119731828648
-0.0427099120595
0.0179488989654
0.01681261651
-0.00758896752991
0.0068284380577
-0.0588811283658
0.0898803178881
0.00141606116755
0.0551908970758
-0.00597845009143
-0.010643337851
0.00951541804475
0.057657199838
-0.0204954256415
0.0253665183239
0.0977905786846
-0.0246390533338
0.0580503501205
0.115101643868
-0.000207988914937
0.0329268430143
0.122956618291
0.0427793219072
0.0294189097582
0.109837825062
0.0935607869739
0.116042388194
-0.025444844201
-0.0444822021533
0.00374942728351
0.0653851937417
-0.0330551189369
0.0943618400701
-0.0468204059525
-0.00362366127286
0.093154173928
-0.0125438676798
-0.0550606579209
0.00234044498102
0.0301699497465
0.0599084739934
0.0312113810644
0.0580093880533
0.00573526316283
0.0186424026158
-0.0575033671575
0.0500587853227
0.0993728958019
0.00436948778736
0.0663400728212
-0.0404038107903
0.0144388059464
0.0866871624726
0.0637953979143
0.0352146252497
0.0310779212764
0.048891203484
0.0980396372267
0.0885688232254
0.0773320467513
0.123386449865
0.0413566633566
0.118572781074
0.104584657737
0.00506926634611
0.0447908487419
0.0535346093798
-0.0308476256217
0.0200115902995
-0.0611847588894
0.0781622053153
0.0483283113653
0.102247053214
0.0923194702201
0.127324356914
0.108877682066
-0.0222711010229
0.00211844777613
0.110308445757
0.064078954839
0.102549182594
0.107220777098
0.0223244933054
0.0401916399763
-0.00353777104578
0.0487489102544
0.0665345950847
0.0597414289706
0.095622298452
0.0530951515685
0.106152843324
0.0422677769112
0.0867715776269
-0.066570531278
-0.0128673953654
0.065415995141
0.101536696513
0.0525680664135
-0.031724273129
0.0586466238827
0.10119005223
0.0877968199684
0.0760504511498
0.0287629237331
-0.0169120159789
0.0469506657338
0.0529541169863
0.0476621969028
-0.0080223135956
-0.0539769273361
0.050066791365
0.107044860103
0.128334366762
0.038713953779
0.0755113684041
0.0864402144858
0.0611522551909
0.037758827927
0.0097298276691
-0.0113664160702
0.0576453962624
0.0116452954095
-0.00958237633082
0.117128740584
-0.0400268835996
0.0774924145575
-0.0354457157915
0.0957987844194
0.0347327857968
0.0799928102029
0.0609218137729
0.02295252005
0.035664436987
0.0903774407614
-0.0414354703928
0.00375243877938
0.0270877764549
0.105437978399
0.0440986863447
-0.0171761299012
-0.00124553223015
0.0853687536781
0.0399644306281
0.0110604995052
0.0011469941218
-0.00582780796582
0.0200640638887
0.019146913254
0.0396575812436
0.0482705636845
0.0244983411296
0.0966495179435
-0.00844732696838
0.077075071167
0.0236771254241
0.000680862817596
0.0137397261984
0.0831867576626
-0.00899304665542
0.0739690580488
0.0823986456692
0.0538032607549
0.0828331269792
-0.00194373341624
0.0368019312664
0.0663632612293
0.130334130319
0.128819993023
-0.0200680952419
0.126015824042
-0.0379013784696
0.0830475167615
0.0178847389823
0.111616829424
-0.0782472294617
0.109870557345
0.0968933753317
0.0678338617296
0.0605356069974
0.0714415238568
0.0231707888347
0.0292218571003
0.129398854243
-0.0199529305344
0.0858276498264
0.0285104936672
-0.0815228037262
0.136662605235
0.0385096186194
0.026759284435
-0.00164226396372
0.0964341758976
0.0725568192391
0.063901611805
0.0714269253724
0.0623029722652
0.0571588643646
0.109417443374
0.0330919008671
-0.0842500704014
0.0746492935434
0.0666393135519
0.0176840668693
0.000743478647421
0.110800204132
0.129876500301
0.0674961549665
0.111486750679
0.0957886335587
0.0197556211654
-0.137060234936
-0.00945800948011
0.10067025754
0.0740044458008
-0.00011039070026
0.100021211611
0.00477842298597
0.0469271800486
0.00735782546848
-0.0076839982467
0.0877867948348
0.0455680258001
0.0530838641029
0.0342063064073
0.121883828042
0.0442509961255
0.112282099412
0.105342877288
-0.0679305947882
0.00708203003411
0.0954116922354
0.0866046080308
0.122924927031
-0.013049556488
0.00755902525467
0.0700307864578
-0.0206794581115
0.0614193787839
0.0614733366566
0.0581987528605
0.0643593544713
0.060843118904
0.00703130717481
0.0050942934937
0.0496122160934
0.055382166355
0.0906736009176
0.0819601253485
0.0760469086852
0.0255118412516
0.0419936204669
0.0894166142349
0.052883427532
0.113485198678
0.069345454182
0.0616598385885
0.0446024119156
0.0795149734545
0.0928515149197
0.0213117442629
0.0329185899719
0.0467051899503
0.0714238327068
0.0670433089381
0.00803568701678
0.0216915114663
0.0428681713919
0.128485855762
0.0246538973559
0.0464586812317
0.0471661734048
0.0339504014621
-0.00120083797431
-0.025780969053
-0.0379754713793
0.0446574322449
0.111242124567
-0.0112861212059
0.0155450056637
0.0926305724623
0.00393212306519
0.117172168611
0.00800441416729
0.00818791032271
0.0962217503156
0.0145318278713
0.0138735696058
0.0696379305955
0.0806786762844
-0.0210688506397
-0.0209748977717
0.0728691901662
0.126992134346
0.115583991191
0.0307192178982
0.00577191096488
0.00467913973851
-0.0387058228308
-0.0572721983511
0.0986081085379
0.127398927374
0.0116980310631
0.106797969716
0.0328406787891
0.0125562500621
0.016618508394
0.0636815888799
0.0476488838196
0.0996633610141
-0.043230652718
0.0521978451203
-0.0499488224019
-0.0493618131128
0.0792898501241
0.0860240774524
0.0306557426629
0.0858783389998
0.111148025583
0.00782197971876
0.0509526999503
0.070691776064
0.107274888304
0.0657014536416
0.0569151866198
0.115935176699
-0.0624297985792
0.125947554773
0.105345503728
0.0460314593273
-0.000608237624015
0.1103594199
0.0923982768031
0.0223835137872
0.0515707470356
0.0983892561032
0.0224103638746
0.0493108513836
-0.0520746018772
0.0959818931683
0.0977121918334
0.140306097639
0.0988159740834
0.0466662172842
0.0712192295731
-0.00528989547697
0.0859921685143
0.109337206193
-0.012492161921
0.108224474872
0.00868060614044
-0.0149397204849
-0.0226045127423
0.0837669441102
0.0835810225306
-0.0586092954294
-0.00109269841691
-0.0323824930345
-0.0041490031987
0.0353302172379
0.0772672569588
-0.0141313490085
0.0766337366619
-4.77813498279e-06
-0.0122741018616
0.0270627757215
0.0515102974929
0.0176094915746
0.0452092145602
-0.00737815467662
0.0999536064464
0.0727047366411
0.130144076093
0.0450366694479
0.113455013425
0.0629412457436
0.011193778105
0.0745856346393
-0.00250981877027
0.0274955264935
0.120386421777
0.104679614355
0.027225270629
0.0374984923668
-0.0799969827691
0.0705576199361
0.0838511408218
-0.0520413033551
0.00430512959653
0.120308762444
0.0636288969726
0.0808149611851
0.00595647690475
0.030340723936
-0.025151702507
0.0998545803748
-0.0295606910817
0.0635677177417
0.0266083333734
0.0624763246009
0.0661833572153
0.063701792684
0.100718820483
-0.026773057833
-0.0142695649095
0.0976507924866
0.0752300704571
0.130618101891
0.120984899743
0.0974057374774
0.02815749172
-0.025255030723
0.00902795191764
0.108129220119
0.0148805730419
0.0618877636334
0.087827435416
-0.0318744052218
0.124198399372
0.044784768964
0.0484406349665
0.0321703860313
0.0903156549212
-0.0330889568563
0.123287830857
0.0554648090986
0.0551308237701
0.00055523709302
0.0536645810251
0.0527387825312
-0.011849350708
0.0618152886699
-0.0516213027401
0.0781597461794
0.00047204825832
0.0808996706698
0.0457450788313
0.0643909236325
0.10973086569
0.027447682094
-0.00695763387516
-0.0944847337151
-0.0412566999489
0.0275897795962
0.0917574377148
0.0191562205298
-0.00351475470475
0.111761560112
0.110764783045
0.0799039677389
-0.0332194067167
0.127790713532
-0.0299630979756
-0.00313234324992
0.0849085876495
0.0586978131511
0.0836924701118
0.0930995228089
0.0329917590715
0.0830442755918
0.0740593109813
-0.00892201805494
-0.0287101513537
0.0628809987092
0.124439784972
-0.0127907790568
-0.00372824228018
0.0820242470285
0.0265396012711
0.0908091171134
-0.00900773762121
0.0216953418275
0.0619980266305
0.0565888450975
0.00101423668329
-0.00476826239559
-0.0228137449276
0.113685500289
0.0957438876557
-0.0432292256897
0.067762168498
0.0641715590426
0.0972252830884
0.0204376281846
0.125294910984
0.079416763898
0.0882391430654
-0.0531573028194
-0.00491772050825
0.0546028650231
0.0511374568614
-0.0500039974019
0.0356970126334
-0.0298475915054
0.0568991964435
0.081456616047
0.0089028858622
0.105487786412
0.0857377424785
0.124960401796
0.127745349539
-0.0151252256687
0.00459217028346
-0.000765350413195
-0.021734341598
-0.0104268765337
0.0428004732208
0.0508182863462
0.0862888649783
0.0342206247625
0.0674157421826
0.0807950473281
0.0579622105044
0.125485615398
0.00809417550946
-0.0111406709772
-0.0359194887654
0.103208571699
0.0966335351516
0.0542805296879
0.131568168488
0.0264926799079
0.0523430838798
0.077906038005
0.0783970273674
0.072509934261
0.0591696618772
0.0754714721706
0.102688396982
0.0927389260837
0.0186530387667
0.0380261657341
0.102435644836
0.00664659795181
0.0471033989407
0.0464168383319
0.0768141595124
0.0641801721022
0.0767140548898
0.0314987732264
0.114580536594
0.0612093876604
0.0539055932291
0.0773530055364
-0.012063004535
0.0760871578052
0.0537203562027
0.031865620148
0.137609012691
0.0821768129063
0.103053642414
0.0576154928298
-0.170939163927
0.0819689787872
0.023439304491
0.00169972496527
0.0751419588793
0.130377542923
0.0438271881305
0.0269991182468
0.0655248053518
-0.0255992048026
0.0346804427439
0.0757311856916
0.105527013356
0.0591887282458
0.0783060057428
-0.0658985683759
0.0924425530495
-0.0138320921967
-0.022208909008
0.0385086065697
0.0519466807509
-0.0167278830434
0.100650504118
0.003584827177
0.0163528394567
-0.0125317280555
0.0802991604332
0.114918099017
-0.0138364862793
0.0554703971628
0.061492080262
0.0747817593896
0.128499046062
0.094265755861
0.0503922586974
0.0222925598239
-0.0310152312296
0.0842445061468
0.0552405716421
0.0392834586136
-0.0904531352364
0.104625062525
0.102854632078
0.115224691387
-0.00521518546425
0.0195037436672
0.00127686300875
-0.0108385152447
0.0655031328838
0.0383650940265
0.0201062506759
0.0785515602882
0.0949220635789
0.00428934597964
-0.00540834419872
0.088232452117
0.0603893184333
0.0670212044575
0.0250314178824
-0.0137953435064
0.089186279206
-0.109277172594
0.105791735811
0.0433022273461
0.115670607649
0.0441846771044
0.0969695896569
0.048680904209
0.0891402882713
0.0147750571308
-0.0154726631272
0.0949891067746
-0.00583446450834
0.0268933774733
0.0218562910288
0.042578193431
0.0986376223744
0.0946979737828
-0.0106341306302
0.0303208963352
-0.0272470276396
-0.0151798682699
0.0428366202336
0.0568349979798
0.119129973593
-0.000463968456783
0.0927156586019
0.0928246741563
0.0385873622431
0.041471543094
-0.0111479258743
0.108780402121
0.135228522737
-0.0285521620546
0.0107409812157
0.0212662258111
-0.0939135382506
0.0849572973626
-0.0255927263478
0.0868559097856
-0.0478310680285
0.00750224265297
0.0829269157061
0.0138692337486
0.112733722864
-0.0312128381638
0.00159405443452
0.0929042031748
0.0388821714919
0.0474120286568
0.0388620935746
-0.0260695254583
0.00219298116235
0.0180929745622
0.0439178772325
-0.00705161647052
0.00810201995362
-0.017345139238
0.0933506214269
0.122614793411
0.129637821424
0.108820059104
0.038313257018
0.00128998530162
0.0930143473433
0.0200129453409
-0.0373138881059
0.0709080970215
0.0477361099169
0.0939828506939
0.00814055478589
0.0222160671937
0.0521717765095
0.00213711875959
0.0535670256352
0.0345033549912
0.123351248175
-0.0571936450533
0.0177868548117
0.0526640665284
-0.0036560104698
0.084590053761
0.000607027823968
0.0671220096731
0.0510190897284
0.0830470323185
0.0642133762398
0.0178469340869
0.0956337789961
0.0966928772362
0.015246644573
0.137763976464
0.0404394965426
0.0146941674821
0.0233620246158
-0.0216439854621
0.0303956529059
0.016280347043
0.123422903975
0.046485160568
-0.017768724395
0.0637503075179
-0.00364678998209
0.0174147363367
0.0452572184478
0.105467781857
0.120400786798
0.00600545372248
-0.0126658576428
0.028455314047
0.0913787557983
0.00636613232997
0.0803322034092
0.0744998338889
0.00773297628441
0.0222721478322
0.131821972396
0.0459767025197
-0.0603588091367
0.0104203922441
0.0371035105085
0.0562055682167
0.0954628950303
0.0556249681635
-0.0403906191151
0.0389020286692
0.0293771355467
0.0388126691463
0.0578979677837
0.035577673271
0.0341248189609
0.0785371529301
0.10185597794
0.0927774785687
0.00831723159926
0.133272412096
-0.052509300745
0.00214138156297
0.0396991829536
0.124169380365
0.0848495226696
-0.0202446947899
0.125409146193
0.0920973211234
0.101742251424
0.0218312875285
0.0709935395425
0.0856275020201
0.0386179456858
-0.0237296242251
0.0458270269342
-0.0244758716454
0.117499595606
0.112262566607
0.0250235276231
0.0601879039662
0.0761715943018
0.121157512063
0.00722782436582
0.0650261006896
0.0873097982131
0.0569211695831
0.0498269264119
0.00255528188415
0.0331739035991
-0.0489037529878
0.139730928969
-0.0342610453708
0.0633200056405
0.041876702284
0.109202032814
0.0527897192675
0.0989016586544
0.0948043693183
0.035657810041
0.0413925375082
0.0387809307258
-0.0155342378459
0.00879292790331
-0.0239800543873
-0.00918594710935
-0.0218771631315
0.078562288027
0.0333752330109
0.0113841918642
0.00291356620163
0.0359984332737
0.033336186266
0.0170195270271
0.039214813818
-0.123953842554
-0.00974163676377
0.0296149376842
0.106450881682
0.0519481420083
0.044550252833
0.0885325266775
0.102175009578
0.111946284971
-0.0581151781326
0.107218103788
0.0323813267691
0.101491914865
0.0337337440249
0.0559419642344
0.0137586521474
0.0231154080807
0.00884031856509
0.0348346538827
0.040686978382
0.0163916954694
0.0891537755366
0.0949456959329
0.0332530197741
-0.0541880672613
0.0920467815224
0.0266319990361
0.0657463450571
0.13485869868
0.0846805886333
0.0496021602858
0.128019103886
0.022490092959
-0.0142406842175
0.134877170825
0.115821285976
-0.0820885249268
0.0437400813072
0.0927136117101
0.12201538162
-0.00283713291955
0.0803475119667
-0.0410774038374
0.0134530440431
0.00165734017621
0.111375301196
0.0648680243351
0.0647336967395
0.0184727981106
0.00221214161793
-0.0587435449493
0.0331379187047
-0.0208003177246
0.0960464175325
-0.0350460445177
0.00176597934999
0.019984596864
0.02072554604
0.0141058113208
-0.00507470258993
0.115333506316
-0.0393631425931
-0.00863229701911
0.0689978646018
-0.0337685958543
0.0856203234308
0.12937965118
0.0183894318693
0.124163175176
-0.0266270875662
0.0947322929109
0.0795695624021
0.0117130202423
0.0299623997913
0.0187500765769
0.0819010420186
0.0107414209721
0.0438481837353
0.0680130744839
-0.0222771845189
0.00179174368887
-0.0347691777277
0.0967713409421
-0.00163555426709
-0.0665805345283
0.0135236180495
-0.0218242380976
0.00706110802898
0.117489922587
0.0847918310325
0.0109279373898
0.124151685397
0.0122541858247
0.0491476220814
0.141223292256
0.0509324966462
0.0797490187338
0.0146801153902
0.0755239000213
0.0395148689584
0.0791709050145
0.0882918712952
0.0275051026987
0.112368507867
0.107497859468
0.0276853250993
-0.0873671556187
0.0738141725596
-0.00387463606391
0.0315924776921
-0.00287804295406
0.0188526733824
0.131744475663
-0.0128154227774
0.109948095418
-0.00549375197617
0.0826916251658
0.0199269807043
0.006447708778
0.00274365125213
0.082180569373
-0.111900427962
-0.0860331041033
0.0219095245001
0.0335634402604
0.0861573756105
-0.0405418195929
0.0830055199015
0.0374366376946
0.0215432875893
0.0846153755131
0.00340058974825
-0.00754628542972
3.18688877252e-05
0.100247955151
0.00182705867304
0.0782945523054
-0.0306411070578
-0.00193232551854
0.0492119943268
-0.039908875872
0.0584593130997
0.0769318756703
0.00516293233692
-0.00921328406604
-0.0591626394597
-0.0460058540391
-0.152552928503
-0.0788049441911
0.110426999469
0.052934520854
0.121496694473
0.112483344326
0.0341771151627
0.0929580048946
0.0531802903253
0.0840983184275
0.0224355760314
0.0537390742183
0.0879524745416
0.0604797025306
0.0327956493308
0.0969516270398
0.089455051654
-0.00853782231754
0.0442017548456
0.0952145205752
0.0420430870378
0.0382116004738
-0.0860253750985
0.0842744682024
0.072273089887
0.0692823312542
0.0157093336249
0.109589199951
-0.0459432398977
-0.0345288529788
-0.0920464338504
-0.0468518332542
0.0818918049833
0.125681559665
0.0944397978735
-0.00743031358551
-0.00723360373652
-0.125729295649
0.0235478481896
0.0844028651796
-0.0290659060075
-0.0572743599614
-0.032559998829
0.0168407387331
0.0329666883644
0.0148394020167
0.0795023420855
0.040049332938
0.0486887544951
0.105489206933
0.114817558549
0.0371482421518
-0.0109499925496
0.072940434296
0.0899456582912
0.013536579928
0.0276297965111
0.0131678609887
-0.00684050873344
0.0529006920716
-0.00127937392908
0.0276922949136
0.133444361053
0.013921603705
0.0668638803764
0.0203568023699
-0.0289783355368
0.0652110434521
0.0796778384051
0.0726826629384
0.099062988094
0.0312747939527
0.0409025560431
0.053566120957
0.0233975750591
0.0335919732945
0.00693926374355
0.0905083043333
0.0697157900254
-0.0726336312919
0.0968467649032
0.0875561427372
0.0370056271988
0.0366288443642
0.0440290163043
0.00522352531738
0.0320748388696
0.0592337922936
-0.0114775693207
0.00026612303071
-0.0283567564581
0.0762195632298
0.0831499001293
0.020654254645
0.0946610692098
-0.017920506373
0.0814806356631
0.064167137656
0.0460691855867
0.124911771976
0.067511638502
0.0350942331404
0.0637117068065
-0.0105365961444
-0.0268347631039
0.0135719743636
-0.006061945053
0.0401623628574
-0.0166575044855
0.0544895466187
0.0679449262204
-0.182253792618
-0.0603991152871
0.0465917298292
-0.0083563052338
-0.0264871523011
0.0550733405681
-0.0387911895505
0.0439413122167
0.0578414959838
0.0634148633377
0.000268885106199
-0.051987019578
0.0124921376859
0.0997561709783
-0.013196014669
0.0621939583743
-0.0806459140201
0.0074643844416
-0.0320137465556
-0.0684712796711
0.128000997658
0.00191970924778
0.0439858101839
0.0718635861168
0.0658985078034
0.059381253327
0.0723410221931
0.0849490707363
0.0427737788445
0.0680250391454
0.0166266790694
-0.00166271102612
-0.00124619760258
0.0952098849603
-0.00142251016882
-0.0763363429398
-0.00411062662734
0.0724339859672
0.113583734262
0.092645076887
-0.0593874814574
0.0763036719097
0.0720303684379
0.0647396796179
-0.0380110726578
0.00783803480649
0.0807224154106
0.0783196715806
0.0211977613972
0.13566094646
0.055834551739
0.027496450762
0.0590950499899
0.0393231322348
0.126317378837
0.105907644411
0.0703484667934
-0.111622563321
0.0368729494029
0.000267338019283
0.0913150720424
0.0524184099204
0.0896987781448
-0.0834300796481
-0.0171378307789
-0.00600804095818
0.0765228763539
0.0766518156588
-0.0130033953149
0.0486878981154
0.0634899402632
0.0975024442674
0.00753882160477
0.0446479241461
0.0758985702614
0.0789672852695
0.125136530251
0.0630960817484
0.0304469739287
0.0354206942816
0.012641902001
-0.016629829553
0.0278882816644
0.0737844569738
0.0460721735023
0.109183451989
-0.0598938364948
0.0777647613878
0.107897955168
-0.106241347283
0.067241351602
0.123763871741
-0.0272308878782
0.0554306492184
-0.0377744927719
0.0231108454656
0.133061783133
0.117273575298
0.0661617855192
0.0575132316847
0.0607406839861
0.0940466952289
-0.0123967647051
0.000697947932363
0.0680505935977
0.0679597748916
0.102063182276
-0.0409554197533
0.060039282883
-0.00547422071965
0.101761839587
0.0140666204941
0.0870441306824
-0.12525023913
-0.0262640012947
0.07163129391
0.0800733092042
0.0713463173708
0.0676213603287
0.0782989633218
-0.0329484778548
0.130211907344
-0.010920587901
0.0246427149831
0.116755653416
0.0873471749795
0.0884108392346
0.0917270820844
0.0682641812032
0.0725581142386
0.124764153509
0.0532083942001
0.0699687560276
0.0528747409414
0.018847829318
0.106571700472
0.112336644615
0.083019531527
0.0218191473553
0.0389146179429
0.0101244561566
0.128001225905
0.112519640019
0.0340875547129
-0.00105174033574
0.0862688863246
-0.0884915787056
-0.0100547914812
0.00862376724334
0.0466835138116
-0.000611336334329
0.0648933169729
0.0642051776409
0.120866327033
0.10539670426
0.0719045622066
0.102201680063
0.12522104141
0.0740379139674
-0.0162242564917
0.089074692985
0.0580426530334
0.138612014301
-0.0592848999464
0.0812528710703
0.0590585842287
0.0903453915609
-0.0412239828467
0.0928700607506
-0.0847077177512
0.0539027033497
-0.00518440010112
0.00999996211265
0.00157794224971
0.106280665291
0.11543853465
0.0202228822456
0.106123988284
0.0317625911477
0.0900198041494
0.0545692073822
-0.0252720120281
0.0460064320479
-0.0228011489192
0.0272264749058
0.0703998254512
0.0932163589416
0.0836070028316
0.0193813365505
0.0792243246858
-0.000706203790013
0.107205658736
-0.0056823638703
0.00360960004486
0.0850866094731
0.0877943320878
0.0347021861859
0.0893933789263
0.107185413972
0.0524593610124
0.11419378882
0.125584538545
0.0101711207722
0.08208401138
0.0257207008772
0.0868596634102
0.0170322982795
0.123019824811
0.0162640270089
0.0835735406428
0.0218518027745
0.0630056449933
0.0821122265595
-0.0234345473005
0.121493412637
-0.016695132888
0.0358488007536
0.0853038034408
0.0116958443707
0.138190279681
-0.0356314947023
0.0379775794878
0.0222987160275
0.120505492968
0.0230740348057
-0.0309392186056
0.0647498729022
0.0945141274524
-0.0433103838609
0.120270482811
0.0451567778042
0.118072037102
0.0586443654423
0.0202788858927
0.016928087294
0.0897380242065
0.0477895758893
0.0570901575577
-0.0200879300787
-0.0478698698735
0.0254467283799
-0.0220739641834
0.0803898996958
