-0.037003248296
-0.00176746861675
-0.0138244914874
-0.0228959050474
0.0141285758577
0.0772900456549
0.0992831579889
0.0461716134337
0.123674660836
0.109275566871
0.0665621537962
0.0850340976458
0.0137834928425
0.0498214972773
-0.0327220248488
-0.0340912564554
0.114714847367
0.0404919781702
0.00624901562031
-0.00597799699518
-0.0646366490617
0.0284304566841
0.0961104469662
0.0511196654815
0.0915502208127
0.043145237142
0.0730421015869
0.069573692142
0.12304154734
0.0190127417599
0.0886969985328
0.0642530025544
0.0937579971647
0.0612815145882
-0.0783184020697
0.020399730976
0.113122087112
-0.0027042226781
0.0332471041309
-0.0342066051875
0.0490908612774
0.0971873023112
-0.0930717528246
0.0329899045775
-0.0379909059368
0.0262112315015
-0.021267409059
0.0110404719829
-0.0033752649099
-0.0255876189613
0.0211295808066
0.111223625801
-0.0173320342469
-0.0915692561573
-0.00116109950992
0.111930949373
0.0150801221605
0.0822399466254
0.103087971005
0.00187094157501
0.046553633113
0.0757455758162
-0.0673429624762
0.023357416518
0.0442457982929
-0.00399501190007
0.093686144725
0.0224938637248
0.0983276249071
0.123820824807
0.121058627064
0.120951085315
0.0405716622003
0.0861870432018
-0.0344594977105
-0.0677184906833
0.0154603256674
0.012349722701
0.118937089915
0.0533836475303
0.00800157626898
-0.0478189933363
0.0681582076515
-0.0236586763643
0.107950310777
0.0178389186038
-0.0248773049748
-0.0298917645896
0.0388371580577
-0.0680164241511
-0.00290962998304
0.0783403393509
-0.0516793903199
0.00902643012484
-0.00523485300969
-0.0256698239931
-0.0183297066313
0.0575400070296
0.0478847368705
0.111199996167
0.0365977886572
0.0544515730805
-0.0236581299782
-0.000802461588162
0.0692619861549
-0.0285315509044
-0.0179083647306
0.00734968215256
0.0804100666632
0.0728686306883
0.12477983039
0.0247691848781
0.0513097108464
0.0492899224093
0.102312292296
0.0523399685291
0.0776799041015
0.0527452728721
0.048077138592
0.0306015738101
0.0456256531549
0.0417536949767
0.0469549675372
0.0524408913807
0.103193703043
0.0346185612606
0.0723103781028
0.110155062092
-0.0351707836904
0.00349201255237
0.076756380186
0.00660206862246
0.055068880762
0.0369912327575
0.0707264542895
0.0305479524866
0.0714527863414
-0.00068766901844
-0.077969592119
0.0120133844197
0.127323063285
0.117327713168
-0.0420602887929
0.0720927595145
0.00941730571201
-0.0848065067445
0.0041218934769
-0.0774764621512
-0.0586804723196
-0.0431904498576
0.0374675536536
-0.039459854518
0.0502663508617
0.118452159805
0.0845853940141
0.00837822437835
0.0370971601837
0.0532826508505
-0.0200232926978
-0.0343646696227
0.11808119906
-0.0328113619734
-0.00554688362832
0.0812532356969
0.0529281476983
0.0445879872939
0.0825489565885
0.0515130742071
-0.025536314289
-0.0100505564077
-0.00894352992255
0.00589948278411
0.0314191571187
-0.0288950979409
0.0131737634288
0.00921636271788
-0.0254945760528
-0.0413524100816
-0.00686462620096
-0.000255199005863
-0.0262511701289
0.0531409073431
0.10811419688
0.0343025650508
0.0199898557128
-0.0821411524626
0.071457743672
0.0489486631554
0.0321922745576
0.00414874715366
0.0349269456888
-0.0100389117965
0.0187241508909
-0.0331924895271
0.0354870238879
0.00116361885405
-0.00373446966624
-0.0365561762447
0.117387977544
0.0583365576773
0.00219459614505
0.054174370525
-0.055683304172
-0.0258131910409
-0.00344533067101
-0.0602519156509
0.0292315636141
0.108301717574
0.103319321353
0.000655272680836
-0.0921854433278
0.0933664183411
0.0694579387619
-0.00285495435623
0.0570213960533
0.134494828214
0.0408624375793
0.0472161808582
0.0490705784864
0.092103001695
0.0732453966339
0.102128729427
0.111826054693
-0.0988394341904
0.00778507735225
0.00470847485774
0.0486246808892
0.0645018486908
0.00362214742862
-0.000703328790907
0.103103203992
0.0201303975397
0.0543731247783
0.0195888154162
0.041028325667
0.0661195014451
0.0214910598337
0.0545877000883
-0.00886408300817
-0.0149436992124
-0.0301779454418
0.0386237178428
0.0589539293446
0.0486488234089
0.110303470665
-0.0216636695332
0.0440313187786
0.080022134548
0.114201753838
0.0717330788157
0.0100642693586
0.0199248168819
0.0610759862726
0.0115423843511
0.107873568108
0.0344112908171
0.0868785938368
0.0261226105447
0.00740693019329
0.0973465734155
0.0772081664196
-0.0640120420051
-0.0434544253235
0.04070373557
0.0425389922702
0.0816376463787
0.0691418537203
0.0279735831744
0.0725167156355
0.135194348992
0.0582469770913
0.0344530075195
0.102332425377
-0.0549737777964
-0.00935688619654
0.086988866617
0.060840878434
0.0451762811115
0.0387283190473
0.059761050515
0.0177954213491
0.0855775926154
-0.0332635342223
-0.0151765222748
-0.0918487932065
0.0539384324094
0.00519052280459
0.00947284314597
0.089602441825
0.0636062656417
-0.137331890035
0.102669359907
0.109185638151
0.0614565461433
0.0567877239111
-0.0332605442751
0.0190702457894
0.048577090153
-0.0249548101453
-0.0435940093284
0.120153417072
0.104880353854
-0.0148588758544
-0.0231881524097
0.0202342241495
0.036146988163
0.0710088158018
0.0149250381479
-0.0138182940409
0.0912726041216
0.0342005967269
0.0718669053652
0.0800475407287
0.021788515966
-0.0113821930262
0.0306899506831
0.0951570604762
-0.0893988380273
0.0370957006746
-0.0541504943985
0.00318203913484
-0.0213320067112
-0.0224526442636
0.0686705108116
0.094414233402
-0.00746515458207
0.0460232411984
0.0245111041731
0.0516863091909
0.0274951675685
0.0680070269748
-0.0536969241387
0.028568376859
0.0217224084496
-0.0293870417888
0.063162234501
0.114778043386
0.00607822435955
0.0723071174316
-0.0205931068446
0.0533157680146
0.112381664673
0.0409454451117
-0.0731938236721
0.0342256876497
0.00966051811093
0.120217761281
-0.0504273310549
0.0019537933215
0.0213853958628
-0.00905627079568
0.0133130881907
0.0164159168599
0.0515098003581
-0.00657807355046
-0.0284059048249
-0.0162837511389
0.0984377109217
0.0759542577263
0.124573982416
-0.0537102132715
0.0518744001968
0.0504222425326
-0.0450968923378
-0.0317801104136
0.112033247869
-0.0362350647855
0.107895459916
0.053897136445
0.0618726770705
-0.0458109024284
-0.027833542736
0.0282888959006
0.0195691772667
-0.0153207031892
0.0961320538551
0.0234713578829
0.0402142983038
-0.0179855701534
-0.0493102873587
0.00219583618
0.0776350837711
0.125737901709
0.0962925395117
0.0276834445412
0.0659155651562
0.0384291322024
0.0127698957817
0.00117434417195
0.0205950399905
0.0678186573045
-0.0396106563783
0.107115807662
0.118796441088
-0.0656903948815
0.0565049027231
0.0729035804894
0.0451069072923
0.105441974089
0.0302893874064
0.0688249803502
0.0850272434517
0.0441115837042
0.0138745956062
0.0491479475694
-0.0288516559623
-0.0224848000022
-0.0998239446825
0.0376420948882
-0.0234839373089
-0.00968046344651
-0.0434184127535
-0.0161797745343
0.104493787617
0.0889075038113
-0.0447228058046
0.0924698525995
-0.0249668939118
0.025723048927
-0.0248558555645
0.0476552419201
0.0713472967749
-0.0284739578512
0.0354627026704
0.0308041676124
0.0438909224383
0.10445964358
-0.0742034868109
0.0602774120171
-0.0316917251155
0.0415202716215
0.0433633270409
0.0609491551979
0.095052167709
0.0440899350891
-0.0189507498074
0.0594521413114
0.0519532712995
-0.0237228525911
-0.0257676152257
0.105946753439
0.0552223238778
0.00469780072674
0.0282255395587
0.0173082228327
0.0533226364306
0.0490493018717
0.0512302552803
0.0766406631585
0.0659848435618
0.0564031775357
-0.0187715300349
0.0316543543372
-0.0777543420543
0.0284039028414
0.0256862707369
-0.0765544994288
0.00848577841257
0.08063625315
0.0282427055699
0.0656984155027
0.0556043513669
0.0510630231472
0.033170621039
0.0180466419845
-0.013871043375
0.0990864915959
0.0648064142634
0.0831024830732
0.0423870666651
0.0554021730764
0.0282644387399
-0.0856914003233
-0.0193254678942
0.0724199146047
-0.0655118873758
0.087612765193
0.0410907195769
-0.105066528271
0.0232219233003
0.0468933488576
-0.0783734391562
0.0855488411163
0.0566410020119
0.0756375256784
0.106922162232
0.0804442984532
0.0437477128919
-0.0115644195958
0.0448803343323
-0.0414087005573
0.108982287462
0.025389403523
-0.086501968633
0.100514306504
0.0529250301268
0.00464038763849
0.0572995052022
0.0256417692677
0.113452449806
0.0777477195032
0.0339336870226
0.0759836672164
0.0552207703977
-0.0184884964124
0.0987897482556
0.00581914967902
-0.0224257029583
0.0449661667398
-0.048516568473
-0.0296298975054
0.00554638924106
0.0365116135752
0.0842081055385
-0.0676375679234
-0.097143674235
0.0193360106811
0.0251232801967
0.0124087130827
-0.00567310000714
0.0834850535058
0.0522738345096
-0.0160263593034
0.0303536924071
0.0791973193287
0.0341470815276
-0.00295038211054
-0.0688802984621
-0.124787126072
0.0185951635782
0.128673153033
0.0136282022174
-0.0227616035711
0.145491906484
0.0523538133723
-0.000621284396209
0.00542560542007
0.0774075510208
0.0111466361441
-0.0615766971525
-0.0217460424238
-0.013513742954
0.0589906755911
0.098451819687
-0.00600941188894
0.114502887612
0.0305132034199
-0.00637914160516
0.00239635316067
-0.00910742784906
0.119794301603
0.00525259414018
0.0434779799862
0.0213057211908
0.0370074453427
0.0244143299116
0.00319592047237
-0.061387592394
0.0645097270209
0.0123953908217
0.052530897672
-0.0543684821944
0.108023632187
-0.00952888323615
0.00705102294503
-0.0210251947475
-0.05218669938
0.0412072241972
0.0126129531864
-0.0066149993993
0.0522789526697
0.0326314248871
0.0637438863422
0.0442890704645
0.1116524081
0.0828269880013
-0.106356291725
-0.0700223668139
-0.0618475299788
-0.116796120137
-0.0296250117442
-0.00812007751573
0.0607510663113
0.0718941429386
0.0384446283403
0.116121601339
0.121669969805
-0.0452589420857
-0.0720376199397
0.078966546938
0.0321118553416
-0.0116500099045
0.0698357255629
0.00251054011728
0.0702407022939
0.0769732612368
0.0285477005497
0.0766396804344
0.00140237867855
0.0608885633019
-0.0133665612436
0.0234783242354
0.0717474569235
0.0667036253229
0.118223083864
-0.00912389032251
-0.0806844704853
0.0537549860886
0.0834376588313
-0.100348982156
-0.0140225574207
-0.0561622585743
0.0994444758294
-0.0356476477227
0.00232221187889
0.115312405358
0.0167690250127
0.0425932954574
-0.0563279752592
-0.045815586211
0.133062531061
-0.000336245363878
0.0953148684787
-0.00415388576946
-0.083813560987
0.0718762224923
0.0967285970321
0.0278947676523
-6.73541916552e-06
0.0479071457146
0.110753327186
0.11336296921
0.0859963243029
0.00876930271222
0.0804978047754
0.0261481072097
0.00130074074847
0.0504654897275
0.0565908318411
0.0983382579282
0.0912154696191
0.00676781515649
0.0233900832511
-0.0316807192003
0.132033943446
0.0198354284619
0.0630959109993
0.0137014606635
-0.0785472703718
0.128898810197
0.0683853053096
0.0330544855441
0.0174408596721
0.0177370754289
0.0626594683759
-0.0784605455545
0.0342901910833
0.107046680605
0.0720516313509
0.073029200228
-0.118589036537
0.0587107343204
0.0655509928525
0.117866919041
-0.0889721625775
0.0404254089443
0.0732628269613
0.09874731464
0.055324417855
0.024754420605
-0.101661790197
0.0944512315245
-0.0642634806524
0.0945124875106
-0.00803753027209
0.0562783348197
0.0219294847314
0.0212466049597
-0.0088447424352
0.0950635898937
-0.025174287787
0.0241975666997
0.123713097666
0.00760735810643
0.0192791134106
0.0451588523149
0.0662594875761
0.0884999529182
0.109045617208
-0.0318139614167
-0.000395291153073
-0.0818943402149
-0.112686792811
0.106579184089
0.0524123267189
0.00986841411187
0.0115280460132
0.0120890302628
0.0582829646686
0.031848226692
0.0791531681604
-0.00951912579112
-0.243613005752
0.0467210657152
0.0518741067087
0.11660817735
0.0634200358609
0.111192398107
-0.0071483691199
-0.00851965299518
0.0459851756333
-0.00950223765713
0.0237971799116
0.0158028824775
-0.000217076095309
0.0161989133953
-0.0639068963508
0.064298995088
0.0972844474385
0.0762009687797
-0.0564018028122
0.0554482100451
0.0343554225699
-0.0170628462488
-0.0718063515907
0.0595760426739
-0.0107450301557
-0.0282904008228
0.0615929325433
0.0334780901976
0.0361852864861
0.0432917113078
-0.019619746407
-0.0133264485544
-0.00315082304711
0.0390239504291
-0.0258017363991
0.0159966785129
-0.06936279737
0.0601809754811
-0.0273160978164
0.0142409940743
0.0318250355572
0.00150984846167
0.0108123847313
-0.0161743841677
0.0321620081796
-0.14956090408
0.0884812486062
0.0832826519612
-0.0699625572123
-0.0299892685702
0.070058344627
0.114507552663
0.105068712155
0.0695679161047
0.0104731795309
0.0488434086104
0.00932709741357
0.058555088234
-0.0335514281445
-0.0351403602053
0.0371798227626
0.0693834687939
0.0434987217993
0.0826071912076
-0.00134205038189
-0.00265401063181
0.06631405629
0.00817279896337
0.046762179272
0.126315641535
0.0749537106374
0.0930181781485
-0.00301017297456
0.0327059045396
0.0381746430947
0.0282648689281
-0.12282560552
-0.0268688679069
0.127628862416
-0.00848628203921
0.0514353564535
0.0590674163075
0.0154445649295
0.0222349310987
0.00791055700239
0.107119813857
0.0447795858755
-0.0333359946932
-0.00136668866304
0.108273671595
0.0675539289028
0.0711617481531
0.0195676226028
0.0319388813297
0.0713041283228
-0.0849605927702
0.0211679567574
0.0813759990052
0.044437933654
0.0767946440333
0.0292081458028
0.0155463358973
0.0281087741662
0.0112780486442
-0.0184110910636
-0.0956419623508
-0.0451909860481
0.047161883853
-0.0962854440188
0.0962420984641
0.0577895339539
0.0614731940131
-0.037159808165
0.00782584519901
0.0400610958889
0.0288580758591
0.00846320947627
0.0345499011784
0.0245172476997
0.0190388526373
-0.00655256598583
0.0384441467087
-0.0302709286089
0.0590185552299
0.0153676281368
0.0123266171167
0.0245345672549
0.0792675426918
0.0945220890796
0.0357616466511
0.0694608232502
0.0153914671124
0.0190321438089
-0.054114642628
-0.0248700476208
-0.00230568285887
-0.0267813491644
-0.0284702049916
0.0502323503875
-0.0468647028257
0.0397308055316
0.00681706846675
0.0418493920392
0.122683766068
0.0119475876026
-0.00905148908244
0.0120968528044
-0.0748070857313
-0.0675886805733
0.0126356522574
0.0277266716046
0.0965403492419
-0.0435051829778
0.0569892441882
-0.03577323936
0.0935634647238
-0.00521192734267
0.083995380632
-0.00693442695941
-0.000249251999387
0.0410294711723
0.00636863022109
-0.0596118039735
-0.0190828366197
-0.0564302117759
0.0381192237792
0.00862372493776
0.0151586490469
0.0195448776286
0.0889133499409
0.108362701809
0.0829449319776
0.0720596267628
0.0520549530214
0.050453232411
0.0996788278007
0.0254583771432
0.00589369516954
0.0748498461078
-0.0135434387045
-0.0115242485857
0.0419066923984
0.0558140319776
-0.0189504968805
-0.0459468423546
0.042835609281
-0.033860333737
-0.00875752857995
0.00795878206692
0.0752663980353
0.123683728391
0.0515102572899
0.0129758317647
0.0384872424383
0.0186219157679
0.0250792131917
-0.0412118334239
-0.0399727563859
-0.0454750173515
0.0177506414364
0.0697044537733
-0.0456216259761
0.00327290821178
0.0235052281256
0.0752850137569
0.10384606464
0.0414881159098
-0.00285723149176
-0.0290080281997
-0.0365410041786
0.0320529805439
0.129536027195
0.00175578330777
0.124991756611
0.0694975361605
0.105638274968
0.0539029941378
0.0934511683539
0.0277049676629
0.0804397108072
-0.0184336723995
0.0293920388354
0.0810661048305
0.0588608386842
0.0732677325904
0.0292749040666
0.0290988839292
-0.0129641864754
0.0144853641868
0.051532256522
-0.0767177352469
0.082493895165
0.0443043076647
0.076664460798
0.0661361067196
-0.146226167041
-0.0635801367132
-0.0150965988088
0.0601729994168
0.0569521228723
-0.0409879137777
0.0296863973679
0.0322824372943
-0.00163475588416
0.0207114703231
0.0726728242975
0.0823741656306
0.0460975540869
0.0824883082161
0.081816977335
0.0610522177841
-0.0684380015867
0.0312029703665
-0.00497863582575
0.0871588933219
0.0990492357425
-0.0639161709222
0.0522381054738
0.0556087231281
0.0839536662312
0.054115264776
0.0300218301628
0.0990685223629
0.0301719134608
-0.00475023525916
-0.0380909925455
-0.0171758496767
-0.00952921263938
-0.0707087189557
0.0790830764906
0.0425507676991
0.0268907848314
0.0801322240014
0.0244729998614
0.0576359858454
0.0121539927685
0.103049245979
0.0680547808796
-0.0198549420458
0.0110443466035
-0.0677044213699
0.0533392948417
-0.0641804003228
-0.0800392144134
-0.0110664022931
0.071819661693
-0.0224844642635
0.0807252986926
0.0764199483068
0.0304534410631
-0.0152660898595
0.114615545336
-0.00926877965443
0.09354897231
-0.000107635316507
0.107416680584
0.0585355858878
0.0231150841554
-0.0125979362858
0.0967699455832
-0.0529471195058
0.00392251889584
-0.0853266094281
0.103347007728
0.0237338420782
-0.0141639785211
-0.0354596123914
0.0561654217113
0.00350310025469
-0.00664262488183
0.030123587204
0.0118260916541
-0.0138166203921
-0.000495095627576
-0.0185416212081
0.138078430383
0.0160865812666
0.0159668300405
0.113515511035
-0.0283747668312
0.0430276337817
0.0713609231158
-0.0632896818182
0.0102990947883
0.0750317145993
0.0403046719005
0.046442503444
0.0858243270833
0.0765210780157
0.0759790827076
-0.0276690774322
-0.0408835092102
0.0905544694652
-0.0469698958244
-0.0302900119692
-0.0671576434269
0.0844146778473
0.0441766425845
0.0270724253808
0.117734730044
0.0274957485799
0.0687433764547
0.0600472158739
0.0883993644719
-0.0320613919995
0.062259734495
-0.0421334764757
0.0451877529172
0.0377750905822
0.0374820322733
-0.0109967097172
-0.0220628995889
0.00753660071357
0.00115498291817
-0.00068690786311
0.0609483946577
0.107952325704
-0.0786615336589
-0.0474922676287
0.0437783631351
0.0184729044464
0.0511868964717
-0.023104484818
0.0361984464718
0.039410581823
0.0659129351455
0.0942506419484
0.0203917335237
0.0118707888155
0.0514652871084
-0.0567023677644
0.0368858016146
0.0344720181799
0.0989433371247
0.0240289645772
0.0891447900916
0.0255035986961
0.00383863515955
0.0552379472852
0.073042964068
-0.0114911026959
0.0663360756853
0.062050076584
-0.0887393235626
-0.0252876485016
-0.0186861166827
0.0858949377152
0.0717503986234
0.0986684491869
-0.0135533745034
-0.00884108719836
0.0332474420436
-0.0136320267591
-0.0320933819683
0.0737893664225
0.0210250223958
0.0503005382434
0.029257516424
0.0116685513687
-0.020935123534
0.0300259875963
0.0640827384061
0.066354063043
-0.0642587698107
-0.0208462187738
0.102696320901
0.050563183631
0.0338853112658
-0.0443323551203
0.0317839984098
0.0137257431192
0.110306576557
0.00841634095063
-0.0265924115772
0.0284995073376
0.0670922257598
-0.029055238365
0.0847199432399
0.0596815157308
0.0373981080577
-0.0443190319984
0.0509197172368
-0.0251423794896
0.066239364145
0.0567943957655
0.0741841708284
0.0950142031877
0.0261752473573
0.0311457896433
0.0201142017677
-0.0308398934926
-0.0339155491591
-0.0538390269165
0.0405155242261
0.0191211353117
-0.0312716090246
0.0600221384742
-0.10324073203
0.0806547609583
0.037876004228
0.0504595136892
0.00191457352525
0.0898073394811
0.0311586911183
-0.0115965278372
0.0948120326617
-0.00799702769135
-0.0104956611108
-0.00599309286593
0.126669364967
0.027610451342
0.0612134754153
0.0418747261405
-0.0209038274364
0.0170716548043
-0.00116297263593
0.0877761959489
-0.109145010362
0.111521866294
-0.0150669565749
0.0248249219234
0.0307051827206
0.00800361278603
0.0396890207141
0.0541852847886
-0.0687758837825
0.0544233709456
0.0430687437179
0.0936766125514
0.0452497423446
-0.0786247809867
0.0111341783552
0.0271882848139
0.0512649944967
0.0580889077884
0.0978239444468
-0.0471141875686
-0.0887693140341
0.0186096197623
-0.0956005515585
0.0205625553012
-0.00379179558251
0.0743706889755
0.0138805377933
0.0148866050482
0.122080414722
0.0814521212604
-0.140964446667
-0.0179442677224
0.0628511599646
0.109090140378
0.0901595552965
0.0592323035208
0.0197948399494
0.108801088034
0.108047838039
0.0469763525477
0.104402534098
0.0515318461168
0.0262317030774
0.0556937962191
-0.00373390886805
-0.038075593259
-0.089918087693
0.0569542617954
0.015744335762
0.0801732279297
0.0997024438391
-0.0574919858894
0.0674764459927
-0.0386845028393
0.066014466885
0.085323517471
0.0577562631589
0.0538485679938
0.0895205263076
0.0579022184667
-0.076983125344
0.01760056197
0.0975188450623
-0.00309956575273
0.0305537476133
0.0308869603235
-0.0424479161888
-0.0244294052163
0.023301665507
-0.012257624696
0.0824246051729
-0.0346181875982
0.0368426398432
0.0569229355101
0.129831555014
0.0682055905823
0.0776799912671
-0.0514695289678
0.0989043198786
0.0916458126432
0.0736347119043
-0.00113517293581
-0.0773638299396
0.116468093847
0.0373579762941
-0.00893027680548
-0.0376246608566
0.107623754174
0.0102310114057
0.0295354182321
0.10897320256
0.00271549714776
-0.0519883404579
0.0754386022504
-0.0098850793247
0.0232574731521
0.0629544192283
0.10527877116
0.0977602503324
0.0795680011472
-0.00552378776341
0.0429874791321
0.0426328442151
0.0182307157906
0.0667910339185
0.057737373376
0.0302167392534
0.0129484828126
0.104139987318
-0.00720389698391
0.0532433959173
-0.0562416326985
0.0533191079581
-0.0235447773116
0.0324160909284
0.0270515677613
0.0371354907736
0.0363026934803
0.0365888085899
0.06813090152
0.0678931825099
-0.0329691057247
-0.122987095812
-0.0532955872321
-0.0113331151633
0.0913877328061
0.0247246788047
0.0949821143756
0.0544206284171
0.108001328752
0.0131859705403
0.0112286357198
-0.000847289850212
0.0880076801041
-0.129082289471
-0.0406841073404
0.124628205
0.0740574832104
-0.0371134986225
0.0775968989358
-0.017887411614
0.0728297508592
0.00227806909584
0.0246830793181
0.0605432146691
0.0349274038178
-0.0769442145809
0.00691428180868
-0.0264696854817
0.00338683073955
0.0795801952011
0.011021139339
0.0465547978562
-0.0309603900533
0.0899024576999
0.0598207456184
0.124146213494
0.011972563634
0.0890519662977
0.0907421729447
0.00524521277377
0.0327478871761
-0.0204095024293
0.0725222333502
-0.0188424882337
0.00104006285039
0.00540335871808
0.0416153693121
-0.0236415992715
0.112696037275
0.060041174624
0.0885679247714
0.113430991812
-0.0261856914696
-0.00710243965486
0.000708018674393
0.00951181018292
-0.0139310092864
0.0466118331388
0.0156553006859
0.00237557722174
0.0319734866172
-0.0106976927462
0.11659166068
-0.00477857244344
0.12653952823
0.0671277524838
0.0967052963718
-0.0253783940069
0.002907162297
0.0297587176466
0.106848376289
0.0124266487369
0.0827652309338
0.092487748427
-0.0506902083825
0.116375792922
-0.0191704651434
0.0642549892947
0.00604032097437
0.0799912475776
0.0354805788542
0.0694165647936
0.0040535503183
0.0222074648547
-0.0926171590466
0.0123084294258
0.0027470454118
0.125940626365
-0.0365211970506
0.0621007725217
0.0664535222815
0.0847032545402
0.027056482242
0.00441128336788
0.0647314397719
-0.0474189408979
0.0399557157342
-0.0110472891185
0.0815018775218
-0.00247071552907
0.0570306442932
0.119314714648
-0.0139692334884
0.00635177271084
0.0196020996249
-0.000845742503987
0.0468112286895
-0.00108905675936
-0.00151275589496
0.0988863320598
0.0386858045642
0.0441983194629
0.0254550763422
-0.0172682364799
0.0768628862524
0.0498081609733
0.017413484581
0.0380093453785
0.103035055489
0.0395097670675
0.0391983839719
0.137771867824
-0.0286511047381
-0.0312343571971
0.0190157941943
0.102925026092
0.0731283185966
0.0703322220786
-0.0942858166082
0.0702439323705
0.088167824548
-0.0041101999373
0.0328186158507
-0.010051392405
0.0330296984394
0.045048717507
-0.0393341133058
-0.0805079925846
-0.00155146216263
-0.0167430495154
0.00284432331606
0.0641865597322
0.10278149934
-0.0296218236927
0.0357164844155
0.110192403692
0.0393303883251
-0.0707218075369
-0.0293634853585
-0.067395858761
-0.129927608848
-0.00152245742875
-0.0339150860923
0.0580310102347
0.0852789966708
0.0364580833499
0.0103348300692
-0.0025802382535
-0.0340826135991
0.0550015570738
0.1174566086
0.0515734131654
0.0383801015967
0.0154960927018
-0.0425235131172
-0.010712572657
0.0387490393288
-0.0717276826541
-0.0391914059515
0.0746495342633
0.0281332870392
0.0363118839584
0.0770850909675
0.100630027291
0.0838021349791
0.0277180967275
0.0649360613403
0.0286973080607
0.0606056000609
0.0507688482264
0.0489048195971
-0.0114385348476
0.0316829004974
0.034222898257
0.00369319077311
0.0800200004488
0.0177508744693
0.0390004210639
-0.0110907436528
-0.0752919811043
0.126170673728
0.0535513203718
0.0565900798179
0.0949328307215
-0.00854177918026
-0.00561538614387
0.0848532532135
0.0776443149168
0.0483992891818
-0.0970947584903
0.0430756500266
-0.0088588793315
-0.00586053098356
0.0459417780271
0.0130497406681
-0.00828669177691
0.0497035712033
0.0731989777069
-0.033075854744
0.0307744099802
0.0841441580263
0.0173210456345
0.000100230878587
-0.0127715713457
0.0676136371766
0.121362604294
-0.0192508803386
-0.0177398035061
0.0753057650874
0.0625599187833
-0.0672953333066
0.0790857202682
0.0809854988093
-0.104592329247
-0.00485047102642
0.123792600592
-0.0122528971317
-0.00923401922583
0.0883693656634
0.0883259896544
0.026151637941
0.10299599071
0.00132049186409
0.121636936113
0.0460669758312
0.0871529049731
0.0835376997609
0.0123710518271
-0.0286324852698
0.0541716378572
0.026546432418
0.034762764502
0.0401573973606
0.00982548380501
0.0395075119195
0.0882907588438
-0.0932442112957
0.103464250017
0.0903377476778
0.0475270969507
0.079556599535
-0.0496497187905
0.123201924972
0.00969770433081
0.02209559161
0.071460373037
-0.0331836693363
0.0262891821417
0.010683494513
-0.111929681074
-0.00588591782873
0.0674464811521
0.0700457922312
0.128803200782
0.0086632270113
-0.0624496523621
0.000497342040276
-0.00775661097764
0.0259908846979
0.0598453553064
0.0218961703677
0.0583787061838
0.0706539615014
-0.0473147842974
0.038771400012
-0.0605458934293
-0.0215226430664
-0.0648441978111
0.0103855915949
0.0759333657198
0.00120590075914
0.0990912892456
0.0584287439965
0.0398182947649
0.0718007480269
0.0216707119071
0.0421755148164
0.0248524955816
0.0252404213179
0.0287311968695
-0.0407848462267
0.0370472754523
-0.0804670582988
0.0593299434801
0.0916880424917
0.0352196010257
0.000419909384146
0.00333542006775
0.0651301365256
0.0537123257347
0.0151634083455
0.0422077450739
-0.0438097333077
0.0692582027014
-0.0067578740537
-0.0482955051523
0.0915117090475
-0.0396610834664
-0.00496430911948
0.106249534914
0.127106920387
0.076835701507
-0.0129771721976
0.0069594362005
0.0535866589192
0.0116717886379
-0.0124689752128
0.024594504953
0.0388226514889
-0.0113894194657
0.0224743992717
0.024834186507
0.00892252146275
0.0516275497963
-0.008635186984
0.0736831708047
-0.0106724758723
-0.00741819467239
0.0753388210984
0.0838342834791
-0.0727356699426
-0.00633128384005
0.0507755700567
0.0636300699811
0.0209718615772
0.0748532345377
0.0923557534808
0.0954491596491
0.0192253758495
0.0718943809559
0.0654169500956
0.0524977774018
-0.0451699773866
0.0697596285058
-0.00469677292679
-0.159870457893
0.103926799518
-0.109311133253
0.0454588480042
-0.00169076932451
0.0643527572593
0.0497422760485
0.0159441308056
0.101141642648
0.0548291062609
0.0709688506139
0.0150196694241
0.0452876284463
0.00419084523125
0.0455373327234
0.126132382701
0.033392048668
0.0595050657716
0.0150087370666
-0.0396430303336
0.0870643386462
-0.0029329833658
0.0641601020432
0.0698599245264
0.0406121450624
0.111653546257
0.0113344967704
0.0999803374544
0.0272574840416
0.0333340775817
-0.00501807959722
-0.00892996189697
0.134180403307
0.0586903945633
0.0314892467032
-0.00331257381781
0.0423474287969
0.113751998533
-0.000518199983233
0.0664279366804
0.110904624688
0.0964935381918
0.0246292259465
0.0367959982017
-0.00843543858637
0.0931893419823
0.123067892697
0.00356121084078
0.0266166351613
0.0510529845189
0.050654694308
0.0470373338229
0.00595021783034
0.0377469619143
-0.0391565453049
0.0626586049395
-0.0397241221705
0.0396783323464
-0.0665333377594
-0.0286544021516
0.00416981525931
0.013623606257
-0.00667971030696
0.090581874198
0.0862518926211
0.0230348101941
-0.0497313510282
0.0140660717865
-0.043797876673
0.034313582153
0.0363341295369
-0.00163927637327
-0.0475756131018
0.033836861896
0.127168584608
-0.0613822841295
-0.00501946106059
0.0360463108187
0.0493460832095
0.0458833614804
0.0346408441008
-0.0393312018073
0.0640570737275
-0.0249453260689
-0.0686781777099
-0.00816453122232
-0.00260705448958
0.0863278440249
-0.0022730755233
0.0519016046869
0.116721791022
0.093160753419
0.102778172642
0.0117829942952
0.00363488439997
0.0267739122072
-0.0567530381289
-0.0676551766741
-0.0122629227103
-0.0887098276053
0.0360636809499
-0.00810578230845
0.0505132684879
-0.0208245682307
-0.0237467912211
0.0738906701454
0.107227358486
-0.0555012495501
0.0689168596002
0.0273286728993
0.0331848325929
-0.0420656384257
0.0638262814829
0.01160208624
0.0964070062983
0.11335132347
0.0580722368359
0.135094823541
0.0917515967583
-0.0041782633574
0.0750406257422
0.037304425821
0.0402669337848
0.00896647098513
-0.0209549754101
0.0325833752059
0.0722562371537
-0.0190056413715
0.0382846949564
-0.0427008670575
-0.122155051427
-0.0300781148306
-0.0462215505967
0.0628925522679
0.0670113540752
-0.00493611884237
0.0357288642554
-0.0314435006454
0.0514538214026
0.0791646083957
-0.0856240968842
0.0823042638651
-0.109009343515
0.0586678389966
0.0908748969796
-0.0291474340961
0.0278605294119
0.0295396730117
-0.0922589634509
0.00580156936843
-0.0332611645774
0.0770716446282
0.00363350737623
0.0282654648641
0.0222617408418
0.0717171713332
0.121791171075
0.123991541297
-0.0388752089291
-0.0301997575939
0.0509335064452
0.0107610150583
0.061125459359
0.0825986888579
-0.0668988643331
0.0728461378426
-0.0278239771236
0.0591631677017
0.0459356594484
0.0200312698413
0.075920560848
0.0233323271752
0.0205040241808
-0.0784431467582
0.0446515237818
-0.146834250953
0.0293021210158
0.0749182130366
-0.0170161191117
0.0426932867775
0.0129912072096
0.103804520048
0.0561223473668
0.129336356068
-0.0391300930531
0.072409173109
0.0570286069644
0.0971328279803
-0.0431301629568
0.060538698427
0.0716628810514
0.0614757445158
0.01812502382
-0.00546531905867
0.0726044503184
0.0478720134934
0.0265200915229
0.0810289967021
-0.0271833012145
0.0617085330806
-0.00453680559289
0.0407943512958
0.0960500561838
-0.0283450627922
0.0693679252998
0.0791831759301
0.0277320959269
0.0822230227587
0.0472564712427
0.0986951485679
0.0398582386251
0.0987642925343
0.00650337097626
0.0629581570515
0.0700904964832
0.0462551460693
-0.0782044724245
0.126640865493
0.0665260216803
-0.0182198832812
0.0613271788812
0.0536145948425
-0.0151440829763
0.00402418644077
0.00782340355235
0.0236448189491
0.00341513276351
0.0391069729211
-0.0400081965835
0.0475424953992
0.135641411039
-0.028475540937
0.0254682575843
0.0380739020391
-0.0357353922772
-0.0452553487828
-0.012086884013
-0.0887392260052
0.0558600600394
0.110960690495
0.0622790076758
0.079946880297
0.00747368036594
-0.0590858400932
0.0633372107436
0.124477279191
-0.0641683623057
-0.0420021799595
0.0418082372799
-0.015940268551
0.0241502204959
-0.0355063366639
0.0369907453768
0.00616224557516
-0.00390606126548
0.113945978256
0.0398348055331
0.0081179664244
0.057634986878
-0.0209582772286
0.0964386595248
-0.00653372358764
0.0137177085569
0.0204902311362
0.0114183024613
-0.0434024203918
0.00934303071102
0.0245146505314
0.019743598343
0.036422263994
0.00607590469049
0.0286122523534
0.109314705506
0.061962088571
-0.0442586567664
0.0232149501129
0.0234497685524
-0.00280464066445
0.0509459702103
0.00253523494475
0.108171043133
0.066050531343
0.0250683579249
0.110867265554
-0.018470239553
0.0508551183422
0.105433163519
0.0112415899046
0.105063970044
0.0571318744375
-0.0553377743564
-0.0118675833125
0.019949723792
0.00249667917029
-0.06017791964
0.0310881439758
0.0444998956651
0.0323368387047
-0.0645278190231
0.0636028125559
-0.0401461210533
0.0907858083288
-0.00348290117387
0.103511314685
0.0748713947632
0.0225854299484
-0.0352646517973
-0.0360500331328
0.0557592859149
0.00520905376421
0.00779448206976
0.0830547225023
0.051027629604
0.0415473978805
0.0217042296182
-0.0454436246737
0.076720124584
-0.0177968991602
0.0792311895994
-0.0254536371032
-0.0325027665105
-0.00801656281207
0.105454619647
-0.0031886801557
0.0314247906733
0.127290394991
0.0486456373242
-0.0107553863323
-0.0298512536555
-0.103831893287
0.106321085962
-0.0159456502679
-0.111048817272
0.0792856837866
0.0420623593088
0.099112016034
0.0499123520583
0.0501781674314
-0.0101656097153
0.04951746983
-0.00396548686349
-0.072361135713
0.106495896053
-0.00869216200287
0.0241608149211
-0.0214784523456
0.0749501146095
-0.00841157004133
0.0238034327488
0.0479389755368
0.0409564584703
0.0494487519947
-0.0124914095638
0.0551318152913
0.0573283945032
0.0772946704164
0.0356092087206
-0.0335388527867
0.0676419195167
0.103087735553
0.00779786293064
0.0908565989606
0.00034221217782
0.0102643836572
-0.032255002589
-0.0240700273411
-0.048598097267
-0.0370021246824
-0.0247035148046
-0.0121537043635
0.0858764282457
-0.069930316937
0.0926782699662
0.0784490249698
-0.0679198656893
0.106116620124
-0.0509535367319
-0.00991604383072
-0.00778378379327
0.056285017683
0.00813952404853
-0.00865243766481
-0.0259327100654
-0.103546400842
0.133488147718
-0.0133892520511
-0.0383014537166
-0.125601634772
0.135890929482
0.0142758680287
-0.128121853542
0.0138875871873
0.0770258169793
0.0108177267639
0.0561184814491
0.0775951483344
-0.00654961288227
0.0474820462115
-0.012494278433
-0.0102758733968
-0.0558512664038
0.000225065554579
0.119757430258
-0.0761086937832
0.0526456142752
0.0449718156283
0.0291197677551
-0.0363687473347
0.0901512478038
0.0695255440847
0.00601650736691
0.0210770577131
-0.0773361383406
0.0742906004599
0.0262998201687
-0.0850133211437
0.0375574854836
0.0125690945861
0.0389165608867
0.0220885375737
0.0775278487411
0.0776670788763
0.0740962796053
0.0834201730769
-0.0102505156574
0.00916689154437
0.0795082328191
0.0818575194158
0.0248004331676
0.015968537462
0.0785645035741
-0.0108803123055
0.126765940955
0.0345899673192
-0.00538860225916
0.0430536937301
-0.0136637174499
0.0535521578741
-0.048709605513
0.0242462755736
-0.00690941290968
0.069098735583
0.125608625346
0.0997027100497
0.0986439408273
0.0998101311124
-0.00328325725953
0.018407004722
-0.0490477911001
0.100833247888
0.0548433979758
0.0649817585559
-0.0713732569703
0.0782729561873
0.0869928957525
-0.000924271968264
-0.0192449635525
0.0675181826158
0.0547655780122
0.0119473943403
-0.0320465856174
0.106382556859
-0.0145306755388
0.0149079219476
-0.00629908171792
0.0558155858006
-0.0650727071131
-0.0528267320772
0.0730337200702
-0.0572417325522
0.0475433400847
-0.0635794327385
0.116886055017
0.0130878366986
-0.057024608953
0.119247965456
0.0269725085215
-0.0207854526008
0.0674245838334
0.031452386196
0.0633164270034
-0.0440350843101
0.0789803120545
-0.0385456819681
0.0737771091049
0.0311688870441
0.0261045327175
-0.0286188745578
0.00789387600347
0.0473183495219
0.0593312165155
0.0698984736348
0.0172082780774
0.0883894205395
0.00245399458979
0.0729494247522
0.122663589141
0.0134010559388
-0.0243931417959
0.000940080404549
0.0932579284091
0.109074350225
-0.0127162463657
0.0610516791623
-0.052247721671
0.0565267796665
0.115151823591
0.0983288501335
0.0380504548196
-0.016472382874
0.107431675112
-0.0318878960419
0.046869047162
-0.0623465927814
-0.0322961673012
-0.0560428127672
0.0242343145336
0.0876181019487
0.082214485586
-0.0246466425464
-0.0736681702509
0.015453095434
-0.0691128088313
-0.0247069899968
0.0843766378195
-0.0207809721724
0.0806598821113
0.0623510771955
0.0470720885222
0.0022964950994
0.0457968241284
0.0161460236668
-0.0886890861914
-0.237429738355
0.0457814444205
0.0313891361987
0.100955576411
0.0242262861425
0.0255909321488
0.0889157630693
-0.0668497930025
0.0445339703629
0.00914363644805
-0.0116350927363
0.010568953741
0.0132180948715
-0.0292713814194
0.0738314088191
0.0252936041883
0.0383074665616
-0.0162621172518
-0.0186737871086
0.0356356892082
0.0878602289325
0.0405056831091
0.006836977435
0.0186939979064
0.0418444537246
0.104449772331
0.0558163133725
0.0711910255737
0.0133215986552
0.0762625669605
0.0856714739846
0.0462551543072
0.0398348292256
0.0749102187879
-0.0230487345564
0.117039627447
0.0295904716946
0.0575095642514
0.124134839238
0.116109554086
-0.00765590052306
-0.0958901163028
-0.0739417828128
0.106343707763
0.0281748836376
-0.0187797357937
0.0311719851984
0.0738582179292
0.0991350677095
0.0254393486492
-0.175914194884
0.0430788361098
-0.0211113231364
0.0513897832931
0.0385856766407
0.108279743451
0.114381916875
0.0695608894529
0.00179589229752
0.00879065961059
0.0804520828863
0.0388826734631
0.0988049068478
0.144375297723
-0.10518446007
0.0892753045384
-0.0196288388076
-0.111368291193
0.0459847129599
0.0853805953042
0.114470770639
0.0931496567009
-0.00392655385992
-0.00534690305982
0.00668169804572
-0.0636709869395
0.0465215195397
0.0980839470994
-0.0208355229785
-0.0443346559627
0.0239962912926
-0.049778955984
-0.00215729970409
-0.071353762531
0.00996354166757
-0.00174810146412
0.100558445945
0.0934585324422
0.0999889549282
0.0875418507269
0.0961411105842
0.103385660958
0.0340145511105
0.032390135976
0.0104092965609
0.0899896726317
0.0709259081421
0.018111368307
-0.00149898050672
-0.0108291855178
0.0837945643475
0.0391781768334
0.00743671090744
-0.0424416546153
0.0254024696715
0.0880929160651
0.00860722509452
-0.00871834307468
0.0545051050433
0.0372655660463
0.0125152935775
0.00935450027419
-0.0515062556748
-0.0179764330023
-0.0558422990566
-0.00630035844681
-0.0804900391612
0.00640273321945
0.08804136266
-0.00677768753943
0.104026017133
0.027853819817
-0.0525598650276
0.075046263213
-0.0135280051925
0.0519332863076
-0.0370103254395
0.0868542116666
0.0788324116376
0.13052946627
0.073977932219
-0.0162505085021
0.0140777709316
0.0420598189469
0.0794906274965
0.0217636528569
0.0292586331281
0.0492773880778
0.112771958095
-0.0693020484542
0.0488048290719
0.0121723769384
-0.0336389595601
-0.00404609322268
0.0470941578447
0.0555814348088
0.0600286989747
-0.00367909941237
-0.0193325532281
0.0292760114499
0.0361811166813
0.132467361869
-0.0461968533039
0.0527404847998
-0.0529519938036
0.0089063951684
0.0804447051121
0.0895622598852
0.12272244973
0.0403077742309
0.113617734239
0.0813235936681
-0.0032291430641
-0.004745238239
0.0244384027735
0.0316969131461
0.104075773118
-0.0341404367118
0.0125495269075
0.0100829461351
0.0031276399508
0.0146545514849
0.037580060342
0.0679861616862
-0.00103983311207
-0.00760615172147
-0.141512323264
0.0248385703454
0.00815032698229
0.043586119469
-0.0195848555269
0.122744781498
0.0919423889966
0.0301584897168
0.113492989031
0.0406935855798
-0.00463296115264
0.0603314849534
0.0601120146889
0.0624053151744
0.0352352681686
0.0528010530275
0.0461007084882
-0.0990154204903
0.0343654341062
0.00374105843535
0.089684276524
0.043985922733
0.0451072945956
0.0632619858953
0.0976398942446
0.0510228878074
-0.0269473818624
0.0879194904707
0.0918160772699
0.0538333290536
0.0950257865406
-0.0243878613738
0.0639904665467
0.0574658093361
-0.013181477459
-0.0197003721698
0.143404100272
0.100201945242
0.0542549782508
-0.0343549948998
-0.0210318858911
0.0436691444699
0.0176415466621
0.0687761380929
-0.0181844055025
0.129578255851
0.0654941887655
-0.0777097189376
-0.0228558601276
-0.0249283794559
0.0612162699979
-0.0716817896261
0.0208370175282
0.032988371281
-0.0512942707937
0.101030185635
0.000542472115286
-0.0876407294423
-0.0859986128016
0.080956934776
0.0265760184056
-0.00607659607061
0.0739509541937
0.121791626715
-0.0161454883631
0.0176082320779
0.0638861510926
-0.0608996575665
0.081830691117
-0.0454633126968
0.0910372134602
0.052712478165
0.0555681933169
0.134380819852
0.0268800039298
0.0218502114822
0.00712352609109
0.0444021178632
-0.0411571171906
-0.00857599219743
-0.00391901831407
0.0271121141749
0.139806519176
0.0166684622822
0.0629129568952
0.05497946718
0.0404895308455
0.0502224393694
0.0803084998125
0.0861730550592
0.106878358344
0.080478223009
0.0870253606073
-0.0187225735766
0.126940183309
0.0883905872817
0.108361257254
0.111821754798
0.129975107866
-0.0380973126499
0.00358178573262
-0.00537077754099
-0.0592822863401
-0.0215140082336
0.0540524273863
0.078487395086
-0.0108235267958
0.0263299742399
0.0734108451548
0.0102125796561
0.0555077719286
-0.0909000415794
-0.0643085433364
0.0353838187402
0.0560979640242
-0.0227959694633
-0.0280821051027
0.0234559715854
0.126548457458
0.103756455944
-0.0105658986084
-0.0803567365962
-0.00967689493827
0.0861490622508
0.0503917188937
0.0346032167557
0.0824675793238
0.0560731110703
0.0221869551545
0.113016913837
0.067140742043
-0.0268351834949
-0.00230810477333
0.0206176047942
0.0123524369148
-0.135847813981
-0.0376777864699
0.0670774695535
-0.0132372514398
0.0608250928815
0.105239811789
-0.0175900944416
0.0192548409989
0.0458958812868
0.101856618906
0.0302924481262
0.0933956509775
0.00183920441811
0.0315004633706
0.0364327516489
0.0311853907729
0.0814600609367
0.0369279712429
0.125543307716
-0.0557617168992
-0.118652987807
-0.0581624476302
0.138307738382
0.0692932197003
-0.0613805717471
0.0291534919489
-0.124821346532
0.0362682760771
-0.0487861514425
-0.0155825263754
0.0183270571969
0.0176205581747
0.00676030474716
0.0512931125061
0.0786887807945
0.0468043103158
0.05694211187
0.0167355817257
-0.075043775422
-0.024994282706
-0.0285804831454
0.0134287441085
0.0436657663931
0.0683117329415
-0.0744992305399
0.127734161031
0.042646856314
0.0130665701713
0.116047715221
0.0264771859754
-0.0623242475011
-0.0251261830797
0.0544778722126
-0.0386090055203
0.106267093045
-0.0240064837376
0.0213889495086
0.0644841186516
0.037452761086
0.0308548273881
0.0896808572957
0.0199638827505
0.0270408392244
0.0836752044853
-0.00504575957693
-0.0535691576337
-0.00942358893561
0.0810916241386
-0.14115633257
0.00471266016761
0.0123412530154
-0.0656616432678
0.0490520750164
0.0109253034075
0.0611711614542
0.0807937739226
0.0256235891257
0.11166216191
0.031534382908
0.0631477952837
0.0291959501442
0.0725200307004
0.0991346626931
0.0880688705224
-0.0196602919671
0.0811075518018
0.0204250509004
0.0141353775239
0.0366501879664
0.0131332132076
0.0702012329896
0.0176242123292
0.0526539751753
0.0564390130318
0.0998640687659
0.0437963056588
0.0191116018989
0.0275068882296
-0.0230489932261
0.0523544221401
0.0316226191043
0.0599647659313
0.0377566049487
0.0498469169395
-0.0785307147938
-0.0349843905923
0.0713339293746
0.0119358088137
0.0914172038412
-0.00849302557512
0.112479855124
-0.0173302245177
0.0435628116162
0.114159015823
-0.0409423470586
0.0532454902061
0.0654746304135
-0.0527374660997
-0.0614463502514
0.0414015960882
0.123035780988
-0.0722378600399
0.113590317562
-0.0216566648958
0.103541946405
0.00669188983716
0.0309245490551
0.0262887716263
-0.0299732352802
0.0621551350347
-0.0478722823093
0.0879368341088
0.000446322780962
0.0251962295483
0.0751356881287
0.0127264367819
-0.0128677762778
0.0224739039462
-0.0910160909978
-0.0158611909856
0.0489352104266
0.0134726722003
0.109848996572
-0.111730264326
0.0142291865716
0.0525880527263
-0.135262681939
-0.00777162055323
0.0172241893254
-0.00415174279742
0.0591633546709
0.0285160087988
-0.0739226727486
-0.0191990211536
0.0761320333201
0.0755057794635
0.0160583542052
0.0259223104743
0.0704002452846
0.0179867637621
-0.00099861416807
0.00670456767524
0.0634785312548
0.0789261984368
-0.00624981662345
-0.000989879667574
-0.0573375543737
-0.0404506984213
0.0409348880857
0.0427538396569
0.0217770366372
-0.0093104645717
0.000151514798454
-0.0900846723318
0.00483950420145
-0.0263321900733
0.019855612247
0.100075890664
-0.00779960808302
0.00534214684316
-0.0243125737619
0.0952901863299
0.033107157733
0.0511642730693
-0.0186192573395
0.0355834847377
0.0489097989774
0.134497253266
0.0375826146887
0.0917580126447
-0.0745650335019
-0.0367170815559
0.0179316554049
0.0664463220365
0.0243538251879
0.0975955198529
0.0341678871292
0.0601392827406
0.0514088498969
0.0162095519734
0.0180713406378
0.0699152862095
0.0580977061167
0.0940804297102
-0.00653251243316
-0.0250370445288
-0.067942328535
-0.00476465966024
0.0684543412189
0.12053416883
0.00712224009575
0.0532056423055
0.0642346183873
0.0089465931958
0.00807076927851
0.0533788326265
-0.0306601881835
-0.0191167238694
0.030746621606
0.00440234556733
0.0688265546208
0.0199264373375
0.00600997161715
0.0371834194957
-0.0259531640399
0.0567412547574
-0.0307914366752
-0.00845923411389
-0.0354742410568
0.0706770083987
-0.0457879951986
0.119010070113
0.0278362946325
0.0378322560488
0.0639896641767
0.00468742648115
0.105355170373
0.0934638576478
-0.0694422792616
0.0962265885625
-0.00880946561422
-0.017690249981
-0.0569722721862
-0.00635390411706
0.0806722344678
0.0363383019087
-0.0894911249738
0.0378128867293
0.0381404534234
0.0141060015301
0.0952163468592
0.0642143444328
0.033174327232
0.0503628782409
0.0218413551384
0.0218513685266
0.0959456561285
0.0196883941923
-0.00400478632076
0.0127368610587
0.0621596789535
-0.00428620308925
0.0294679054525
0.0725232985484
0.0790217144855
-0.0223788269686
0.0577321363457
0.0957677273454
0.0412902386849
0.0148574364421
0.0174693730318
-0.0799799678716
0.00579641615623
0.108755567034
-0.0400535076022
0.0492285979871
-0.0182896389114
-0.0718988663958
-0.0166853953844
0.0202306449689
0.0206426212532
-0.049096402391
0.0821046960531
-0.0366388679927
0.0751082104534
0.0165677520791
-0.0886580679422
0.134331172761
0.133907776231
0.0957393278249
0.07873513672
0.019231306156
-0.00779800023466
-0.0546912949063
-0.0153558201991
0.03727145982
-0.110970788964
0.00832502043899
0.101649840436
-0.101367206489
0.00223892152575
0.130523038115
-0.0748191653957
0.109269567502
0.032825469435
0.0237597547804
0.0471045122844
0.0825095692653
0.0638051316654
0.060293760403
-0.144666298489
-0.078267621214
0.0147740420186
0.0820691465466
0.123572869977
0.119916092544
-0.0463214485777
0.0395617691895
0.0899125514409
0.00736933204273
-0.0143162007995
0.0645309010899
-0.0876593583792
0.0234047984689
0.0509693128339
-0.0976929651426
0.0525301377305
0.090592932317
0.0748598020021
-0.0171155996793
0.0149685567516
0.0667987209313
0.0868196876903
0.092437115165
0.0494616164425
0.0438608096946
0.0403582412025
0.00117576828254
0.108359676507
-0.0614414804331
-0.00489082945464
0.0892313852688
0.0371449736951
-0.0541201022555
-0.03860694383
0.0719336673683
0.142965882378
0.00810074146041
0.0536951516527
0.103751347928
-0.0588300762321
0.0525140053359
-0.0969889263162
0.00146727988881
0.00147980282839
0.101788968376
0.0835326123675
0.00690381111812
0.0621803270821
-0.0245115806311
0.0039184190625
0.00213371289972
0.0635715622115
-0.0408086333497
0.108394384084
0.0153333575088
0.0425326740281
0.00501433528431
0.0382613074451
0.00101329942309
0.00743303843304
0.0782309608753
-0.0534051374643
0.0428801867515
0.0823056793626
0.0147443217409
0.0669739523629
0.0747158727356
-0.0323749828489
0.120824992166
-0.0781969064801
-0.0570103657165
0.0588096387033
0.0186844169843
0.030364445102
0.0135433728785
0.0775234452449
-0.0424257042523
-0.0881436878437
0.00365181289634
0.0434298812139
0.0424140972799
0.0950055419623
-0.0404918352156
0.0259195936058
0.0403510638535
-0.0275788932807
-0.0196380830344
0.0718134201861
0.0248233036571
-0.0666900470088
0.0737579597486
0.0584243377198
0.0958250860883
0.0670094032731
0.0748354462488
-0.0755226728242
0.0389867470446
0.0682948979521
0.0223900982837
-0.00997294992435
0.0739008795582
0.082190091534
0.0602046374489
0.0573673753798
-0.083125563685
0.024899174063
0.0610716760519
0.0810587384762
-0.0664824241812
-0.0510365348029
-0.00248107975652
0.0778464708682
-0.105070110221
0.0854000015148
0.033245503467
0.055885311581
-0.0214870190067
-0.0156764853993
0.0479811698889
0.0475359291503
-0.00255594389184
0.00599336449245
0.00143800823608
0.0197522683041
0.105323310222
0.0849845624649
-0.042036342332
0.0267328456426
0.0843087971868
0.00970259224025
0.00116297482795
-0.0335987934536
0.114944271778
0.00986736753796
0.0180803383594
0.102810293016
0.0677704834425
0.0529996295134
-0.0321037555866
-0.0815389875779
0.030521004009
0.0878774350714
0.10426389061
0.101657246402
-0.0150577602934
-0.000342370939475
0.00778976103394
0.00493004946732
-0.0208356068235
0.026401422405
-0.0273214345462
0.0627160530715
0.0111888530309
-0.0442577813284
0.101158135205
-0.00188724054691
0.0404752171582
0.0759932080725
-0.0231547479473
-0.110160499524
0.0437091145055
0.0578857866088
0.0557444488451
-0.0348329097287
-0.0548935517548
0.0575367265508
0.0926842138134
0.0882347571644
0.0641170386989
0.0662430353177
0.0996807123553
-0.026366499378
-0.0385266847128
0.00180772798161
0.123328458161
0.00727808705891
0.0125892162293
0.0607391939816
0.00230503442062
0.0642521201641
0.0773900123521
0.000602490778981
-0.0292776127834
0.100635916007
0.0101324936166
-0.0477141322363
0.0778992792567
-0.0349904215064
-0.0498534719439
0.0455296930769
0.0357574773809
0.0699805785413
0.031411520919
0.0614553327173
0.0754550773576
0.0542677818919
0.00961491649124
0.0182406056571
-0.0136363679654
0.0249680310547
0.102371537843
0.0624178463608
0.0309354186414
0.10887386234
0.0402480222918
-0.038482905914
0.039350906908
0.00088961135884
-0.0574404732994
-0.135724398261
0.0324691199864
0.00851162150247
0.0571641122109
0.110830514193
0.0425691709066
0.132136345272
-0.0573524662347
-0.013651391447
0.00474466327155
0.0750388788669
0.031293165326
-0.0946908286325
0.0779429322154
0.0769872810193
0.0300316133614
-0.0258756713679
-0.0111764377703
0.000183294743468
0.0322227884729
0.126273076269
-0.0669629868518
0.0114876941739
0.0352337777336
0.121611832916
0.106409670651
0.00507006672395
-0.0538319457521
0.0593556728992
0.107808762573
0.0945571556262
0.0682754059114
0.0690422779268
0.0599811972951
0.0981371003438
0.00863290317604
0.123637683614
0.0201053870755
0.0430486513469
0.0534364184223
0.0386016119223
0.00304477853032
0.0429396385334
-0.0395702534889
0.098528162782
0.0913149791395
-0.0110747638427
0.0203287077405
0.00413070478124
0.0723676237063
0.0270891602714
0.0323098943934
-0.0931174267344
0.0344835371466
-0.0861969877998
0.108428793299
-0.030876710105
-0.0368350182173
0.0692777202421
0.0724760274406
-0.0445122951305
-0.0208927889433
-0.0745064374164
0.00776647672988
0.0493850098805
0.121152704284
-0.0206310589497
-0.00472350575677
0.0378068537895
-0.00768946674653
0.0599849102638
0.0378698877282
-0.0455865999991
-0.0384922478291
0.0571124537423
0.0395068340287
0.0291128375927
0.025733737401
-0.0464550899582
-0.0169088263598
0.0150678712559
0.0707404701046
-0.0310655707316
-0.0331423673227
0.0592649925714
0.0031469073594
0.00806653176725
0.0753409636606
0.052913990526
0.0332784526806
-0.0452332546535
0.0247716724505
0.0176257421672
-0.0438190343889
0.13295953321
-0.0180083097889
0.0846201185747
0.0211393179548
0.0819252523265
-0.011536271382
0.0744922781752
-0.0225364268932
0.0414154275529
-0.0655586289589
-0.0136941173667
0.0651648307701
0.0407364111015
0.082196567481
-0.00432920482434
0.0171128192346
-0.0231850514925
-0.0358191205012
0.01402464955
-0.0409615817284
-0.0183154993235
-0.0256649983013
0.0902274996689
0.0957415699027
-0.0325839315702
0.111274561219
0.0314791941096
0.0777711023619
0.0869548267366
0.0647920806506
-0.0310766384606
0.041248662815
-0.0998682797865
0.0876474887402
0.0132464246032
-0.0214407647567
0.102578305878
0.09759167091
-0.0216992883686
-0.00995329909397
0.0788738426023
0.0466360098003
-0.0854552989231
0.0587096528785
-0.0182853538271
0.0292244504738
0.0449924903216
-0.0211253942987
0.0552447799696
0.0855571614034
-0.0179585852005
0.0735045449192
0.104440535997
0.0373561676268
0.0512284469344
0.0058149859618
0.0304462930739
-0.091449234944
0.04180718742
0.017069940624
-0.217007055471
0.0703556999635
0.023612488544
0.0941605252024
-0.0466394931955
0.00543211335799
0.0487686227416
0.141793645422
0.0188850556985
0.0127973564371
-0.0381844026193
0.068714338688
0.0468856798443
-0.0143074190316
0.0339432684463
0.0810770923987
0.0401439044397
-0.0138498861277
-0.064376660524
0.117337341216
0.0245526758793
-0.00599134557644
0.0620508484592
0.0438578848146
-0.00832006271594
-0.0109061704398
0.0531061536445
0.0180429460301
0.0724735424038
-0.0386213771606
0.115094258483
0.0183928273399
-0.0169170847948
0.0519075086142
0.0387735181973
0.0206505064315
0.0863270837925
0.0976383506502
0.122090370819
-0.0746742639946
-0.0274845530436
-0.00634219052053
-0.0101070985284
-0.0545591456024
-0.0439943737775
0.00245237703984
0.0692564411435
-0.0427920825524
0.089030018001
-0.0936178075567
0.120191887612
0.13553956875
-0.0376408423675
-0.076555183846
-0.0531943952749
-0.0938952948895
-0.0161268413694
-0.046235079749
0.0527970939321
0.0379016118309
0.0114304625784
0.0868635013795
0.0424012100491
-0.0172797621028
0.017061457607
0.0257690857509
-0.0709229686985
-0.0211969959026
0.0534821141798
0.045616912236
0.0310875102691
0.119164520622
0.0557730637346
0.0136511343677
-0.0258604211448
0.0847381450963
0.0309986375633
0.0812271352343
0.0866011198133
0.0336554844341
0.0170405150311
-0.0326432411147
-0.0396102363061
0.0759344253064
0.0420874169719
0.0430498274609
-0.0364608962373
0.0786707510363
0.039771105742
0.0670010809864
0.0899725147992
-0.0192196503208
-0.0135925482623
-0.0176497429926
0.0642535083647
-0.0102499121676
0.0125255433728
0.00413081281366
-0.00551467884747
-0.0110972396686
0.0164131449058
0.0657453792388
0.0568332158883
0.0193218160205
0.0819768536224
-0.0294326764174
0.10330549328
-0.0120192173984
-0.0407971620441
-0.0700610970801
-0.00185522212054
-0.0209387806231
-0.0426129681839
-0.0714209726806
0.020087890062
0.058665664784
-0.0042592995879
0.0253439508943
-0.0568673641008
0.020410105305
0.0197511670944
0.021857060344
0.0960139661897
-0.259711643582
-0.0556173275101
-0.00697465784283
0.0474308703467
0.0503751486265
0.0320222756142
-0.0216962401792
-0.0676946537505
0.015794573022
0.0378262548068
0.0120605355735
0.108278043665
0.0414811279891
0.0266630019249
0.0755529449825
0.0779099271266
-0.0136981878558
0.0126051910957
0.0052899141404
0.0132448151185
0.0169134637573
0.0588092337629
0.0543997349627
-0.0227010928391
-0.0171097215624
-0.0252589061905
0.0766231351178
-0.0520471267358
-0.0381463474666
0.0587749242512
0.0127415364109
0.0314491636156
0.000263575156942
-0.0240802057544
0.0395242068605
0.0130051813916
0.0129274895272
0.0673349638926
0.0274269885533
0.0277262285307
0.084410936444
-0.00755753938474
0.0254336641881
-0.0473938694076
0.0857619419934
-0.132895950081
0.0200537212055
0.0175046448781
0.0347039178755
-0.00433229127667
-0.0708830449089
-0.0287427852967
-0.0721985394771
0.0424803270137
0.0618252069671
-0.0264936990846
0.0851037797117
0.0761423590494
0.0605073612754
0.072036993072
-0.029925966943
0.0200895755102
0.0676177978058
0.0581243551041
0.0185347585417
0.0967321795627
0.00885345191413
-0.0226774008283
0.0980651081302
0.00466460702449
-0.0263480630191
0.0916387208162
0.040712579816
0.0877732130815
0.0159636002575
0.122049942146
0.024732463101
0.0260396498177
-0.0289495388807
0.00437822615929
0.100586981024
-0.0867759485953
-0.00534128079868
0.0499659808717
-0.0227359512523
0.0853764777358
0.0282681829655
0.0050473263765
-0.0452602040497
0.000593155775038
0.0847833639296
-0.0717919923296
0.0121765883017
0.123312470452
0.118845786108
-0.00617201252443
0.0855192195056
0.0294382186137
-0.00621864809522
-0.0227719676605
-0.0080580342267
0.0747229502144
0.00598798733754
0.111297826562
0.0457268189709
-0.0230336866214
0.0495739293862
0.0358438942711
0.00803266511978
-0.00937934421146
0.0881853396828
-0.0578793435904
0.00440755984738
0.0327107763557
0.0836292303667
0.100166549128
0.0278415263184
-0.043306604141
0.0653788577313
0.0645276673064
-0.00892618539851
0.0539821912899
-0.0980047530596
0.0650253852872
0.125437125313
-0.0159824623629
-0.0130482068595
0.0600387448923
0.0788329871827
-0.0476089948757
0.0558770220118
-0.0230165322829
0.127200270497
0.0508324952857
0.00669523246243
0.143187930944
-0.0853332875951
0.0193922417911
0.0452567275444
0.0634102643953
-0.0409803049101
0.0866678711383
0.103020503127
0.0529917106255
0.110830665305
-0.112504205429
-0.0855645060317
0.0325510314494
0.0189661247935
-0.0532623636299
-0.045265393428
0.039470521421
0.0034709233678
-0.0164545495128
0.114726653778
-0.0911453656868
-0.085426263696
0.0260376523679
-0.00127220345289
-0.0739720730291
-0.0413989583561
0.0408790111855
-0.00288118369981
0.0258959791536
0.0167756056222
-0.00419795946858
-0.00550303706571
0.0305494000117
0.0788037717671
-0.0113014301181
0.0828933087481
0.114753380558
0.0716636096404
-0.029398653745
0.136223369255
-0.00815658278089
0.115712318019
0.0370225424359
0.0574399829337
-0.100728945355
-0.035017909147
0.0116932802486
-0.0159607565061
0.0468402873373
0.0625576737181
0.0412309607824
0.0302187733202
-0.00238994373889
0.0228039444136
0.0303722066059
0.0536668242698
-0.0127863396537
-0.0624982360795
0.0211928127236
0.083885922519
-0.00863838055059
0.0530459441594
-0.106485384347
0.0950070511002
0.0236295375301
-0.0224430408709
0.064172734695
0.0677475200658
0.058998168615
0.0480740191432
0.0496981978413
0.105512872815
0.0403531663564
0.0047113802249
-0.0629281603151
0.0551128521191
-0.0593133120106
0.06827116113
0.082975960591
0.0932441276
0.031348874442
0.0161031118744
0.0522063041989
0.073171797015
-0.0284238708792
0.115137989219
0.0157564835033
0.0353747426239
0.00420193474788
0.0658271427215
-0.0140346632781
0.0593202439223
0.0912505524685
-0.104148320431
0.0829688038968
-0.00124303486684
0.0715530454321
0.000479322072461
0.0448616519936
0.0459443260656
0.000660700432121
0.119707681701
0.0578049468009
-0.0442147463725
-0.0320148644739
0.0286305379021
0.0444582937956
0.0611604243668
-0.105158119715
0.0929544322165
0.0620409859026
0.0540815456711
0.0536558528038
0.0493237918474
0.0738916744196
0.0940131644844
-0.017184162087
-0.0149183478521
0.0733507186329
0.0319942846893
0.0697430425295
0.0109250986224
0.0140927010382
-0.0425645756747
0.0615344271683
0.0228409254378
0.0669221060449
-0.0389260358724
-0.0628007329788
0.10356504587
-0.115629701202
0.0286899382202
-0.0393918093161
-0.0316799958229
0.0190443482356
-0.0165687232539
-0.0437252772948
0.0624810162568
0.12696746105
0.0520981669203
-0.0490144272601
0.0754150295055
-0.0287473245988
0.0740590336264
0.033909490711
0.0187818984789
0.0603944955624
0.0842057449664
-0.00446614152499
0.0391034602484
0.0357330850772
0.0763818544073
0.0254957013035
0.0219201855718
0.0317363405124
0.0502675107363
-0.0903601151911
-0.0493681362185
0.0115004189831
0.000818222183971
-0.0337543992056
0.0845760899066
-0.0735020061092
-0.0623611859864
-0.00924628585805
0.0455679671615
-0.00154850893469
0.0938525752692
0.0583706231112
0.0409343679019
0.0448812932941
-0.0622581963475
0.020692969486
-0.0434690582655
-0.0248239411682
-0.0594341419297
0.0363285508951
0.0309785331339
0.049922421138
0.0965104622506
0.0713711528997
0.0274167286443
0.0778038864168
-0.0706821812201
0.0814532289251
0.0700339376133
0.0732357733571
-0.0544830892471
0.042473462753
-0.0582108586132
0.0364657060019
0.0715692824564
-0.102434802295
0.110544458219
-0.110371043993
0.0042404844442
-0.0717431904969
-0.0169944045258
0.132033693425
0.0168781490377
0.0243335558134
0.0692512689311
0.0659970788452
-0.10454271341
0.00721643791195
0.0430755541299
0.121201674315
0.00246597487094
0.0968384113252
0.0764053437094
-0.136564605201
0.111053800753
0.104416238336
0.0118880367367
-0.0618314451797
-0.0225257827904
-0.0516437626147
0.0897269864607
0.000175736748797
-0.000222872681011
-0.0566556929125
0.0278273099085
-0.0430787578502
0.108529837902
0.03944636306
-0.0430575295755
0.0221115909358
-0.0106593489531
0.106235941025
0.080811565042
-0.0609860879702
-0.114685400365
0.0781236101568
-0.0260383428032
0.017599131022
0.0976409518932
-0.0119572760037
-0.0437565288374
0.075956891626
0.0486113284911
0.0171721895016
-0.0561660221664
-0.0164780640179
-0.0783341928454
0.106980750416
0.0902098504288
0.0981618348816
0.0495370038332
-0.0767168943345
0.00595159751562
-0.00487698484888
0.0902041095804
0.0939261841602
0.0675377348252
-0.106690559378
0.0655956769227
0.00914660661647
0.0621741411063
0.0468822736079
0.143143486055
-0.00089412778098
0.0571367462885
0.0930742828661
0.107285366652
0.0155930450688
-0.00553929710029
-0.0842672719896
0.0489538385591
0.0241043930046
-0.00699032669365
0.0142030012546
-0.0105478204438
0.0492775575648
-0.00806531006042
0.0531986804491
-0.006270593962
0.0748194263261
0.0289169343821
0.0280490559849
0.00347831564765
0.0260830174089
0.00378070784517
0.0311460889465
0.0924033055381
0.129640734602
0.0334405967846
-0.0577678764418
0.0106587643934
0.115845877567
-0.0295598493473
0.0508318894222
0.14135817375
0.06767644636
0.0195660808412
0.058580623501
0.11865037637
0.0788922186606
-0.0180708459125
0.0245676726795
0.0907892455113
-0.0079780825395
0.121666115592
0.0251210299422
0.0122397375722
-0.0198037365524
0.0148196573977
-0.0107006865357
-0.0335480433396
0.0805406418299
0.0454091873477
0.0224482695161
0.0921440544503
-0.035118253741
-0.0405088957298
0.0545453684463
0.0554276413548
-0.0693149353967
0.134591675321
0.0394104658484
0.035241272657
0.0119654989796
-0.0150921415828
0.0751460387724
-0.0216685110572
0.0240966538
0.0633603127858
0.064788030572
0.135050274321
0.0269549422823
-0.0977841931815
-0.00170507350941
-0.0705218816345
0.0546258715043
0.0791935532091
0.05373954603
0.00763606643152
0.0700788352517
-0.0183761258183
0.0593212893863
0.0356498607769
-0.013675916696
-0.0121386639419
0.0249186608021
0.0778019545882
0.105957559372
0.0105888525425
-0.120203305586
0.0663821334606
-0.0424186035217
0.0598520193052
0.0465155893504
-0.00539922020165
0.0204412380399
-0.097155439411
-0.0119599992814
0.0552271603809
0.0646085114101
0.106252773164
-0.104636675773
-0.0781065867579
0.0788739575719
-0.0345256833848
0.0012884723953
0.0705311631729
0.0110847498803
-0.037849256148
0.00136929022968
-0.0533976031874
0.0193802262214
-0.0451929293021
0.090158996619
-0.0560417060459
0.0627867886247
0.113491932812
0.0370137313617
-0.00685375983916
0.0189910361588
0.0758755877548
0.0663745024145
0.0512194569411
0.0345017449157
0.101842691555
0.0404271082634
0.075165035525
0.0282221122992
0.0472900730367
0.0901657604182
0.0703671048881
0.124305949275
0.0240637346327
-0.0265475419004
0.0465463826647
-0.0934054391898
0.0338860010459
0.0707874211711
0.0747339109931
0.023797155476
-0.104476090017
0.0737018678403
-0.0309049983245
0.0730891835061
0.0468777198312
-6.83138024922e-05
0.0507046932818
0.00265322490523
-0.0181015089064
0.129779177607
0.023000855932
-0.00990633942494
-0.00408490650366
0.0706891736288
0.00366816889879
0.0887763228074
0.0951184827895
-0.0507879952195
0.0484257067097
-0.0647878880383
-0.00232027691863
0.108247180635
0.00407473479757
0.0255118784839
0.0902254260938
0.0478733691844
-0.0881536135578
0.00591821381729
0.0442744255279
0.0801155361943
0.062822857995
0.00801813240536
0.0262746761597
0.0091670003955
-0.0234379414395
0.0669758515791
0.0737023654461
0.0661805551259
0.0103125601286
0.127864097372
-0.0555609410654
0.0230533746356
0.019548996262
-0.0461753479054
0.0628344451077
-0.0323813518788
0.0398895184788
0.109636840656
-0.00171591777256
0.00688839867078
0.100463755461
-0.00293811166604
-0.0241998000975
-0.0135229261014
-0.0471385342631
0.0919150028717
0.0361261717798
0.0702395099025
0.00792229980002
-0.000713502165939
-0.0493834898296
-0.0803328159042
0.0699732620844
0.0386655448865
0.12133180623
0.0294177112739
0.051770940204
0.0176806310277
0.0165031089929
0.0813985760167
-0.0244991492455
0.124781913868
0.124116157345
0.0592032888076
-0.116544289681
0.0360472262266
0.0507650199268
0.0407912639729
0.1279794366
0.0212551659989
0.0439691174244
-0.0219116923126
0.060624871204
0.0261110321011
0.0991961562662
0.0899944336927
0.0552844338861
-0.02144423485
0.0466730412923
0.0981558160178
0.0100754450272
0.0310784004114
0.0402637400323
-0.0254632429209
0.0700784958476
0.000798761406198
0.022057212999
0.0414048323618
0.0700689664442
0.0150969532037
0.0986015430314
0.0271682097353
0.0524603257646
0.0600772539975
0.133422939176
0.0915412683242
-0.0753201964244
0.0125207173289
0.075875424463
0.0602704745864
0.0209996599529
0.0390705415775
-0.0183157490671
-0.0312063682681
0.0485974745852
-0.0138115871668
0.031173641129
-0.0131126140531
0.0633581587977
0.0122870112973
0.029353299965
-0.00264084460086
0.0612688225548
-0.0753385215687
-0.0590074942997
0.00539223147064
-0.00294627676793
-0.142897763157
-0.00823392179492
0.000627316220682
-0.00455709015287
-0.003939447235
-0.0621775088483
-0.0101361427158
0.0114623253371
0.0115102014311
-0.0369795168992
0.010822162321
0.0595896319955
-0.0195336291532
0.0344029390243
0.0812750666373
0.019730737411
-0.0605934608305
0.0415468761089
0.0369763422495
0.0714286725106
0.00127649690642
-0.0344739569443
0.0272352667021
-0.0466076457433
0.0745292833156
0.0333911521082
0.0692903518051
-0.0833922850399
0.0189441992526
0.102993016223
0.0444792534649
-0.0349374119719
0.0664639148781
-0.00130125213555
-0.0835146975339
0.127513901198
0.0823273259908
0.0488740929633
0.0225565633216
0.0683159798706
0.0235410754587
-0.0295967346236
-0.0756852642199
-0.0127122382262
-0.0498147383975
-0.0632224669989
0.110131847703
0.0295746152162
-0.0115998074285
0.0433004304977
0.0180873311478
0.00305645619974
-0.0349616603572
-0.0374819362427
-0.0397735379547
0.0041074875025
0.0290393605735
-0.0244462690322
0.0554327119584
0.0801947744268
-0.0254868299836
-0.0140529279653
0.0385960830071
-0.0137562751399
-0.105796305353
0.00131648944522
0.121224462672
0.0411784376019
0.0327203032831
0.0969100332622
0.0763984713444
-0.0197099836805
0.0602205804084
0.0528263163118
0.133823687824
0.0292715957795
-0.000375845822194
-0.0343231808212
0.104720974019
0.00606483445461
0.0606907164241
0.0254700873667
0.0579893612237
0.0329113968657
0.0441213147179
-0.0456997201286
0.00254996082798
0.0510573704054
0.00275823810812
0.0382297422061
0.0280099378727
0.0921059713635
0.014921189264
-0.0119706278466
0.0839267001443
0.0435615582704
0.0444557627551
0.00505477196817
-0.000737506570007
0.0782466973821
0.0100828711318
0.100899918079
0.0263700456069
0.0856633400441
0.0371276035466
0.0985648019503
0.0832064344229
-0.0824739323078
0.0282089356941
0.027305250208
0.0514442795652
0.0198805557393
0.0522148119063
0.0479487682575
0.105704191515
0.0340983874068
0.101294057482
-0.0403456896424
0.0843383423925
0.109209915969
-0.098833699089
-0.106593735741
0.0796283982114
0.0528566108347
0.0133381182789
0.0502953018374
0.0666440739159
-0.0151312035953
0.0303305310952
0.0230825457383
0.112179546191
0.023363454182
0.0640803039149
0.0726983672896
0.11895330026
0.00212192636786
0.0237965204707
0.00712479345665
-0.00560065213616
0.00438231775814
-0.0089016067959
0.0479589547425
0.0219178426793
0.117887095961
0.0724704563619
0.0316066269475
0.0226459031929
0.0641259079777
0.0862233471669
-0.00940191428791
-0.0221125198153
0.024910742776
0.0451536561758
0.0924596892531
0.103697667876
-0.0378808545803
0.096896967106
-0.0359052770959
0.0705682178881
0.0894478579856
0.0423994052865
0.11860338519
0.0976646257282
-0.0382693590617
0.068824997022
0.0336048563317
0.0358707555981
0.0558800587996
0.109807059092
0.0290434912613
-0.0331295517135
0.0964833794096
0.0458488885487
-0.027117081014
0.0817748039108
-0.0487812301951
-0.0064383655055
0.114164432659
0.0704969235234
0.10488937536
-0.0108685323624
0.06442778186
-0.0997879286299
-0.0305411346202
0.0485917568335
-0.130136008468
-0.00366152184112
0.0312598825188
0.0608449002938
0.00625196800433
0.0893341139883
-0.0389519201286
0.00166153072391
-0.00194715840977
0.0385938769709
0.0279663126684
0.015181589249
0.0195926195871
0.0629790457219
-0.0982324015294
0.0244253978532
0.0262654958024
0.0470191380391
0.12587274767
0.0690193133788
-0.112735663829
0.0640676524823
-0.033162142039
0.0170058983031
-0.0470053384089
0.0188654639232
-0.0148051776178
0.0586937402763
0.121162666703
0.124516826124
0.0916821682081
0.0111372791547
0.00959528613511
0.0725627113701
0.102048740025
-0.00940473652565
0.100436933233
0.0757666583694
0.0295167243476
0.0620114546445
0.0388304322832
-0.0345165812839
0.0179149526522
-0.0326175207191
-0.0116963376265
-0.00614971617277
0.0943776256751
0.0314529979361
0.0664854783187
-0.000646317339521
0.0369297167108
0.0207815282128
0.00344868379876
-0.033364150005
-0.0578346275963
0.130858347878
-0.0180860387094
0.0264835891779
0.0313303515414
0.0228582083041
-0.00450001138766
-0.0182581668861
-0.00648711279657
0.0385877822709
0.0452940502504
0.0419729553969
0.0659446990098
0.0374627943108
-0.012306702271
0.124956052114
-0.147804321732
0.0168568896247
-0.00721105474975
0.0320164329848
-0.00234737088019
-0.0765548394048
0.0847805480128
-0.123374965583
0.06183662614
0.088328173227
-0.00735592978277
0.0595806954741
0.0615212005246
0.013726948553
0.088247998005
0.022083222311
0.0656606259897
0.00518294346893
-0.0310390984749
0.0595645183329
0.0609529086656
-0.0325933596776
0.0334389734796
0.0659620323705
0.0322468224769
-0.0971050379422
0.0870610124993
0.0396758867367
0.114374620608
0.0581856788122
0.117075695956
0.045142181033
0.0218351741944
0.00395637542837
0.0510466291595
0.00293519279406
0.117865104328
0.110860413266
0.0861138832968
0.035647732279
0.0933516629312
0.0142244006437
0.00603653658083
0.0695386435899
-0.000489613230508
-0.0781563134365
0.128865595819
0.0423466828437
-0.0257979366202
0.0119528657155
0.0729068323314
-0.0152948779568
0.0353052910822
0.031151432662
0.0341617840014
-0.00567444571854
0.0446233488167
0.127571870214
0.00467410747476
0.0213555938081
0.0366052178891
-0.0310663802982
0.102707084519
0.0503066568226
0.0713147462848
-0.00652832595074
-0.0383860941019
0.0851483152903
0.0507469050072
-0.000437447443569
-0.0255550680693
-0.0163850350838
0.0614493475733
0.111223453968
0.0657323841551
0.00677499695042
0.10564631688
0.081782186807
-0.0460037876327
0.0980224839399
0.0346401813662
0.0790111747869
0.08906011069
-0.0733901915638
0.0499443804313
-0.0108489000633
0.0663426702093
0.0505175068334
0.0384487129812
0.0432256047275
-0.0814453192291
-0.00412060877741
0.0257188955003
0.067520868318
0.0912406761435
0.0431346047866
0.0113321945716
0.0164666327204
0.0392089315477
-0.0239512057473
0.042586158776
0.0706645403594
0.0349791200788
-0.0280036985244
0.135944895873
0.0409504223916
0.0765083370033
-0.00974709493022
-0.0387969725644
0.0683999359269
0.0270026115052
0.0310786860189
0.102360576424
-0.0332909395649
0.0383251092577
0.0295341708671
0.0722308292326
0.0261347882811
0.115642958533
0.0205296870647
0.0120422062169
0.0898443063054
0.0119956024616
-0.0361787813674
0.0995146503024
0.0905012427848
-0.0139755843213
0.0663039662232
-0.0052470083841
0.0410592124232
0.0650008357339
0.119574419817
-0.0621759688489
0.0243389152287
0.024339461843
-0.00314272053359
0.00771399544874
0.00378327724218
0.0194565563066
0.0298202744091
0.0901883582396
0.0281770239863
0.0245977990996
-0.034477448504
-0.0908593774475
-0.0654626623028
-0.0267037488099
0.0235167495068
0.0813063729545
0.0730950057035
0.0641273163959
0.0422194243595
-0.00281226494051
0.0376913124091
-0.0658970268527
0.0249028220909
0.0606225868554
0.0300210232508
0.109331238866
-0.0607142932822
0.101802595659
0.0822542966464
0.02127774274
-0.0231814341976
0.116880496881
-0.00160447875839
0.0281684111068
-0.014106343743
-0.00325715235871
-0.0306066867812
-0.0195709123928
-0.0586665608426
0.013699495998
0.0536489312921
0.123070122831
-0.0237399514238
-0.0179214889174
0.00429576428981
0.0122556667094
0.036259214633
0.0268683145874
0.00876780712587
0.0894390436936
0.053752469325
0.0161469481474
0.119056234896
0.0215233192099
0.0353270837583
0.0954184120797
0.058093270402
0.0625000732046
-0.00120612563639
0.100244285188
0.121297411382
-0.0374426272151
0.036998150072
-0.0127369739151
0.0743742625936
0.103257115001
-0.0680189429049
0.11311273447
-0.0709036352571
0.0869782254142
0.0484449296172
0.063388859287
0.0141641587763
0.0147980532127
0.0621864486528
-0.0240274022301
-0.0324725720431
0.11730499415
-0.00437791066289
-0.0303371795567
0.13045928339
0.0366437686317
0.0882449216667
0.0702027419572
-0.0171505900385
0.0834487333895
0.0651267739726
-0.0196000465845
-0.0462355124658
-0.052546622834
0.0351425905714
0.0380417777036
0.0611142966612
-0.0223838729635
-0.0353519294869
0.0466290770907
0.0627041544896
0.00319388441976
0.100986325457
0.0652830105873
0.0841213126405
-0.00525475415537
0.0224020476763
-0.0139103283388
-0.0082468775854
0.0172934393708
0.0582573899013
-0.0312659538516
0.0766363724833
0.0325867399491
0.0362869054475
0.0412634587077
0.0395749632503
-0.0185301448143
0.0135953784912
-0.0491047635056
0.0808977375158
0.0318014270158
0.0690386945175
0.0204935016933
-0.0078284954238
0.0900815482906
-0.0785475540554
0.0848603628149
0.00346201425454
0.0504280214735
0.0748059332099
0.0223534835233
0.0502368118143
0.119320976879
0.0326060002731
-0.0873108650803
0.0717048204741
-0.086593811798
0.110113137368
-0.0197909048904
0.0228872001747
-0.00643335875951
0.0899146906952
0.070102025358
0.0910290258056
-0.00931576183372
0.028392325317
0.091926095086
0.0642103804573
0.05221949886
0.0538907443293
0.0222194441842
0.0700136196045
0.0805344169473
0.0412962468943
-0.016077350668
0.0816208120346
0.0338292562508
0.0293275790186
0.0535508437882
-0.0120914093983
0.0486298519308
0.054781492343
-0.0103323670435
0.0341780109625
-0.0404191946031
0.0199566544582
0.0567426082078
0.0272522639091
0.0138086617828
-0.0282206075741
-0.061058106159
0.0822302497366
0.119528670706
0.0190864821653
0.0337160052278
0.0629813376598
0.0493327097344
0.0539390197822
0.0984085103213
0.0177025809245
0.110442413758
0.0372114311725
0.119323252705
0.00733367077633
0.0640598810207
0.036792438331
0.0880703635917
0.0893224935875
-0.00729965423265
0.0170283265421
0.0791925700581
-0.0323116050074
0.0687732316622
0.0810287809469
-0.060724418398
0.0487466656144
0.0577341608093
0.00194222142328
-0.00502986537714
0.0865413786181
-0.0347963751251
0.0699870970329
-0.0322700833747
-0.0664108855123
0.0875183857456
0.043156438392
0.0725469269462
0.016900073819
0.0514467925225
0.0555260903226
-0.0635765670218
0.0181227256882
-0.0286839250519
-0.0164577787565
0.0106004832996
0.000242611526502
0.0238228292228
0.103515134194
-0.0383248446059
0.105423116787
0.0853601563332
-0.0262753552432
-0.0909472159144
0.0489609582732
0.0999345735383
0.0983321992289
0.0825286014792
0.00786276699603
0.0314124051703
0.0226037470459
0.0257949220939
-0.00126339326904
-0.00105556043637
-0.033835599586
0.10909054247
0.0621956158692
0.111530228115
0.100067065158
0.0490184773299
0.0280243007784
0.0111484725942
0.0370480141544
0.0232155774978
0.0870466106613
0.00361538884241
0.124667001484
0.0499390559549
0.0101071769899
-0.0694991469816
-0.0191326593754
0.105379749167
0.0051187337084
0.0127491811355
-0.0917329838659
-0.03831569977
0.0303625418498
0.00395139780298
-0.00925628149901
0.0244599313125
0.0208832195325
-0.0560974851309
-0.0120647541229
-0.0565914150062
-0.155713591754
0.031951969927
-0.0476895972968
0.0103172530435
-0.0623088965568
-0.0170917746141
0.0329852388492
-0.0672854486672
0.0501795015748
0.116884881528
0.0115968778496
-0.00923342403141
0.0418871305179
0.0409635485367
-0.0666110130108
-0.00254099482183
0.0801638115395
0.0725025319731
0.0380825057962
0.0520535004506
0.104891638245
0.00856359356167
0.0774220370626
-0.0232882462591
-0.0265287201782
0.0775066820705
0.0228622700337
0.0695557318471
0.00397306955807
0.0400756746725
-0.0358247406174
0.109315536736
0.0350899619328
0.00129564876573
-0.0019439726745
0.0481950915709
-0.0201078572121
0.0257352049572
-0.0541330954139
0.0176015340868
0.104942437761
0.00946465878495
0.0394241407056
0.0927517656563
0.0382010754692
-0.13531181367
0.0226624613508
0.0508358923638
0.0768505728077
-0.000218926680654
-0.0146231610996
-0.0560531981739
0.0613851903543
0.030763352007
-0.00979667943098
0.0942101252842
0.121974053837
0.110532555221
0.0788010907867
0.0146745224523
0.0613016513727
0.0224413620592
-0.0581774304167
0.00745208003597
0.08111688899
-0.0560154766056
0.106735836791
0.103165785119
0.108537175619
-0.00981865888096
-0.0188780899014
0.0588507202972
-0.0368832821682
0.0624798465374
0.0778157085563
-0.12207768836
0.078777792159
-0.0265480496792
0.0191576797068
0.0152509888124
0.113753171038
0.0804774426515
0.0387089791247
0.141260465429
-0.00231338416775
-0.0135265804772
0.0862858269379
0.108460510289
0.0056101888447
0.0826222091041
0.0829868592307
0.0504088164559
0.0233883371713
0.0546738850511
0.0629238429974
-0.0383470522961
-0.0477507090056
0.0447402933457
0.0485310399575
0.108703484771
0.0159253885173
0.0340392993158
0.0285344372964
0.0855435578359
0.0923035737545
0.0640031729192
-0.00351736283232
-0.0329774266214
0.0673588361148
0.0239678719321
0.0437069829397
0.0540905874593
-0.0749002715928
-0.114404160417
0.0604168363497
0.0220690365367
0.0679636546422
0.0442238246966
0.0361528185686
-0.0415547905904
0.00702287361305
-0.0184827583131
-0.0117518453977
0.044389549493
0.0672043470645
0.00266348910878
-0.0678754061
-0.0382589732344
0.0853113889567
0.0472165063973
0.0302032201518
0.0633705173307
0.119336155797
0.0824295361697
0.0339598984331
0.122809558663
0.0727535541669
-0.0477789709273
0.0387776164688
0.0619408454671
0.0257093720455
0.0643139795101
-0.00891045848574
-0.0431593732285
0.0660311233775
0.0298666812577
0.0271489647644
0.00212504239408
0.00510858045705
-0.00440715521116
0.0639336305126
0.0195002325327
-0.00065152202805
0.056059716585
-0.00952105241054
-0.0280178147206
0.1312441997
0.0293654604243
0.0972102512326
0.0730824360936
0.0444113055456
-0.0668667979088
-0.0836991497317
-0.0140222651857
0.0937349558748
0.0868847204601
0.0586839291802
-0.00919124150539
0.0509971362859
0.081835945805
0.013623949996
0.00241543846794
0.0251624419542
-0.057722067978
0.0981785737259
0.0125092482536
0.00805334968261
0.0835182533321
-0.063691100374
0.0780936347917
-0.0190679018632
0.0187815305393
-0.0572814965922
0.00668568256474
-0.0192420456644
0.0608279248841
0.00790353568381
0.0334398670052
0.106848648893
0.0351235689471
0.0371575375586
0.0274426198992
-0.0166364775273
-0.00193709689773
0.0506902603493
0.0193970775447
0.0599261052806
-0.00429207153955
-0.0166683340123
0.10452727534
0.058562242616
-0.0839313476955
0.060975696245
0.0583306882261
0.00750707535219
0.0667471944798
0.0457427372211
0.0562227601071
0.00369198533632
0.0792319246253
-0.147169159362
-0.00378268614077
-0.065878959151
0.0205290023194
0.0765536649756
-0.0868820580368
0.0332625470653
0.00753169517192
0.0586114792434
0.0232899825102
0.0536422599281
0.101008949393
0.0653391557847
-0.0530959586121
-0.0447955924137
-0.0100096760956
0.0731396205603
0.0515474938146
0.0803308033313
0.0106535554566
0.0140766252938
0.0326332279802
0.110385636353
0.0618805751299
-0.0293192829279
0.00304285017756
0.112041061396
0.0662668344044
0.018614781402
0.0886474317196
0.0496463644093
-0.028285712197
-0.0209541956639
0.0244176831845
0.0263006412847
-0.0353900654099
0.0737884922717
0.00692466894899
0.0238123334622
-0.0455027864844
0.118187128171
-0.00603887617422
0.0406775640888
0.0806062822504
0.00934372952276
-0.0110238921144
0.143919609492
0.113063257046
0.0139665122255
0.0105563964217
0.0574140261169
0.0029832441027
0.0189562136096
0.0100282738232
0.0585516600506
-0.0526814773046
-0.00342407216622
0.0380725141704
0.0356155722127
-0.00640760547374
-0.0228914381823
0.0422876485352
0.0532715243865
-0.0465708147114
0.0317990248853
0.0144586323716
0.0117184665493
0.0514046340668
0.00304683616887
-0.0474876441533
0.0759418318756
0.0311579817474
0.0954630108281
0.00318046592302
-0.0232563920346
-0.0128353914642
0.00844989551783
0.00931378971633
0.101945111742
-0.0398226975584
0.0785889220622
0.0955647005192
0.0242415961075
0.0594812632883
-0.188028214683
0.0174162025185
0.0494339561144
0.00929161702782
0.0670153880596
0.0122607663007
0.0998584150405
0.00793628189615
0.0748372427667
-0.0468010109636
0.0517307186562
-0.0878941517472
0.0875657807139
-0.0308014182109
-0.128189457896
-0.00891388110384
0.0478768402563
0.0295925526901
0.102751185321
0.0688953844245
0.0127267440871
0.0574932318274
0.0807624200179
0.0215788760748
0.0256886497989
-0.0561045358128
-0.0224787828633
0.0500923184811
0.0121726932367
0.0443450733387
0.0758594167338
-0.026684868299
0.119151402993
0.0938288901638
0.0735420214353
-0.00520425364833
0.128418408365
0.041659222786
-0.00560330232001
0.0704334975277
0.0918075317113
0.0615241990645
0.0610123435609
0.00763900094082
-0.114244537261
-0.0210914967447
0.0440499679205
0.040807657683
0.0701682552262
0.0656581589518
-0.0300266364519
0.0332557782244
0.00970534513467
0.0393713709583
0.00159688834245
0.114266786384
0.0506961278785
0.0516383605015
0.146477271658
-0.0647777623919
0.0323158049716
-0.0187774763956
-0.0177550312841
0.0647257339203
0.0751985976763
0.0547461287362
0.0303100686248
0.0506733649307
0.0144095330572
-0.00836562109869
0.0824568109286
0.0729758384403
0.00324629303591
-0.0363216495209
0.0104707558937
0.0839685457112
-0.00947628617624
-0.0398702023054
-0.0183869525724
0.0234832683892
0.0880894140115
-0.00960238037306
0.00576326701686
-0.0196323761343
0.0175008061196
0.0686930398169
0.0230839952801
0.0307419469044
0.105244106925
0.118588558906
0.0451722090474
-0.00676704382046
-0.0353610745584
0.0207563699622
-0.00378466937304
0.0278383949565
0.0592205369367
0.0591003443856
-0.0123136483422
-0.00898201621088
0.0477286650577
-0.0313032314895
0.0414384109727
0.0388315282367
-0.00260014729568
0.132972123029
0.0656897021578
0.0253337819988
0.0928683426601
-0.0229399889811
0.0896557193876
0.0219357144123
0.100878886923
-0.0501770824725
0.0688265254693
0.0489112232731
0.0935636178522
0.0718864844562
0.0569559340392
0.129262382516
0.0969937062186
-0.0128425224327
-0.0882856946074
0.0392253639392
0.0395051956078
0.0158862218017
0.00581489026668
0.0995435937744
0.0243465820216
0.0685997013316
0.0518916416601
-0.0109522698238
0.00801770798896
