0.0638659061917
0.10435793178
0.0832665645341
-0.0420701884808
0.029598332301
0.137746886128
0.00879230468573
0.0918373669011
-0.045136150471
0.0790197123707
-0.0427443458072
0.0245957263409
0.0870235013835
0.119811737192
0.0918589904127
0.0253546933988
0.0116985510779
0.0345467069185
0.0902526681942
0.0945424644674
0.109592304436
0.033119692012
0.0671700282971
-0.022029761012
-0.033931301278
0.0456169134956
0.123902451459
0.0969618396773
0.0238890184851
-0.0886272381953
0.04640343106
0.121974042348
0.0391979227055
0.0695929921557
0.107122062848
0.0881305110478
0.0781925021456
0.00587101827063
0.0853798032343
0.00486534587187
-0.0544106337333
-0.114674044654
0.041524812136
-0.0165209679847
0.0144527249306
-0.0266651244257
0.0572841772274
-0.0436081944989
0.130819818564
0.0857759790319
0.100071480544
0.130679421371
0.10304311383
0.0426755774519
0.0374066492901
0.0906405642106
0.00978511424761
-0.0191872274764
0.0943566869457
0.0959728837658
0.0311689055404
0.0702276689463
0.0685971942879
0.115982184614
0.0294055433944
0.070117673119
-0.0323841798761
0.0268560749684
-0.00538840198697
0.0412505409534
0.0632195542464
0.0560867454554
0.015650841135
0.0516657449028
0.117464710294
-0.0168462660064
0.0531247862963
-0.0488497365896
0.0614028428444
0.0878739748512
-0.0207784529993
-0.0993885849128
0.0478164499403
0.0561298153855
0.10414994947
0.00471190076863
0.0046163487874
0.0436554248158
0.0281943767435
0.076935468316
0.0574291110425
0.061169911016
0.0685735182509
0.01282828826
0.0147736851961
-0.0402804557966
0.120557164175
0.0448226865006
0.0706473412546
0.00294124858564
-0.100221324789
0.00437991470512
0.0643479694517
0.0931103835795
-0.0299202351891
0.126929949943
0.0146208725744
-0.0460489499534
-0.0341062866727
0.036986667823
0.00204346520678
0.0362032750217
0.124251114998
0.0882906100675
0.0878468479551
0.0157690252061
0.0518875886929
0.0874643131648
0.00318361294765
0.0269538130036
0.102913412734
0.0680328675567
0.0831579154539
0.069894540466
0.00847887841507
0.0365860532497
0.128786088458
0.113366645163
0.0526589589795
0.106043295701
-0.0355169150996
0.00924136192622
0.128196182639
0.0897894876781
0.0644217011019
0.0535692874695
0.0533746781146
0.0929754421448
0.0525202433797
0.0502502919767
0.0751421580066
0.0794401002826
0.0876276772249
0.10470782695
0.0464430496071
0.102019583259
0.0577866995999
0.0304709826516
0.0372647928878
0.088110826023
0.120715290513
0.0512294141907
-0.112386200863
0.0368787423144
0.0698682843295
0.054176351003
0.00544419032993
-0.107442393178
0.0910826808603
-0.0104438293867
0.00503283570428
-0.0165330834812
0.0501321267857
0.0151104233938
0.136356452672
0.0442162280564
0.0809303616015
0.12869330456
-0.00788527691912
0.0260930074767
0.0406501979609
-0.083150826074
0.0982091092079
0.0520130179501
0.0315836901553
0.0587439315374
0.0736639157461
0.0954482315764
0.0605306504613
-0.0166765303826
0.0145397411866
0.128832907797
0.0549847357459
0.123695628831
0.0201652168833
0.121677304653
-0.0691052659183
0.0461169005402
0.0615821114617
0.0786783726803
0.0955810020275
0.0268993501741
0.000220772583226
0.069663921771
-0.0105687226297
0.00641596653826
0.0834375940923
0.0127089404131
-0.00261563140936
0.141130728721
-0.084028673575
-0.0419733546865
0.0764331607009
0.0464476868331
0.0495743511508
-0.0153944096028
0.0729634022691
0.121045756476
0.109972201349
0.0767195109948
0.060342642652
0.0253195028915
0.0641707372533
-0.0040201929073
0.00719983775947
0.0580981803926
0.0921683796919
-0.110361725406
-0.1151682453
0.00540970048681
0.0575530555402
0.0887980300597
0.0157800506813
-0.0103083590665
0.0701036589844
0.0298418083685
0.114709403745
0.027641400127
0.103178117651
0.101639634522
0.0234608763807
0.104989882075
0.116764037742
0.018007239862
0.0277913259305
0.0902948015183
0.031479671557
0.0908931522764
0.0855616030327
0.0698374003901
0.0511136698441
0.0424096774375
-0.0393008482389
0.0363426078428
0.111873313919
0.0754680332941
0.0376337646934
0.0663406008015
0.107022549259
-0.0303606555234
0.0519757772826
0.112937959509
0.0631327238956
-0.011086808671
-0.0747268300053
0.0788031210764
0.0467924128954
0.131088907377
0.0345174205395
0.0476014789606
0.0203279449538
0.0993881010996
0.0323401613811
0.0831760739736
0.0647692102524
0.0644866990147
-0.0372935806859
0.068828856515
0.0395230777487
0.0903120806839
0.1229822255
0.141324010811
0.125854037912
0.0216126155461
0.114603767843
0.0119680772996
0.034838105898
0.0972375619309
-0.015689120083
0.1428306309
0.0503209657562
0.073044700351
0.115111766379
0.0699394149238
0.11721516196
-0.0387185271506
0.0337721284585
-0.00922175175025
-0.0163518519353
0.021576748544
0.0587658478949
-0.0457775655696
0.0728869413012
0.0705655486528
0.0751524604534
0.0635286073846
-0.00310098344901
0.105723266565
0.0682317077305
0.116490515729
0.0675002099823
0.0526490503126
0.0509582336721
-0.0555264168204
-0.00601691076404
0.123246548814
0.0384128972612
0.0216731000064
0.0913911667714
-0.0556014744425
0.084188499305
0.0441400281589
0.00291226394586
0.0874410055865
0.0505288089401
0.0645171321963
0.00745500913919
0.104468434907
0.0407843629905
-0.0016877475559
0.0279051110344
0.0595772417142
0.0248092956139
0.0485064025063
-0.0232328594683
0.0618423106261
0.028272152318
0.0780709988583
0.0739853162182
0.0420730422447
0.0506247597625
0.11548563631
0.0646321222539
-0.0186685608308
0.0694229323782
-0.0128376276811
0.0522371307266
0.100103478466
0.00811007777641
0.000388682539348
0.13033186971
0.0938665614408
-0.0128989999395
0.0769369943306
0.032717999212
0.0141271694313
-0.000228030295298
0.0028087656123
-0.00331001420502
-0.00122756320934
0.10140846229
-0.0637161539668
-0.0671405992063
0.134535948056
0.0272443875062
0.0416475590582
-0.109057611194
0.084223651022
0.0399272717921
0.0308876264349
-0.00578967814744
0.0690331005265
0.0583990930126
-0.0248372789876
0.119478937762
-0.00292822029178
0.0261101382104
0.0822453208083
0.0681885214272
0.0517596206367
0.0289168955048
0.0203203804276
0.0769257883986
0.0673240960152
-0.0114809803986
0.00922659959194
0.103642146574
0.0376056866576
0.122628361594
-0.0381663009859
0.056113610637
-0.000153219070725
-0.0392543566269
0.104144342447
-0.0216522230361
0.125360432745
0.0914053145652
0.0949318626593
0.0238129624503
0.0763087419133
-0.0242413137031
0.0993245523219
0.000502451209138
0.0118757688189
-0.0756854325216
0.0578539141537
-0.00588087488084
0.125810882809
0.104027705973
0.00378736413489
0.124370219671
0.0718026667037
0.0997209306329
0.0988575529557
0.0927080662948
0.0629660923202
0.0610642919857
0.0828279792145
0.0220697680396
-0.124138408558
0.0789684856241
0.131307568758
0.0851243876298
0.0502519901696
0.0695795805244
0.0657267394887
-0.0586180712436
0.0768353944825
0.00528511795701
0.0251906603936
0.0441504767786
0.039918549757
0.0877477125633
0.0118166077875
0.0258509074499
0.0557586623398
0.112761810286
0.0720284793957
0.0640520314036
0.0656349659849
0.0609032601991
0.00359204691353
-0.00159154137999
0.0330556422185
0.0724945801005
0.0558630374091
0.0316940894846
0.0922639225013
0.0986378701224
0.0660759744995
0.0726722346724
0.0252217413663
9.77446609163e-05
0.134637190417
0.0245929192016
0.0612830754889
0.120188073342
-0.033490246944
0.0774822270321
0.0938236799192
0.0314029503863
0.0416041439848
0.0833414617281
0.0123586443341
0.0679031804969
0.0152679417695
-0.00597937646334
0.119245152484
0.041973025671
0.061315089494
0.0311430248337
0.102816706661
0.09660096029
0.0368561139322
0.093704586742
0.0848904502305
0.0235095001895
0.032130231624
0.0386030865225
-0.0261656134785
-0.0323482346302
0.0515926556104
0.0986380287874
0.0583552057242
0.105603751111
0.0624249698084
-0.0829082802799
0.0969583197069
-0.00112084535584
0.0742417820541
0.0610359157142
0.0139143871476
0.111362753496
0.0691104349193
0.0597876872041
0.126804631907
0.0509155452124
0.0832535301682
0.010109904055
0.104066193106
0.0681165014188
0.0406446780374
-0.0168707035595
0.0579097123621
0.0840026453733
0.0919319414939
0.0309982875622
0.0450878231879
-0.0133120157797
-0.0287535804208
0.0317136941549
0.112065623384
0.0161929431401
0.0801164849038
-0.0411740197419
-0.0788526532473
0.0803691002122
0.0461140321476
0.0538872205066
0.0881211592266
0.0415908281074
1.49436989449e-06
0.123577670012
0.0433154828652
0.0788973656466
-0.0632185988346
0.0653847813415
0.139819955763
0.0697555298806
0.0240993575755
0.0721868826251
0.110161039074
0.0848499190775
-0.0385047985611
0.0818968835236
0.109993158436
0.0853792341077
0.0573264047728
0.0813613648746
0.0757627733383
-0.0116907282328
0.0825147590928
0.0533916321303
0.0844397505953
0.100178689994
0.108755105949
-0.0651027641789
0.0284336593574
0.104283982053
0.0387746437679
0.0547993401246
0.0464619766199
0.103417618531
0.115394482131
0.106730430153
0.0592024954454
-0.0173327039171
-0.0495429339099
0.0634348497717
0.0756909105492
0.0862472788966
0.00637840636561
-0.0208611307836
-0.043456016647
0.0133568941793
0.0331606202614
0.00238786574797
0.011254092546
6.14602672675e-05
0.143359176411
-0.0338932871671
0.0839460005952
-0.0305866990862
0.0650295283222
0.0620075879181
-0.0104740537037
-0.0723401711958
-0.018202354016
0.0768640696225
0.0111085598455
0.00112172467765
0.104912532153
0.0946105515165
0.0609935228751
-0.00102170522657
0.026816634368
-0.0257512356488
0.0716518523559
0.035662837705
0.0187352280561
0.127598032765
0.124647757967
0.0397619033692
0.0464100472217
0.0337685214472
0.0625318496252
0.0985153161632
-0.0270719916578
0.0233543379311
0.0159901926945
0.0982614050644
0.0231356338133
0.072143103869
-0.10859888672
0.0979418511545
0.0926478465514
0.00283798063823
0.0326868832529
0.135796810523
-0.0461613101128
0.050078264916
0.0244045921693
-0.0160100767
0.0277266936837
-0.0427860890595
0.0926872801443
0.0761691139771
0.0829607559643
0.0106628357954
-0.0859191356879
0.110659051949
0.109375135721
0.0749130734697
-0.019132820073
0.0935035782221
-0.0186040099742
0.0850199724416
0.0999896420593
0.063221027258
0.111668649481
0.129199550129
0.110286701313
0.084940099628
0.099693100179
0.113280616952
0.0924991742363
0.0949044399613
0.0678016099187
0.116989966027
0.0837381605805
0.0535987701425
-0.00160253180862
0.0530651326434
-0.0179574363099
0.0759495725955
0.0488012929225
0.0489577881399
0.13229647555
0.0181550402974
-0.0357632900563
0.0212612806301
0.00985211391159
0.0612870317746
0.0513775257463
0.0077671373692
0.0495839233767
0.00251238966504
0.0984958843507
0.0431324909792
0.064357596003
0.075233579613
0.0400401024995
0.0974902653681
0.0341787050408
-0.0296117349261
0.0581477555337
0.0166625592582
0.0489816733218
0.0971324512019
-0.0256476366353
0.0561398154097
0.00873308237388
-0.0118658533073
0.100258006045
0.0871592331221
0.0517374386273
0.0225164539609
-0.051651719416
0.110045503638
-0.0249530271453
-0.00705007802649
-0.0608424143643
0.0257490760703
0.0678943267455
0.0726603191968
0.0900548756068
-0.00757109844382
0.00210561927872
0.0219729530745
0.0197857160361
0.0415442056205
-0.0237793101855
0.0433119598483
0.0469384051385
0.0707158171922
0.0827913330776
0.02175361562
0.134367872363
0.0524973707784
0.105193486506
-0.0216139459431
0.0513200307298
0.0357447660485
-0.062371735408
-0.00673834825682
0.138529822805
0.108801578285
0.0208426755777
0.0718193156307
-0.00750839467749
0.136279370611
0.0705451783422
0.134298219612
0.0286001213465
0.100772489107
-0.0175356380499
0.094716864994
0.0389426680666
-0.052559934842
0.0619228350721
0.0546638407794
0.025465852906
0.0631466983788
0.0768684361473
0.0410371034281
0.0698853556858
0.0629994473626
-0.0179226223212
0.088737447498
0.0853856334343
-0.0434889846826
0.0414291532705
0.022628112371
0.0795116694729
-0.0497582913654
0.071337418461
-0.0312803713038
0.104921946312
0.08813998492
0.0563531361901
0.102181162136
0.116893197838
0.0357563725534
0.0436064674027
0.0094042852681
0.0365647118333
0.0626157609421
-0.018921487559
0.00998585154763
0.110031191779
-0.109715852223
0.121068211534
0.0202506375247
0.0991722914903
0.053680417287
0.078726227208
0.0330029937936
-0.044306881855
-0.0169056412163
-0.0351138949508
0.00106816652973
0.0525187341056
0.0614837041131
0.107305762591
-0.0145272186763
0.034304008229
-0.056452863176
0.061877849866
0.00700320817384
-0.0152839234411
0.0186652446358
0.0272065985631
0.0295762561451
0.0061424086652
0.0274819168836
-0.0102571639917
-0.00368424840152
0.0381949493804
-0.00697063842464
0.00958545598935
0.0478880984651
0.099047438656
-0.00608444279416
0.0895180648437
0.0540240485418
0.0730820696316
0.0137813022126
-0.0161381009443
0.0616602235386
0.0556000195089
-0.0243703910725
-0.00494856132152
0.0425414580331
0.115893784879
0.00286106539589
0.0150505676263
-0.0291815918405
0.107553459614
0.125072002545
0.0227144571656
0.111251850791
0.0440884873884
0.0322120936211
0.0723591474182
0.0706222011918
0.0319625602847
0.0639624433478
0.0211763435425
0.0316459127214
0.109328472892
0.100923164289
-0.0499222788942
0.102132033944
0.0539691615077
0.00475257372561
0.128490389235
0.0114930802649
0.0738571206385
-0.0762959567891
-0.0339450666077
0.0557933919642
0.085928576422
0.0411978352319
0.0953942518708
0.0546449865354
-0.01003755104
0.0592068169817
-0.0444308365476
0.0536483899183
0.0866929161812
0.0263764731216
0.0315419118819
-0.00710280582928
0.127929358576
0.111454315784
0.00122754201817
0.0185859460081
0.0462827561789
0.0441971932724
0.0340538674666
0.0597006881179
0.0846165552141
-0.0375517797255
-0.00983447749785
0.0183164410379
-0.0798419580233
0.0141510106802
0.078787967289
-0.0314303467649
0.0533074429064
0.0976728427248
-0.0279343311397
-0.0804320390221
0.0110890544137
0.0311204662694
-0.0174387450614
0.123412885743
-0.0201329699398
0.0566284501773
0.0690574288354
0.00528004177641
0.0359310327369
-0.0280078793643
0.102838323602
0.0762232104294
0.0162865198019
0.119978096064
0.0483672383466
0.0722087848101
0.119739814103
0.046786980779
0.0803293463653
0.124140746544
-0.0627397185194
0.0588799944956
0.0119432266849
0.0667591173813
0.0467490725382
0.0184155912721
0.0229916354252
0.055460389337
0.086649163204
0.0742350681179
-0.0360742919099
-0.0118928668916
0.0941372866555
-0.00581379596043
0.0201356744662
0.0795795150659
0.00563922186724
0.0386438956467
0.0563913779068
0.0871037417735
-0.0202483966606
0.0717902521565
0.0667747416563
0.000754216119447
0.0353787834375
-0.0934379235501
0.0696351506888
0.016887951296
0.0504065755312
0.0686742023301
-0.00371002296538
0.0298347698132
-0.0222856396961
-0.0262751154422
-0.0159129745257
0.127071515694
0.000732722596663
0.0956145107296
-0.078930636158
0.0397611215055
0.0546934830139
0.10375407514
0.0240621872753
0.11371871989
0.0661250218777
0.0816007965917
0.0916012230856
0.0318944350403
-0.0598947340746
0.024881450326
-0.00193521968468
0.000412469602138
-0.154925070225
0.0241917731222
0.0540768057767
0.0038321749161
0.0892365728437
0.00255843099175
0.0466370740438
0.0265811226845
0.0929424249797
-0.025018318256
0.0792787077763
0.0311380352128
0.0605724917637
-0.0120782223377
0.0976961641275
-0.0382215441974
-0.0237402111646
0.111235629491
0.104078204097
0.109072441951
0.0493892423923
0.0817252891594
0.0733185572182
0.138235247405
0.0741845893878
0.0169810423938
0.100878579569
0.031899289884
-0.031508713115
-0.012301463713
0.0259358259773
0.0604744536068
0.0240219236136
0.01621654849
0.019603744645
-0.0498180871935
0.0433301141725
0.107345992704
0.035106901965
0.0672463358224
0.104390167825
0.0770735038186
0.0189117442027
0.0683186056423
0.0205486116156
-0.0496120873908
-0.0388094881941
0.0689918609299
0.0954970234637
-0.0345688213176
-0.0222859690266
0.0736002066371
0.0831309827037
0.106704465114
0.0899437833967
0.101411918833
-0.0672240242062
0.0367639158109
0.101374270407
0.0516037559069
0.0940706767562
-0.0165425377876
0.0510803941982
0.100570573932
0.109200910482
0.0218059360419
0.05032739805
0.0699868496799
0.0624486055667
0.0364753988009
-0.00456186499439
0.0414007728228
0.000316960547029
0.089705171896
0.087959676269
0.083388118568
0.10492388204
-0.0100474752618
0.122299514198
-0.0429964193132
0.0406277364156
0.078065193331
0.128011663435
0.0434928283126
0.0893769702736
-0.0195174682151
0.0241586367832
0.104333383809
0.0510750194011
0.0583522139788
0.0862066447409
0.0910913731006
0.0475978298206
0.0576614849618
0.0125458582528
0.0786776619361
0.0697962125421
-0.030923564613
0.0761066564521
-0.0323455989474
0.0160103596524
0.0800157640741
-0.0405300944595
0.0217135172344
-0.00358973349206
0.0418061818114
0.0687847721095
0.00860044931257
0.0979941435246
0.126663389145
-0.0414509484106
0.0567705841777
0.0983550903485
0.0816110195924
0.0834284872168
-0.0195154772208
0.0418562201598
0.089198590907
0.120232513195
-0.047245827755
0.0539697010014
0.0374544793354
-0.0476151554116
0.0538959584991
0.0515640819671
0.100944558206
0.0279050818979
0.127449482197
-0.00995140574318
0.0530031233751
0.110665575407
0.0396261326906
0.0978952876619
0.0152114055518
-0.0266621816565
0.112609129487
0.13458155778
0.102185628108
0.0339336379529
0.0874464746937
0.046270976368
0.0527863192618
0.0330385786561
-0.0162387211306
0.0470852639881
0.0307414032315
0.0332008814365
-0.00103272263682
0.0963040100298
-0.0667641449438
0.0340325431863
0.0718752913817
0.0794096870518
0.0633713406232
0.0618232992502
0.131360748319
0.0284238292013
0.0216547661408
0.00109470934815
0.0308799526179
-0.00641976436927
0.0722488260956
0.0323918304486
-0.0207763925533
-0.00719989203448
0.129768458077
-0.0181492216869
0.114100284671
0.08601084512
0.0502299447262
0.0106151875713
0.0268310161935
0.0495146557552
0.020900038481
-0.0275670812544
-0.0458059856171
0.0840522459815
0.035972504813
-0.151597283984
0.0681783731174
0.101655399178
0.0918916981294
-0.0141494517536
0.00908352740148
-0.0327377582984
0.00366865880967
0.0620679848481
0.0281981953977
0.0141731875707
0.103627205797
0.0879670921973
0.0291183959754
0.0158759594104
0.0815285999492
0.0663499439947
-0.00830687015822
0.0454563575144
0.110619462218
0.113012632683
0.0574279062736
-0.0604510296676
0.0784676412021
0.0223003347814
0.114333401936
0.0464496225887
0.0250302629768
0.0979564176655
-0.0131607489173
0.131165733676
0.0260502799184
0.121856045366
0.0289227446186
0.0641454629984
0.0549572429974
0.122280837574
0.0207141587615
-0.0256287208893
-0.0552376098207
0.0239623669831
0.011700265362
0.0125382656353
0.0178014663565
0.0784359608294
0.0818864445653
0.0143835396518
0.0608134961357
0.0824471486276
0.0715914056787
-0.0805389646831
0.0256326723977
0.086748212416
0.107154567296
0.0341811325666
0.0863247350218
0.0398703053158
0.0369117038143
0.128948032802
0.0973056872737
0.0429078485315
0.0934931111404
0.0537497333561
-0.00781276878472
0.0611364457045
-0.00115977075957
0.0821645603544
-0.026935954803
-0.0533343397519
0.0215402426755
0.0584894955409
0.114719125154
0.0303847157177
0.0623673345544
0.0767729004658
0.0706150093328
0.108055515542
0.052320422761
-0.0343957488431
0.0741892370482
0.0590643065763
0.132167272784
0.131019550132
-0.0791440476809
-0.0105614154045
-0.0219967576914
0.113937796213
0.0811703643093
0.0627635968208
-0.127094542937
0.0527198084847
-0.0294881733977
0.0232662468677
-0.0617738445889
0.100186442618
0.0489521273048
0.0448345732198
0.0729333851452
0.0730786990413
0.10906116662
-0.0513500193656
-0.0916910962243
0.106389259987
0.0531758875682
0.0130393204805
-0.0571275700119
0.0111705967917
0.0953372717022
0.123930827295
-0.0210359426053
0.0283602885455
0.00475301518211
0.00816890535733
0.00888606649369
0.0328278065572
0.0696571782667
0.0600552998302
0.0517834479004
0.0222203597857
-0.0210429883636
0.0929672007443
0.0645758286501
-0.0297408096769
0.0524075974708
-0.0307241155315
0.0155204634537
-0.0269316500697
0.0716249123981
0.0933529032107
0.042866089451
0.0139715521918
0.0120567247214
0.0287509222676
0.0852929931461
0.112027807123
0.0267345440633
-0.0302677316574
0.0667691462805
-0.0157208440954
0.00881497938584
0.00067950571718
0.103072635532
0.106761047078
0.0248072702379
0.0948777314654
0.0939635922294
0.129856699895
0.081759307994
0.0680071835436
0.0289337089762
0.0546831469836
0.0724056029532
0.0532455572404
0.087140797713
-0.0172214385092
0.0132388596322
0.0598271498967
0.113540767342
-0.00966393969653
0.0681925887159
0.0505442253697
0.0957087925084
0.00558436475651
0.0311555254457
-0.0109210433566
0.0800787815161
0.0935351575484
0.0356375318654
-0.00369688270827
0.0422378942351
-0.0209278032977
0.100467616531
0.0953621708084
0.0856482096133
0.0155384087301
-0.0248118166871
0.0209600907368
0.0590749658632
0.0746691533108
-0.00835231003091
0.07555532829
0.0728506496775
0.0877051103218
0.046538943222
0.114226139528
0.0945280740619
0.0329733132278
0.094644547623
0.0431531069391
-0.00597240174376
-0.0111254313177
-0.00747059481253
0.0800731423721
-0.111618132235
0.0780888009379
0.0536332529352
0.0736185228139
0.0154966605135
0.0316233469554
0.0274393074538
0.0674978393174
0.048931263226
0.125007811486
0.045569351705
0.1126879907
0.0524521648251
0.125428762139
0.0236550768849
0.0422542418285
-0.00583794568576
-2.56854776319e-05
0.0163623217812
0.0500262143822
6.16096246207e-05
0.121568605084
0.0906396814001
0.0995774776548
0.0154572111311
0.0329936423807
-0.0257484294094
0.058894656929
0.0557320335591
0.00571211256442
0.0581262399333
0.0219012438937
-0.0408690725769
0.0385859538946
0.0309026372272
0.00592537502642
0.0723212588053
0.058446700442
0.0260679963014
-0.0259932737409
0.0510394014451
0.0405366754105
0.0346523926823
0.0179380585603
0.0164165189373
0.0863710260199
0.0670290883686
0.0775486406974
0.0925654169758
0.109038669549
-0.0290032383803
-0.0139117604419
0.123803112844
0.0428160137446
-0.0637331798302
0.00897626226715
0.0353189482536
0.0699853767911
0.0170316395469
0.0674546568306
-0.00261278052932
0.0358852222245
0.0601203460159
0.0859963954843
-0.0208481105411
0.00982437994
0.0630829008541
0.0347249470723
0.0669238921678
-0.0197451895061
0.0401876758869
0.116480916538
0.0930318265031
0.0336545405514
0.0345994781717
-0.0105643887096
0.0588144963136
-0.00527880175173
0.0430367021315
0.00221208149427
0.102794217129
-0.0340045953983
0.0135930655328
0.056117307584
0.0740346839678
-0.00411461621515
-0.0150518625061
0.0035854047041
-0.00592330385271
-0.0331461148934
-0.0463700272589
0.0709193986882
0.00438910675303
0.0848163874398
-0.0700844883246
0.0533686346619
-0.0116325017823
0.0561961967033
0.0919217783388
0.105601684537
0.0986134810018
0.109323644129
0.095330191945
0.0794182133148
-0.013682696662
0.0487639580669
0.0680570363983
0.0962514543456
0.0817624144632
0.0733246152088
0.0603771071463
0.102562630464
0.0266904115384
0.106144974096
0.0340220557094
0.0225110616424
0.012759475132
0.0447450489894
0.0563195634834
0.004433336974
0.0228410303963
0.120657274619
0.0702006654471
0.04371628738
0.112363809968
0.0767886993969
0.111805205915
-0.0219883971622
0.103207844782
0.0352410210801
0.0894938524522
0.0847807152978
0.0748198094563
0.0799515449257
0.00165420319551
0.01665812851
0.00357475683075
0.0974232341549
0.119300152868
0.0181334230734
0.0638899014274
-0.0517135690194
0.120013548171
0.044813539519
0.0541340498446
0.039537769336
0.00555439975739
0.11097195163
0.0730400291573
-0.0257601134055
0.0189036100295
0.00677273595812
-0.0428165384271
0.00636658143505
-0.0157634139639
0.0687326216834
0.0303067579417
-0.0440256113674
0.00315242342409
0.0427927599864
0.102199245648
0.00995067587727
0.0152006837995
0.109631481323
0.00409476836888
0.0505790015929
0.11293503651
-0.0491997577906
0.108830204825
0.0213281513803
0.0523720117982
0.101307843235
0.0891623028205
0.0803252394863
0.0680352883084
0.095667644414
0.0894420696045
-0.0198870256314
0.11394265875
-0.00447557846612
0.10088938472
0.105199803955
0.112206258258
0.108219666587
-0.0891283349676
0.0742925580507
0.0419811023219
0.0840235894813
0.097379858024
0.0787738610541
-0.108943606619
-0.0896196291637
0.083743465088
0.0267084334962
0.0936326858601
0.0227765707385
0.0760334061624
-0.0160702166444
0.10098587139
-0.0256269049829
0.103559636639
0.0873783958517
0.0055718159106
-0.00460744854571
0.0283855606207
0.0711211156011
-0.0618389985764
0.115830583479
0.0238381497177
-0.0203005263927
0.128650479634
0.0888471295511
-0.00709981207199
0.0623261860063
0.0696813643292
0.10065876149
0.104350923645
-0.0390586535348
0.0711552255159
0.0450214902778
0.0725679559768
0.0395104720419
0.102486632982
0.0395444594527
0.0350963695874
-0.0215066928733
0.0787086086944
0.00567191995212
-0.00118949648069
0.00658344822059
-0.0185479599414
-0.0348693990041
0.0291463324555
0.0926362974566
0.0669918070725
0.0630816917598
0.131574557944
0.0547079511371
-0.0114702668914
-0.00620996944581
0.0422708180333
0.065969663348
0.0341909771332
0.0679934127203
0.0167974096016
-0.048499800976
-0.0352036384531
0.0994194506758
0.0316720788791
0.0717841998344
0.0566913926656
0.0206797187155
0.0892169765905
0.0784551087761
0.0293740006771
0.018767329401
0.0396934232792
0.0143625516034
0.0253366819634
0.094095574558
0.117547135012
0.0221675532038
0.0615374554852
0.0487559530939
0.123526890844
0.040968541507
0.140215092977
0.0614738627639
0.0416287033916
0.0989467851895
-0.101981443319
0.0906991480057
0.00063572764046
0.0337650253087
0.0134270320674
-0.0189183053261
0.128440654048
0.081168620976
-0.00984491239343
0.0852728218422
0.0594742480778
0.109414067823
0.090393384499
0.107251458335
0.017154780368
0.109608561609
0.0757247975232
0.0421325089775
-0.06384847324
0.0746655897999
0.0345316138459
0.0738067219867
0.097227593415
0.0504693822376
0.00154351792921
0.069037559179
0.123606832488
0.108641528648
0.0278842595894
0.0808872921577
0.0154407693511
0.0739810429136
0.0102473684435
0.07703835883
-0.00270310799221
0.0893412818104
0.0566139138394
0.0529179595686
-0.0469281889327
0.00323521296731
-0.0545726440648
0.048239501749
0.0445460071696
0.0958614951342
0.0139599119735
0.0242592266869
0.0414150076904
0.0936429852654
0.103679509033
0.00378541379721
0.057259453578
0.0527446536347
0.126939298926
0.0785002274672
0.107576049127
0.0593048722382
0.118863024839
0.0988905594941
0.020689895279
0.103205426716
0.0799664410103
0.0521730558501
0.0799631343463
0.0774718211302
0.0617040786676
0.029675829489
0.0293923701643
0.0853264896736
0.132489645683
0.094977034311
0.0786440161904
0.0696893447209
0.107573719189
0.122054887405
0.0940322578374
0.0802611021577
0.0261498831179
-0.0292031727103
0.0716507420827
0.0754107897024
0.137561320744
-0.0251373492051
0.106927347796
0.0699989723069
0.0269650325086
-0.025669237157
-0.0109102398685
0.12504051787
-0.0204598492505
-0.0427686824545
0.0381984298858
0.00806699481456
0.0766020456458
0.0473741303211
0.101001763643
0.101927253627
0.0585053070936
-4.55785038422e-06
0.100017012206
0.0463978922436
0.0131862157019
-0.0633465668216
-0.0334788000822
0.0519524109253
0.0960443443489
0.0435972318897
0.110256660461
-0.0118976543312
0.0769730341884
0.0685979988244
0.0802487289732
-0.0310878550424
0.0350307303991
-0.00607122085137
-0.0103420494149
0.059719037836
0.0744609638104
0.086543877381
0.00383915364694
0.063273635304
0.109667271953
0.0800971740015
-0.031667182363
0.104976988471
0.110120053984
0.0558651964411
0.103313709964
0.0532294818493
0.014876627427
0.0515135811124
0.0977775233425
-0.0303922109638
-0.00259697540843
0.0811964541782
0.010403140848
0.10570410798
0.0333507313059
0.0814919801982
0.0440737081065
0.0495881090575
0.0911309712873
0.113004945873
0.00167230678603
-0.0360059913508
0.0568513398338
0.0677397050901
-0.00523632898149
0.0154341188739
0.0569799615304
0.0879456964164
0.109566169656
-0.00260572885188
-0.00956474700026
0.0214674927268
0.0577665545419
0.13104423725
0.0757752923029
0.045498765248
0.0718711233808
0.0178836503873
0.109691946369
0.0929201149509
-0.0452278340975
0.066171411936
0.085869955738
0.11311609922
0.0779581639974
0.0182036642293
0.118619885339
0.0332971560399
0.104138106033
0.1175363655
-0.0231400094272
0.0255808767071
0.0264283689651
0.0121042304778
-0.0789475152705
0.111243635287
0.0946558899546
0.0434141389094
0.0748281623757
-0.0305333478731
0.0775882144416
0.0297700673235
0.0569620478492
0.0526258377187
0.0254968918126
0.0639484643301
0.0597237182057
0.0264216867455
0.0816603046557
0.0542165772291
0.130943454381
0.124045928257
0.0258294378681
0.0507754644421
0.076483602215
0.144514498823
0.0730863447874
-0.176787021985
0.0296010932945
0.0662596760616
-0.0207869295397
-0.0180436412037
0.0443103420492
0.0306140044334
-0.00946072699902
-0.00445160710714
-0.010502882195
0.0669747637537
0.0607185403415
0.0217659979116
0.0679346942754
0.0302408777757
0.111898423959
0.0748245232204
0.0274768621963
0.0894302731924
0.0987978436763
0.0914346736264
0.047354186819
-0.0503967238938
0.0739104840855
0.0976660052693
0.0550689660895
0.054194314313
0.105730345367
0.108607797708
0.0813496096921
0.108125223628
0.0376457735075
0.0330591652743
0.0640169504858
0.0490331106715
-0.0270208770251
0.0792053026398
0.080839500301
0.0505919333275
-0.0765054179668
-0.0705510448085
0.0650659146498
-0.0584720498797
-0.0456640833759
-0.00848350391163
0.081507051435
0.0443917396211
0.0724496259343
0.120914319121
0.0374830836469
0.077830941202
0.0527854672531
-0.0623548058138
0.0757797773719
-0.0256431941216
0.0215749270457
0.0209617807171
0.0506049599084
-0.022187326415
0.0130114554491
0.099218412043
0.0757146786882
0.0390040942065
0.0697616135954
-0.0959097685609
0.0463895680617
0.0441222038995
-0.0280620059493
0.120163305583
-0.0653520118694
0.0753741106451
0.0768799549546
-0.0292460238983
0.0651175264863
0.120682203033
0.111938613105
0.000983423112463
-0.0101878995701
0.0289813427287
0.0342535630629
0.0667380847432
0.0470973308336
0.0852251818431
0.0431374658482
0.107669562359
-0.0139543747218
0.0489138051983
0.0635619439142
0.0401517010263
0.0772484066155
-0.07664208512
0.108742480939
0.0449900115524
-0.0721182334481
-0.00353175662065
0.0529810463989
0.00785691952111
0.0653782982182
-0.0340294802995
0.121348153659
-0.000866159855507
0.0680443507211
0.00880914146708
-0.0139767153602
0.122700920694
0.0577055820244
0.0242659645838
-0.0417533512104
0.0376828266822
-0.0370538742687
0.00616425832861
0.0139089716331
0.0465459078131
0.117958541359
-0.00598716858752
0.0706344902035
-0.0137389224497
0.0463953896823
0.071306296545
0.010949054371
-0.00613368389086
0.125685797918
0.022751244217
0.0102421734277
0.0623473019816
0.0146653273217
0.134927789607
0.0664069757669
0.0873175739114
0.0288008812291
0.133176866987
0.0863596339633
0.0109005496172
0.0578475810864
0.0374327236221
0.0728972322863
0.020232813017
0.0645333732358
-0.0495693390973
0.0804968576713
0.0829657272596
0.118668553216
0.0802284971942
-0.000842437529212
0.060401548195
0.0609201555224
0.0596891284477
0.0398952293601
0.0435722537245
0.00580396160106
0.00831046344137
-0.0077510819601
0.120280315435
-0.0378347335551
0.00913860937131
-0.0651137982214
0.0785773644332
0.0249889939655
0.0608627971196
0.0972470900845
0.0782625939076
0.0261914753386
0.0310726323434
-0.0291721134002
0.112812969891
0.122379738936
0.00480461914931
0.0794076430013
0.0239904303549
0.0789506896756
0.0210148567269
-0.0107490315049
-0.0349896874816
0.0605803920146
0.0875919451221
0.0722560465244
0.0335489835179
0.00451204241568
0.108512696713
0.0582310423522
0.102674675375
0.0516298524977
0.0176705961572
-0.0930579619593
0.00909008069936
0.0463955042461
-0.0169461298399
0.032433759317
-0.0192715499786
-0.0437833239105
-0.145573134359
0.124282385776
0.00624463745029
0.0903031719077
0.0603383915396
0.00303512803462
0.086509109456
0.0138147328974
0.0197286584034
0.0910039584368
-0.0215993705111
0.0437648553622
-0.0112745395301
0.0958224273714
0.00222295437903
0.0669025442031
0.0774651511872
0.100243366139
0.118057857498
0.132551897547
0.0548424183817
0.0704534468936
0.0636361181559
0.0558736559455
0.102488638771
-0.0473562162899
0.0967232920215
0.0120081226363
-0.0206878172114
0.0616595075577
0.047374160147
-0.0284529322033
0.00778318505186
0.115675387295
0.0938149639867
0.112820407886
-0.114113974317
0.115561047773
-0.011080355248
0.0797066720406
0.10728366525
0.0253687375182
0.0157298895366
0.0584710958587
-0.0137899970427
0.0607317442244
0.106380298671
0.0766468011565
-0.00952726153445
0.0663722734297
0.127264100714
0.0534537351626
-0.00970011091958
0.0341941682797
0.0635375598976
0.0756457172408
0.0216972842028
0.0694227965989
-0.0120563716206
0.0385733437054
-0.0423607476191
0.0386127869459
0.0505403515944
0.0143276020689
0.0220400681478
0.116676169256
0.04564524538
0.056713643076
0.0902795786633
-0.0171560451072
0.0201014162323
0.0661121014293
-0.0466420399608
-0.0983090162583
0.0861398870173
0.0391435378413
-0.0442869389927
-0.0149817029408
0.11919871876
0.0660406501249
0.0467785013263
0.0344903821448
0.0839840788208
0.054929068067
0.00430483741936
0.0339835972335
0.120469195782
0.0285505442133
0.109911690007
0.0595936950772
0.0493660103224
0.0838261668209
0.135575646978
-0.016253304337
0.0329525889309
0.0588931265842
0.12590997145
0.0543106592746
0.100772608588
0.00120787288337
-0.0210016466628
0.0311314196037
0.013494979886
0.0699687846609
0.122766191027
0.00510602245138
0.0769426780792
0.101486643527
0.0873946471444
0.0237329231161
-0.0197622327831
0.0704260879269
0.102450845483
0.126853965904
0.0620564554573
0.0538215318112
0.101640725342
0.0210944311953
0.0377447701607
-0.0832443621926
0.0998093029481
0.100021151048
0.100219746497
0.131059443449
0.0205054430018
0.0598200565481
-0.00992666169242
0.0634149765403
0.0927979869008
0.0644071668679
0.0665580291302
-0.0162827635344
0.0712169141921
0.0945845497257
-0.00221578915694
0.0310990314001
-0.0113390636948
0.00497097728373
-0.0856138917499
0.0338311887941
0.109160239001
0.0664213716032
0.0716600754113
0.0767332029639
-0.0292053094977
-0.016389301212
0.104116559434
0.0712574626207
0.0502660259455
0.116365164197
0.0681722070677
-0.0324270729837
0.0257778053488
0.0472408872779
-0.00789564345817
-0.0268153565137
0.0642245123251
0.00737947222545
0.0795911741047
0.114843574025
0.0957773122546
0.116433057609
0.0998881318529
0.00103514762392
0.0311148927659
-0.00368844898452
0.0775787408829
0.0803026331919
-0.0170201290764
-0.0154841547887
0.104089542841
0.109128520051
0.000545631661331
0.107664295537
0.054371434725
0.112301165136
0.0598032212204
-0.0612124642669
-0.00651777417687
0.0952451043579
0.119535154385
0.0102965906832
0.107999338046
0.0874527764054
0.00453500293026
-0.0165709032829
0.125365560335
0.017438676724
0.0145158724393
0.103659403363
0.0301928615758
0.116384581171
0.0158551961397
-0.0042818306742
0.0998626590688
-0.000959319565361
-0.0381159119069
0.101892993692
0.0355903767571
0.0339895018788
-0.020634991511
-0.00649403175965
-0.00518117385668
0.016116036248
0.00326821573185
-0.00507197711183
0.0218141973878
0.0539828475347
0.148279364935
0.00711571020209
0.0449720264211
0.0668604947583
-0.0450979036101
0.144315036343
-0.047350115126
0.065835036327
0.123604572775
0.109970237693
-0.00509649346493
0.0928603443226
0.0522313633249
-0.00241058784228
-0.0156357662994
0.0646751056015
-0.0200101854523
0.0122683601644
0.113148250683
0.116811355433
0.124893703003
0.0885908384977
0.127093020744
0.117421603185
0.0925709838861
0.0864299933778
0.0656730013106
-0.050162081362
0.0457595305732
-0.025093140854
0.0137432562383
-0.0255089761927
0.0883370875789
0.0621241734382
-0.109221926657
0.0334408018762
0.046671364272
0.0217058505687
0.0701012988928
0.0329392262347
0.00195378719464
0.067288643124
0.00581640610603
0.043221136424
0.0462042936519
0.0561237154755
0.0694503834663
-0.0070073463793
0.0231273468539
-0.0195103474115
-0.0192331099005
0.107809815125
0.090681536408
0.0668371830443
0.144040764499
-0.0134664607208
0.0890846586447
0.0245831543204
0.0941775997504
-0.0644163934293
-0.0159073783375
0.0528101937167
0.0722320717792
0.0888405043181
0.0297413617603
0.0432240998342
0.0988435887094
0.100912037339
0.0397909236479
-0.000990816391721
0.0803176346183
0.0988249339494
0.0210672671511
0.108690454068
0.111057112027
0.0740996588006
0.116317341897
0.0161059111285
0.0406587510837
0.0170963836013
0.076858302366
0.111130678553
0.0760864671243
0.105025402055
-0.0093827960474
-0.0194270770996
0.047337162593
0.00802691518241
0.061452892604
0.117898542019
0.0265849154374
0.0237743149357
0.0338755506009
-0.0340690542911
0.0674768163547
0.035879776391
0.13489854301
0.0426217274736
0.128326215237
0.132386950026
-0.0671304400464
-0.0245192811573
0.0200850452236
0.00815011740569
0.0354378135231
0.0617230171669
0.109964203711
-0.0367456399816
0.0487580606589
0.00298151043873
0.0476332491977
0.101652926807
-0.0110258135854
0.105111036033
0.124231245692
0.110937697016
0.11054466413
0.0149154252467
0.0157190637738
0.0252645563566
0.118047676262
0.0889353054855
0.012569078979
0.114135956222
0.0782105439488
0.0933246047004
0.0414166777496
0.110129354059
0.115205258569
0.101421627514
0.0292862755214
0.0508642111676
0.105525455366
0.0665398250858
-0.0238364339842
0.0883288018833
-0.0304077522156
0.0170741303133
-0.0947026746125
0.0494570092782
0.0635157765839
0.0956089194814
0.0518618600162
0.00153362151494
0.0596390046287
0.0375736811495
-0.0180842380948
0.07005970313
0.00640187354311
-0.0933217773217
0.0770014533727
0.0634347490857
-0.00205994661244
-0.0303799494911
0.0740656963138
-0.00953156308127
0.0352981798226
-0.0441590770729
-0.0535603788836
0.0812298067385
0.0580255697442
0.048025650438
0.0865220521569
0.00807107939449
0.0606646938907
0.0918137860046
0.0030954615727
0.0807278851413
0.0681872082697
-0.0109148246425
0.0652287354176
0.101679988992
0.0607752793755
-0.0894032205432
-0.0254616449889
-0.013026412242
0.0490712469319
0.0575217841183
0.0479781683129
0.0636525824306
0.0364868337215
0.00534944590218
0.12265930905
0.114721604273
0.033702368035
0.00137208981204
-0.0115946907416
0.0396662411646
-0.0244648622239
0.0532817048128
0.0916386676664
0.0169586591225
0.0222111229933
0.0458832219944
-0.0111568412543
0.0268148497061
0.105555021863
0.103565750057
0.125069509293
0.0116353566306
0.0444182625321
0.0735716674675
0.106426018799
0.00499726914114
-0.0228226620784
0.119161730733
0.00371508669236
0.0147246212654
0.0604405743231
-0.00330947527011
0.03168364536
0.0366514052418
0.0572491764018
0.0618202193223
0.104884117328
0.000436057820843
0.0126758487176
0.0591619559728
-0.0135506734164
0.0200071702453
0.0559834186068
-0.00651640335055
0.0165651686904
0.105749256023
0.111175489407
0.0707221052669
-0.0407398793924
0.028906517788
0.100761286592
0.0899445137932
0.0520608254857
-0.00742972038034
-0.0193873346841
0.109290018284
-0.11437017692
-0.0230306782999
0.0819780229809
-0.0529158079609
0.0556847244376
0.00489983760579
0.0291540842756
-0.00792938470747
0.0392200509492
0.115549884305
-0.0742236409466
0.0134663597511
0.0567416287604
0.0800877369986
0.038247876654
0.144197758441
0.0426302809959
0.0959582031712
-0.00742763530562
0.00853701011259
-0.0170560560977
0.080311074474
0.0172329326988
0.0574863717778
0.0539213434051
0.00292336010637
0.0433323982278
0.0705351058875
0.0781181600566
0.0533577099767
0.00894499702865
0.00387203539585
-0.00028656504353
0.106036076604
0.0751019571543
0.0431965445999
0.038802029414
0.0718838753796
0.0301484697092
0.0810835881734
-0.124120712362
-0.00291129111319
-0.0368696055796
0.0301281815751
0.0866793597492
0.0375335893999
0.0526850249133
0.0846023025106
-0.0211388966508
0.017016363333
-0.0454583886898
0.0759629769546
0.10649441365
-0.0239869602691
0.0366046521213
0.0659338300241
-0.00441053987353
-0.049915377882
0.0896370199983
0.0923707803342
-0.0207348266189
0.0844854742588
0.0078855096366
0.104396368656
0.0305781091259
0.117908839447
0.0501898873824
0.0111599836836
-0.0406702222508
-0.0235284820979
0.102675145287
0.0827390971603
-0.00534114438912
0.0512183001615
0.0118029061778
0.0605074951739
0.00388332886107
-0.0254151176254
0.0385895476878
0.0945028376769
0.102213406268
0.088791275364
0.0440435989207
-0.0242295280566
-0.0813605630863
0.0917554302019
0.0495369397077
-0.0296577977961
0.00146510183788
0.104745755141
0.127484134423
0.0812211697563
0.0836867332941
0.0306082568889
0.114589955495
-0.0390931564148
0.109361348162
0.0956506166062
0.0104193664033
0.0646720573992
0.0759513623412
0.109831834323
0.0376261871664
0.00820582221871
-0.0119437635716
0.0841915477934
0.0507622854159
0.0959128069463
0.0642657244725
-0.0703801832353
0.0648996291042
-0.0572730876906
-0.000934102646729
0.0472031452202
-0.0339812197636
0.120791194599
0.0176290910838
0.0294818504089
0.0665787259685
0.0740538589574
0.0819090055971
-0.0280995688471
0.045391545766
-0.0846787321864
0.0565623627715
0.0834937760454
-0.0404013835316
0.0472605715277
-0.0514853847385
0.00805959650389
0.0496722413093
0.0186097770407
0.000237559216115
0.120943076692
-0.000678963900821
0.0494564004907
-0.143383146456
0.020237635678
0.0535819136209
-0.0029221970517
0.0770669990897
0.0159032099334
-0.0432970129242
-0.00272917928443
0.0221689665126
0.0409580351499
-0.00953328262361
0.00933409629615
0.0051167376868
-0.0257961043364
0.099123537632
0.0291539979816
0.093101963412
0.0929743261281
-0.0035910692449
0.0321872719114
0.0886024542609
0.0563242921337
0.0039954641176
0.0922938321623
0.109269358116
0.0493743235428
-0.0468414075281
0.000631201419486
0.0679554370752
-0.031779180333
0.0892201640467
-0.0409064934262
0.0312083930031
-0.00261605146493
-0.0147958432902
0.0758064592839
0.00731941546048
0.044783362588
0.0863046840358
0.00333073236555
0.146942906959
0.00435127785942
0.0636435693747
0.0723538126558
0.0276518067169
0.0844845335802
0.0636592260962
-0.0145424978954
-0.0777238033108
0.0464756782877
0.124919941622
0.0189625402188
0.0921791296727
-0.0255742706789
0.0385239623192
0.10794006213
0.0792165137514
-0.147545321377
-0.0389238758019
0.0879326654041
0.00949563386247
-0.108793076011
-0.0649006696185
0.0469160466604
0.115161890766
-0.00960366127203
0.059468393158
0.00775574090682
0.048469097688
0.139041267258
0.0495058639098
0.0478201550298
0.00698905426892
-0.0190187018655
0.0894199004845
0.0978284545367
0.141954001871
0.0958368081289
0.0676480536945
0.0739283323861
0.118238629191
0.0325560522361
0.0858014949537
0.0133948519218
-0.00497356218577
0.0188748496548
0.0863323321605
0.0588735960088
0.0644947001894
0.0428931410518
0.0367536783761
0.0344127285635
0.07134213247
0.066855128927
0.0064304686819
0.00316502605639
0.121637182884
0.121578790309
0.0831534288632
-0.015008937262
0.0368026527023
0.115656569184
0.102274805275
0.0899319241167
0.0336624707546
0.110102726424
0.0841342937153
-0.0257887649541
-0.017197713439
0.0166937637649
0.0228588902531
0.0934315712227
-0.014803047204
0.0237857152532
0.0412090100072
0.0327828635424
0.00834284065536
0.0722916201637
0.0338962232898
0.041164181291
0.0768186042501
0.0548057025012
-0.020850832417
-0.0390359879555
0.0730053982492
0.0335638523372
-0.0291866104511
0.0380474615551
0.113351248145
0.0362690466053
0.0760458601082
0.119411419958
0.0608739861381
0.0511073214841
-0.12476861507
0.0895972299466
0.0705532283759
0.00282513364597
0.0882810169764
0.117520506941
0.0635517569461
0.0811671537425
0.031372647487
-0.0571891023789
0.0482590312376
0.0496471689216
0.0828754977463
0.0912182193423
-0.0195200840336
0.0312580518001
-0.0417337379903
-0.0168808776662
0.0438823057788
0.102770916247
0.107377519849
0.109530437915
0.095442444167
0.115426914962
-0.00431594210203
0.0690539927991
0.102899798269
0.0671435249026
0.110470906719
0.110299063826
0.0631193039014
-0.127725769639
-0.0644886301671
0.0443513337793
0.0594578450027
-0.0662122957084
0.131779527123
0.0631460827619
-0.0704370739711
-0.0249381469919
0.0227378286436
0.0544772046135
0.0342170373537
0.0619747457137
0.0375837996328
-0.00445676721134
-0.00622593550094
0.126939955869
0.025268789041
-0.0499911651827
0.0455034377951
0.0787550948377
-0.00856081479015
-0.0172836325239
0.0274378263381
0.0720370272562
0.0264529707391
0.0471213090967
0.0966554655126
0.0673304868442
0.00210786735861
0.0764730709687
0.0951889045809
0.117737061841
0.0807692635522
0.0376353670941
-0.086895508777
0.0262766421161
0.126726068897
0.0684718450884
0.0476680829732
0.101730076193
0.0404313137893
0.0470444547814
-0.0118556486107
0.105805665818
0.00827688130167
0.0521564680079
0.107872956517
0.0738263486774
0.134748500018
0.0564519563066
0.0806291459875
0.103354342193
0.0933275036505
0.0646812097632
-0.0290346821293
-0.0176428344714
0.0458583355033
-0.0203141200078
0.0517136225945
-0.0251065960322
-0.0369825057733
0.0524786093341
0.0187594958088
0.0628288005775
-0.0194208897551
0.126391714676
0.0964377147406
0.0350845386489
-0.0510588730678
0.0872941591022
0.0755386939896
0.045684108282
0.0794608917014
0.038616512203
0.10487983154
-0.0820336333618
0.0360977442784
0.0397175611764
0.055467869323
-0.104777033151
-0.0667644730377
-0.0449923425282
0.0442176330597
0.0516226813127
0.0620729402323
0.05923643304
0.0961862859108
0.0962121781501
0.0988956455259
-0.022375075755
0.0277078169473
-0.058988399534
-0.0360497206203
-0.0162861014382
-0.00301042068341
0.105544879646
0.0374975663749
0.0568492491928
0.0731721321919
0.0598657441131
0.121573009204
0.136565492944
0.0531901519397
0.104115497814
0.0337599429483
0.00434280662585
-0.0223036235111
-0.0693712193214
0.0551606334061
0.0464667813717
0.0301717753427
0.0918942855698
0.119772227944
-0.0370817547158
0.0182669547273
0.00630181815789
0.0793503836613
0.0450552593095
0.0714698695538
0.111998331312
0.141638024159
0.0337565293792
0.104705721995
0.0799604051328
0.0816246603579
-0.0597524722772
-0.0116797695857
0.108508933601
0.00977686743649
0.0571527853568
0.0758914961588
-0.0178497675279
0.132757037675
0.0040963736891
-0.108207834893
0.0342230439422
0.0820431713258
-0.0995773592494
0.0369662053323
-0.0101955789961
0.0912893112927
0.11247825068
0.045035363203
0.130123016521
-0.0695383062585
0.0956471994804
0.135708852554
0.0394223333579
0.0203627810329
0.0985653590276
0.0712139030269
0.0551349567038
0.0606714833191
-0.0147390244855
0.134118579209
0.0315007027593
0.128822015672
-0.04932091901
-0.0242787136819
0.044983025843
0.0821106475429
0.0751265089736
0.0584523582445
0.0377559658028
0.0122065598425
0.0988746724677
-0.0393993347914
0.0252415863301
0.109738242319
0.0575035837038
0.015977937302
-0.0694619162947
0.0848239443229
-0.127318764318
0.0461209264813
0.0332691217358
0.133269955285
0.0095885831905
0.046369746169
-0.107570725147
0.0378074622118
0.0724143559439
0.00526795326362
0.0311896846709
0.0221210404902
0.0152524313595
0.0775806662642
0.0553958847313
0.0728901327233
-0.0322982025342
0.0191566395694
0.0136683563302
0.00219724408907
0.0556727766978
-0.00960916676999
-0.0711130595335
0.0299168645592
-0.044467209187
0.122022763523
0.0100746942561
0.0618739527877
-0.0654564950489
-0.0315563851242
0.0238657778885
-0.0234577718332
0.0186119170273
0.117988490524
0.0700476912013
0.0736512031521
0.0693133021165
-0.0266496849894
0.106002692183
-0.021599490224
0.00493357775558
-0.0768571177249
0.0954771033415
0.0103591405612
0.0132857209721
0.0847823644841
0.0763049765645
0.0928041741488
-0.00351209329379
0.142578938255
0.0417764142051
0.034706936601
0.0521605052712
0.0632175433832
0.0739455296629
0.0470667275711
0.0309339039724
0.0277305386866
0.0766932781112
-0.0100051504766
0.0407102304738
0.095158296425
0.0779133706161
-0.147585105405
0.037951056996
-0.0166457608946
0.103150841701
-0.00150733835727
0.0969657455291
0.0314591853443
0.0313973568979
0.0467138062296
0.0666104464839
0.0544631886583
0.0735044072657
0.0169733270931
-0.00413195800944
0.0724944702671
0.00114724881619
-0.0436056969411
0.00368896162631
-0.00996513939398
0.0959047597461
0.126345927889
0.010888225119
0.104815044697
-0.0158501613724
0.0302736363589
0.128111166365
0.0618853748298
0.0754996749857
0.00604578484115
0.103445683037
0.00671414679293
0.102956671006
0.0782860179309
0.120001709021
0.0783695760816
0.0824930386828
0.060481677483
-0.0165060934557
0.0647984163254
0.0757832021063
0.122685798463
0.0730751558735
-0.0506974442513
0.137888832148
-0.092256579296
0.121711873526
0.0573883090799
0.098009939505
0.0547590202538
0.0770838125213
0.0458168086234
0.0180232004351
-0.00898954413751
0.0846471737408
0.00833779397455
0.0166080041585
-0.0603805575258
0.0996698767948
0.0748108152365
0.0602027535853
0.116651397709
0.0138530574785
0.0825481247152
0.044453656292
-0.0307302018013
0.0647363456733
0.0121906767161
-0.0392673376445
-0.00617974903813
0.105206556457
0.0219830897443
0.0570755957252
0.0843855190734
0.0289693962716
0.0612226859984
0.0131497289045
0.0177042584619
0.0840712798851
0.0701548607299
0.0908659556656
0.0480363063262
-0.0333113860486
0.0180538512765
0.0819348843719
0.0231352014277
0.0520453110301
-0.0523904469007
0.0824286131848
0.0428140913274
0.0446164761694
0.000802500128209
0.100536614455
0.0913166841541
0.0266514300568
0.0481445219515
-0.0124180713629
0.0983835259771
0.117876206652
-0.0592829344567
0.0010764860667
0.13790088484
-0.0116853868103
-0.031283453548
0.0576979748236
0.0659045688181
-0.0290766344584
0.000782633467146
0.114873322616
-0.0836954215631
0.0961625395789
-0.0308261501673
-0.00467154620236
0.0478323001214
0.118916024194
0.0326419865615
-0.010320826246
-0.046317380428
0.108428425358
0.0817129714634
0.0782617526902
0.0257104840011
0.0559130849562
0.128298428824
0.0821602793158
0.0149896765231
-0.0300554844785
0.104849513825
-0.0136606273668
0.0637521745395
0.107064659255
0.0261078787214
0.0224225608893
0.0112894911678
0.015703903958
-0.00483548397771
0.0796500250124
0.102366774321
0.0117339851446
-0.0752797764463
0.0064366545318
0.0264691399688
0.108811230868
0.0638356688505
0.0883984228975
0.0556144354544
0.0650159456246
0.025985855184
0.0373276725906
0.0913857295331
0.0888296337558
0.0895004598508
0.0877292578072
0.0873300114864
0.108032701745
0.0623118959829
0.0871165323258
-0.000318075662535
-0.0266712610377
0.0687051336935
0.0893960189487
0.0811607192484
0.0335701871391
0.0454847155763
0.0400105853991
0.00706680519687
0.0873155755199
0.0981916546948
-0.0135085410217
0.102051746175
0.017364575231
0.0497228393469
0.113903101089
0.054710422902
0.0757823757882
0.0158539263692
0.0361614340514
0.00615310135382
0.0974988898034
-0.123060803888
0.0801175575462
0.0618522219211
0.0217591081956
0.139564971838
0.0776447242643
-0.0586432891081
0.0261767625212
-0.00268755572522
0.0012150418249
-0.0199473613093
0.111496784161
0.123811383928
0.0463884982108
-0.0443112331217
-0.0344817546146
0.144007104288
0.054682841482
-0.039287820775
0.123809513769
0.0754288218405
0.126909033285
0.0235342669859
0.0291253422469
-0.0336858372179
0.02105330746
0.0546154343638
0.0272090596626
0.00192218410823
0.0119088453657
-0.0935733651332
0.00721658620853
0.0843053195813
0.0682669783196
0.0148371819639
0.0536232716535
-0.017250259477
0.0602949836722
0.0430461329228
0.0478346378448
0.05450985312
0.0917992358207
0.0576635949958
0.0455753071963
0.00332570708945
0.0568185074035
-0.0217917425689
-0.0813322075239
0.058603300314
0.12286393986
0.0391963484926
0.0456490600338
0.120452404187
-0.01768608785
0.0735008809952
0.0817351646307
0.0168920714617
0.048013046391
-0.0252965294419
0.0316907493998
0.0134489743968
0.0319461815796
0.0301931733226
0.00320901306769
0.0674187623937
0.0779694970018
0.116142723311
0.0141292678191
0.0601735036117
0.0703051829355
0.0969481671891
0.0134618301451
0.0752805894486
0.0379681685518
0.0119199549415
0.0966773510834
0.00409180521662
0.106139641505
0.0448252252906
0.118972142856
0.0084520051678
0.0502488889978
-0.0146503244983
0.0912003720987
0.0504826913488
0.0497130221567
0.0947463379279
0.111480698334
0.0231811147789
0.0505795143129
0.123750548157
0.0173736335349
0.0903227952685
0.0895785218393
0.0361430585597
-0.0330461997293
0.0425280362829
0.0170675430484
-0.00585346382133
0.0397028148182
0.128368102401
0.109684458189
0.0173494638607
-0.0446839328287
0.0928882371516
-0.0423085630122
0.0683603993225
0.11719248385
0.0807073949917
-0.00469924155612
0.0309514536753
0.0609994134485
0.0899428881876
0.0537251720608
-0.0803299722038
-0.0881967122052
0.0589618773946
0.0437093876508
0.0441824242633
0.0175809005845
-0.0125388575171
0.0427630139016
0.0931782009062
0.0824459979346
0.0435495682326
0.0976235756634
0.0586263930332
0.0428144724667
-0.0623285695482
0.0628616192302
0.0582979711669
-0.0107178168783
0.0762312004447
-0.0609951867892
-0.00869255789048
0.0205966325647
-0.0548331251678
0.0382220423842
0.0580559576552
-0.0384432771515
0.074889572714
0.0842718619841
0.0582315503121
0.0894750007806
0.0973296571599
0.0619639284016
0.104613455132
-0.0650959296047
0.101951058744
0.0582249519772
0.0015765181821
0.0966026354371
-0.0289827542744
0.0492726058105
0.102818285523
0.0339465764001
0.0734635243307
0.0561165716784
0.0152513379028
0.0907156213316
0.0830469608697
0.0219761341474
-0.0899663992952
0.0904312158853
0.0699439789228
0.0419581284966
0.0366337113371
-0.00767469782587
0.0262784097904
0.0543190662056
-0.00151319518274
0.0394382869257
0.0320409368411
-0.0357494790571
0.00230440025556
0.0525091446101
0.134328879236
0.0565760693281
0.0549430724808
0.0888265137183
0.00598123513627
0.00340994080977
0.0299333718356
-0.0451543494231
0.124407412694
0.0969595525716
-0.0206022229998
0.0426390243368
0.0124667843673
0.0216547793109
0.0857055561027
0.0874491826931
0.0782101518069
0.0660742271208
0.0798864933873
0.0502576318559
-0.045629725245
0.000112927174698
0.112968151006
0.000664886590894
0.11344269832
0.0219115109193
0.12605887849
0.0506075994395
0.0727564574752
0.0560427398588
0.119354143896
0.12494664188
0.0995333042608
0.0833653091946
0.0460801463729
0.0654640972003
0.112541517399
0.0505526028168
0.090906334245
0.039441990518
-0.0215914587834
0.0119957006198
0.0831716575124
0.0926886143501
-0.0427354786944
-0.0257932357192
0.119488677184
0.0965323927782
0.0599609398082
0.114603906515
0.0651789553054
0.0946731321677
0.110672815182
0.115662272726
0.141530052747
-0.0694701222063
-0.00222367590731
0.0481951789391
-0.0747527246327
-0.028690203905
0.0938536365356
0.0501387661531
0.0436013326223
0.0936477725155
0.0478335348683
0.0876321426415
0.000448673899565
0.0239382725595
0.119605011729
0.0434390175603
0.0275862214483
0.0365724315206
0.0885300551824
0.108680280729
0.0744128828545
0.0180662541277
0.000167759896557
-8.38649615531e-07
0.0890661016511
-0.0702125350331
0.0634723794132
0.121112097077
0.0144909242652
0.0899179850732
0.0433159880535
0.00828950587074
0.00898563335919
-0.0507628862667
0.0463585075596
0.0611913629165
0.0736693442345
0.0577127114249
-0.0800306519005
-0.00706752077369
0.0171521501899
0.0200971775643
0.0687719979269
-0.00285070403767
-0.0305017192007
0.0642502657066
0.0615025142867
0.0925502539032
0.0185894873511
0.0660626559192
0.0113503260482
0.0973697846568
0.00307831315289
0.0673430397927
0.086413154256
0.0477472656449
0.0677710346977
0.0671958130309
0.0407615405773
-0.0333418069645
0.0953648046852
0.0495668442054
-0.0212777942708
0.0619473089974
0.0797408939704
0.0877220900636
0.0820644983757
-0.0716585215834
0.081601703053
0.0933491850858
0.0609281555753
0.0893487116556
-0.044587776886
-0.0349377695075
0.0105844778433
0.0958597364653
-0.0420851878459
0.0994284413777
0.0842326121246
0.0603638825506
-0.0601875735943
0.10795035785
0.0863702677694
0.11257971422
-0.0428434579113
0.0882275541062
0.0895625198829
0.101898228653
0.0688703264005
0.0723034516994
0.0195384614899
0.126670765401
0.0314397499547
0.0697511820072
0.0985374659546
0.0381091296527
0.0858808900839
0.0520032566991
0.0845033598355
0.0742936992798
0.0653468283669
0.0642920033148
0.0815217778274
-0.0416599688968
0.0113340985259
0.0826706159093
-0.0135595366017
0.072615646331
-0.0198483559585
0.0820961774567
0.0364347667637
0.0612762093943
0.0790464766455
0.0395888545917
-0.00239780286669
0.131851016952
-0.00232558055766
0.0236335371711
-0.0531203475283
-0.0104267994129
0.0264221018763
-0.0447354925403
0.0567104779616
0.084772576524
0.0161786575196
0.111804151001
0.0460362727747
0.113421987733
0.0437558528628
0.129140590232
0.0353545889198
0.0911573060392
0.0621955469113
0.122046525867
-0.0442556663191
-0.000908622730605
-0.00783214516751
0.116764469406
0.100794561727
0.119919940129
0.0348823014153
-0.00761502951775
-0.0270547646422
0.0582850002258
0.0704592561863
0.132597987928
0.0358271627366
0.0797688951919
0.0552261792117
-0.0621242333516
-0.0174686526593
0.0400079252923
0.0296596125859
0.086979884962
0.0121757480932
-0.0146995085606
0.0327332869509
0.0466612628693
-0.00348180256001
0.0621736450363
0.0336576748566
0.00232489890033
-0.0561475334756
0.0349232646508
0.0768923210431
0.0644102884814
0.0438810014434
-0.0176297083051
-0.0451224368321
0.112972812056
-0.00253596468629
0.057924724147
-0.0119135054395
0.0372271096443
0.0168623499644
-0.0431648004276
0.121086581459
0.00686712256784
0.130852088679
0.0397309356931
0.0430328912721
-0.0515480384453
0.0683922682522
0.148049795694
0.0576710128977
0.0427583840554
-0.0200316765501
0.0512834064601
0.0446312000569
0.0214291124623
0.0685764476085
-0.0498309370475
-0.0932846494438
0.0795181508109
0.079040871943
0.0732169299334
0.0434896874034
0.0450867680457
-0.0127247638483
0.0159299611582
0.11505838026
0.0330060318144
-0.00760628766703
-0.0325645605361
-0.0223364502639
0.0363557499897
0.121250580462
-0.0231581814632
0.0283116955506
0.042460438074
0.0688620090014
0.01531707005
-0.0218860011966
-0.0585304501314
0.106572163082
0.0700892890764
0.0681611287946
0.00359267703178
-0.0648976759299
0.0906617429768
0.0697890526004
-0.053190770599
0.0600579484053
0.101518069669
0.0278105862701
0.0652280835408
0.0729702210803
-0.0040741739174
0.031072056808
0.0967368767019
0.108053274212
0.0576887160896
0.0682766463449
0.125089820865
0.0719741328608
0.045955751031
0.0624364544809
-0.0836664000076
0.0277456162902
0.00618497504602
-0.0287086081853
0.0390677718557
0.0981716980687
0.0062543938848
0.0736023902453
0.119799447602
0.0257777154601
0.0524782310634
0.0831957265944
0.065827191762
-0.0329152222444
0.105136927185
-0.00763075053997
-0.00235681222256
-0.0576543796847
0.131259009298
0.0595903544356
0.0943085433656
0.0603732068019
0.0503556424044
-0.0547244673272
-0.0913860828749
0.140703903002
-0.0410991826126
0.0856656592305
-0.0483082510385
0.00234773632576
0.057033178121
0.103839974796
0.0229689318673
0.00395734077759
0.0826288249867
0.0290225432276
0.0431585139054
-0.00065676622822
0.0615539212797
-0.0111237199374
0.0278967149965
-0.00135611668363
0.0387273722679
0.109354523662
-0.0213939964506
0.0892816755347
0.119668045234
0.0728171767223
-0.0240417934401
-0.00191221598831
-0.0110691896895
-0.00699377523718
0.0749576515607
0.0885873504849
0.0807050311938
0.100078235795
0.0116125341006
0.0976984147136
-0.00257603907853
-0.000565475098742
0.0186759497554
0.110674549693
-0.022634409053
0.0790063365361
-0.00256574459199
-0.0648937696237
0.0469094692586
-0.0415351496106
0.0610923037875
0.0677272551703
0.0340118565992
0.0225249704174
0.0834817491494
0.0413599301356
0.055408576481
0.0803775618809
0.0698307901078
0.107986881732
0.0383687157867
0.0488316233421
0.0906089555226
0.105972085335
0.0341970603623
-0.010285061713
0.0509337761389
0.0757735543586
-0.0233730935797
0.089941153244
0.0579366230726
0.0151537980163
0.074896055219
0.114507977667
0.0749139439982
0.0581616430555
0.0525781746105
-0.0208717545792
0.0406982685708
0.0533977692811
0.0818751732419
0.0100273790942
0.0813851392026
0.0757072252719
0.0969765349135
0.0538237731087
0.0685107012883
0.0652960123891
-0.0444082687328
0.000590125316605
0.0241578798219
0.0966044256783
0.0487895978155
-0.0351835299544
0.0632658791173
0.091497852443
0.0789867299831
0.0100213247083
0.0463610757076
0.0113443902586
0.128033764287
0.0484697911392
0.0101765657538
0.0367944860085
0.0174119144657
0.0431665156498
0.0774945753517
0.0116682284138
0.116145230834
0.0656424994043
0.045913984103
0.0319593969762
0.129950424446
-0.101748578513
0.0939163369956
-0.0647501620862
0.0177303000903
0.0433952379611
0.057637616879
0.0835412724576
0.112853923241
0.034236056455
0.0571703781068
-0.0248251404765
-0.0457476617852
0.0161644159363
0.12605655333
0.0680486127373
0.0421689433975
0.0159500500501
0.0612078338907
0.00843429906125
0.0683137097834
0.00482672756837
0.0549933651927
0.0439144703472
0.115855541467
-0.00393580207389
0.0360938319508
0.0581591700392
0.0593892947486
0.0872991045811
0.0292818278195
0.11827581366
0.073555667047
0.0902671710696
0.0153604673375
0.0381241124386
0.0475900704799
-0.00050136027258
0.0888716452656
-0.050777103613
0.0265094402404
0.0721342152303
0.00261592723384
-0.0360992585281
0.105319570612
0.0601694619784
0.00226134468192
0.0326155566416
0.0513904071667
0.0321047574483
0.0743404732169
0.0364618353766
0.0320784727208
-0.00588907401914
0.0427024427644
0.0362064144167
0.0682533027695
0.0625713763287
0.0678885911126
0.0815448729298
0.0936955767353
0.100705350002
0.0741351251097
0.0243820471617
0.0101193893619
0.0708619369483
0.0725644119424
0.139371284641
0.104479189648
0.0892151941363
0.0129979032353
0.119399425149
0.0556171805415
0.0734784307496
0.0994338136682
0.11365452876
0.072420525168
0.0883232649402
0.000766877212747
0.0872679199861
0.0434681051098
0.0937512107142
0.0982562778151
0.0357456729166
0.043931017063
0.116706908829
0.0270491415515
0.0400325855533
-0.0157671115104
0.092942119034
-0.00140619939501
0.0298631710484
0.0916000147823
-0.055635502705
0.129628921658
0.0960124664656
0.0428437354264
0.101451358054
0.0444031536329
-0.011908225814
0.0303468886188
0.109897406969
-0.024638026961
-0.12616146971
0.0940478714723
0.0531950856027
0.0595256272068
-0.0466054545094
0.0116528780311
0.0841393473538
0.0659488579906
0.0983140062536
0.0734200998208
0.110520187795
0.0438383682087
0.030672674221
0.0644907694259
0.0859587767287
0.0918863801353
0.0391688199425
0.0565364692972
0.0870795160139
0.0886270330676
0.00167314045179
0.063391584583
0.0809438093491
0.00066564759554
0.0866473614622
0.0777667957663
0.0302240614769
0.0502903531778
-0.0117156877004
0.100161263706
0.0619478758068
0.100794687885
0.0753015786698
0.0171349831402
0.000310363673346
-0.00868395181238
0.0836239181205
0.052301243696
0.0517411112109
0.106583877772
0.057226640991
0.101223115986
0.0361138938071
-0.00339652388324
0.0849555184939
0.00551759081519
-0.0692103724206
0.106416916888
0.0909303855125
0.0213630720111
0.102371090215
0.00310085447876
0.0569882116112
0.0707794741455
0.0436685473019
0.0370822070509
0.0738128411913
0.0885574930785
-0.0106139509924
0.126041946576
0.0201951411919
-0.0750870283304
0.0633657311967
0.0699590135119
0.00270312755731
0.0721497482122
0.106104675531
0.0535079686934
0.112200757838
0.053505692291
0.0312663483369
0.0683839120456
-0.046500859103
-0.00947868408091
0.026121891081
0.0938573584764
0.0523460350058
0.0880290589828
0.061970653306
0.12456220331
0.0760940843632
0.0734406713424
-0.00126978355916
-0.0497524446139
-0.025289297966
0.0274488167723
0.00678232304254
-0.0165592942867
0.085459530346
0.0205944644707
-0.00819080837172
0.0321407442166
0.013852933748
0.110995359158
0.128540673888
0.0241974249459
0.0596759572543
0.0215570456285
-0.0014774351694
-0.0575497829791
0.047324151333
0.0935360686852
0.0383326997271
-0.0330742195767
-0.0410937830559
0.0451735299205
0.083579596673
0.0124036089066
-0.00891300225198
0.0247354408477
0.0869036565674
0.0422495778356
-0.0333719310017
0.111836131922
0.0818355247462
0.110909442243
0.0113116566228
0.0413435921822
0.104494516151
-0.0745069145428
0.116171969063
0.0191478496546
0.0792979949637
0.0647139083843
0.0683106993905
0.0677067213329
0.0415289903219
0.0680023407464
0.00807329285992
-0.0079835974681
0.0626700495802
0.0171271473556
0.103988096426
0.125789914099
0.00698863182439
-0.00630259315334
-0.00768064854417
0.0708086977719
0.0604942491087
-0.001089198677
-0.0175895316426
0.0836547545889
-0.0110026911007
0.0815907447661
-0.000973630189399
-0.0184909500132
0.0431732129216
-0.00806466309163
0.0784137902896
0.123610114681
0.125599705326
-0.0450206258399
0.0370723538671
0.0944378901115
0.00798136395915
0.0849214839154
0.0463827867475
0.0344879848377
0.0886512338407
0.0564804068968
-0.0843087247491
0.106546244409
-0.0209043568405
0.0556527036888
0.103909573414
-0.00113802728708
0.101979553325
-0.0558782284081
0.112732613958
0.0745510029338
0.113734281325
0.0125739576009
0.00251312515031
0.106473938007
0.0490735679854
0.0505825913966
0.0382757658074
0.00491371258544
0.0897300798377
-0.0462348559217
0.0495585322748
0.00274037050221
0.0390657004931
0.0710886085787
0.0908193202843
0.0835478186
0.102120207457
0.0220528328065
0.0658571370638
0.0159014675618
0.0668666182366
0.0517245669303
-0.00885562420528
-0.0198401707063
0.0252323242214
0.0305743357174
0.0994572409904
0.0306871007977
0.121774609388
0.033671845455
-0.0460692961656
-0.0691818836664
0.104486368033
0.0271601957813
0.122167130905
0.0837916047883
-0.0127136199193
-0.0872680690605
-0.0139410085437
-0.00379509653326
0.0296018301617
0.10169148039
0.0365362148366
0.016092799426
0.0535887796751
-0.0242372394896
0.0549703885988
0.00758493940711
0.135434235357
0.0792236503956
0.0356931809981
-0.0196270839465
0.0510923733564
0.0229532925777
0.114733679037
-0.00511368603998
0.0583413609699
0.106794833134
0.0609184783885
-0.0158822353518
0.0931856234021
-0.0459993319565
-0.0499485581915
0.106696626285
0.051448995024
0.0527780935654
0.0518494874648
0.0663355156246
-0.0650060308922
0.107771568682
0.0135707406637
0.136377070509
0.055405986013
0.00864456349582
0.0797562641529
0.0188731103849
0.035205864408
0.0539269873609
0.0630936054482
0.100193724984
0.0766635304746
0.0697070590747
0.0205707422099
-0.0271552267108
0.092850267059
0.0510767087012
0.0727334552223
0.105893093318
0.0364984277811
0.0380901655831
0.0376936783435
-0.0188389004371
-0.0195041864318
-0.00213738418856
0.0764705513101
0.0686142462532
0.0798082643082
0.043494638555
0.0910438759846
0.0538774286959
0.0547925346148
-0.0132564365654
0.125080858689
0.0883370087384
0.0868530632236
0.0173353873436
0.0967974739792
0.00996725315471
0.0847266859094
0.0814374305776
-0.0274742029163
0.0297178663015
0.127436969007
0.0364569604382
0.0951100202517
0.0131236895174
0.0553703459423
0.0620765222578
0.075815176142
0.0840657632968
0.111038060547
0.0668956514428
0.0830203134344
0.0141490162966
-0.0904643688769
0.0811214004205
0.0527591305975
-0.116473910365
0.104795438619
0.0953324162186
0.0963354631376
-0.0164371931203
-0.0295201728787
0.103097797008
0.0500412618857
0.0685091855621
0.0165738437084
0.052437565488
0.0852594735825
0.0766829345767
0.0235015826456
0.000258162523832
0.0899549501212
-0.0130111508255
-0.0367317040501
0.0888647756133
-0.022139352804
0.0876133462075
0.068902888667
0.0455598152881
0.0266879502804
0.111180223872
0.0613128248922
0.0816105266198
-0.00750577890437
0.0384086874567
0.0519343952525
0.0584562769768
0.069201147395
0.0522773019806
0.103202083658
0.10084609167
0.063056799031
-0.0814377183309
0.0492910612816
0.0901799515699
0.0830206543118
-0.024573399832
0.0421459322997
0.00748449990308
0.0387860783125
0.0344714888614
0.016223561184
0.0935236716083
0.0472100732676
-0.0586425183306
0.0537689215473
0.0277886140799
-0.0725880475373
0.0291829679435
0.0308615712938
0.00381635496128
0.0388512904177
0.0777885288318
0.0943856182917
0.0807323914605
-0.0775110275008
0.0129440650559
0.0310154497127
0.0648893743771
-0.0174751471847
0.113948750365
0.0877072152177
0.0648788663142
-0.0616184815165
0.0294771257068
2.30844004836e-05
0.111523568165
0.0406626428123
0.0163553295619
0.091367350107
-0.070546673397
0.00591375911556
0.0764311811561
-0.010789512021
0.0978130863157
-0.0108101337862
0.0258922082729
-0.0389020714131
0.0682355735195
0.0642765030853
0.0487719915579
0.128560028752
0.0408050337625
-0.0331510770263
0.0200215579736
0.0793132293564
0.0532946397618
0.0208080613526
-0.0622144205465
0.0918708917446
0.0362137321685
0.106033597303
0.0145168636825
0.0576916079927
0.0510043940893
0.111988784113
0.102449657785
0.0976621382757
0.0415105224599
0.00829358907482
0.0486404947749
0.0754531959053
-0.0208099269894
0.140841742315
0.0418985525194
-0.0474320739647
0.0903333107716
0.0888766509092
0.0711149158045
0.0399395489434
0.13688690476
0.00395170480717
0.138199040916
0.102676316632
0.090941281297
0.0779364448044
0.0849032534487
-0.00984052270228
0.00242845998424
0.0213180200866
0.0674002538817
0.0190430134998
-0.0259912940977
0.121569512838
0.027991871547
0.0348451228649
0.0615769608832
0.000749989530703
-0.0201274930309
0.0565963780147
0.0361740835721
0.0622922226175
0.0568403419791
-0.0134401706745
0.116605062416
0.0180074032906
0.0660543103942
0.00958346018451
0.107159527902
0.127336934099
0.0858378334837
0.0830625410864
-0.0695074900742
-0.0837880888671
0.0920105910494
0.00197562626584
0.120380966447
0.0979844311163
0.105715385001
0.0759220199075
0.0102777331041
0.0867867457713
0.0597104692997
0.11588175067
0.0115522635235
0.0158228551459
0.0358806309349
0.0450000400011
0.047274772596
0.0649158479255
0.0170245687347
-0.0446535133882
0.0492078153447
-0.0108031203681
0.0609596660753
0.0646769498621
0.100518819381
-0.0430670812702
0.0676328410356
0.0751226848642
0.140182404655
0.104071223295
0.0515432592201
0.129462577651
-0.125303072373
0.0923326501992
-0.0284976305448
0.0140587648572
0.126457634169
0.118173189087
-0.0930745607777
-0.0205216923021
0.0753797085582
0.0645849357215
0.0306124303599
-0.0164295894879
0.00990036461799
0.105875326772
0.0445932556057
-0.02604648288
0.0510399456778
0.0868036046275
0.0810018939533
-0.00352759892784
0.00277795962378
0.103893575034
-0.0139832182629
0.0859928804996
-0.0549491755257
0.0545983435684
0.105520170351
-0.0287299910692
0.124465381293
0.0316490479925
0.0950286914576
-0.0157416623729
0.0801554657346
-0.0219170644889
0.132036579891
0.0935732224744
0.0365926838174
0.0346584575403
0.0607691558525
0.0483648897939
-0.01775970056
0.0295281127541
0.0499040238716
0.0545729768607
0.0105968020653
0.0677248965225
0.0952341289331
0.108834366366
0.0170521214803
-0.00642221133715
0.0546505059855
0.11323217862
-0.0289546249623
0.128180050478
0.0224417761412
0.0370434840041
0.0306437298101
0.0567210413624
0.0111400301032
0.0555714427779
0.137780311831
-0.0784866446667
0.0910075691612
0.0567208989561
-0.0747117322675
0.125919129254
0.0502449748696
0.0922881146623
0.104532253681
-0.0380196411309
0.0362308673908
0.0465827174612
-0.0564879340203
-0.0170290694133
0.0566221280041
0.0614024459825
0.0535872172327
0.13299491769
0.051167827265
0.0852140784982
0.139461110956
0.0677304605957
0.0428913581756
0.0163935997877
0.103847750307
-0.0210461777696
0.0623175785147
0.125914839189
-0.0144898146051
0.0616438863612
0.0859379001544
0.103159275476
0.0572789966024
0.0905735560021
0.0437561861439
-0.0094937961498
0.0409354878802
0.112585194844
-0.023279302646
0.114818306898
0.0303070096974
0.112607636335
0.14388177402
0.0247089747287
-0.0813284474779
0.0914861811215
-0.0484160878976
0.0502351134293
0.00551814912567
0.0582679382484
0.103886765619
-0.0638258903737
0.053644000795
0.0541408637418
-0.0612676864027
0.0980940678458
0.0434866234513
-0.0148262867306
0.0631279163629
0.116455212252
0.0376014265111
0.0736990032284
-0.0459886182947
0.0224059536822
0.086108764252
0.086278627503
-0.0388170408339
0.0993717466357
0.104879439775
0.0628555203838
0.106251920345
0.0855539837868
0.0306430718112
0.0739558594236
0.0119690616821
0.0195414039063
0.115842337539
0.0215214827561
0.0994196282372
0.0994338587998
0.0430484203473
0.111474516101
-0.0216843961831
0.0607128198497
0.0680315999852
-0.022090847647
0.093493381034
0.0683246943703
-0.0142506675795
0.00912365115656
0.0924452047644
0.147546835481
0.0219074561814
0.0294616935845
0.0338321775591
0.111604275536
0.0659294551147
-0.00698348485748
0.0468799168334
0.0832451693763
0.106471545524
0.0602327758544
0.108409071977
0.0846856181586
0.0410643406801
0.0724807750387
0.110101174386
0.0213174899929
0.085881945206
0.00927305403521
0.0829847656272
0.00124385251613
0.102189092894
-0.0131760637415
0.0159540183029
0.013218778747
0.0513717471212
0.0917167372103
0.0623561853721
0.0298154765669
0.0209293593798
0.0129598945634
0.0812893047744
0.0444866501821
0.0931534048577
0.0919293408842
0.0823663828882
0.0392274668316
0.0942720852195
-0.00332192571936
0.0434605511034
0.0231955197951
0.0671119973913
0.0860215741415
0.000217303029504
0.0777799759277
-0.029401047282
-0.105814293735
-0.0869398816139
0.039748135763
0.0762506487474
0.113236496485
-0.0169962700379
0.0889021459976
0.0659979503462
-0.00205705217718
0.122178715248
-0.00109335905514
0.00136536049703
0.0630219779641
0.0643632029779
0.0156948368024
0.0841349615264
0.0189984657244
0.0898898071894
-0.0118424901708
0.0529473024259
-0.0152949981323
0.111958628717
0.0630014510033
0.0267288359367
0.0505627663639
0.0465690529258
0.0165411410043
0.0470658256294
-0.03681702447
0.108035859063
0.0947961991173
0.0548021070638
0.124889932228
0.11069423202
0.103059786634
-0.0332648179674
-0.0514476063736
-0.00796595168092
-0.0429457153606
-0.0411557223403
0.0541014147885
-0.00735122973728
0.120273900746
0.0847586902753
0.0650211650553
-0.00507818521114
-0.020874861045
-0.0362868628196
-0.00638587495402
0.0648228707819
0.0379809951378
0.0996370304297
0.0324551929074
0.0257745903601
0.038898691346
0.0387282598123
0.0953257117551
0.0550074608688
0.0484456197478
0.0507010385614
0.128161039422
-0.0443775372349
0.00900466163128
0.0768943610963
0.0428786149015
0.112223223765
0.0570376165947
0.0444854999903
0.111857590874
0.0332733543563
-0.0142824549336
-0.0854535863048
0.0161526392459
0.055256607115
0.00688914180018
0.0759290614549
-0.0106868992602
-0.0078733069574
0.0503840929925
0.00487788518913
0.0089161032721
0.133561362862
-0.0409794270033
0.13401784491
0.00711692929722
-0.0495103865227
0.0815546120753
0.0204511923248
0.0759440318413
0.029229248496
-0.007594849604
0.025106717364
-0.0484737841465
0.0497085948365
0.108097578026
0.0626219217906
0.0487446786424
-0.0936064640748
0.109718869671
0.0345529841554
0.0038660570808
0.0794189755389
0.101392292826
0.0458706176317
0.00415004420222
0.102000515033
-0.132400496231
0.021578175098
0.0949990127924
0.0480944998459
0.0889806517167
0.0466845867441
0.0457088406198
0.0536660077213
-0.0399656592063
0.110679014982
0.029343180152
0.100487299157
0.0502625700631
0.0549364620574
-0.0109465904383
-0.0288732674905
0.0078041486259
0.083387434978
0.0929301426109
0.0315019497316
-0.0350627478493
-0.0241963580451
0.0264177939982
-0.00563798321566
0.0445462766775
0.0759664174364
0.0878866796301
0.0812703568018
0.012147511348
0.0521006974774
-0.0244259153303
0.00395867094967
0.0769669839541
0.0918781370723
0.0628340003409
0.124724898207
0.0742474444082
0.0217291660579
0.0048021181366
0.124733200387
0.00211682394878
0.0637110267252
0.0496029967753
-0.0166560551318
0.0937577754265
0.060997245305
0.0506535387154
-0.0335987719207
0.129937056365
0.121376505545
0.0220311288642
0.0508037400309
0.0413802017555
0.136918640558
-0.0215292423348
0.0314152504347
-0.0203072716573
-0.0371172511109
0.10087820574
0.0982509584891
-0.0233751331837
0.0244064761137
-0.0166868243586
0.0875352278978
0.0850653081883
0.0126368062155
0.0335203374617
0.0723805609876
0.00214476836457
-0.0155617642033
0.0749998869207
-0.000511680754636
0.00627883017539
0.053724085637
-0.0343237810245
0.104260051694
0.101063619094
0.00380919378247
0.0318189930311
-0.0227677845647
-0.0665333243619
0.0463665756315
0.121283590111
0.0865599105721
0.00643743158387
0.00543073425168
0.015982082829
0.0218534762849
0.0505157876601
0.0811098120667
0.0499313907074
0.0701868346082
0.0911170069046
0.0159616897434
-0.00524691788499
-0.00671946216788
0.0518791421273
0.00650473180273
0.049509383302
0.0354028814175
-0.0399147394056
0.0330742210505
0.0801447995978
0.0350286310538
0.0540586403111
0.0852035302713
0.00996172098438
0.100272568178
0.0424173412367
0.00826068795492
0.078868368423
0.0392085153313
0.066474403025
-0.021325187058
-0.0244390551418
-0.00266818376623
0.0573601555709
0.138022271124
0.061334822081
0.0975280889955
-0.0509494011008
0.004948582736
0.125144988598
0.00573077443104
0.09419816054
0.0730975238556
0.0832465140249
0.10697098179
0.054877261121
-0.0100933334095
0.0397335346856
0.116723833498
0.063952783666
0.111135522536
0.015203950161
0.0560822533308
-0.0177363002872
-0.0550618890983
0.0950551348694
0.0530726703861
0.114911010935
0.00674833243988
-0.0739788121249
0.0169296060752
0.0857370719485
0.0707941352036
0.131111044323
0.113980888961
0.00809139916974
0.0811114679262
0.0484216728412
-0.0849923606497
0.0408931004074
0.112966087018
0.0184535299171
0.143519927421
0.0332692970589
0.0354584787171
-0.0787510685491
0.0947172639494
0.135227588033
0.118070336948
-0.00180145266242
-0.0618286419483
0.0378184640531
0.0522709615968
0.0334348519283
-0.0309362220676
0.0537252427164
-0.0581864722251
0.00988760893382
0.0302619092834
0.0980733633242
0.0334402098835
0.0708360939042
0.0280733463711
0.0576082086327
0.0405438634737
0.0588750231083
0.0888930843624
0.0829867025271
-0.0791978077019
0.0949038040821
0.0902175842885
0.116280572585
0.0249792807087
0.029902952106
0.0509761856582
-0.17134533167
0.0519862645883
-0.0201913230173
0.0787129575688
0.10005294681
0.134874921101
0.0174513658624
-0.0495533882424
-0.0138365036687
0.0382090565901
-0.0142646229903
0.126404194233
0.0944443886189
0.0457664005024
0.0679473165926
-0.00230568015235
-0.0370410781475
-0.00223791862922
-0.0431160151215
0.0816926022157
0.0875845617405
0.0499010909236
-0.0110461985525
0.10335870852
0.0815852695759
0.0711539486698
0.0971089284561
-0.0141524407386
0.0544049021839
0.0555650120993
0.106292596064
0.0419762889645
0.136658257786
-0.0348262595937
0.023786793173
0.0895858551961
-0.0370850615674
0.103520996414
0.0823865683912
-0.101199369937
-0.0147361106187
0.0167692355039
0.0971538289787
-0.00161578570867
-0.00475588246583
0.0650931946386
0.12343698332
-0.0123777373643
0.0718579875944
0.108821274051
0.0408914855081
-0.0166935499949
0.0651696245793
0.0521579391695
0.12277934584
0.0845053830915
0.00563121657833
0.0205063683271
0.0476916912104
0.081998983464
-0.0284335008709
0.103473111979
0.0338838272971
0.022241013087
0.0659755807556
0.00590358520986
0.0866403296414
0.119857804437
0.0389110258936
0.0298962490706
0.0950184135415
0.0545192534176
0.0558664014765
0.11724744971
0.131979790035
0.101623836217
0.12239054214
-0.0224297267115
0.0686899903912
-0.00640632302962
0.079644511523
-0.0332112122476
0.127599928757
0.0500580152216
0.00898910966013
0.13418117285
0.0827775406357
-0.00494706540962
-0.00755314181594
0.0338625648991
0.0694203912
0.00930328241263
0.0286125379525
0.0988454566509
0.0784719227774
0.0114149793745
0.00461712026401
0.108068990953
-0.0318276320432
0.0434170062528
0.0368271112692
0.0720182096524
0.0185848606808
0.0952083488429
0.0475878651946
0.0477288290662
0.134371203042
0.0486726794461
0.0486056653586
0.0935341215489
0.0602767916762
0.0127702475134
0.106380980554
0.0380714004041
0.100824006286
0.0230700529957
0.0459989501823
0.0112979423093
0.069625905982
0.0160235748589
-0.0423886120959
-0.0649652505847
-0.0679457817788
0.0995694450463
-0.00533538665614
0.0443589482338
0.116174812379
0.0613568299342
-0.00627283687854
-0.0441887357442
0.0782849057013
0.0608498505562
0.0969440826918
0.139258924922
-0.0835432366532
0.0115517129505
0.0519315392514
-0.00796718157506
0.05628770398
0.0706767390444
0.101832139451
0.0169292378519
0.0780457994839
0.0121319093507
0.0964996017756
0.0545619544279
0.0947091582539
0.0770753326406
0.0143459914447
0.075804902546
0.0440343995443
0.0537020473427
0.0131128821314
0.121268497037
0.0988398957888
0.112490427692
0.0868263709509
0.0517732895874
0.119712646735
0.0317720174046
0.0160354308233
-0.0610484526633
0.00768201065799
0.015914330145
-0.00249352995906
0.0831822363551
0.0752696407529
0.0301872731211
0.0140547978293
0.101409783834
0.0350675215987
0.00226474578602
0.107723617454
0.0198481267093
0.00362680975194
0.101166187119
0.069052127863
0.0164095323849
0.0630142068186
0.126371796404
0.0236614027189
0.0537572949591
0.0180006995717
-0.0301391072432
0.131725756137
0.00178566448289
0.0823717428606
0.0808261214115
0.00362664443916
-0.0234933232306
0.116911920296
-0.0134984037702
0.00344911280661
0.0577453928353
0.0918169733509
0.0739987913877
0.122899451706
0.0492168181275
0.0637767224557
0.0969967316789
0.0314861336713
0.0285154002488
0.0119854025396
0.094794474288
0.0158212307385
-0.0642719533438
-0.0858263840464
0.0641560131845
0.0356875068081
0.0454014334824
-0.0239837000309
0.0597438752713
0.0642542110419
0.107997096334
-0.00546678146774
0.037556633692
0.0226954772111
0.052471386745
0.00306229727811
0.0288069945481
0.0400151489778
0.118054879351
0.119316298962
0.0257349933034
0.120728112457
0.0297907401521
0.0411505868798
0.107506685828
0.114647201111
0.102049171796
0.0888648096037
