-0.00319075751865
0.0611485568282
0.0732863177046
0.110767160263
0.0847020025799
0.105159350999
0.0235326453462
0.00597717802316
0.00693994411917
-0.00509091427756
-0.0129836172428
-0.123525120997
0.0407410402085
0.0792804308722
0.00395346008376
-0.0110113477437
0.0594052738574
0.0112918772921
0.105562321213
-0.080224160375
0.021095917648
0.0693721384535
0.00839881749477
0.0143312290663
0.0134853835614
-0.0423055134818
-0.0328052688812
0.0808777402165
-0.0285205160635
0.0782000142423
0.0509125411597
0.0177481463937
0.0446501814892
-0.0464657772518
0.118537833676
0.0849452453035
0.0537570673518
-0.035774691751
0.00652175933232
0.0645963288181
0.0206359932551
0.00882258288144
0.046579701911
0.0114898141263
0.0220414288433
0.0580398380791
0.0344208128275
-0.00185097874553
0.117826796745
0.0651958529092
0.0295935593163
0.00369088113123
0.0401312450005
0.122865843575
-0.026209774272
0.0620056805498
0.0770260242379
0.0663324053167
-0.0523266432031
-0.0152739474859
0.0518516349493
0.00675957926905
-0.000951876075959
0.062489261227
0.0762659072495
0.0343151475346
0.0332246275824
0.0802636489494
-0.0559542601253
0.00534361573802
0.0845752522455
0.0673676219847
0.0319861553195
0.0502933442012
0.020813279807
-0.0514457185908
0.034934214299
-0.0219833202712
0.0857714465411
0.0555713396974
0.0853047734642
0.101467366298
0.104811779588
-0.0364119843369
-0.0462820536461
0.0741887974256
0.120702781807
0.0468191038775
0.0646490457702
-0.0346457247446
0.0932801622295
0.0680484017468
0.0813140829551
0.0795228283731
0.0975133075895
0.0698177587921
0.0113806350503
0.00185993271207
0.0167656767706
0.0317523377814
0.102855271788
-0.0100299184908
0.0386333986633
0.0346647555501
0.104433078698
0.0182126935008
-0.0156672439033
-0.0815675272117
0.0660789898842
0.0180090911751
-0.0205412500076
0.0555466457991
-0.0205327473879
0.111789903383
0.0111918150198
0.113480550417
-0.0397936785093
-0.0814727096795
-0.0462872265037
0.036315297737
0.0359011719186
0.0798801598404
0.00806634887203
-0.0482093921381
0.0942350945396
0.0569723761073
-0.0813309433164
0.083291869685
-0.0288128263795
0.054437074515
0.125884263578
0.0509156745527
-0.0493292282965
0.0557079589996
0.0412605091343
0.0290737525255
-0.0540340394689
-0.013428127324
0.109938586798
1.86942616587e-05
0.0516505657096
0.0624253071438
0.0721301576511
0.015664327857
-0.0327362001001
-0.00602127036547
0.105328464241
0.0612356339212
0.0570645852364
0.0623255943956
-0.000920639814046
0.0684552482503
0.0213279951698
-0.0122999204698
0.0113879849298
-0.0454244212208
0.0843878242533
-0.00298696872176
0.0938777521344
-0.000209127147569
0.0558613661937
-0.0274588567977
0.111860478334
0.0567725870357
0.0702291476594
0.101248384672
0.0767789400349
0.0140783627181
0.0124208942629
-0.00592245208045
0.0289462189858
-0.0295372551943
0.0460922267673
-0.00383884869624
0.0972355882058
0.0743870771903
-0.0289846259548
-0.022416982795
0.0131623681707
0.0440362982329
0.0117449223294
0.106085309057
0.1167532203
0.0613770407346
-0.0674340635272
-0.0238000113408
0.00826997078206
0.083108992278
0.021285227931
-0.0300941366199
0.0785987459529
-0.00395138854805
0.102421124997
0.0986870667171
0.0505649743396
0.0935083184855
0.0776855475395
0.0945458448591
0.0555865081103
-0.0284365303292
-0.00359626802532
-0.0154384744168
0.0588604534786
-0.0317918568733
0.0909407359221
0.0935675609908
0.00911688904145
0.0802936925542
0.0424593621203
-0.0797585426459
0.0214468085916
0.124310061952
0.0686631158896
0.0469807671896
-0.0663317968036
0.027962431229
0.0848966371887
0.00681569993054
-0.0635217519194
0.0121130590679
0.0804318450977
0.0971681162301
0.0490686730654
0.0121869119722
0.130303816476
0.10562949102
0.0293843134495
0.011124898633
0.0787345799676
0.0331500393187
0.129942932918
-0.00436265184102
0.136608612553
-0.0278895254583
0.0599329251914
0.0463703328264
0.0934710199949
0.0803895066866
0.0543086261075
0.123203109218
0.0352761193452
-0.0114793380466
0.0386607299586
0.0203121869359
0.0548369294985
-0.0976206759449
0.0709022379197
-0.00944848127846
-0.0410875091623
0.113256481922
0.121862803609
0.0480229902175
0.0798850452724
0.0935207382702
0.03819907551
0.0786283756495
0.138625272828
-0.0363671758062
0.0828947388274
-0.0798027039074
0.00970766304677
0.100518012483
0.0133105623346
0.0644786537415
-0.0222550275331
-0.0339670109276
0.0270183422436
0.120340122636
-0.0114123972956
-0.0199861830804
0.00724582813426
0.0108066651016
0.00464688905333
0.0148058606977
-0.00277323853045
0.128984639549
-0.0238447620227
0.0664826369741
0.0576580089107
0.0308841372944
0.00819272831016
0.0509063223927
0.0755226644119
0.0748679378711
0.086217329804
0.0807307843131
0.0780901336907
0.0211902593794
0.0130320007227
-0.000834161137726
0.0340924309924
0.0195214755938
0.00498700970771
0.0829484455632
0.116759567368
0.0510385366458
0.010838883477
0.084390372284
0.072971728705
-0.0220445855975
0.0307419608911
0.113628792466
0.00161074437035
0.018472594185
0.0516348385125
0.104543045911
0.0258701194532
0.0818830706619
0.101196057591
0.106939854531
-0.0039542508539
0.0870220536097
0.0250215199668
0.116043878497
-0.00870234251587
0.0488255593143
-0.0436859085929
0.0487976960898
0.0336838291271
0.0887361332309
-0.0640049386951
-0.0623108388368
0.0106888588548
0.105734361412
0.00150612161721
0.0208595502715
0.0138804646038
0.0341797900225
-0.0199662167835
0.0245931779872
-0.0109236307131
0.0744227983886
0.0472188311052
0.0262200232908
0.06301732574
-0.0278148750478
0.0759551126213
-0.0053483496101
0.0765350621174
0.00160612094514
-0.00796933786211
0.12318888993
0.0663349793548
-0.00675435649528
-0.000380924855142
0.116466588825
0.0564486714536
0.0218261101596
-0.0353556579476
0.0341603050078
0.0593515340609
0.043683097063
0.0119093641545
0.0910846000069
0.0366275377341
0.0672778490021
0.0134708629461
0.0053230329068
0.0779650491144
0.00488459894894
0.0378566312123
0.0106699168366
0.0113595982656
0.0567228859715
0.0321434481444
-0.104768414257
0.082839902352
0.125489824775
0.105611710534
0.0486693059965
0.0517392759506
0.07641197429
0.0739865442234
0.049656697244
0.0480566817061
0.103405814041
0.0764784706616
0.0963496038444
0.0558119240589
0.0791419681736
-0.0644347136149
0.0377629079426
-0.049730441023
0.0522399713298
0.12680995573
0.103718740771
0.0457925847935
0.0426467575149
-0.022973181019
0.0103771514679
0.0229069429366
-0.0462655033006
0.0460279103689
0.089243345029
-0.0205256812289
0.0727213663608
0.0348980691763
0.059900615146
0.129742215458
0.0119029532331
0.0533626005208
0.136923975784
0.0968478533578
-0.106471967127
-0.00323170694682
-0.0452240112265
0.105445240836
-0.00789944836765
0.036254955896
-0.0186676183885
-0.0140926865435
0.0147418453664
0.100541734614
0.0310256507463
0.0720001418325
0.104527185774
0.0647995256031
0.0984463213831
0.0344444049907
-0.050350354917
-0.0102342389644
-0.00503085366587
-0.0397077649799
0.138411386457
0.0291164741288
0.0555324168342
0.0847403348075
0.0791112805795
0.0155163399412
-0.0111334690416
0.0921457428969
0.0418034981457
0.0676907440057
0.0345527160167
0.132577284926
0.0607928347862
-0.094377812757
0.0584589546146
0.077481266465
0.0842971757068
-0.0960762203346
0.0783341233168
0.0193622037003
0.0847858235908
-0.0164824373179
0.0355852842421
0.0221684868652
0.0981191724035
0.0715846492143
-0.0743611331889
0.0941918099925
0.0514970890228
0.0650634045022
0.107235399869
0.00634185351692
0.0831759262323
0.0789993371073
-0.0183499867742
-0.00307788622509
0.072709573373
0.122187129782
-0.0287789432631
0.0442017239057
-0.00309568923361
0.0711040889807
0.0721342427437
-0.0314215611964
-0.00865729029258
-0.0154986545364
0.113244755032
-0.0404564181098
0.00316106689613
0.0196750467184
0.0543409252253
0.0310221181087
0.0348011494335
-0.0150167835264
-0.00449210345225
0.0502797763069
0.0653774816224
0.0621239424967
0.0673357701426
0.105696505219
0.0769967824725
-0.0437861723736
0.0690893140528
-0.000131828166374
0.0541432522212
0.0417337614698
0.0256646813793
0.107707212096
-0.00823503242906
0.0989692479905
0.0352440926206
0.00730345285391
0.138977254343
0.043015713928
-0.0157195535003
0.0632075803092
0.0647128043139
0.0720153880457
0.0101182290095
0.104726255741
0.107768120255
-0.014644474061
0.03442473202
0.0382895841397
-0.0392793834418
0.0766074009661
0.0576674153244
-0.0571414510567
0.0960732299953
0.0592659952478
0.116404798211
0.0624796043078
0.0537342174281
0.0417856060261
0.112499322612
-0.00640131304954
0.00115993485379
0.0190484868752
0.037333965184
0.0226440238412
0.112342410036
-0.0148424940701
0.137051154018
0.115280997881
0.0662803816683
0.0775379245723
-0.00392884643604
0.0822790705022
0.0316135460562
0.0436180812779
0.101275152302
0.132733883508
0.0450837773192
0.0231885962427
-0.012187646473
0.0629839913539
-0.0498047680084
0.0826840876258
0.11187762737
0.00957359462875
0.0186258688115
0.0521048114945
0.0486859858765
0.0613934179957
0.0268706893086
-0.0206348409442
0.0858832757251
0.0712471925246
0.107798529481
0.0458691623369
0.0136221261276
0.0721466643752
0.0494388388438
0.0206128497406
0.0788382462789
0.0927465411878
0.0179325944201
-0.00926002732944
0.0696150675055
0.0706978603052
0.121846728251
0.0677842252831
0.0123172975522
0.0742251441877
0.0653465261727
-0.000624949762914
0.0290013074803
0.0165807330543
-0.00666509918142
0.00536130723422
0.0101929329689
0.0865523584554
-0.0474233448335
0.0126546785949
-0.0374584793403
0.0378149222013
0.0266890791831
0.073417296738
0.0151476506294
-0.0708645415729
-0.0457174948024
0.0724609064403
0.0732125911966
-0.0654860207609
0.106500468516
0.031229365131
0.0979118835351
0.0869546524489
0.0126450723447
0.112108551719
0.114126343378
0.120820470561
0.0307074085601
0.0986859541218
0.0892698160487
0.124507660097
-0.0746483277471
0.0266951051845
0.101542035193
-0.0380125833204
0.0338584409626
0.10282633044
-0.0122836913739
0.0812554104621
0.00563604394307
-0.0270449723993
-0.015498170933
-0.128682041914
0.100517374873
-0.0150017132362
0.0520574500277
0.0731659830118
0.0123386123369
0.0531641498187
0.0998778105269
0.117933059796
0.110976124073
0.0811956350159
-0.0187072657837
-0.0309783850809
0.088761534728
0.0698094577919
0.103262117812
0.0580331875627
0.0582311879941
-0.000521689290405
0.0633150283434
0.114902738302
0.0876919961804
0.0875389990016
0.0583836489157
0.0326857732168
-0.0681993384562
0.0602518805202
0.116695320081
0.0603759831106
-0.0141417358066
0.114370362242
0.00781399330016
0.0151216707936
0.0532297376526
0.0173242548049
0.0864563260973
0.0334846696309
0.0684325622289
0.0582699333698
0.0691063062168
0.0964657637236
0.113833561815
0.025639602455
0.0377745312333
0.0190629687583
0.0556180523187
0.0268378892839
-0.0149807355332
0.0865117852919
0.0842651250001
0.00412101908726
0.0468698544696
-0.0193472090185
-0.00684782675124
-0.0118137851947
-0.0112585397145
-0.071932482634
0.111919042046
0.0353204363376
0.0654819735352
0.0897234366865
-0.0928508472852
0.0810819932153
0.00181979335534
0.117600364321
0.0224745912475
0.0920330710752
0.0181769412286
0.00799254562406
0.128987459194
0.107126983405
0.0173829781196
0.122042511691
0.12279593638
0.0840113193808
0.0833913039631
0.0781480572326
-0.079176696743
0.0719347805712
0.11397830652
-0.0316266424054
0.041477783723
-0.0130665014153
0.0616023388196
0.0213327713394
0.0152076655374
-0.0112739421454
0.0482926717548
0.0241012498024
0.081320341106
0.0950029440583
-0.00675022540059
0.124625573121
0.0221230705057
0.0651656785256
0.120096810333
0.0511072099987
0.0261837073535
0.105132129977
0.0227706883796
-0.0232248060282
0.0426739198521
0.00357624114033
-0.00655344052244
0.0992704160523
0.0088736258805
0.0554087542133
-0.0348601025731
-0.0192160351285
0.119541708923
0.101765885506
0.0102153973783
0.0244143657207
0.04609838093
0.0271166834849
0.034017591609
0.017700877166
0.0344160994981
0.0735308112753
-0.0120574946213
-0.0272835969186
0.052033102173
-0.0124839448435
0.0742844821168
0.0589829797974
-0.0400360215498
0.0250753808785
0.0316193494471
-0.0299294519761
0.0921897766437
0.0326719209221
0.0766227074002
-0.0754161962432
0.10300579711
-0.000926905671635
0.00127830155698
0.103226933286
0.0714222550163
-0.00330830569508
0.133348245357
0.103581368597
0.0554090972654
0.0161477581912
-0.00174452783268
0.00793174208733
0.0884327344435
-0.0823997152487
0.00158623024386
0.0267854526727
0.0322959193232
0.071599079062
0.0574308418388
0.0835229321152
0.0833614410087
0.0690889382817
0.0908765053237
-0.0196663692849
0.0277449396499
0.0768255900192
0.126907040166
-0.0590520386947
0.108472819979
0.105214635987
-0.113898365775
0.107128702124
0.0577162366996
0.102461329417
-0.027967801008
0.0492614191554
0.0368809496942
0.0767911353173
0.0689323968355
-0.0257371423308
0.0143971321384
0.10600031302
-0.0272417560204
0.121996766026
-0.0116824704525
0.0503078218696
-0.0203863087561
0.0171612338595
-0.0171747909101
0.107022411048
0.0492033701643
0.0559328851214
0.0443576066685
0.0566406900213
0.132862585571
0.0854066487862
0.0367871429726
0.0428488254215
0.0399522509093
-0.00593215425252
0.0355441289862
0.0658967283814
0.0285772744521
0.0334506966137
0.0492307822915
0.0996016807152
0.0544185854615
0.0526421511705
0.0598555697235
0.0750555247274
0.0420090888071
0.0979088702883
0.0634419451294
0.0742527759477
0.062557837332
0.102529207846
-0.0182866046805
0.00838545227985
-0.0206950933017
0.0962053070225
0.0150905486312
-0.00356241651693
-0.0449995901927
-0.0129203898128
0.0829372696785
0.00487252225355
-0.00219389815771
-0.0259127553901
-0.0571451156315
0.0892331998029
-0.0311860966808
0.0528253203543
-0.0209728691075
0.0708456193798
0.0267295709743
0.0309475322047
0.115585407427
0.0202594666038
0.046132650822
0.0416452642722
0.0229879981126
0.10226328575
0.0540180560162
-0.00995667024159
0.0608921133245
0.122742995086
0.0153300948143
0.0311257809964
0.125039270197
-0.0252149430672
-0.0505502224243
-0.13194477669
0.113835336444
0.0387364926701
0.0721587042775
0.0115303256392
-0.0567617793927
0.0244638849835
0.0410859259354
-0.0275356256675
0.0182818541823
-0.0675414542029
0.138791836149
0.118397922931
-0.111765528614
0.000711014510692
0.119351185822
-0.000880602961704
0.0672303553349
0.0175506195686
0.0153139993176
-0.0247355776332
0.0339265834138
0.057510906489
0.108994784502
0.012423830264
0.0532095870092
0.07572079597
0.0926128327338
0.03927926276
-0.0150424164781
0.0618440547327
0.0395347627244
0.0772676589461
0.123663587377
0.013029119465
0.102210192143
-0.0721100933262
-0.164719357558
-0.0414827562561
0.104779536929
-0.00232878788081
-0.0024376676315
-0.085282302613
0.0755208128293
0.131138407894
0.0439190315527
0.064842054709
0.115879073492
0.0907592952016
0.0403163630156
0.0911520550669
0.0145842858107
0.0926078353517
-0.00323183825024
0.0286991644757
0.0601930821976
0.0312030983091
-0.0219047320106
-0.0376048539853
-0.0330076746433
0.0960739855853
-0.0216479189312
0.104585171694
0.110488726635
0.0413461921847
0.0286009318744
0.0407162251611
-0.0345940196799
-0.0145450588153
0.0163885071263
0.0592225494308
0.129542881606
0.000288718463565
-0.0251398402845
-0.0157753438524
0.0413583794054
0.0830092201052
-0.0829343666554
0.000549690512081
0.0149632791965
-0.0431312701454
0.014233032014
0.0442944830223
0.0783747864034
0.0274505316403
0.064535087329
0.0474644887598
0.10860481255
0.0456825518933
0.00600386544979
0.036651623777
-0.00911324524491
0.095036279634
0.0911935097007
0.0209827592341
0.068483166051
0.00821504503566
0.0760800471829
-0.0738398325537
0.116701370834
0.0554686047848
0.0200224382588
0.0349638720024
0.0351461020236
0.0911295039169
0.0397151205815
0.0776280338633
0.0901684625384
0.0410560997438
0.0729084751311
0.0066547533424
0.0240454336482
0.0948641296896
-0.0264889744089
0.0591632251725
0.0304352202776
0.098103284072
0.0718476075381
0.00358610256832
0.072422869101
0.0597324537283
-0.00105637735592
0.0495942469535
-0.00152537088289
0.0740811763122
0.138859675638
0.0297537566271
0.014494132677
0.0117179781823
0.0952078810463
0.00555748407214
-0.00354393689129
-0.0144493561965
0.120783984433
0.0335749428795
0.116798169068
0.0275607201392
-0.0240734408462
0.11639268116
0.0226269152281
0.000354787230728
0.10727559897
-0.0390052738743
0.0553549270652
0.056288687018
0.0868493327897
-0.00111706926339
0.0104265018104
0.0178492798161
0.0252314149171
0.075471127972
0.0476695515764
0.0793528299241
0.144550081334
0.110123916436
-0.0625583805294
-0.059149562052
0.103695745072
-0.0125537395149
0.0934254094773
0.00607844184961
0.105584046926
0.07460701234
0.110946875529
0.0767478574898
0.0881571180012
0.0285453082224
0.033556091111
0.072875538334
0.076141887717
0.102494179133
0.00595069614006
0.106294573048
0.0702558660276
0.079020104145
0.0429176758338
0.0985992895583
0.01609279758
0.0123280028403
0.0554321156598
0.140576977408
0.147943267546
0.0792811810667
0.0626834058377
0.0649036456083
0.0693338186087
0.0452686114849
0.0348430026932
0.0978703312261
0.0607673895935
0.0734097007013
-0.0134680311916
0.105661358214
-0.0220876813841
0.0814085421497
-0.0129055984653
0.101295206472
-0.0185531673109
0.125135035562
0.0628552781614
0.120458974864
0.103232200869
0.0226138170712
0.12064146053
0.0266568308334
0.0207657786216
0.105483957839
0.0297886297615
0.024764056055
0.114117834584
-0.00298876187551
-0.00743957222167
0.104681521174
-0.0288042432752
0.0482736834254
0.0172944534248
0.0531881782698
0.0948103789429
0.119538426985
0.0380373788491
0.0230764938654
0.0271488698239
0.0572370418948
0.092185388888
0.0120113152542
0.029615328832
-0.0524289044723
0.103070906517
0.0356004238202
0.0573255948786
0.0796372840375
-0.0683082648573
0.0181402993689
0.0142774620697
0.0479600368555
0.0800238349206
0.0415463764421
0.0343095398056
0.0396630779047
0.115601465743
0.0356933188213
0.0387659249944
0.0720394970165
0.10507136311
0.108699322634
0.0353624793838
0.0514656441893
0.00483248960193
0.0461177794126
0.0284829830683
-0.0996904317076
0.0895535522094
-0.0010723872123
0.0193715003188
-0.0391971194928
-0.0456741706203
0.0949278500452
0.00692942937026
0.112941289629
-0.0893251211287
0.115786654318
-0.068776616702
0.0771671254111
-0.00111912511498
0.00169872112194
0.0927744487054
-0.040694346886
-0.0125729055659
-0.0408195796282
0.0470914333054
0.0612327959656
0.0950666440991
0.123012226866
0.0156353803288
0.123745476251
0.0275462521464
0.121437591809
0.114178188679
0.041529436888
0.0581466070203
0.0692480139476
0.108963657692
0.089191578396
-0.00757320563228
0.112810124666
-0.0437547478863
-0.0568709737884
0.101120298359
0.113198254353
-0.0328898391951
0.0166316289232
0.123614603026
0.023120509502
0.11467293249
0.0361099475425
0.0279835342088
0.0247036340804
-0.0535261005358
0.0333404998474
0.00911018876471
0.0764398287765
0.0837873813795
0.0693833812116
0.0275399481158
0.0643783969636
-0.0139898622938
-0.0121331260049
0.0272594342396
0.0657090950448
0.0251084871148
0.120226717361
-0.040093570039
0.0210704993165
0.0651407283
0.0848649865306
0.0458322196766
0.0113233700192
0.00162634962773
0.0277429108453
0.0196635943009
0.0353142418136
0.0144970506179
-0.0611476790639
0.12817721567
0.108947024745
0.0842607138783
0.0806552906807
-0.0323611316444
0.0520945552696
0.0608729772576
0.0486167984086
0.085132327812
0.059373632127
0.0620066854998
0.0534044667586
0.0663363871926
0.108625748021
-0.00592939542494
-0.0149238288299
0.0863912876258
0.0265883979223
0.0387984514184
0.0910214609713
0.136503558362
0.0632836607611
0.135043456556
0.079007967888
0.0692510964144
0.0574844124849
0.0253699495956
0.0723225492099
0.128179682505
0.0168567943732
-0.0173326628893
-0.00580070671782
0.0234521770578
0.0166735200669
0.116571632861
0.102953929512
-0.0198343281303
0.0444383646357
0.0779940002531
0.0396933819027
0.031785960945
-0.0237703603107
-0.0039813170759
0.00657599152432
-0.0360681110749
0.00794655259179
0.0727442001703
0.0907614490178
-0.00591815661995
-0.00237964955357
-0.0414163499273
0.0119443397105
0.0702844944915
-0.00228097776659
0.0384841360398
0.0767487925201
4.53109416512e-05
0.0372070693991
0.093675502256
0.0566923333866
0.0235160683281
0.0102737505506
0.0459014911409
-0.0167368466133
0.104555654095
0.100398367715
0.127809788878
0.012043746491
0.108276791562
0.0344107307492
0.016237639808
0.0208680839105
0.0535668041991
-0.0417282388259
0.00367283480236
0.0769088559522
0.0170127863797
0.122275639311
0.0410020555373
-0.00635992556449
0.106952150789
-0.0290408447223
0.107307264585
-0.0202062245994
0.0660119679027
0.0173924242967
0.0911233839505
-0.00660428521589
0.0597536246844
0.045025482487
0.0598961340418
0.0317927667395
0.0325846156288
0.070372807842
-0.00433571933005
0.0209675557854
0.0506041464519
-0.0200277386221
0.0225311648287
0.0906202117204
0.0935744956768
-0.0108304134748
0.076039824744
0.057479466801
0.0864407358313
0.0536300916457
-0.0626545856015
-0.0134155790148
0.101676976406
-0.0669130948639
0.102047764492
0.0297713013878
0.0487688917041
-0.0034002229548
0.0887448692531
0.0827105973741
0.0504953186863
0.0121773343486
0.109706543184
0.0521276014226
-0.0718037187198
-0.0515226686715
0.00294619182632
0.0858014357458
0.0542274083568
0.0105048592701
-0.0951451027305
0.0197906432441
0.0847525339343
0.0869147055745
0.00872875985143
0.125841773641
0.130573986989
0.139552231263
-0.0150235736717
0.0978561658038
0.0314328008945
0.00406653634245
0.118731900445
-0.0294934622466
0.0177702700234
0.0256524283764
0.0609019058664
0.106546938208
0.0710840950186
-0.0270989916741
-0.00381644697488
0.0379591715959
0.0992986980487
-0.0187120142793
-0.0150373015297
0.07169167061
0.0720580880557
0.0333281615494
0.0611682577379
0.00942722862347
0.101880375537
0.00260691781772
0.0490750482756
0.106749925166
0.0469112619105
-0.0394698810275
0.0379807360192
0.0489855728217
0.0153892571766
0.0991979283118
0.0819235413308
0.0496500261378
0.0488917690611
0.010593695881
-0.0390452234072
0.0291549968737
0.0938854212977
0.0322568305666
0.114846524225
0.0944418070123
0.0742063537765
0.00900182671948
0.117646583498
0.108714366224
-0.00730859505128
-0.0459046913642
0.144460482297
0.047789930753
0.0628734093928
-0.0232002217681
0.0579322112942
0.00614053813728
-0.00276477954715
0.0605912709926
0.0274905239765
-0.0337285566478
0.123844399118
0.103751843448
0.0711244786853
0.0352175969588
0.0884271320508
0.0726687697375
0.112209027411
-0.0366644953129
0.0736850386601
0.136500798106
0.101259874385
-0.0073806370838
0.0451926198517
-0.0177741696685
0.0881187382319
0.0160737574066
-0.0775262453921
0.14146391144
0.101682330592
0.106718637085
0.00506608733698
-0.055455027032
0.135030389319
0.0661299874855
0.00892595233611
-0.00560263298729
0.0256680439484
-0.0325838785721
0.122765930853
0.0167094337132
0.0112002442499
-0.0391494165741
-0.00121194958315
0.0255449373766
0.0824668024772
0.0536088498769
0.0130672283674
0.0121821457736
0.0780941914672
0.0844473089452
-0.0550321800143
0.106605008419
0.0502658412475
0.0791195699602
-7.37062604728e-05
0.0841332201976
0.106675040095
0.0563429041415
0.0367438747048
0.0654809383054
-0.0212170463627
0.0409485319723
0.0560370070838
0.0773727487055
0.13564682519
0.027460617858
-0.0494206365284
0.0685571178296
-0.0256171023476
0.0685687025422
0.0357401941328
0.0358622894935
0.0151877010329
-0.0242074689646
0.130951936649
0.0512134422952
-0.0378401797372
0.0433921949914
0.0436510106495
0.0898544996154
0.0451288533792
0.00610676428462
0.094895384723
0.0595433519972
0.0489848915363
0.0974208562175
0.0807103340521
-0.0234436956872
0.0423805711884
0.0944556426534
0.10610527089
-0.0355948138419
-0.00905591870488
0.0257470246265
0.0672360241614
0.0326364461555
0.0178467448703
-0.0112773497105
0.0227417940803
0.0844560472878
-0.0376397081546
0.0411486106086
0.00498037816799
0.100083026817
0.0792408566211
0.101510230457
-0.0103695886403
0.0398363310071
0.0566965934746
-0.00320075556512
0.0168954062727
-0.0356946321824
0.00137688872895
0.0726697792694
0.104213652901
0.104292701527
0.120427028221
0.117215260389
-0.0301381436051
-0.0200750542667
0.0320214744207
0.0732217961384
-0.0275279791353
0.129055392252
0.0152076336817
0.123104547474
0.0869059746945
0.0451328302973
-0.0461332662115
0.127381095264
0.08105186997
-0.000521527321988
0.0898610852784
0.09089321514
0.0419967645625
0.0491604421233
0.102229974697
0.100131230691
0.120270360899
0.0793477886432
-0.119014612151
0.105034274714
0.0680738372128
-0.00444603847589
0.0962939140473
0.0852602033266
-0.0451683267973
0.11200030557
0.0233267846461
0.0822692653016
-0.000216688060016
0.0246121154121
0.0438492239909
0.0564448475275
-0.0353728168679
-0.0428225287422
0.0249094156565
0.0198979818633
0.0205009607435
0.0236975961497
0.0150207899142
-0.0753622410502
0.11094421323
-0.00474319419002
-0.0532582482693
-0.010839802111
0.0990060801529
0.100654229316
-0.0186518938125
0.0386174600311
-0.0339887284896
-0.0985070231918
0.0454531663564
-0.0240134721385
0.0221600520979
0.000825584451611
-0.0471222802785
0.0782485328914
0.0245162534523
0.000880599590243
0.0817856995855
0.095061603035
0.0614611806758
0.00316816499457
-0.00563479881182
0.056464439169
0.0746968628432
0.0438479974095
0.0500214215002
0.0981960581351
-0.131760862202
-0.0899435185793
-0.00182437703717
0.0962833390561
0.0569451051726
0.108264751147
0.128297779006
-0.0255372258846
0.0260385895076
0.105226672318
0.0414322179556
0.027758233544
0.00722864506309
0.0805340382545
-0.0056708759149
-0.0902960166111
-0.0201563323835
-0.0360897333055
-0.0361915916725
0.0598896320672
0.0807593593688
0.0119673617097
-0.11021537907
-0.0493419792588
0.0743067200209
0.0152627951204
0.11528502418
0.0583106126817
-0.119870463946
-0.10263801554
0.10765658154
0.0987984581853
0.117677136926
0.0544064077762
0.0626658437572
-0.0332633282826
0.0212095297852
-0.0253786991065
-0.0611944710972
0.123751490449
0.109426899308
0.0713395086529
0.0233519553314
0.0630829328836
-0.0193311318046
0.0516381021538
0.00254752622531
0.0635502067609
-0.023379865053
0.0581398158118
-0.0391168044888
0.0865168154186
0.0918531845437
0.118556964548
0.0252960810527
0.0230354438393
0.0398731513176
0.103586748893
0.0340991466669
-0.0295594491835
0.0170497698248
-0.0033809981248
-0.000344151185629
0.0195773584423
0.0603012288196
-0.0202852279302
0.10159026325
0.0486022610207
0.0135891517232
0.0579614553514
0.0213786568093
0.0587163311251
-0.0143403484412
-0.0145826087071
0.0576174808311
0.121334951242
-0.00377201567352
0.105794796153
0.0230682636783
0.0425746631501
0.028380302505
0.0204401017015
0.0428068185191
0.114254407307
0.027980547503
-0.0416622535079
0.0575549469115
0.062103945139
0.0662938809153
-0.0111436448186
0.0395117393336
0.0564719715077
0.0486638647904
0.0826223486923
0.120622176308
0.122135944123
0.0138306950713
0.111536917316
0.0270897202246
-0.00755870406258
0.0654419212106
-0.0757513065908
0.00367776126589
0.0840475777905
0.045235167121
-0.021963190425
0.00820051052949
0.0682332388597
-0.0238601424456
-0.0245129539772
0.0450455050022
0.046494530149
0.108674984249
-0.00144823936834
0.023913915486
0.0570404146724
0.0616280359924
-0.0221150065103
-0.0336861608664
-0.0578126990717
0.0539776873678
-0.00902222609328
0.0644175096758
0.0771620865025
-0.010066667589
0.0193997002091
0.0445303949613
0.0604880791614
-0.0443830359284
0.0818221996019
0.0861591409305
-0.00215662509856
0.0657913537054
-0.0167467372015
0.0265194497484
-0.0197949499025
0.0259901064038
0.12876253039
-0.051294284131
0.00705418745806
0.129251618732
0.0671580343479
-0.00762563288634
0.0488704022777
0.00113788978714
-0.011243386174
0.0862369675936
0.0877274496882
-0.0592291899885
-0.00896116453419
0.021461708145
0.0318439521699
0.0346582329528
0.119918311943
-0.00281715532605
0.0573363111409
0.0357155690544
0.0799630761895
0.0611806645293
0.0928512346856
0.000201086619224
0.0834102815224
0.0215655170306
0.0853516828267
0.0413814854789
0.0568458272842
0.0101549030354
0.0349092472212
0.0283366388098
0.000621735292183
0.0159985103925
-0.0108286676006
0.061366127871
0.0239761791477
-0.0224526785721
-0.0940823393479
0.0805668888624
0.0346914185607
0.0449177295883
-0.0364088330446
0.0319732449631
0.0970922977496
0.0579294555278
-0.0612094942777
0.0407493775581
0.0439222508483
0.0411999958273
0.010142765186
0.0039622948728
0.0500486538762
0.00666974519886
0.0388333009846
0.0371882788569
0.0695401342497
0.0448082170281
0.0980722086929
0.0558203836651
0.0920748530953
0.0563376806113
-0.00331413499778
0.00949426310434
0.0805184502812
0.0736553110768
0.0288421224098
-0.0256560628802
0.00135698550511
-0.0326750961567
-0.0103596879207
0.0196818993454
0.0537491058674
0.119739478291
0.049629667795
0.0101905632499
0.0334643969936
0.00388002107299
0.0495970677615
-0.0682243557647
0.127454640988
0.103145850377
0.0770620359837
0.041142936664
0.0655568477307
0.0180122295603
0.0900314338098
0.128808063404
0.029749610474
-0.058630217408
-0.0384306377982
0.0526984652614
-0.00559206097218
0.0448999628968
0.0749850058048
0.117264858842
-0.017881319018
0.0304829483141
0.0355824917583
-0.0249654197457
0.0806150956649
0.0274754744284
0.0724026329397
-0.0283729171682
0.07695928101
0.0568776125397
0.102496387209
0.120511362834
0.127928885407
0.0839850196131
0.0676827895865
0.114456739406
0.0238203506935
0.0475253809602
0.0743949906742
0.0158352982878
-0.0338984887728
0.0818929516998
0.055984434007
0.113221330808
0.103817375249
0.00428680588882
0.0840140476826
-0.0115859473433
0.106010294334
0.0934878365683
0.0740463175723
-0.0306623314536
0.0403798669823
0.113181331084
-0.0259626202739
0.0873686390568
0.0117063831052
0.0625804290263
0.0697847404853
0.0398154989791
0.0741217475554
0.0544478238992
0.0681955830014
0.00960092552889
0.0771002140922
0.0741551990479
0.047819876942
-0.0426908199981
0.119076429167
0.0169893490512
0.127741538415
-0.0581779994686
0.0752766201239
0.0152759776162
0.0812157550612
-0.00707675648471
0.0400618832372
-0.0106367316355
0.0694641144847
0.0715347188132
-0.00674210691038
0.0619559267021
0.0232733289414
0.109529347406
0.00359078399474
0.0789205751238
0.0192420658015
0.0358117165481
-0.0090752856117
0.0316926149907
0.0187057321495
0.112719490303
-0.0275302186445
-0.0650728805846
0.078470181439
0.0368270087871
-0.0199203727022
0.039322401458
-0.0512133253089
0.0338050718523
0.115247492529
0.0659623875237
-0.0178706233061
0.00407705980778
0.0410789163472
0.0551630444763
-0.00909497425706
0.0650352857379
0.0935868742853
0.134981626712
0.0191164080102
0.0347682580848
-0.00711467109343
0.086438443409
0.0756840455041
0.0456595642343
0.103330309096
0.145548988541
0.00510720481968
0.052225585592
0.0933830683982
0.0304909147004
0.109992493821
0.0814985978671
0.107086527048
0.0189010741047
-0.0424025876056
0.0648198473268
0.0129459738471
0.0044701448674
-0.0440751048306
-0.0301103259337
-0.0182849341059
-0.0166781411062
0.0881602584714
0.0714780583757
0.0438425155612
0.0076680809886
0.0696787284003
0.0463917687921
0.0171967839808
0.0879390059224
0.0837565023187
-0.0738514709559
-0.0211167146749
0.0973413773253
-0.0368970584988
-0.0408987474182
0.12344269073
0.0321789983877
-0.00913435133169
0.0047078542601
0.0277789727622
-0.0283622452136
0.0405980326203
-0.00329144338774
-0.0145844183466
0.0227784569879
0.0568682167361
0.0962512822183
0.0483831600608
0.00821255158837
0.0850291391695
-0.0243029366254
-0.0455358113795
-0.00616284440093
0.0751356797923
0.0845164035607
0.0643995627818
0.0367471854158
-0.0707906482466
0.0565948229855
0.0662303741138
0.0934482110581
0.0587621195972
0.0718914403474
0.0462765233931
0.0669638122238
0.0243517982678
0.102701382136
-0.101793942883
0.0648070949422
-0.00170523665102
0.0303934064271
0.0682772408928
0.0133732718849
0.107433944561
0.0667303462576
0.116548389448
0.0564481306921
-0.0077057378298
-0.0488725997329
0.0406640947783
-0.0146883037661
0.0530432740771
-0.00502575220586
0.06905428328
0.107843649092
0.0283053683886
0.0784179400267
0.0139326682772
0.0761952645336
-0.0325342684262
0.0835777452666
0.0118852747846
0.0728699102661
0.0478228944701
0.0809575969456
0.101923254928
0.0765926667948
-0.00853583622375
0.00396968419834
-0.00364788225238
0.0514702565616
0.0193866949221
0.0238978541471
0.119705812965
-0.00752368909355
-0.0112150297219
0.101206756652
0.0323941630158
0.0218489900974
0.0908817017236
0.069506138723
0.138343079591
0.0312140887001
-0.088490524977
0.0318790974448
0.0186521251473
0.0770672579311
0.0530314184638
-0.0070363074363
-0.0373190971578
-0.0609689793023
0.0734713216116
0.00752664683452
0.0139316434874
0.0520793976875
0.10322146997
-0.0465866603255
-0.0104492183545
-0.043279733166
0.0595120251834
0.0409115303049
0.0727877090681
0.0962386646994
0.105257893583
0.0525820414144
0.0527089454312
-0.0715844545534
0.112402329575
0.0447290720082
0.0504886081277
0.11715757957
0.0578661413464
0.11330484241
0.00499175586861
0.012138791222
0.0865138445344
-0.0180948197033
0.0880627841535
0.0806305961315
0.111579497346
0.120860040606
0.0544169870787
0.07073289066
0.0212471449996
-0.0361365002988
0.00100302063323
0.112799703344
0.0784880279146
0.067750888135
0.130127954768
0.0844754256247
0.0322636637326
0.0404449490127
-0.00435791007036
0.049496563776
0.0223749355499
0.047443753413
0.0833167608808
0.0693307198465
0.06862938982
0.0564227120972
-0.0310152342958
0.0912269949659
0.0178684015716
0.0527320448519
0.0803165189445
0.108633735052
-0.0903933685178
-0.063509254906
0.1358247396
-0.00095962905686
0.0383178841013
0.0663878693779
0.0516580440837
0.0161398797321
0.0618681759271
-0.0892644300487
0.00945516765688
0.0714118312754
0.0341219637173
0.0729413325231
0.0366012979507
-0.0186414180026
0.0672597591321
0.0406761777718
0.02486941425
-0.0168763412221
0.00518137855052
0.0317673653603
-0.0405239025306
0.11223414178
0.0689739257554
0.0190233590891
-0.0667874823686
-0.0154381100569
0.0926999644522
0.105095200165
0.0557920958048
0.101521039642
0.057426471212
0.0635417697068
0.0017339077715
0.00623810470738
0.0741513407544
0.0873765230378
0.0176040947452
-0.00397122559289
0.0305252953708
0.102683281008
0.0536271314539
0.119338431235
0.0640871514622
-0.0975190682877
0.124491369106
0.0243337440761
-0.0278499220268
0.0259125474279
0.0201858888034
0.0813913262231
0.0549598571186
0.0306162502159
-0.0859618769203
0.0883998017206
0.0566995165942
0.0350086174681
0.0209519570795
0.0823957387146
0.112859187561
0.027535314848
-0.0181993729115
-0.0400088871002
0.0721269079209
0.0469511389858
-0.0108285287589
0.0670576604351
0.140721826997
0.0319934314134
-0.0220508856832
0.0433638377099
0.106969564556
0.104829230004
0.0290455389889
0.0360784244914
0.0506083445331
-0.0162404081624
0.126259615786
0.119751475267
0.0589203591069
0.121650940524
0.0600784921333
0.0325253032405
0.0876145903316
0.0721325378956
0.0494208966815
0.112008262319
-0.00333114525741
0.0736772069858
0.0109209109712
0.0857494766644
0.00282256897203
-0.015656326239
0.0525552676274
-0.0473063351726
0.0524856196916
0.102640945742
0.00180063643081
0.0952209164506
0.0377130469032
0.12062107561
0.0145861026141
0.0963962375679
0.0645270425289
-0.0398549320084
0.0564418694262
-0.0690164614253
0.137291887357
-0.0158163107363
0.122959059746
0.000364749220834
0.00982184239835
0.0329365597923
0.0025373049005
0.0837212630598
0.000302186796329
0.116390191716
0.00514027644613
0.0155941228049
-0.00141347408174
0.0258568098569
0.0921112391542
-0.0333417799905
0.0427488201245
0.0632503076414
-0.0210900970173
0.0280407992675
0.0592492669687
0.046337760336
0.121473281233
0.0573405851832
0.0469092644411
0.0566715316267
0.0640772668929
0.0398996510963
0.0784247534641
0.110000806222
-0.00472494996469
-0.0540279465399
0.0620577160578
0.0429184712963
0.0521016271492
0.0269309094297
0.100449962212
0.0179825391336
0.0564170478801
0.0564946409302
0.0650034278365
0.0789061465885
0.107004269535
0.0409268817306
0.101916466109
0.107055251645
0.13862232375
0.0466538880286
0.0943984457928
0.0682206524792
-0.0203114214001
0.0436291229499
0.126589004565
0.0536229005301
0.0843119972345
0.0565405111531
0.0815466373675
0.127047629185
0.0149814093026
0.0634146235399
0.0470672682565
0.118801848374
0.0834022881953
-0.0118020423693
-0.0549289135051
0.106058817879
-0.0770740618664
0.0510950418909
0.07043352147
-0.0538795379684
0.00423936343619
0.116883799354
0.0980615740496
-0.0607615521665
0.0562034243693
0.0694513167878
-0.0147653392284
0.0549840192832
0.0574935017855
-0.057611099611
0.0857492312488
0.0662068963268
0.0508910195051
0.0790666394993
0.0855875602713
0.0248197225884
-0.105306941743
0.0564268180192
0.0969523389044
-0.0107068377368
0.0371948794323
0.0829649080849
-0.0515587457954
0.127970462338
0.106492843112
0.0724516051726
0.0649306713345
-0.079479801482
0.0575361269705
0.073244738807
0.070331552094
-0.00432250234593
0.0972715467067
0.0794666455675
0.109669358422
0.0980708418535
-0.0175168221725
-0.0381837318389
0.00820776020281
0.0261065087102
-0.00703415605025
0.112179225345
-0.0283663076329
-0.0588799526055
0.0302962889132
-0.0079543698564
0.0919785181257
0.0760121974311
0.0516356859586
0.0736087615866
-0.0021517600442
0.0551999842901
0.0668829774407
0.0178998261671
0.039717776785
0.0644941456411
0.0305468309437
0.047715541438
-0.0226298081139
0.0373879619972
0.100064001534
0.0714244660541
0.0686992335783
0.0287818792886
0.043594071358
-0.0428732204362
0.129761444183
0.0535246783916
-0.103897897027
0.0878962833702
0.0812264612721
0.057820784013
0.0943130211198
0.0398339090789
0.0101610636455
0.115897687797
-0.0864608624916
-0.00689342958482
-0.110993210513
0.0758643760314
0.0268783294903
0.0879828179795
-0.0411323721201
0.0586986491568
0.077521671498
0.0180110862428
0.0424869292088
0.066585064479
0.06230702407
0.13646032401
0.0801420475277
-0.0396129105452
0.0744452965103
0.0263403311846
0.0257853224745
0.0742535567923
0.0804481805474
0.0119789702018
0.0521618890821
-0.011039152561
0.024430640059
0.0103685528442
0.00795953326538
-0.0172351174425
0.0914282205161
0.078201489779
-0.0461310195662
0.119355851019
-0.0236122121429
-0.0026335124919
0.0161126280088
0.00253310177921
0.122382521791
0.137572563237
0.0906350509509
0.0749868621387
0.0721618052364
-0.000499423224372
0.0127135469493
0.00767047364333
0.0683813743803
0.0737184572157
0.0854061624846
0.0455409241991
0.0326572884034
0.0408504107962
-0.0786700501792
0.0929259085184
-0.0469364181655
0.107230189773
0.115172657379
0.024405519425
0.0512204269397
0.134737365337
0.0209247656837
0.0179344297819
0.0195550330039
0.108443952538
0.0563627913053
0.109333535063
0.0881706523242
0.0867146962138
0.0524075489142
0.0734052380264
0.0741270553943
-0.0548030867435
0.0118558293016
-0.0270674591398
0.0785789761233
0.0520814879424
0.00165252173706
0.103622840543
-0.0253881069883
0.11834492073
0.129714053817
-0.00029343864157
0.0469346305641
0.0290055636475
-0.0421431676847
0.0386213623326
0.100944917861
0.00763996400277
0.0523534443654
-0.0498896112261
0.000717181175725
0.140006987096
0.0321213912788
0.0374310214395
-0.0256505304364
0.0541599866026
0.0426773147816
0.0271012315028
0.0848014585997
0.040606748071
0.0601849572657
0.0745720596479
0.117334713567
0.110666701568
0.117372081832
0.0866352856309
0.0827789331043
0.0678333401164
0.0936531607851
0.0786164330003
0.00435129049703
0.100672318821
0.0412754878584
-0.0272730750169
0.130428427045
-0.0254941198125
0.116705448575
0.0457854880927
0.0362375388749
0.110039254275
0.121081486695
-0.0213210900658
0.0426484478115
0.0705991557564
0.0768621225851
0.00246030549297
0.0178726735495
0.0434581349486
0.0485724322505
0.0744388770908
0.0572000552954
0.0385048049102
0.0759280488251
0.0668613347854
-0.0596604594827
-0.0650390542298
0.0216487606729
0.0784176326395
-0.0328669987982
0.0621108424534
0.0178620485656
-0.000536602085948
0.0588122079407
0.0694249922734
0.0576854122255
0.0733878951051
0.0922938194915
-0.00857290794104
-0.00201402046345
0.0674794938927
0.0683250443365
0.0600398630697
0.00791454622817
0.0579583768901
-0.00615811433094
0.021182224733
-0.0123419739692
0.0546342064294
0.0695978352952
-0.0232168542245
0.0456821554297
0.0866979160269
-0.0282808573345
0.104465165938
0.00950236208841
0.0749504543239
-0.00132215027291
-0.0624747474463
0.0669199330392
0.0709556868392
0.106241180952
0.0724248966145
-0.0328745662999
0.0229394215395
-0.0593797303373
0.0240654133692
0.0387088989021
0.0411389611959
-0.00105774483464
0.0248144189678
0.00504881001647
0.0974831130593
0.0524957899389
-0.0157106771769
0.0235947522069
0.0486307780507
0.0628760560324
0.0787258314829
0.0472862129865
0.00282630012547
0.0491675902104
-0.0421222068969
0.0544412577622
0.0581422284205
0.0657207358485
0.0474559615505
-0.0453855096432
0.102455950319
-0.0651157981684
0.0629031477535
0.0854507776871
0.096495409728
0.0419793534066
0.0614401511064
0.00376121589656
0.0946165673412
-0.00539146115433
-0.0172133597407
0.0326937277909
0.110252440794
0.0143090691865
0.0274763540621
0.0663950459379
0.0829334578068
0.123744817439
-0.0215563464044
0.0680190928407
0.0219107746866
0.0615931157467
0.11030584052
0.0823448751982
0.12724875945
0.0444327364221
0.0459580892226
-0.00639304364445
0.0597230023196
0.0222848233867
-0.0206765376407
0.033152056749
0.0437592325492
0.0445585883031
-0.0220400906794
0.0389714722732
0.0854108424505
0.0469196997384
0.067139858681
0.016522477359
-0.102480425917
-0.0671257146931
-0.0434587333617
0.0737066240012
0.0917587900961
-0.0240863081038
-0.0619075797609
-0.0179599901237
0.000699337048077
0.0785285638185
0.0486468533354
0.0816647440154
0.073226339722
0.00568216050093
-0.00239864667097
0.133766217251
0.106475214542
-0.0301041764313
0.0700730327428
-0.0212772055124
0.00209086161738
0.0586701635312
0.123268673988
0.0970323208547
-0.0224100957646
0.0209815309201
-0.0806930869974
0.136278263714
-0.0472586455562
-0.0250974371741
0.0483592564022
0.00885252835513
0.109574169387
-0.00633489613748
0.0959278930171
0.0870839876325
-0.0399103389668
0.0950204482416
0.0787810248333
0.0786941581181
0.0252080384629
0.0450353815273
0.0293141628135
0.058071488554
0.0533519500677
0.0388614214169
0.118514763725
0.0204136138087
0.12165214386
0.0703285899981
0.0910883472725
0.060910738653
0.0402610363565
0.100270291193
0.052931610306
-0.0207070001962
-0.0210403991412
-0.010260633615
0.105259776186
0.0893604507592
0.0212906459498
-0.0586176085349
0.0688495186767
0.0579603409076
0.0061992222874
0.00380409506717
0.0983127245012
-0.0424713160743
0.0657590048978
0.0117827511801
0.105053218162
-0.015740651592
-0.020084626413
0.009038177808
0.00841963954491
0.0721711601984
-0.0253071501719
0.0795692694925
0.103113520093
0.0435584087852
0.0633265002568
0.0654212315511
0.0519359344416
0.0250720708886
-0.0349229938332
0.060244542639
0.0522545992857
-0.0815154394799
0.0458080705861
0.0274748251951
0.0212414933363
0.0589860924395
0.0116538775781
0.0355712947033
0.0450501879887
0.0263124814714
-0.00119802130238
0.0245737081328
0.0310861584891
-0.0530870641382
0.102722169786
-0.0209453299898
0.0757004500205
0.0103371039197
0.0426028284193
0.0861682836777
0.0988292325235
0.116225776111
0.0452699894565
-0.0124419585329
-0.0161744295668
0.00503722096071
-0.0509737375273
0.0424764625632
0.106531268462
0.064148247248
0.106443356527
0.0407649189392
0.071025359769
0.074945242659
0.0920954409038
0.0298987461944
0.00782328476442
0.0216762691483
0.118396711725
0.018085220204
0.0395307548736
-0.00593194933275
0.0982575015007
0.121793536737
0.0884148396125
0.0182782349305
0.137105737999
0.0265345828207
0.0717904340865
0.071476613638
0.0193597323428
0.0605041842617
-0.0166638033932
0.0653342900077
-0.0560158086319
-0.0675053629558
0.0439708250329
0.10353309406
0.0736688663444
0.0660634733172
-0.0387736411705
0.100005015252
-0.0311203485032
0.0366067063436
0.099334586049
-0.0207296871033
0.135396163018
-0.033628869984
-0.020984845103
0.00291311346106
0.0586493909152
0.0720055481483
-0.0396929755567
-0.0417844637519
0.0455570482673
0.0781174207185
-0.0473740832606
-0.00849080419225
0.0112533912374
0.0297158961018
0.00525767127668
0.0846171351781
0.0472890424036
-0.0130540847822
0.0442900824797
-0.00835140078756
0.0710171463874
0.0426548483585
0.044463352214
-0.0631818383296
0.0417842448931
0.0130635179731
0.100733847983
0.0861799196229
-0.0994377903899
-0.0446584777949
0.0566376298762
0.0608400417624
0.036939031391
0.0931136717408
-0.0512350658265
0.042314293933
-0.0245941106082
5.88446275103e-05
-0.00741574375482
0.116564775938
0.0779552301944
0.0211821696102
0.0110566952327
0.0533370978938
0.0661784279392
0.0606629093973
0.010106753053
0.016458687699
0.0121072211324
0.120273407155
0.0856454243095
-0.0607260858573
0.0188773007772
-0.0162415196655
0.0720294582914
0.0302048123937
0.0542127600779
-0.00377888336661
0.0425056308287
0.0575402329653
0.0341788527949
-0.00603584717551
0.0109484230395
0.0131182778899
0.0023155301952
0.0185672064024
0.106336700878
0.0273852663754
0.0940380391156
0.0413286630514
0.0342296672695
-0.0280106310147
0.0783850721867
0.0736360692594
0.104584070417
0.0601950987297
0.0738965703484
0.0419554527301
0.0470406554532
-0.0378597748022
0.098857031122
0.0623847229366
0.0558206452191
0.119293267138
0.103322575215
0.126618404933
0.147263104294
-0.0441322043025
-0.0528011223317
0.0203900293031
-0.0579659054241
0.115484652769
0.0313972155731
0.0311987394479
-0.0216799631076
-0.0268493732594
0.00884987670343
-0.0960776082558
0.0252328603159
0.0203040576707
0.0783194889016
0.054546802296
0.00696869590169
0.0734822855619
-0.0035733325803
0.0618682863911
0.117356503859
-0.0137715690791
0.046747105728
0.00101983821774
0.00916084372605
0.0713785099164
0.0163424887486
0.0662376457636
-0.0324488401544
-0.0160482050701
0.0897957576381
-0.0531326387107
0.0743967378505
-0.0227615814299
-0.0927678155013
-0.0521448285245
-0.0989602860017
0.105853640174
0.0610647128051
0.0199737037301
-0.0214870111727
-0.103126435674
-0.0319539226254
0.0663493621197
0.118835029336
0.043595922502
-0.00723015960534
0.0856619803331
0.129848600122
-0.174228500295
-0.0255542058837
0.0647710823153
-0.0115762987883
0.0927810482116
0.103751369414
0.00797416207097
-0.0458262285687
0.0833706432541
0.0555247681959
0.097341600057
-0.0164269969365
0.0943178387129
0.0256114275507
0.0108487177971
0.0953458895185
0.0406641983024
0.0949018195058
0.00887026592433
0.0487325260371
0.120231874527
-0.00377775446739
0.109302216206
0.0741640453004
0.0209855991865
0.0718303350683
0.0277242917115
0.0855937159277
0.0583650076609
-0.162518901919
0.0286980860696
0.118316634849
0.0962721807205
0.0986649437629
-0.0400492608779
0.0642742726154
0.0300593925514
0.103834040357
0.049371853725
0.100510276613
0.0526388931544
-0.0136991743807
0.0618144695421
0.0362487206793
0.100411514154
0.0669068343529
0.129523803763
0.0580284623151
0.0619231701941
0.0537446630385
-0.0251845371555
0.0329887238073
0.0227089062389
0.105126770336
-0.0741441373703
0.0453169149162
-0.00849394874523
0.12500225104
0.0554823589458
0.0494946038687
0.0793515754561
0.0976346331455
0.10536429205
0.00148174049581
0.0190172911643
0.0845456452248
-0.153057701455
-0.033841163674
-0.0301455541034
-0.0193852699482
-0.0110459217534
0.065628224563
0.0841151329309
-0.0473858721351
-0.0308823555092
0.100607830761
-0.00957716931076
0.0273829163877
0.0202973415245
0.0721026701467
-0.213902678735
-0.0263763235915
0.0353045328285
0.117803555468
-0.0543526777559
0.0901667382423
0.0795693485522
0.0233452421526
0.0552782850576
0.101313101716
0.0586494532725
0.00274269228564
0.0281872802443
0.0687417031048
0.0954078974274
0.0371848643248
0.0723245569744
0.0885036944927
0.0304958586471
0.0833816888741
-0.0197206195989
-0.0267040824902
0.0913833681178
0.083755971548
-0.03182368662
-0.0244787864347
0.0361738909136
0.0154619375786
0.0453644369709
0.0354263590825
0.0297594713829
0.12245023611
0.00827411079981
0.0209792646982
0.0595260930434
0.00551312550292
-0.00223526280209
0.0184578444708
0.0135677423449
0.00709138491078
-0.014588143017
-0.0157506188667
0.0740015224238
-0.00412912212551
0.0873226080571
-0.0320234027133
0.0930561597885
0.0930777565249
-0.0101112149296
0.107755322405
0.0680289688517
0.0912299705343
0.0169546579524
0.00730502785658
0.0177630749163
0.0470778889468
0.0613398847304
0.103422211762
0.00822985285857
0.0119873009612
0.102846769469
0.0903367903256
0.0421155645428
0.0866808959524
0.0661869511425
0.0374480084171
0.0371478261384
0.00174514825725
0.051120353468
0.0770799310679
0.00144403936114
0.011155691236
0.0965321571944
0.0330994877946
0.0344454634622
-0.0144598156481
0.0821902009289
0.0269368836247
0.0174854425354
0.120167126616
-0.041297120734
0.0700890859112
0.0470268097996
0.0828724588353
0.126071568627
0.0705637462124
0.0242759431178
-0.0295440890399
0.0594814713662
0.100981020434
0.0909562516435
0.0545349393942
0.0274456125289
0.0147325000983
0.0648279161467
0.0390317703806
0.108227898516
0.0461685984877
0.000328147206167
0.0826464363376
0.012640997094
0.0595978253577
0.0251532670205
0.0776654275649
-0.15258574067
-0.0728533309347
-0.00675290828283
-0.0222956349519
0.0310750890804
-0.00213890017253
0.0377626805931
0.0142933456714
0.0169839380621
0.0798095472969
-0.00935507748555
0.0183465746257
0.0552424634699
-0.000977639510962
-0.0474066084269
0.0143186458306
0.0164049210217
0.015568577143
0.0216773669631
-0.016160946304
0.00673019669094
-0.0588445022213
0.0722366251264
0.00416226276979
0.0418615954605
0.00573535028746
0.0484186563764
0.0274093874978
0.00742877063662
0.0698654922907
0.062892770487
0.0162469206478
0.0780707243541
0.0389805904106
0.0999762227377
0.0396021296628
0.0589483148453
0.0415953092214
0.0836059296269
0.0103611930806
0.0896206675948
0.0178912685362
-0.0201106212914
0.10330886991
0.0716079771978
0.0409184299364
-0.0247184203661
0.0159847043742
0.00425180846474
-0.00978238896965
0.0593141384678
0.114111717718
0.115833354296
0.0409842425925
0.123062166683
0.0114010479729
0.046786117411
0.0633632643199
-0.0278199660573
-0.0237406670937
0.00890768776994
0.0521894361582
0.107757576429
-0.0373210358293
0.0300688483841
0.0491832620917
0.0553525449609
0.00400285645782
0.0284920897337
0.0526322518151
0.109184438326
0.0174298547909
0.127478466003
0.0708692910684
0.0723625781118
-0.082490354293
0.0158043283375
0.109627765242
0.0214784103326
-0.0177061185565
0.0312993551435
0.0208069602405
0.045225806725
0.00250031624761
-0.0579296295986
0.0707896288216
0.111687431324
-0.0123620997219
0.0579099846059
-0.112719273695
-0.0557613079295
-0.000407633554815
0.0343406411134
0.0856647336224
-0.00378448259901
-0.0767572523995
-0.0270706267201
0.00673395498681
-0.0522855246295
0.0798018904953
0.0621398403478
0.0284653270241
0.0866678020724
0.0582858421818
0.0103063557242
0.0459641578648
-0.0542225567277
0.0444517788687
0.0732557009902
0.0463223633836
0.0110541662672
0.0245733885137
-0.0661732745158
-0.0283567729721
0.0542779965058
0.0677473628967
0.0398368229024
0.0834069858909
0.0630512662824
0.086527447075
0.0362539380397
0.0374202965651
0.00460280679517
0.0380775587903
0.0152599258026
0.105063083468
-0.0133895628598
0.0775057327015
0.077370572094
0.0434211626774
0.0191321000701
0.0618408169028
-0.0557632542258
-6.80690379582e-05
0.0889943571495
0.0710521740207
0.0328104929106
-0.0681421427674
0.101965367057
0.0305701856786
0.0776887366152
0.00228056455174
0.00689959338227
0.1346646557
0.0154012430803
0.0855962029719
0.0753302984865
0.0845355091044
0.00511680669361
0.024974884884
0.0913201621539
0.0689670810372
0.0828735800217
0.105164925442
-0.00485855023024
0.00585075814384
-0.00538677812294
0.0101206274908
0.0012081085509
0.0577593747984
0.055342663883
0.0331435355898
0.0123046913535
-0.0430666700548
0.0911842118039
0.0635426248726
0.0179838399995
0.00645178426145
-0.0354560380492
0.0904786840563
0.0103104255204
0.147587482799
0.0128557673916
-0.00465416054818
0.0826259101222
0.0894469668414
0.0746607627164
-0.0118993634109
-0.000964179904681
0.0627242051887
0.125004105872
0.0132296793413
0.0945658010208
0.0989486766067
0.0172246055324
0.0335091028525
0.0190712981584
0.0275527849562
-0.104226392751
-0.0477947313517
0.032270817821
-0.0038755284293
-0.0789085067245
0.104103031006
0.064069655828
0.00740771648809
0.0570695031859
0.0681147938674
0.0226888620869
0.0665259047025
0.0193340733571
0.0778859215797
0.0690204223839
0.0577654661169
-0.00461977896075
0.0842730364493
0.00264383425966
-0.0714800808482
-0.0108741608251
0.0112285483028
0.00445208698127
-0.0283537272949
0.050848401561
-0.0192605179753
0.041672915708
0.0957588992051
0.137032339908
0.0328388567052
0.108006323096
0.0155413313453
-0.0524524363917
0.0328649544113
0.0949939215701
0.069844234335
0.0116605608952
-0.00419542224832
0.108126052798
0.0855476563667
-0.0358430255511
0.0702183221105
-0.00295648090108
0.0479553316884
0.0929558417964
0.0996636493298
0.0922739808389
0.0576569758449
0.0485084906245
0.135688525998
0.0445476904899
0.132410701945
0.0160877172023
-0.0203906968412
-0.00407028524028
0.0489803882183
0.10443017521
-0.0331196352326
0.0487505188785
0.112221015758
0.0563193926329
-0.05276533563
-0.0526455985355
0.0653945855669
0.105819774565
-0.0629188470532
-0.0583815671124
0.0494570490934
0.0392256887349
0.0281790384021
0.000780565465794
0.0783476422296
0.0400347503835
0.0563375957633
0.112980256706
0.101885914412
-0.0884709389421
-0.12257418243
0.0959471356397
-0.00282141003142
0.0462117249047
0.0583514373813
0.040661617274
0.123131695157
0.113250287359
-0.0964789596639
0.0504011214978
0.1283489442
0.0671584502261
0.113460298099
0.0603576434763
0.0252725702378
-0.0231907121051
0.0173064316047
0.0670069498611
0.0338877666126
0.0180438712244
0.0424307914146
0.0128673339902
0.0712834728477
-0.0301821295028
0.0998168844311
0.0514405026828
0.0184187373232
0.00535933494546
0.0437844289291
0.0986888458352
0.0788366684482
0.0665745890793
0.000956269945251
0.0576358951033
0.115513764199
0.0416628598187
0.0674162598079
0.0379092269337
0.0424018372165
0.0521071236154
0.0257741576129
0.081792269957
0.00567424808251
0.0650022285
0.0874256993276
0.0792622691421
0.0420845822471
0.0895790208797
0.104904757735
0.0318663581904
0.0512621503469
0.0148020971222
0.045922010518
0.0602250646103
0.0793732141757
-0.0108881021287
-0.110197063344
0.0347639498413
0.000392207495302
-0.0600578120012
0.0348400560929
0.0757248248446
0.0787249083449
0.00158232776098
0.0260452281775
0.0562772548705
0.0487711442983
-0.0181949936187
-0.108504009153
0.0204765885116
0.117913220887
0.0904501272323
-0.0159735659314
0.0223053302764
0.00756221893529
0.0468502319491
0.071011584876
-0.0306082316157
0.052483341883
0.0199033983387
-0.0595022215507
-0.00634703109245
-0.0292200315639
0.105829311562
0.052440405756
-0.0196358766828
-0.0131268821593
0.0905089729624
0.0649759711466
0.0729509786846
0.00650037643352
0.0490682401888
0.0329382897924
0.118891168874
0.0902629189104
0.125322740144
0.114585760183
0.0322367925736
0.10853773595
0.0283942169946
-0.0480819160544
0.00386949667765
0.102675681042
-0.0152253850867
0.100192819376
0.0514378499386
0.0264185552228
0.0782138792472
0.0339301087255
-0.0185948613373
0.0981265345113
0.0563269375229
0.02676592946
0.00945335800015
0.0682061081752
0.0615521480928
-0.017190042451
-0.0163390722047
-0.032758693604
0.0705159228279
0.0729383617668
0.0833386212934
0.0653625688891
-0.0326589882641
0.0956693139249
0.0467791521188
-0.0104821847847
0.00115454027588
0.0157309430058
-0.012750499166
0.059599718851
-0.0460459227694
0.072032332221
0.0728526312569
0.0818241584435
0.0094706006555
-0.0317955439039
0.0452452523227
0.114292700985
0.0574957227769
0.0860070841848
-0.0330644617561
0.0167917923328
0.032649724874
0.0138727025272
0.113380667934
0.0739157244736
0.0285266172103
0.016267533705
0.132808718788
0.0225775198195
-0.0621458455315
0.0260993707075
-0.0623269046716
0.0504449598212
0.0271700184975
0.00275837523069
0.0595566447742
0.0853242035996
0.00143626462475
0.0475856111583
0.0998215559654
0.13488981153
0.12799997609
0.0591215017285
0.0869026608913
0.0436146629223
0.0601568317209
0.0330268655548
0.0218267939237
-0.00707706713552
-0.0267749354639
0.0270156961358
0.0451881458963
-0.059644042081
0.0251039448448
0.0100347155288
-0.0150819153629
-0.0351852685465
0.0914855636735
0.035339240138
0.0282722315568
0.0427885027967
0.0356432830158
-0.030049835401
0.0587599562599
0.0450457615304
0.0243049771596
0.0199799205507
0.0964184404899
-0.000261900343313
-0.0599285417135
0.0243011822566
0.12703100866
0.038803847705
0.00255044721901
-0.0222976450657
0.0875526246606
-0.0195961336984
0.0349719379616
0.145025053746
-0.000115032114932
0.0343818119201
0.0487350951861
0.0664716637887
0.103713396792
0.096769497976
0.0644474936994
0.0410692029046
-0.051455558912
0.00859391102343
0.103901243114
-0.00536316588141
-0.042059890885
-0.040662661186
-0.0301991053838
0.0846621335465
0.0529260398556
0.0748368035509
-0.0226976020784
0.0638847139386
0.0479344181175
0.0613704052963
0.0685973101781
0.0260519736268
0.140452086483
0.117011429412
0.0296271072866
0.049067926914
0.12597315395
0.0868382183892
0.0106559173559
0.0702435034861
0.0325848380683
0.016602828166
0.131672948735
0.0044217700923
0.0750283573916
0.0418709645508
0.0480134138546
-0.0484008336343
0.0623227534233
0.120459633219
0.107347409466
0.0344320267637
-0.0776681066387
-0.0957234380393
0.0548826257413
0.0642382765678
-0.0104614669733
-0.0426516728104
0.0510505332855
0.0318646287947
0.0865540691118
-0.0520687516325
0.0618686934116
0.0530755766519
0.0913424499452
0.0708679453992
-0.0462082394825
0.0878100031892
0.130898840995
0.0609699642266
0.0964939581895
0.0319146395824
0.0293824048701
0.0159990946874
-0.0159717514946
0.0790015187385
0.0415409733473
-0.063194145163
0.0522402812114
0.0424511191093
0.0258515558317
0.0183910865503
-0.0211868335873
-0.00259133810523
0.00837507752038
0.110065658503
0.0587542360522
0.0532773444537
-0.0256125474895
-0.00921173691382
0.0849833376677
0.0238420899012
0.0309555536787
0.0431923317935
-0.0616734066457
0.0365149408094
-0.0381545667965
-0.136064749522
0.0767042567164
0.0182006693745
0.0636010683526
0.110433195919
0.089632581951
-0.00123396662977
0.0442533919512
0.0826151116459
-0.00881259205257
0.0929880112312
0.0489410260605
0.11125199842
-0.0618869146841
0.0204101769545
0.0528319743684
0.0463065828542
0.102096305641
0.00518889597917
0.105498401136
0.000800947448015
0.127625574543
0.015161995319
0.102929277558
0.0391583817545
0.0936507014795
0.0831824598974
0.0702678462524
0.0924642653793
0.117087221249
0.0462308735044
0.000854521199919
0.000632889023933
0.050347077544
0.064772864639
0.0401067170129
-0.12344246551
0.014269707359
0.0102214045143
-0.000847842363342
0.0489044369329
0.123563569074
0.0106636043787
0.0854091502151
-0.0689526375577
0.0610580206889
0.0632453453933
0.0770613178955
-0.00837737856915
0.0121387210368
0.0154362235446
0.0147923875912
0.0603456000692
-0.029459813067
-0.0543746244055
-0.0731897284077
0.0098836789052
0.00439870120452
0.00550387516751
0.0444802664685
0.0453284929598
0.0800788376992
-0.000866513857698
0.107265817176
-0.117553997476
0.0993563438459
0.102352197954
-0.00101525199686
0.0571114046878
0.0361462858971
0.10553652589
0.00888117594992
0.0464150411341
0.0764829833107
-0.0234856118188
0.10610078147
0.0844301369285
-0.0138316516659
0.0960080479603
0.088872132542
0.131199755564
0.103989876586
-0.040919466546
-0.0143663356373
0.121493651887
0.0911059505944
0.08852225189
0.0271034647296
0.0762360202591
0.0668399977762
-0.0128751535389
0.0720332098235
0.0111302473761
0.0293943495225
0.103872572348
0.00410941421214
0.0677153780385
0.0756223984494
0.095634485927
-0.0440188061918
0.0722361247242
0.0102452032794
0.0863800325632
-0.0434310402632
0.0222346064536
0.0602212099909
-0.00669031185473
0.0288844555385
0.0803293738022
-0.0235198468791
0.107756360963
0.0773482965797
0.0621485428481
0.0588312244257
0.137362003895
-0.00388261339851
0.0426293592252
0.017392321995
0.0187403138402
-0.0493005827741
0.0186495954531
-0.0581195231901
-0.0190103847741
0.0715562644059
-0.0185188228007
-0.0492886522732
-0.0639994268891
-0.00656476197565
0.0669687107688
0.0712591840443
0.0899787975516
0.029697059311
0.121534045016
0.0567587234781
-0.0293604810771
-0.0766077684255
0.0779112166587
0.0290473621684
0.0417985973378
0.104122919065
-0.035619616552
0.120557599636
0.0130792749222
0.0846442111948
0.0850461822312
0.0682505048869
0.0181068310271
-0.0322565598845
0.100399919149
0.0891639162943
0.0438657489712
0.0609646683537
0.0527864569455
-0.0542787762083
0.0431462764318
0.054336002298
0.0364692427771
0.021063664353
0.0298355123789
0.112380098459
0.0313679840021
0.0490297277674
0.0834514637046
0.0493480085113
0.136064957504
0.0717066775416
0.0754934927844
0.061925502069
-0.00369479604058
-0.0101785100913
0.1137766662
0.0329343220751
0.0125605280895
0.12512664836
0.0481307905278
0.015914768672
0.0542807891877
0.0341875250363
-0.0251910532037
0.117513399983
-0.0107610155507
0.0573329536706
0.00658240746956
0.00330157068096
0.0618707747916
0.103601168383
0.108993217286
0.0476543518035
0.0193271293097
-0.0652460750913
0.0538828449548
0.102878122508
0.0249566939309
0.0364999816072
0.0709649192322
-0.0258548306126
0.0694169001698
0.0142246363622
-0.0393469662316
0.0037054094283
0.0799983716985
-0.030216657102
0.00221372946312
0.0466742298627
-0.0711856302067
0.0863161214748
-0.00754712426425
0.0633063131451
0.0196781973724
0.0131883397492
-0.111708077669
0.0836421906083
0.0351856436142
-0.0255607117551
0.0059702289746
0.0796053560128
0.0572363706416
0.132871038533
0.111527463009
-0.0158630610149
-0.00356512928786
0.0401897287531
0.0268458692569
0.0998781005947
0.0777698205024
0.115511110355
0.0123162965471
-0.0693293752951
0.0356557863817
-0.132558688493
-0.123512704681
0.0330881071816
0.0348693334859
0.0580204914141
-0.0396237542473
-0.00705831149358
0.0455851951181
0.107236849383
0.0209194788072
0.0339171819063
0.0796445712316
-0.0121812042857
-0.0294385129276
0.0197944175875
-0.0323757922053
-0.0479415759369
0.0819323772265
0.0145606712376
0.0858796309602
0.0979082965014
0.0462896460015
0.0120074331882
0.100200834809
0.0551892193548
0.00396321156308
0.0147966790254
0.0621822047154
0.107313718238
0.112560868353
0.0519458293148
0.0180187874937
0.134024453656
0.117662992717
-0.0490730871279
0.0436782521896
0.0462679163176
0.0169360866021
-0.0156058930461
-0.000644252430556
0.101410663788
0.092192935368
0.0549643930071
-0.00955772414234
0.0991526996438
-0.02868807421
0.0658145696297
0.0403627878047
0.0712094439833
0.0340382071024
0.0578375563567
0.0710738412351
0.0726840071766
-0.00860394139917
0.0703681137083
0.00565963344465
0.0001449308247
0.0467036840927
-0.0468526216077
0.0595880893129
0.0790927598427
-0.0278647443623
0.0904939878817
0.0844560540656
-0.0139192533119
-0.0245588041765
0.0453385024597
0.0776261127091
3.55540780514e-05
-0.00106533230682
0.139421394885
0.0747964048384
0.110942951905
0.0173224190764
0.0890818081811
0.0143839382378
0.0802168532489
0.0320702897289
0.125568284888
0.0149331065859
0.0217947306297
0.0702381884868
0.0267652565862
0.0628232082292
0.006273515624
0.0723275336526
0.0677203423483
0.0635172571404
-0.034438241801
0.0605315691165
0.133152660377
0.0873950058286
0.0300644113474
-0.0439238071453
0.088756086438
0.0919495675583
-0.0334934388201
0.0374294433302
0.028520505851
0.0122015811249
0.0714847774263
0.00564755206631
0.0917186061622
0.0275912492331
0.0705491584877
0.08933218362
0.0995501465612
-0.0112636518131
0.0169377406957
0.0108213672475
-0.00179624399751
-0.0694289389522
0.0391891994809
0.0658808926212
0.00759255866076
0.105980368556
0.0828149018426
-0.0028849583838
0.0437975014247
0.0389149995988
0.0954051702137
0.107216048728
0.0808183539514
0.0102301377602
0.0194849578077
0.102199992628
0.0863709954551
0.00157266874556
0.041658818497
-0.00291604293467
0.0609982311635
0.0515252530288
0.115412067171
0.128990699643
0.112073130988
-0.0238126188296
0.0574491812385
0.0200687517173
0.121144007824
0.0294224028843
0.0538231023314
-0.0693389720468
0.0935499262564
0.140057046819
0.0817529950114
0.00407544936356
0.0599677464185
0.0848749080792
0.0117333375225
0.106743721842
0.0356881071675
0.0540341359689
-0.00487897983731
-0.0906020839833
0.0339509376375
-0.0639895191289
-0.00562184081876
-0.00100518434263
0.0316087477986
-7.40578315597e-05
0.0349030638131
0.0604221856677
0.0587342781943
0.0668541779511
0.0222238759548
0.0808530597401
0.0249098690236
0.078462958391
0.0581466074233
-0.0187824967738
0.0131229056279
0.0836516414537
-0.0121764532862
0.108429245611
0.0502073793979
-0.0177552296047
0.132917411882
0.0596259397526
0.0583745549633
0.082055957648
0.0292897234468
-0.014907901537
0.0772991793526
-0.0146390687895
0.0176435346072
-0.0293616368979
0.0320097150054
0.00602934044424
-0.0138676804375
0.0428118007862
0.142578449797
-0.0931691162038
0.0361942848904
0.00677483268498
0.0357347654218
-0.0224491234612
0.00371968552792
0.0163622491234
-0.00373921484344
0.0665168894204
0.1167992813
0.0153770169014
0.0423955556189
0.0596696811004
0.0563236186678
0.135540738068
0.0251038237807
-0.0545685286401
0.122657318241
-0.0204365503611
0.0434027914153
-0.030120269275
-0.0623521652793
0.124843827521
-0.0971953980652
0.116789733806
0.0283630249707
0.00417501016532
0.0485013565373
-0.0147875134623
0.0667896286697
0.0148809839602
0.101917131647
0.0373795268937
0.0855523654711
-0.0287906474466
0.0607872570929
-0.00612475329757
0.0854798387446
0.0510095445114
0.0173079920592
0.0974035709968
0.0511380834123
0.0675817821304
0.00579727584573
0.0560588893189
0.04603680926
-0.0492332125742
0.0528607880282
0.0670043179577
-0.0360440625766
-0.026337396502
-0.0175229467174
0.0196968595136
0.103642280335
0.0786668298648
0.0905257083143
0.0285909094784
-1.56720604458e-05
0.0545171715867
0.0119605005288
0.123837219729
0.0198951987812
0.118755174528
-0.0836164037135
0.00756090124337
0.0259128504591
-0.125127745509
0.0555891661925
0.0832638550843
0.132929513182
-0.0142994782372
-0.0320268696886
-0.0147963240094
0.0355501359865
0.0250190642416
-0.0504668870732
0.0831485839194
0.0385819470053
-0.0079610612412
0.0665775537179
-0.00844036828541
0.0962175251127
0.0644908414334
0.0381554041124
-0.000299029565481
0.0602894293078
0.120396860134
0.0548943000248
0.030809197317
0.017858244058
0.0418865361957
-0.0155232610196
-0.046040894035
-0.0140578515686
-0.0619841446978
0.0367919863665
-0.0647643576752
0.028976691947
0.0963287665571
0.0509907879491
0.0752784133238
0.076665418611
-0.0163757996629
0.00488345867625
0.0713702672666
0.0325743771203
-0.0219796564656
0.0474801910689
0.113598799197
0.028338432033
-0.0405823439619
0.0144365361866
0.0133593658975
0.122638008261
0.00282542044932
0.034220945204
0.0248004971201
0.112879267001
-0.000354117618318
0.0312572566278
-0.0296431668953
0.0489363505862
0.040437606136
0.0278385234777
-0.0463351748129
0.00704273622947
0.0744536183468
-0.00510764292258
0.0445712908869
0.0474418933787
0.079386727156
-0.0214084130457
0.0174497065411
0.0641067653029
0.0240588324377
0.05875237233
0.0621407059903
-0.038744779741
0.0946388503774
0.111338748722
0.0670534281352
0.0296280410486
0.108597831897
0.00590953361025
-0.000940879517117
-0.00367030922848
0.0749652169997
0.00677126368896
0.0658515879993
0.059780287659
0.0523280056836
0.0578021793536
0.0699728304765
0.0106687351957
0.0776299777297
0.0557852357228
0.0179828053059
0.122997566521
0.0606415566184
-0.019142306052
-0.00883868963888
0.110758550724
0.148927676899
0.0366180353659
-0.0289950985653
-0.077878127656
0.103132216769
0.123063473685
-0.0814766978955
0.0899851840524
0.0588253770624
0.0870573714031
0.0869525353892
-0.0105752677533
-0.0242554023365
-0.0989820336444
0.0654503589587
0.100693012942
0.0365660452268
-0.0342387617025
-0.0443494984057
-0.022491767433
0.00621919049507
-0.0395111758902
0.0880394706677
0.0142302548848
0.108403318623
0.122894203073
0.122618119251
0.0578133499929
-0.0999431692954
0.0471531983611
0.0737354176421
0.058995493115
-0.0664589717639
0.0421396098814
0.020150696378
0.0289046020092
0.084484593013
-0.00700573225249
0.0360181962387
0.0393086496285
0.0584555138953
0.0570318235232
0.0866061017745
-0.0328944781528
0.102422879464
0.0853462283885
0.0837328296183
0.100328014084
0.0502785281569
0.0105546539747
0.0344602134029
0.0457430106049
0.110535839812
0.0268015423897
-0.0105232698755
0.136692196427
-0.0320824053419
0.128933252335
0.0793719122185
-0.0138158113527
0.0480781009492
0.0357674139713
0.130840437189
0.0414204399928
0.0418704662809
0.120441542308
0.036400933926
0.0206457691866
0.0132312086933
0.0542669819139
0.0126929612279
-0.12085531568
0.0554765773213
-0.0259361676173
-0.0394642914355
0.0588220768494
0.00293028819924
0.0430138434948
-0.0108918308482
0.0609729295669
-0.0183850766379
0.129642511888
0.0796213438776
0.116174221071
0.0877414812878
0.00586768569952
-0.0208756606446
0.0435772175841
0.0521352220632
0.0443929243677
0.0154459976667
0.0805636681458
0.0962934947645
0.00663712717299
0.0943655961919
-0.0508145537969
0.00834960140718
0.0163141685132
0.0342143888788
0.0599610098404
0.109411016323
-0.107211559321
0.0737295693823
0.0498218008402
0.0613045500715
0.0715960820275
0.0187747334039
0.0254991589502
0.0130705587678
0.0577250314424
0.0152645651649
0.0835035565884
0.0502866753059
0.119665387215
0.0684323767841
0.0727870830438
0.0877092458977
0.118485759978
0.0435284948416
0.0891133013447
0.0759120489891
0.0972956946835
-0.0470408558668
0.0451911139553
0.0788338354538
0.056170749759
0.00460377844693
-0.0132959023823
-0.0910407148962
-0.0313688617491
-0.0393253670141
-0.0792299872965
0.0369526296915
0.00488033642213
0.0508848308579
0.0944242426571
0.0730741266696
0.0864292122459
-0.0174568901377
-0.0175389415665
-0.0235795722564
0.0232923133415
0.00825197653486
0.0592349646474
-0.0132340980655
0.0456061443273
0.0822033178035
-0.135443462036
-0.0429503185532
0.0223863988849
0.0568302356894
0.0108575872708
0.050919891937
0.061171973866
0.0492521087469
0.0689854768784
0.0900215735943
0.04624617055
0.10293377726
0.0971029868179
0.111700538856
0.122923578741
0.0189973315407
-0.0263062210734
0.115624677336
0.00512074593948
0.0341275568857
0.0636298311075
0.0484900082078
0.112971131716
0.0689451236305
0.0591927636139
0.040687050976
-0.0104493468105
0.00662031637732
0.0742056487037
0.0580449236118
-0.00782119344614
-0.035972472232
0.0399237926914
0.0345963629987
0.11291316544
0.102362118729
-0.0203399923017
0.0431423102937
-0.0268276165458
0.0639547755053
0.0172361835241
-0.00762633508057
0.0598971481412
-0.0353728637294
0.040026644318
0.0559423766739
0.0163513314822
0.0792833563391
-0.0792515740738
0.0136358884413
0.0620760874066
0.0348722478762
0.000793453812454
0.014508866542
0.00481049864005
-0.0175588317444
0.107144776634
-0.0383889979508
0.0914882124401
-0.00718109239618
0.0901664956697
0.0656437327679
-0.0872825664335
0.098611401785
0.135346573293
0.0927098580008
0.0126482693364
0.0921216328348
0.1196178515
0.0287878607824
0.053659209554
-0.00481164404467
0.142076745148
0.128774169027
0.10141983233
0.0514111271865
0.0468215660159
0.0237150634981
-0.0188142043914
0.119312430015
0.038439623752
0.0968233140776
0.0202110873928
0.0293884811017
0.107982881503
0.133976746077
-0.0199455117449
-0.0134588294261
0.0148960610874
0.131673521322
0.0209106616871
-0.00971989191694
0.0250433969015
0.00965229844663
0.0921956947969
0.055466603477
0.0368926903528
-0.0373276497404
0.111037846257
0.112732981058
0.0150753927294
0.0280031640022
0.0696133048717
0.0805508593504
-0.0462589452401
0.034121725537
-0.0315738319691
0.019705147091
0.0567867511481
0.0602207410665
0.00152573143091
-0.0177735090317
0.0947534880168
-0.0022348116083
0.103163548894
0.0793089680493
0.0220149075835
0.132720914068
0.0806715051697
-0.0189893997866
0.0609008008734
0.121897408808
-0.00513464841548
0.0578964378817
0.104120526811
0.109480066078
0.0829910679705
0.0347521941933
0.10430185232
0.0552911006582
0.0520500908277
0.071224866331
0.0640366065379
0.0964763403795
0.100702374866
0.0337531099137
0.0556050908184
0.0181079025567
0.060162614394
0.03677646424
0.129425743967
0.125352038787
0.0748718145934
0.0323497410197
0.0207014833504
-0.000172601655343
0.118218978035
0.0581472971836
-0.055133558375
-0.000306064657837
-0.0359622922546
-0.0239389039162
0.0361977917006
0.0970977891541
0.0526834054093
0.0590893977365
0.0483308681284
0.0745455865604
-0.00594901997678
0.00900648553697
0.040071750273
0.0766162710031
0.130226110421
-0.00962558497974
0.0371783492551
0.0290788239607
-0.00845005552253
0.0584117689524
0.00656863927273
0.110196571881
0.067807288645
0.0648736622919
-0.0656737610491
0.08669138802
0.0312958955587
-0.0386537567596
0.0724576083082
0.0384738754534
0.0439648683526
0.00156647014427
-0.0140154105943
-0.00116819339534
-0.0611206207226
0.0250222417255
0.0479794256306
0.0516236281434
0.0278562600681
0.0255518850755
-0.00325239585734
-0.0154507939088
0.031821194239
-0.00440145061233
0.113361684296
0.0329619544695
0.104613702888
0.0183595764453
0.0572769857608
-0.0271791427223
0.0377604635454
0.00423665435972
0.0189185922721
0.0224620782382
0.0938029672479
0.103625412502
0.0673658807817
-0.0297445502133
0.0140888235829
0.0968315945848
0.0294165752968
0.0930690739602
0.0420231009239
0.0494134050969
0.0736520683597
0.0616653860578
0.0851277932063
0.0543690690834
0.0813768374577
-0.0157464002748
0.0202758940158
0.0261069690951
0.137096290999
0.076773700257
-0.0149135761654
0.0797495236358
0.0470114550553
0.0114876594624
-0.0467444070594
0.0252330846904
0.0463726664057
0.137919481244
0.0210941743128
-0.00202394654722
0.107243313285
0.00728958564396
0.136178478532
0.0598180133843
0.0461101135639
0.0536130098851
0.0216860440008
0.0368494442531
0.0449412041296
0.0140774430764
0.0816458311246
0.131398181944
0.0182353120144
0.0786787780107
0.042255573357
0.0620507093418
0.0589585137022
-0.0764821860923
0.0121120961309
0.0682870720246
0.100123333108
0.0148617087544
0.0432242427809
0.0611221237069
0.0349026851573
0.112834424211
0.0647635213228
0.0774468110681
0.0111329770024
0.113730802117
0.0456331984084
0.015052532857
-0.00129524893731
0.0703080243486
0.0594662751321
-0.00496462727054
0.101862597769
0.0862092487161
-0.0205224663102
0.0840939083481
0.0185308658228
0.130441978435
0.110715001354
-0.0242728140311
0.119321064766
0.109989815094
0.0956173054969
0.059698103944
0.0308520524155
0.0925670929806
-0.0457835135582
0.0846076493943
-0.0024792635244
0.0470632722703
0.114770845712
0.0459859464149
0.0316664481582
0.0971009707262
0.0129415245712
0.0746511445995
0.0634397996369
0.0279883146583
0.087137753019
-0.0342366111665
0.00451313460508
-0.0177762355102
0.0973301818345
0.016679603955
0.0749242802369
0.0577882429174
0.026932458365
-0.0225843017295
-0.0113945875559
0.0336037020853
0.0332728525826
0.0357918774653
0.0446575207613
-0.0516530767928
0.0672800630508
-0.0268336558559
0.0169822172366
0.0756762264761
0.0128951134109
-0.0406624072632
0.0188034388472
0.0150801118928
0.059309188908
-0.00689216084482
0.045941674396
-0.0871489510864
0.0832459503589
-0.0310447662685
0.0605897570449
0.0270143046883
0.0826753352358
0.00450157010956
0.0450501694438
0.00450039469047
0.0320704440501
0.0247821969307
0.075475938709
0.0305879505983
0.121121789261
-0.00259331792714
0.0522264155636
0.101091446643
0.0294515467059
0.0263408375969
-0.0580189590343
0.0449969043541
-0.0831835343164
0.0744237050385
0.00361376079425
0.0256743724256
0.121999527698
0.0867337331227
0.0570098390918
0.106016924889
0.0468221402169
0.0904712678454
0.082558491032
0.0772639548103
0.0139950127881
0.0820818727573
0.127712016337
0.05746229168
0.0492610764624
0.0164828089703
0.0373161277449
-0.0185932002011
0.0487482171115
0.105973604186
0.0135461485169
0.107157068951
0.0460194363547
-0.042740010768
0.100119629418
0.123059391572
0.0782954781713
-0.0124710789839
0.07338260043
0.0506372418614
-0.015229766504
0.0102138028231
0.0921140593268
0.0740087580035
0.0495089983696
0.0553630118441
-0.018269544831
0.0509964471945
0.0666809103942
0.0262704387869
0.0178708371219
0.124779545169
-0.00633906434624
0.0882002598002
-0.00809023504124
0.115382953525
-0.0354784381409
0.0673946750045
0.0556124129395
0.13632509152
0.0227240392602
0.00623373286048
-0.00803607836045
-0.00716048151134
0.0774469795176
0.106268349932
-0.0566720896093
-0.0155957983368
-0.000982888586195
0.0280264250297
-0.0184378242363
-0.00367554911535
0.0505230468178
0.0239448753764
0.0385469508536
0.0951179760603
0.0744201843858
0.0694478037797
0.127000668938
0.0438681921606
-0.0633360271106
0.12123909382
0.0321602350112
0.0116699716524
0.102687305731
0.0460577258525
-0.114771964865
0.037195967909
0.0829859727355
0.0626797920886
-0.06369207921
0.0626190244999
0.124829896882
0.00978693297441
0.0413491845606
0.0174216514125
0.108051958906
0.0980956627426
-0.00369465969233
0.0712920373125
0.0536256228948
0.0652527496641
0.0231706442603
0.079442580208
0.0712403353112
-0.0579499730383
0.0679856720141
0.0154921612602
-0.1107124588
0.0820232355998
0.0545087515613
-0.00348955435298
0.0629770238253
0.0446634037226
0.109276959139
0.00389499976647
0.0551630259866
-0.0182515299362
0.112617385178
0.101799573109
0.0692620518655
-0.0139968971253
0.101471436275
0.11365995461
0.0402474788037
-0.00855464416032
0.0485773764108
0.0932974947138
0.0218448284555
0.00638153549008
0.101558691576
0.0446997862863
0.0459006565
0.0742261700621
0.0049875288164
0.0250174836915
0.0827558922197
-0.083113183849
0.117793223277
-0.0174566655262
-0.0759658080161
-0.0128972614042
0.138377346496
0.0349944066705
0.00744354621736
-0.00378832631243
0.0398861460875
-0.028573186922
-0.0497743170083
0.0932788276783
0.0662179936728
-0.00253478821057
0.0224046962556
-0.0378972418863
0.0586494784348
-0.0178462620746
0.062407563628
0.112150597387
0.0243144049647
-0.0182168981397
0.0450607020135
0.137627316213
0.0908695243653
0.0566553730056
0.000753933328845
0.0820869638916
-0.0658706359471
-0.00268762437766
0.0451321715148
0.0564886438305
0.0544153266999
0.0317908018815
-0.035923417175
0.0423502971605
-0.104662811143
0.0792076545006
-0.0428070226807
0.057225894174
0.100553456888
-0.106349803547
-0.0288457866488
0.0553164998181
0.106183656967
0.0826128317565
0.0250140413819
-0.00486966577741
0.0189914781781
-0.00253838422972
0.0970999952565
0.0945329475597
0.0223002799378
0.0392532532546
0.0359374680791
0.0512593879929
0.0475884733709
0.0302212849634
0.0146641158765
-0.116449618192
0.076408245247
0.109688691172
0.0509000029724
-0.101997171406
0.0614140884158
0.076911638465
0.0931726165854
0.0395370467857
0.0177996928947
0.0476960396227
-0.0651535975197
0.0788086151416
-0.0229616880724
0.039382214993
0.028970955344
0.127979339386
0.125325654881
-0.00771136270185
0.0891371268028
0.0846264983734
-0.052024179257
0.0620185323775
0.0800327834062
-0.0304073157375
0.0310293080149
0.0420964496512
-0.00838532647588
0.105660429858
0.00289803675016
0.0870875596322
0.0351783830415
0.0337696741501
0.0176440076302
0.0557670223967
0.124524208913
0.134293220008
0.0852193088991
-0.053203058731
-0.00345294441674
0.0568704439434
0.0734427892419
0.0367644994518
0.137252325001
-0.0141055470746
-0.0020217600214
-0.00205175085586
0.0915110220468
0.0744650356855
0.0809303417112
0.0460449584006
0.0290093610138
0.0825288126912
0.0686719093154
-0.00376158271941
0.0895158674625
0.00669774140609
0.0630529497076
-0.0984632758812
-0.0110808064429
0.0816176218749
-0.00250410782976
0.0762378255321
0.081813315662
0.0520515503761
0.0635725467986
-0.00408714227152
0.048794017894
0.033195014594
0.00492838910231
0.110497095973
0.0548434497213
-0.0119613532532
0.0534039183318
-0.0461295668188
0.0822110927207
0.0336084700796
-0.0654817359547
0.0554037790645
0.0577150061054
0.0359090291991
0.0145477620257
0.0745358954505
0.0269496742713
0.0333915062087
0.0461306301893
-0.0494705515163
0.0951015809245
0.0126783190991
-0.0546422978794
0.0365760848096
0.0454619686836
0.119160509087
0.0550409220494
0.0611423864067
-0.0162445799034
-0.00159620552251
-0.0262362833171
0.0342467184491
0.111349458834
0.035745172396
0.023017516149
0.0111223356333
0.0917084702734
-0.0249598464029
0.0173136468826
0.113860160567
0.0426914448622
0.0306879404723
0.0451038497691
0.0828851591705
0.0590647510137
0.0901440105785
0.0470440447763
0.11133728494
0.0377691014277
0.0874619286
0.000991837091243
-0.0302666077343
-0.0439607278585
0.0590154600499
-0.0555064923869
0.0493493241895
0.102793581784
0.00457808355044
0.00166036154617
0.0585025962161
-0.00466092607178
0.0884496644349
0.0433270916908
0.0198774545276
0.088338185479
0.0278107344437
0.0836946600272
0.0714291678795
0.0166798909215
0.0702844162306
0.137828243905
-0.0363653848124
-0.00816261579129
0.0625634029537
0.0708702306939
0.0775586289447
0.0371356287489
-0.0331232137444
0.0389034430882
0.0188146138417
-0.0230302589714
0.0564566446009
-0.0725988782521
0.0441479646297
-0.0483492462657
-0.00721165426171
0.0031048447983
0.0801999406489
-0.00685872807503
0.108640878889
-0.0535389619618
-0.0384948544446
0.0102986659554
0.0521354559869
0.105157501125
0.0581841372996
0.0344703638287
-0.0119667687497
0.0937966486951
-0.0668438626749
0.082415205606
0.0751032898226
-0.0515447926714
0.069519939968
0.0756944044329
0.111350679068
