-0.0173313504689
-0.0131485148935
0.025059198088
0.0979842969322
0.0192682271
0.0532183613897
0.0345369094471
0.0227647361309
0.00106684564532
0.0795223384165
0.048303331189
0.0902312046534
0.0167575954531
0.0696211075936
0.0201990099884
0.0274964248339
-0.0454735393778
0.0417652622151
0.0265650139516
0.0736660300055
0.102527443257
-0.0100527280806
-0.0236837007511
0.0536855388337
-0.00157798361991
0.0740527972187
0.129788008699
0.0753255414264
0.0459098468687
0.0332313731138
0.00316159058025
0.0863503662066
0.0413693956484
0.0912283482066
0.0406282014414
0.0580422407781
0.0894832626239
-0.0325544798093
0.0803035124207
0.0308620239159
0.0289405610146
0.100818325264
0.113546426902
0.00414868738064
0.0114625708624
0.040682046505
0.00527671006852
0.106947226114
0.120063109312
0.0641742108448
0.0249810132246
-0.0715589892292
0.0133206964276
0.128630721318
0.0516413408728
0.0390390514454
-0.0194918958474
-0.0396639725906
0.0663647104852
0.00828846093993
-0.0373257553678
0.0498637134634
0.0748647202935
0.0391994972089
0.00698963825214
-0.067176052148
0.0106474587511
0.0503072393503
0.0572201361881
-0.123145238108
-0.00834619018241
0.0565242617691
0.0462216404774
0.0703440136293
0.0213248641744
0.0385152311696
0.100168871485
0.0795435383365
0.133187923961
0.070428454845
0.0605814230135
0.0315943495437
-0.0855251719421
0.0214614417793
0.129805437894
0.0692041148035
0.0755659610151
0.00761806222381
0.0728077840403
-0.0148046299528
0.0976475941011
-0.00600431185359
-0.0950085457972
0.0643902402716
0.0987808805344
0.028605371728
0.0732100117551
-0.0652807905933
-0.0082026095751
0.00288336746209
0.0988084859374
0.0819941520195
0.0794274082107
0.0890536947308
0.0150476546772
0.0734473411032
0.0279735632423
0.139850688605
0.0869488075286
-0.0013722262244
-0.00791705334007
-0.0693165753651
0.04393080245
0.0491842982154
0.0755191511493
-0.0197129865883
0.0475433593649
0.0748213361545
0.0204413968493
0.0194317296294
0.0807300548098
-0.0477954791564
0.122661124238
0.121789078405
0.00357024243402
0.0954403857645
0.0665463264294
0.0376417403386
0.137668698412
0.0893616270418
0.0445673764816
0.0942760238674
-0.0437960275822
0.103091863716
0.0987653003139
0.115204189612
0.00506762501387
0.0529643532489
0.0624048325562
0.015129838762
0.0794765775419
0.142716446302
0.112455901355
0.010011584188
0.063830539965
0.130092291031
0.100355377405
0.0426275909311
0.124724729521
0.0861980249533
0.10340503431
0.0361426962818
0.117968269973
0.0353933860908
0.0840782729817
0.0258003052977
0.0716535615641
0.0231329400318
-0.0322766803423
0.100997969145
0.0577219550474
-0.0372171206859
0.0469601137389
0.0241928274464
0.102769263855
0.0749682264548
0.00579439362945
0.0683866355995
0.0509026918145
0.0248657880805
0.0274099299886
0.00471222891735
0.0868008967978
0.0908388229226
0.106183983179
0.0951412669536
-0.123036414243
0.0228525514377
0.0501428804498
0.0555149158143
0.139871060212
-0.0664606865101
0.0321295919113
0.119522054165
0.104978055655
0.0475162078564
0.0184275616763
0.0177654140055
-0.0163206497945
-0.00346128338735
0.0892464085527
0.0833023359093
0.0220117403435
0.0280681661977
0.0235046811721
0.0437433498715
0.0495764553512
0.0697478348472
-0.00736952553004
0.0397468790434
0.0306264732187
0.102665206574
0.111285712587
0.015540907054
0.088266435804
0.0992990583447
-0.0580029296192
0.00668784420076
0.0162809928138
0.060214081842
0.0864656754874
0.106509605638
0.0617766447903
0.0860294765956
0.123626041484
0.0573737723679
0.0588350857999
0.118712749936
0.0688998570191
-0.0122283801615
-0.0441992547746
0.138359337982
-0.0479405019438
-0.119597012342
0.0910616520949
-0.0853369195866
0.120298276776
0.0397227652585
-0.0262090910834
0.0688964409866
0.0498751024659
0.0981712297396
0.0397616567105
0.104308207661
0.0257651668577
0.0901438233078
0.0512789039687
0.00285432798763
0.11767223078
0.0332711091565
-0.0677632856421
0.0651503712137
-0.0276775319292
-0.0117283280451
0.102061822753
-0.0342087494918
-0.052236577551
0.0611685233321
0.0659283122685
0.041701550067
0.0379299609443
0.137044410688
0.110393682674
0.0993293779795
0.0524417934002
0.100618986688
0.13067372844
0.0346826167793
0.00501423554588
0.0212320829042
0.0460552398396
0.111208026646
-0.00351438388064
0.110489474241
0.106524299032
0.0840809952564
-0.0502448241728
0.0179457604685
0.00450175933139
0.10011740321
0.120055523863
-0.0173607977553
0.124818362332
0.0982183033744
0.0598429179244
0.0717358310795
0.0708131886568
0.030887453716
0.0730054125492
-0.0269618035894
0.0349048834291
0.0286281076917
0.081420519186
0.0651130409808
0.0828537472556
0.140365702265
0.0484573114936
-0.0420218005931
0.0256312343303
0.0461088479834
0.0777208672102
0.0061841982289
0.0872019345283
0.108706247613
0.0834356036674
0.0630300284079
0.0051101624194
-0.104328246696
0.115560551194
0.0880296193755
-0.0601322050351
0.0916068538208
0.0516975429822
0.0102362240868
-0.00160144908069
0.0528275230117
0.0573827744648
0.115630820494
-0.0419303503743
0.13100299773
0.0512869444331
-0.0224816203436
0.0787504531287
0.0249462376062
0.0618788046345
0.00643634825826
0.0587929637948
0.0858377262984
0.0258329910061
0.00720538571597
0.0230140418333
0.110383614461
0.0161588937617
0.0518698883137
0.057062700142
-0.0691284456237
0.0939320521982
0.0223979914165
-0.0641128242425
0.0296338845519
0.0983116461743
0.0986618908986
0.0425289431204
0.0429464256664
0.0960926852124
0.0835912765835
0.0331160662932
0.0759992797308
0.0745907710868
-0.0845311433152
0.031989095757
-0.0049727115957
0.0910630386369
0.0643544547947
0.0436666892793
-0.00941801608069
-0.023554149568
0.02580544259
0.0948193915111
0.0256232969756
0.100756638071
0.0400192280231
0.121180577598
0.0591773671512
0.00450972466291
-0.147512443619
0.0915072338814
0.0649709645149
0.131736021196
0.107903518017
0.0889781318027
0.027019982238
0.124513533967
0.103456042892
0.0809392328185
-0.0467489575718
0.0730178684081
0.126970489114
0.103783574067
0.0647842585976
0.073379790371
-0.0104443015259
0.0100695215018
0.0279105719396
-0.0481649201884
0.0305753312559
0.0245773394228
0.0658914933408
0.133455913712
0.053156265795
0.0012409443674
0.0980202104525
0.0197118459445
-0.00361112915646
-0.00323822902188
0.010743755213
0.0773980134144
0.136601423459
0.109858544004
0.0624432728585
0.0390414968552
0.0297777016742
0.111899482828
0.123904276703
0.0918481446205
0.0509205612175
0.0808536491548
0.0306316004333
0.093720800953
0.0143980333704
0.0918911462232
0.0867383133838
0.070124909331
-0.00634531950058
0.0111080187243
-0.00640369080795
0.0945163795863
0.12190620078
-0.0465522198509
0.06939891668
0.0762753133448
0.0896019302537
0.0233120525727
-0.0141582042
0.0783079152614
0.0905237845397
0.0980745531799
0.0848074969993
0.0990213169437
0.0158706184472
0.0545687988008
-0.0221404648479
0.075167016159
0.0501013222971
0.0773071756138
0.00935772700528
0.0349877700013
0.0795470318667
0.0979419283063
0.10658389488
0.0462709083956
-0.0466884431889
0.0221992959765
-0.0201599138704
0.0507522947602
-0.149351562422
0.121794822728
-0.0220879083625
-0.0382654538906
-0.0106989913768
0.118304721988
0.0721140223575
-0.0182555951213
0.109111575407
0.0135096796273
0.0765375322596
0.0560394911135
0.137313829156
0.107461611199
0.0419791559217
0.0390750157446
-0.161793842458
0.0680150676526
0.0609254349609
0.0982034190145
-0.0525196686624
0.0694395807377
-0.0344642151961
0.0914456461162
0.0855821482644
-0.000248762916553
-0.0356671914974
0.0295895403262
0.0846053578548
-0.0345615351359
0.082580280536
0.105129393539
0.0700424511741
0.0199292018557
-0.0187040409723
-0.000298771944259
0.0277356269025
-0.0504114034342
0.0476882823318
0.105132040826
0.0274940644365
-0.0297648598258
0.0966832045582
-0.0359142703465
0.115274283514
0.0717342038848
0.0758162434612
0.0574908368443
0.110941753246
0.072379549244
0.0809249833659
0.0560022086837
0.0144198207474
0.0719253481943
0.0838684296518
-0.0232621322382
-0.0080479879826
-0.0278585697439
0.0914765374313
0.0324892967119
-0.0288670119979
0.0224581561652
-0.0288493506596
0.0196777856283
0.0396234166597
0.044099993866
0.0360624374033
0.0851128574786
0.0364304789245
0.118032017379
0.132173826272
0.0354781157824
-0.0071352000414
-0.0302981652077
0.11272487562
0.0789915027601
-0.00107572415771
0.0581607944999
0.0888089552906
-0.0335140487254
0.0475820836697
-0.0444073915605
0.0605376579676
0.113146749926
-0.0605382765198
0.0671631449276
0.0534637273665
0.0759165390406
0.0984287659172
0.044958655569
0.082660867611
0.0414560348364
-0.0152908716091
-0.0253610229883
-0.00278501483683
0.0587287391515
0.100450089479
0.0940271721429
0.0954059374027
-0.00760388935485
0.0712446872396
0.0255007374282
-0.0933236829297
0.12080280705
0.0573777917124
-0.0299258986366
0.0292554742532
0.0377756378375
0.00588760740324
0.0650430996442
0.0663975214043
0.0148012864838
0.0736012843925
0.0903067472713
0.115399274198
0.0858862875628
0.00597590180519
-0.122786774621
0.0218880383831
0.0153366653649
0.0787859987974
0.00980039432425
0.0684801791153
0.0732322924061
0.0674024011062
0.0803325752728
-0.0793615225684
0.0259959453635
0.026632737039
0.0171410077304
0.0962306664591
0.137354272025
-0.0747715752523
0.0862736791859
0.109462623859
0.0523922043823
0.0778434852598
0.133781871773
0.0288214578822
0.0365777753697
0.0641617868879
0.0551299679904
0.0160083641389
0.0271777252224
0.0562611030058
0.0324695301247
0.0876908613987
0.0256697903257
0.026810136852
0.0308285608091
0.066916417476
0.0513518069652
0.031020796086
0.0564556852734
0.0263331719444
-0.0449815222241
0.0218632009787
-0.0534514113362
0.100251612321
0.0942650269089
-0.00836001739235
0.0807241208655
-0.0333303114288
0.0211108703554
0.0734944174795
0.0292167908665
0.0786775939428
0.0495152865652
0.0788325326201
-0.0192714327656
0.0188943272948
0.034647993249
0.014714891192
-0.00517637741021
-0.0463459291226
0.0577999639676
0.0525526755591
0.0940105648596
0.00958937231444
0.0974542731559
-0.117214673639
-0.0239641787393
0.0668335113635
0.0693019962171
-0.00687797679402
0.092010733408
0.0596166671952
0.0432234506778
0.0789455442716
0.0955506272039
-0.00445798415429
0.0444615908203
-0.104476746713
0.0156640590571
0.0496077517855
0.0863522688863
-0.0137943736538
0.00941522744335
-0.00269603126043
0.00624936220517
0.0577827626803
0.0844273341514
-0.00377040644132
0.0731633551216
0.103982474202
-0.0116795628699
0.0778630628678
0.0412869673399
0.10114518622
0.0697740334908
0.0876801823495
-0.00467456722223
0.0269303319684
0.083499381307
0.0112804416976
0.00423038240457
0.0370582622783
0.0389807389689
0.0493451441884
0.0729788822542
-0.0611397519568
0.132547415214
0.0766071739968
-0.0764663973602
0.0224628714392
0.0589626710696
0.0357223685695
0.00613389895918
-0.0277597860329
0.00220226785827
0.0523936828642
-0.000130779216919
0.00834489082346
0.0930947262805
0.0732269719413
-0.0586001762077
0.104431248175
0.0474630966313
0.0761030150989
0.093930268632
0.0787883035001
0.071446401213
0.0792464269689
0.0946000397212
0.0536420731464
0.0870899652943
0.0320696199914
0.0742584796996
-0.101735355267
0.0123686976189
0.0499986824828
-0.051205627082
0.0169798985578
0.00202658677174
0.0521228149405
-0.0362745944557
-0.0625366148206
0.000719217508991
0.0588525845508
0.0661021679506
0.00568191983041
0.0884500553156
0.0895320760864
0.0478741147487
0.00329750231627
0.0959657993288
0.0588707706726
0.0276072818378
-0.000572721998068
0.0948953730556
-0.0108483528826
0.0160738910171
0.0656294923632
0.0994550932513
0.00446789521414
-0.0379271940579
0.0978751139914
0.0751890227505
0.0404427454685
0.0488148213968
0.0128277639914
0.00263522511865
0.050980556889
0.0219279020741
0.0255954225069
0.0978722601275
-0.0710051973732
0.0508659310112
0.0127391913755
-0.0774427483536
0.111128858611
-0.0180812696402
0.0481887369915
0.0851524358307
0.0406167680181
-0.0694402920949
-0.00871172919012
0.0501818305303
-0.0491236402246
0.0749429667359
0.0824208066579
0.0646376417391
0.0401741329866
0.085099778954
0.0699184027647
0.0653160780479
0.125357962258
-0.0138522739858
0.0671537457032
0.0879836866949
0.0597697960217
-0.0364328733733
0.0701743109724
0.0316474083726
0.121986680747
0.0283229686255
0.0215070060442
0.0856456300109
0.0442780855121
0.0284950411517
0.122167878817
-0.0355770057529
0.047526942063
0.0612082284095
0.0116541637204
0.122758745675
0.0447300112279
0.0261861561643
0.0472531356559
0.0614973559688
0.0850665297861
0.0407078547395
0.1192687741
0.00446443349779
0.0368939724321
0.0112720359669
-0.0174301235455
0.0981478571652
0.0940184832043
0.0413440191648
0.0884007343587
0.101606428886
0.0208436270657
0.045040613836
0.123463979055
0.0128924587386
0.000436872714087
0.118062214932
-0.0622035444809
0.0892526806025
0.058026510185
0.0781038281126
0.0197184150982
0.0568783715709
0.0282305661042
0.00522352858439
0.0195826117376
0.108374180367
-0.00105764012658
0.124316185011
0.0684416216031
0.0596336976233
0.0247794693163
0.0969838353985
0.0341945782244
0.0137491806713
-0.0125481580978
0.00343206364362
0.0365521681761
0.116815995814
0.046243148844
0.0749189449887
0.0635905541179
0.119537088487
0.11532071489
0.144920814538
0.0593857875189
0.0479430837635
-0.09460225415
0.0277838873531
-0.0012685547968
0.00751471180019
0.0847626289433
0.0489161939746
0.0306278596954
0.0428723454038
0.0369585924136
0.0690295080724
0.125150160748
-0.0321451818828
0.00920738988873
0.0535689192141
-0.00121438477783
0.0488461055035
-0.0295813379113
0.0676265289803
0.00591143752027
0.123067539091
-0.0229114315631
0.0217033879255
0.118492789701
0.132456915936
0.0783678652582
0.0628597123093
-0.00176164113261
0.132382308346
0.0778913480354
0.0654244844851
0.0418385102407
0.0924860226935
0.0528692954434
0.127535522542
0.0816771993692
0.0559562420303
0.0907226792675
0.120775752016
0.0161022703339
0.0151674085063
-0.0477555855122
0.0739298931982
0.00298909835613
-0.00153241016624
0.0655198834098
0.0941119636371
0.0609878169423
0.0736528787644
0.0575899870674
0.00159521748044
0.0221676020195
0.0461052902655
-0.0197933569936
0.0497294438951
0.0747469444625
0.144454539202
0.125811989246
0.0672941834106
0.00689449816332
0.0698964846508
0.0818382337524
0.0793232116114
0.126585916766
0.100801301786
0.032374192114
-0.0242421948128
0.0792397775355
0.0324221265289
0.0362154862004
0.0737459303858
0.103864175668
0.143254599298
0.110604099441
0.0553263912552
0.0145802151785
0.0628921856889
0.0420915624192
0.0401710128168
0.0600690806493
0.0616115036063
0.0815913781866
0.0982457248805
0.0738602144647
0.0178601836736
-0.00227235812573
0.0768591871963
0.017827481115
0.0113274376981
0.0679466813049
-0.0169065005244
0.0587769859153
0.00836229410956
-0.00555540008547
-0.00578223830733
-0.0226610131178
0.0124643049536
-0.0607934692686
0.0923032150861
0.109196256681
0.0766472699951
0.0483959468384
0.0228892985359
0.0648165697554
-0.0412711876062
0.132096555522
0.12802189444
-0.0262268155329
0.0611391527589
0.0661583823279
-0.0103099236537
-0.0203020984072
0.0477899307867
0.0409298737248
0.0534140561434
-0.0363288802052
0.00473576769124
0.112363572627
-0.0921112754505
0.0743997739527
-0.0168834541912
0.0114635897746
0.0450122702621
0.0576427117567
0.0633627550913
-0.0139228490101
0.0128985379077
0.0938833407344
0.11537068223
0.089650670701
0.0700648077721
0.103331479427
0.106398955092
0.0418159267145
0.115610254101
0.0750613959721
-0.0157545940606
0.0135715150537
-0.0180561587414
-0.00355035671669
0.0218758397646
-0.0294496016485
0.0455674180663
0.101103040065
0.0842482553206
0.0244582139363
-0.0735566211515
-0.00811922042651
0.0400368553539
0.0010525652557
0.102127522799
0.00860924953365
-0.0113614269675
0.0410000834955
0.0343744786759
0.0355656568014
0.00331380262404
0.0689778962841
0.121787449811
0.0437016687917
0.0452008126436
0.0597340925828
0.0669960437898
-0.0140901200582
0.121265753952
-0.0155321015207
-0.0648847643393
0.0204095317721
0.0496419326272
0.0527914222485
0.0661120858837
-0.0782674833482
-0.00260465235429
0.0498627629247
0.0311319901896
0.011019795972
0.0572130441818
0.0158107298487
-0.026820889722
0.0428130842423
0.0808468953711
-0.0717448002047
0.0621670167105
0.0765096408353
0.00987781973196
0.121894843372
0.111625427536
-0.00407174193582
-0.0104282995176
-0.0287749354529
0.0427556006323
0.0227247058466
0.0826970506089
0.111777120867
-0.0438490350498
0.0601471301372
0.0488706701136
0.0433320554429
0.00706308503149
0.0274026920675
0.0266857301253
0.028291695652
-0.0453082888351
0.041222025357
0.0524861652037
0.0882322857884
0.0182393836117
0.0648878278661
0.111284723063
0.119570745847
0.0195950273336
0.0792914334639
0.0110146426551
0.078530006043
0.0199366113934
0.000205775715711
0.0692454923845
0.128186193819
-0.0308972417789
-0.00753009309921
0.0257843647119
0.0612344319138
0.0969741696155
-0.0885866231141
0.0558556402727
0.0270712504888
-0.0469737119266
0.0934400239341
0.0634772952811
0.0180986543958
0.119414074813
0.109779807989
0.0362941751966
-0.0176049665943
-0.0169245139446
0.0929390767445
0.092732758184
0.129726259946
0.00109827160352
0.0988175315879
0.0167466916492
0.107407225383
0.0454591936617
0.0409412345363
-0.00558509191414
-0.0901724079238
-0.057940860514
-0.0105278099376
-0.00992062808757
0.105086486409
0.000831021545236
0.0277778421003
0.0518329460165
0.120433230732
0.0886685337405
0.0609099259725
0.0865810690208
0.0231576886674
0.0410303639217
0.048947969192
0.0437219694439
0.000919570758806
0.0917494535097
0.0874321373945
0.0343076449574
0.0673175303585
-0.0215590240754
-0.0127526196238
-0.0105354169881
0.132287783176
0.0561794859956
0.0834069860039
0.0817394521384
0.0980525331359
0.0356148675878
0.111179651242
0.101391099312
0.120972960906
0.0293516684169
0.117178903652
0.0669599095904
-0.00500752087482
0.0357257121205
0.129659185509
-0.0127727583997
0.0514219128611
-0.0831809242603
0.000911800205728
0.0462068426216
0.0667155759448
0.0862487309908
0.11209643331
0.119916121027
0.0798611139817
0.119844095035
0.00950556958042
-0.0295154204873
0.00784903940197
0.00365825371639
0.0235826964699
0.0559872664742
0.0616858962941
0.145217621467
0.0382944334667
0.0653507358916
0.0119018090807
0.115097963285
0.0570566034932
0.104814816218
0.0750625092341
0.0358456809478
0.0511216514038
0.0409425967436
0.0921713809179
0.0174513474009
0.134422504539
0.0485296235795
0.0470869454505
0.0264148615822
0.0180713275539
0.0713851125304
0.00940809502678
-0.0334474288568
0.0144354128555
0.131463419861
-0.0785164565035
0.0545338209105
0.103985800163
-0.0164864454219
0.104479714834
0.0809366587533
0.0552364177164
0.088366268556
0.0553000278185
0.126061490624
-0.00282603173669
0.126531390832
0.12131577708
0.101768788826
0.0960429294012
0.0502413558235
0.107425287315
0.0719926313342
0.0593514374874
0.057046872794
0.100188018499
-0.00688014589801
0.100045123003
0.0827428350888
0.0315800852035
-0.00842463410927
0.108590029418
0.0291313951152
0.093143231288
0.0356469364015
0.0273735040637
0.111810567182
0.0719873669828
0.0845334978464
0.0258513465873
0.0646736671022
0.116502640112
0.0759767779642
-0.00476618831324
0.0551400404994
0.087783509735
0.106698065792
0.0243857099194
0.0620248480976
0.0573157833732
0.0254216759161
0.0882400372332
0.0502035144594
0.10416248431
0.0763704127543
0.049492591274
-0.0425456475076
0.0332044534093
0.0679733955845
0.0738206159636
-0.00365407924972
0.110868848404
0.0531830828448
-0.0451845196048
0.00471233301095
0.0787660909755
-0.0253269013168
0.00243716157732
-0.0594460408686
0.0418992995827
0.0749212885405
0.00277782587908
0.0197976705085
0.0613321957684
0.00844159432287
-0.0769530654044
-0.133476231571
0.00442870169077
0.00684596592351
0.0895074988053
0.0466832141191
-0.00980064076965
0.00873037773121
-0.0144531706577
0.108222127331
0.085961273894
0.0149696770965
0.0676990603246
0.117225687245
-0.0297010822788
0.0724005465395
-0.0281791757665
0.0851195421366
-0.0319362584015
0.0744016787011
-0.0156852538679
0.0113265860557
0.0378958327554
0.00536639179698
0.111599021941
-0.0235509721902
0.0633934536531
0.0335371415133
0.043362306798
0.0804713173627
-0.0451087799359
-0.0101122713771
-0.0350750307432
0.0325033896897
0.0679964244235
0.0178321326404
0.0306699511367
0.0452222717724
-0.0828121894542
0.0815282167185
-0.0466694933773
0.0527914309005
0.0450725634393
0.102035875393
0.0968847528989
0.0169146408511
0.036131356219
0.0924487510582
0.128143830854
0.0932794967031
0.0520215452463
0.0940005445507
0.0435652342929
0.0992658728389
0.107417494783
0.0876053017049
0.0624216253729
0.0339242336061
0.0151804622342
0.072807055878
0.0153532851713
0.0449833688248
0.00601809455822
0.0275606155607
0.0371441679177
0.0111521954775
0.0375149515921
0.0352630900923
0.107668418932
-0.00951521783908
-0.0497010297841
0.0123405614335
0.0924669093537
-0.0328228764015
0.0573181738549
0.0825194346959
0.00985209328046
-0.00163084108614
-0.0101272127605
0.00329448652041
0.00319451514978
0.016252300199
-0.0191803671121
-0.0547488874051
0.114237029518
0.0686703673367
0.0295596647487
0.0656389346747
0.0363685380123
0.0543243912672
0.0974457671306
-6.53793067213e-05
0.0799691738463
0.100825463598
0.103593060841
-0.0113992107317
-0.0596145426893
0.0886582052169
0.0494843130398
0.0339248017479
0.115848301039
0.0505319174265
0.0306507712734
0.00710743498593
-0.0808071949642
-0.011550265152
0.0144415364841
-0.0244316987131
0.00219471929991
0.132089374901
0.0175430645334
-0.0362138898545
-0.0534669067499
0.127564675779
-0.0234190822021
0.0816266611917
0.0300044896487
-0.0990927537132
0.0915163601167
0.124132562985
0.0774743526401
0.110944879084
0.0724682056462
0.123033986972
0.0456898303744
0.087334735186
0.0276807816563
-0.0536183635082
0.0700986819377
0.0579145795801
-0.000290862958471
0.0942489310828
0.0827452424339
0.126619663353
0.0920241190987
0.115290783213
-0.00758809032889
9.34832139894e-05
-0.0416538287543
0.0892632464536
0.0340374473743
0.020696545706
0.0776055114575
-0.080532519668
0.0543656124345
0.00944994514784
-0.0125638118891
0.0703302966692
0.0164755154409
-0.0322519593986
-0.0187029048303
0.0699530684535
0.0792051062097
0.07472318017
0.0425290646287
-0.103185623233
-0.00056036061458
-0.00173765219737
0.135421027072
0.10184945834
0.0757663998877
0.037783614768
-0.0049175649398
0.0348908395332
0.0903199088351
0.126058578729
0.0570249445646
0.0696197091365
0.0497811047888
0.120269599546
0.0639930468285
0.109234308617
0.0267529149312
0.0964729680902
0.0454346795892
-0.0667924351068
0.0320473116914
0.0592989243974
0.0323554882572
0.0901251995666
0.12881359067
0.133807866506
-0.0101742563208
0.00233429991691
0.0274268349265
0.0148083129623
0.0983517803538
0.0380061618964
0.0189938099487
0.0275040285932
0.0710290010758
0.100269338484
0.0531830762438
0.0775075492041
0.0156730410135
0.0811808973836
0.00685853708002
0.0099528036013
0.0184007512349
0.00704071588941
-0.00707726341337
0.041215516856
0.0409122838848
0.0620303866074
0.0419728100107
0.130520671784
0.0674684125793
0.0560412119759
0.0418777737006
0.0222830300644
0.0180791122748
0.0203639869839
0.0320018822927
-0.041768340007
0.0539765290836
0.0642213497357
0.0948475403529
0.0838217712813
-0.00386768364755
0.0433462168821
0.0400570407007
0.0972359410671
-0.044332160107
0.0784508903177
0.0553426401041
-0.157855303254
0.0726664519194
0.0864502038001
0.0705178748858
0.0468637297536
0.0498300871933
0.071074917903
0.0338409444121
0.0813888806684
0.0401858399883
0.0263386425004
0.108957637439
0.0713539555232
0.0442214404106
0.0871624571403
0.0870869644889
0.0800382681821
0.013602807148
0.0379845854531
0.110439505913
0.110738352605
0.0628112415864
0.096665473002
-0.0409848457835
0.10250362027
0.0556371781044
0.0231973629766
0.0376252586012
0.0879811737842
0.0883340972334
0.00357674118587
0.0686905039313
0.0449385037201
0.121267318637
0.126886965561
0.023446458701
0.0043561861977
0.0569404714647
0.0642617363567
-0.00219701387262
0.0271251538186
-0.0273117734742
0.085847280138
0.0478505546783
0.0820472744433
0.13679205269
0.0508186153163
0.0290282222316
0.0722970711576
0.113607840964
0.0709555915146
0.0563750131985
0.0473061756379
0.00503804446852
-0.0317568671586
0.000403878205014
0.0877649012798
-0.0228364969943
0.00626319573563
0.0432659690688
0.105580396269
0.105562900779
0.0384586765872
-0.00435612728953
0.106245929704
0.0664686209209
0.0711723976218
0.0714281444035
0.0506352303901
0.0266858418203
0.0878588739786
-0.00650851943394
-0.0393405823083
-0.0110201300373
0.0326456976483
0.0991068515653
0.0640312280375
0.00255433534092
0.0605964332004
0.0377894581492
0.040487435979
0.0572163442885
0.051231170434
0.0387487476474
0.11625914183
0.00427249297783
0.00693255196349
0.0735218583144
0.0150019356477
0.00254292186424
0.131318225358
0.01385806248
0.0484713895796
0.0515097346979
-0.0471106340481
0.0425419837028
0.00800604221705
0.0451306483454
0.0866855756052
-0.0869039426639
0.0466914468411
0.0939092083642
0.075529651363
0.116581679062
0.0102467940569
0.0191347465445
-0.0227480806173
-0.00816294433146
0.0384745211071
0.07601636061
-0.0106671950718
-0.0119202876318
0.0123716473714
0.0134881826125
0.0205324166498
-0.00658633462194
0.028926187208
0.0540517384971
0.0703257993264
0.0484469580579
0.0392346919124
-0.015502824609
0.0270976093425
-0.0251841458057
-0.0684893206762
0.0252953106762
0.0178840633458
0.0672162923861
0.00082963557174
0.0605509058989
-0.11312126039
0.0161986818301
0.0080162526365
0.00461033366396
0.109496605865
0.0966201860381
0.00146980597114
0.0200561584286
0.0271344239123
0.0784541643922
0.0745563440504
0.115359375468
0.0282680328726
0.0529123534757
0.0613357274054
0.0314315487987
0.0430727619647
0.0478883991324
0.0137914475363
0.0740747800202
0.109798564992
0.0679574472006
0.0106646253666
0.0773084809941
0.0963058710591
0.0311259917365
0.0601558714562
0.0275947891523
0.0467674303289
0.064300371461
-0.0244374683552
0.0939660481816
0.102431444579
0.126640353039
0.111876564494
0.0897576980917
0.0852584356352
0.0175148673313
0.0321266349364
-0.012307408962
0.0753084099372
-0.0272835251353
0.0482964196083
0.0464828324721
-0.0931245250181
0.0362806699308
0.0675625159154
0.00500301185501
-0.0199226888797
0.0390825855208
0.0133446864044
0.0905112131228
0.121945609615
0.043889998209
0.101276489528
0.0842833001644
0.0697515732167
0.0783546405134
0.0290804272754
0.0731182559763
0.0499950170367
0.00239976497419
-0.0113177015744
0.0528466215747
0.0729781207892
-0.0648040595127
0.0467855932946
0.0324054018626
0.037995612275
0.114753661874
-0.0279173401167
0.0121186033955
0.0364779051292
0.11105958821
0.0550084040293
0.0977561911924
-0.0367514246331
0.0367633713913
0.0322739760861
-0.0112047721893
0.0626504769862
0.058033228047
0.104698436611
-0.00507230044706
0.00496697087723
0.0972263215607
0.0890212879068
0.00525777010738
-0.0361680263803
0.113368740725
0.0611576421657
0.00791735706076
0.0254053710774
0.0428657249988
0.0973071930468
0.036938703093
0.112588851588
-0.023812469834
0.0259169552141
0.114928579611
-0.111882588965
0.0247065056685
-0.00243967803381
0.0699138536281
0.104186440728
0.0498560266696
0.0603408948978
0.0568320310754
0.0286412972191
0.105760349522
0.0903465907217
0.10804258281
0.0449795723769
0.0457774837315
0.0562547313073
-0.0560201946035
0.0130013681101
0.0198074920714
0.0137575852177
0.0754565437684
0.0863152349301
0.11019453965
0.101686913208
0.102225625784
0.0336953814038
0.0108114481424
0.144073381505
0.0318670931054
0.00888276042948
0.0557861278685
0.119381878835
0.10436069479
0.0677435369785
0.0264004313251
0.0959486551114
0.00324094488704
0.00506300460179
-0.0239819021859
0.0885305890656
0.030133028587
0.0692295459905
0.00355527477387
0.125622348166
0.109304940852
0.0567495993948
-0.025163708621
0.0244260171095
0.0519760037516
0.0631005403401
0.0199794365969
5.73947848119e-05
0.0765080143722
0.100993701329
0.0882195919909
-0.0187158210814
0.0592204225236
-0.00867317020921
0.0847321487332
0.0707674664847
0.068855409973
0.0550561577596
-0.108466302059
-0.00380888611848
0.0464494883685
0.126666028566
0.0983199809215
0.0632182886784
0.120942380116
0.140378404061
0.0202964777646
0.131580137234
0.0850220247224
0.0897274532565
0.0760641125361
0.0824984622988
0.0334059236862
0.0893109313057
-0.00917138282204
0.129435902414
0.0804492542486
0.0755125428654
-0.05740216835
-0.0626340778106
0.111766431061
0.0864049203131
0.0161911589424
0.0540993343332
0.0308427635818
-0.0164468599568
-0.0258663618032
0.121001876374
0.114424969232
-0.0407028389426
0.102539552395
0.00247972040766
0.0225126895724
0.0712935366528
0.0682899872194
0.0476738436393
0.0646211734505
0.090413967494
0.0580426807169
-0.0354535169938
0.0053293718953
0.088179792896
0.0878105908514
0.0723382223714
0.0132205266419
0.00821744962125
0.0609628893064
0.0927989721511
0.0637147468353
0.118539430215
0.0212838217186
0.0948551526735
0.0869763183264
0.0356306547403
0.116484151029
-0.0421559517547
0.0248946604035
0.0513503919525
0.0147671852977
-0.0456854756376
0.125082495262
-0.126624035147
0.128893501477
0.0258066578762
0.110515502941
0.132842923205
0.0703552059034
0.0667294348269
0.120660187208
0.0737633260926
0.12409129308
-0.0388726107656
0.0730198254185
0.111117423277
0.098312336176
0.118075452652
0.0157709278695
-0.00137817187806
-0.0011279024523
0.072685019112
0.0410503991743
0.039780311779
0.0792358789387
0.0674702399804
0.085877467834
0.0209145938337
0.0756907368248
0.0532836387918
0.00940355643831
0.114991236711
0.0689029729746
0.100777595087
0.0472651792343
-0.0247883813315
-0.0225054491768
0.0771364350833
0.0459506399682
0.0727065432882
-0.0360686157268
-0.0205427001309
0.0273369591174
0.055693223252
0.0139723029561
0.0935382055597
0.0923715225345
-0.00890217375012
0.112169611844
0.0283344522516
-0.00610296242523
0.0125398606711
0.0593400354313
0.113276382574
0.053414775551
0.0437674588725
0.118732069733
0.0325830171025
0.00424436349223
0.0846462131671
0.0559797752356
0.00669305508973
0.0404668535378
0.0682662748949
0.0163242798202
0.0648990900587
0.0232767728341
0.0727092964124
0.0881496595446
0.0750256461783
-0.00611580090635
0.1108057073
0.0205726855282
-0.0544730872086
0.082008848109
0.0427699634491
0.0398449995619
0.0701690069022
0.0180223959727
0.124207950645
0.108184012391
0.120671974325
0.0793966755024
0.0828292835747
0.139131679456
0.0943541563136
0.0149858477826
0.0157451679902
0.0862610407891
0.060670022317
0.0393927791589
0.0277005509327
0.10404802744
0.00436219941248
0.0471415190491
0.0578900553144
0.0210594655423
-0.0175152096751
0.0423445683176
0.112558153001
-0.00584539118067
-0.0238089200187
0.0431680914121
0.0365132497177
-0.0640618496686
0.00620820305663
0.0201089477025
0.0158570631769
0.0608530020056
-0.11057516401
0.109313554065
0.0188019851946
0.117555039535
0.0926173551928
0.0648489568519
-0.04625713476
0.129196591679
0.0758814289974
0.00347174134813
0.0588477837242
0.0232281871829
0.0237791438179
0.0643602480481
0.00130684445568
0.0388731175741
0.111232833076
-0.00925671129326
0.00202900933524
0.0961567238303
0.0489986681538
-0.0528417865963
0.0777319325415
0.0282871500178
0.119227079331
-0.00771626165151
0.0122085551438
0.080305610278
-0.0339290754273
0.124442930156
0.125096489362
0.0554204299148
0.100007649754
0.0320177534282
0.0260713266549
0.0842596069763
0.0705838158425
0.0202225210714
0.0888266945758
0.103532681049
0.0131820910687
0.0361375136073
-0.0177661868886
0.0172613726828
0.061558902574
-0.0637116500105
0.034382742542
-0.0180014343116
0.00389500046746
-0.0252131936967
0.108177213744
0.0481367749519
0.0708232094437
0.0226857643034
0.093057858953
0.0591180831213
0.02801135499
-0.033478960337
0.0972479692422
-0.0155262066412
0.00352412227678
0.0912831778666
0.102192266312
-0.0209844738537
0.092139349123
0.135469696817
0.117579052695
0.00100236797861
0.10786939509
-0.0351621286611
-0.0277288764462
0.0487515364677
0.0921546731705
0.0452072617219
0.0222796501755
-0.0104407732498
0.10498380225
0.0695414444386
0.0141112380359
0.0866589171603
0.0363181504087
0.104047745831
-0.0400229100092
0.0500428813427
0.0374688649684
0.0104363023157
0.0160439558966
0.0541192181271
0.0764696666092
-0.0615669950493
0.124570131896
0.0448781494221
0.121024860231
0.0355860762722
0.0486327028062
0.0461933546687
0.0827251480318
0.00368162767785
0.105274262827
0.005230503248
0.108164577409
0.0755783887399
0.0824946754645
0.0953371479692
0.0552080616173
-0.0449120904781
0.122276168013
0.0776441715364
0.0589459620758
0.0807455071944
0.0612600426568
0.0747154966289
0.102875820707
0.00382796420288
0.132952155549
0.109460923174
0.0716046181446
-0.00106275405401
0.0750738976778
0.0554941884777
0.0151379654916
0.0997849902307
-0.0341799292312
0.00387425828627
0.024587707634
0.0897827944692
-0.0331848168799
0.0827360911449
0.0131125636473
0.0635871716773
0.12925349694
0.130848600707
0.141093928473
0.120879100482
0.0165036834507
0.0328647703642
0.0538268385361
0.0834485652455
0.0290621900157
0.138466659286
0.0630487803479
-0.0491627875156
-0.000818015428944
0.0729036680186
0.001883454038
-0.0505572925829
-0.0140448587886
0.105962401357
0.0756555946723
0.12056030186
-0.0256365198295
0.0915239964247
0.048162246021
0.0648203235626
0.0255327907617
0.00993579762666
0.0709434744338
0.0353302734797
0.0890238474002
-0.0555906883934
0.0759573257052
-0.0103744189816
0.0249000642502
0.128552853196
0.123176367043
0.0248468864573
0.0945259649945
0.0102152627407
0.0299823976515
0.10277159475
0.10647901768
0.111638285514
0.0286964495526
0.0242264596481
0.0943109798879
0.00575419014757
0.00628684280573
0.0837922583922
0.0975497980965
0.079442218819
-0.0144937444715
-0.0470374870884
0.0480286615579
-0.00134293531949
-0.0064817043851
0.0649805813521
0.0252959910698
0.0500367613933
0.0747357846103
-0.0941986462967
-0.120761946899
-0.0393002263551
0.135790594665
0.0630627489268
0.00123927816185
0.079077743605
-0.022385215812
-0.00817090952729
0.0302154155613
0.0639689707901
0.0252965821605
-0.0351802675675
0.0313509311303
0.00902769765863
0.104543110726
-0.0508397021371
0.0528689764304
0.0914989094889
0.115333435158
0.035906097713
0.0402462074528
0.085493248756
0.0545919739336
-0.0256089053157
0.0443772532705
-0.0261348489396
0.0507525887785
-0.000921376578451
0.0370155496852
0.0335759919892
-0.00542186125133
-0.0886620375412
-0.028572034476
0.0978763304552
0.0348860277701
0.0121773778638
0.0344364511787
0.0559320384088
-0.00259229446391
0.0587939606616
0.0520904735904
-0.116617200372
-0.00091132501848
0.00023396788862
0.0413451490843
0.0180214158732
0.0773097312543
0.0101290247603
-0.0249616147311
-0.0107124166642
-0.061822963878
0.0671224116053
0.0477020733227
0.149184943312
-0.00454094527035
0.0767452550172
-0.0666101320359
0.055447401824
0.0494716597623
0.100867309106
0.00371787716491
0.0279783725333
0.123459938058
-0.0065470735118
0.0432853567996
0.053114874517
-0.010288950389
0.00735557729646
0.0845998347361
0.0842555014751
-0.00872169526706
0.043790554189
-0.013778054201
0.040505268195
0.0798081363453
0.0371462152941
0.0532383460266
0.0604247525578
0.0881715015181
0.0298525523732
-0.00375917328477
0.107413434093
0.0339626046445
0.0533377308668
0.052541575723
0.0258269354264
-0.0134949956219
0.0803344734429
0.0840892919037
-0.0649670189113
0.0168393323213
0.100147697177
0.0226613917411
0.0275541514326
0.118629514916
0.132924770036
0.102803616781
-0.00773950475268
0.109422996938
0.110196725711
0.0606969549975
0.0475133038948
0.0839873394274
0.0440518584881
-0.0146206824432
-0.0238087596383
0.0734430258159
0.068646375617
-0.0196517822536
0.0903903079617
0.0284324350794
0.0560777639618
0.06944288444
0.111331818024
0.145499815387
0.112031302758
0.038823764639
0.120808800307
-0.0379524171162
-0.0571752880637
0.10777460673
0.101695441648
0.0541614787216
0.00776355588158
0.0962508855586
0.0396502497139
0.0561550900382
-0.0949270098233
0.040837930216
-0.00548325152811
0.0702503381737
0.108026900551
0.115444345067
0.129843567423
-0.0142382765155
0.0898083773056
-0.00931481631504
0.0220300765445
-0.0167518028822
0.0269581214256
0.086019824435
0.0706872822164
0.103331960512
0.0808797827516
0.0617657478682
0.0965608836212
0.0898627502247
0.0939906178982
-0.164161401027
-0.0210350095828
0.0701305434827
0.106138179509
0.0678301378882
0.00822700665406
0.0294574684951
0.01106616753
0.0113351014851
0.00106566395054
0.0158872832181
0.133709973962
-0.0194995044558
-0.00429662488761
0.020575343245
0.0513395099798
0.0732500322812
0.0447040719682
0.0721835972583
0.0411586828291
0.0250220723232
0.0856269212249
-0.00790104931596
0.010464894891
0.0491297818898
0.125519420013
0.0224917933146
0.0936243414406
-0.00972242458742
0.0577605291177
0.0125093027685
-0.108310437665
0.0125807380704
0.0506304333295
0.00606321774772
0.0247583784018
0.0854063537859
-0.00375069107912
0.130707626161
0.0969225427152
0.0199169009837
0.0901871885255
-0.00556582319884
0.00626932936818
0.0121341571716
0.105400053001
0.111553000619
0.0856406075513
-0.0175341277764
0.0364890871562
0.0744793063783
0.00172145686937
0.0965645805689
0.0258435057835
0.065099925642
0.0758159869785
-0.0406835328287
0.0956245404707
0.0815242277341
0.119941780038
-0.0155786331275
0.136509931649
0.0466221891559
0.0326598348679
0.0841896660304
0.0275441493235
0.0901234811298
0.0439638338437
0.00967000190392
0.0299127421404
0.0764389825252
0.123847954106
0.00676809171995
-0.0133741710957
0.0403315890797
0.0588115408631
0.0718404640954
0.0284903510764
0.0460526295879
0.0121794614555
0.0562928531137
0.0318983605622
0.045269768933
-0.00228537817528
0.116468475957
0.0894332449385
0.020909635407
0.0350482544967
0.0478014648522
0.127133117251
0.0929028556403
0.0807565813922
0.0507375595442
0.0207909134301
0.0855141652912
0.114217709267
-0.0467768349294
0.0601088323385
-0.0175720861062
0.0413236392452
0.0819818451765
0.119550690575
-0.0316765120632
0.121248449196
0.0568618428692
0.000329795843668
-0.0173757178423
-0.0139961144982
0.1178943888
0.116794772898
-0.0365966843024
-0.0369589680426
0.0857759153659
0.0632194362766
0.0298458813749
0.109023940517
0.13312272515
0.0455815987685
0.0127573341511
-0.0850871229001
0.117184461973
0.00508182834568
0.0141120455978
0.067424864953
0.0298933803959
0.0489452822623
0.134672233944
0.00909084095286
0.0159857014483
0.0627670039299
0.0644033056309
0.0600417117279
0.104151773931
0.0661938098529
0.0612142907384
0.0438453374665
0.112554080841
0.0820443246918
0.0305796275388
0.04043280593
0.0998694766387
0.110655250229
0.0572891202303
0.0475965044113
0.0584200140314
0.0114389413901
0.0078195098267
0.106129304501
0.0503002704959
0.0597386638411
-0.0310382680606
0.0727709352229
0.0391596422257
0.040199074442
0.043316182166
-0.000896536251278
0.0600398233857
0.0339045648245
0.118447886835
-0.00507866083902
0.0552352420089
0.133903985609
-0.0127221575026
0.0510241434727
0.0404037597796
0.0274909081474
-0.0661815151947
0.105253420062
0.000449669846575
-0.0453043348796
0.112052158385
0.0572035385959
-0.1559297981
0.0502967000452
0.0399988258526
0.127792817468
0.0140679216822
-0.0768401866179
-0.00105131276442
0.0990762764655
0.0832670644277
0.0680249474038
0.104409925613
-0.00561000462013
-0.0491409284752
0.0849511639425
0.0224874051107
0.0762411063177
0.134326089151
0.0126785717812
0.0828618459516
0.00159576920625
0.0420019256825
0.107285878896
-0.0378661908146
0.068725370584
0.0280915152175
0.046140831324
0.0803195282601
0.010732965319
-0.0389633675174
0.0838837956393
0.0852521122825
0.0544931955081
0.0572514612834
0.0825567163301
0.128983364474
0.0597080084735
0.0982027931721
0.0661976889567
0.112223325062
0.109217032466
0.0493917443745
-0.0550739569082
-0.0241342046349
-0.0362193766309
0.0297027301569
0.115775031987
0.0162622609702
0.0345230997521
0.101427029423
0.0281411106186
0.0573298889525
0.0567566121879
0.0538949384874
-0.0135850617066
0.0920054444764
0.0410687656997
-0.00490930060041
-0.00579462241261
0.0846161676678
-0.00426785675117
0.117820740699
0.0459179727554
-0.00993674024735
0.0727339928866
0.0518858920955
-0.0218270081855
0.0292546032616
-0.0540122400918
0.0582308895948
0.00217149545501
-0.0192408806807
0.110160464805
0.0961981930179
0.105353882163
0.0888461046166
-0.00636088765155
0.0126275621073
0.0101771929832
0.11109336167
-0.0182888285421
-0.0213284081958
0.0433489226169
0.0395154267936
0.0823033610315
0.0727242374364
0.108605732403
0.0781403094197
-0.0549915107027
0.0252475876236
0.0498319494288
0.0728695055721
0.0636360967375
0.0217290024238
0.0806125296062
0.124562471235
0.077691348511
0.070706495145
0.105121963792
0.00424696917581
0.0466922002179
-0.0159787918875
-0.0668268837871
0.0843944887102
0.0623942069727
0.0188373578955
0.0480336124834
0.0729903731589
0.111478026533
0.124859410906
-0.0347468311021
-0.0210358712601
-0.023588840279
0.110194781334
0.0731883530988
-0.0340451307779
-0.00222792478318
0.0729963013166
-0.0375784245904
-0.0103760333533
0.0141486274083
0.0287391754217
-0.0177949921387
0.0461260052839
0.103215770265
0.033542085197
0.0823258664142
0.0485648908522
0.0418432645888
-0.00921462279572
-0.0657704385236
0.0674530363685
0.0708759321787
0.0889495493322
-0.0104329374829
0.00536608794629
-0.0616599091879
0.0554761696209
-0.0386645075743
0.0873524489117
-0.0102464662592
-0.00809587178906
0.0304291229085
0.114307803549
0.0795362369991
0.0781883130485
0.123761973955
-0.0618940716259
0.0689166642329
0.0982996410478
0.0124199922853
0.0169520987491
0.0782475784463
0.0781206331523
0.0304197917886
0.0959246605795
0.00653424373192
-0.0341539056171
0.124756664509
-0.0212257455365
0.106430235952
0.0473924651467
-0.0103297556069
0.0297972116844
0.0299762256086
0.0821982045692
-0.0193448400868
0.0307671038404
0.0969345080744
0.0442809236099
-0.0430767004018
0.0305888432461
0.0814464669973
0.0755692855881
0.0362234077453
-0.00966655601628
0.0354309103191
0.0271113863961
-0.0377868228571
0.0394334603305
0.0549043933912
-0.144730193225
-0.0385842242493
0.073606707293
-0.0106828693745
0.0774873214561
0.032554563526
0.0636423791658
0.110204940165
0.106852295455
0.0403111335813
0.0929915986854
-0.114531825817
0.0935435246283
-0.0396556957267
0.124268337731
0.0183967495575
0.0888712246813
0.0183887250052
0.060538213067
-0.0306687599337
0.125640602053
0.0120114858054
0.0721919621187
0.118287776825
0.114071942227
0.0753110485353
0.0224538420911
0.00551782262488
0.0935941201941
0.0745344534465
0.0504231496099
0.103254369642
0.0835675143299
0.0896247833636
0.0106093684787
0.0364164790729
0.0966299744698
0.097246662669
0.0393161570012
0.00725970191451
-0.010433975482
0.065807672455
0.0930754994876
0.0369770491452
-0.010940249352
0.0923502094528
0.106596773818
0.0688444010663
0.0864510708284
0.0229605550889
0.142113860137
0.0408072969838
0.109369012001
-0.00662623028363
0.0028431451712
-0.00118155254521
0.103896461678
0.118716128436
0.0792711449451
0.126897541277
0.0369967329201
0.0654160846096
0.104947755253
-0.00767107240282
-0.0159733800857
-0.0134657976614
0.125354022414
-0.00462884643369
-0.0848499721588
0.0741200845174
0.0338708968227
0.0704597257863
0.0572176466556
-0.00792892338552
0.0486583572718
0.00258751572725
0.0254207959508
0.034624796916
0.0601830127951
0.0336187191862
0.0787135971888
0.0521950959418
-0.0714934575849
-0.0786276474952
0.112143643161
0.0517028227976
0.0646830264265
0.00258744903595
0.115236190453
0.0483627402694
0.0164322111065
0.0697849507094
0.00695799429315
0.053837243344
0.019639904783
0.104303419084
-0.0495574438708
0.10021914899
0.0958935053966
0.103275108482
0.0254872939771
0.0704939761447
0.0565970194198
0.00650574912533
7.39583577429e-05
0.104685577065
0.01938582318
0.111396759262
0.0153865001645
0.0474117904072
0.0690757201928
0.0433372338937
0.105862816564
0.0519645538631
0.12175063886
-0.0229196386592
0.0203881815648
-0.0480822315122
0.0491494086136
0.0886326928279
0.0637022514598
0.025281410011
0.0132792705213
0.0025473033015
0.0717351366354
-0.0467986288467
0.101447636005
-0.00232261627341
0.134258089493
0.0905735948044
0.0655840683363
-0.036976912155
0.0636919610748
0.106771154584
-0.0120072291345
0.11748011686
0.053827186044
0.0975927912531
0.109001830441
0.0394957969905
0.0088917423862
0.0358502456868
0.0109624852727
0.0529546479588
0.110375790656
0.0512643148857
-0.0166460156486
0.0311816020525
0.0916683619151
0.101373842676
0.0613640931621
0.0744423299385
0.0898984282512
0.0611586666991
0.0565935685468
0.0433029820778
-0.027078007993
-0.0244090961097
0.106198438899
0.00455813494247
-0.0300627828877
0.0893299786806
0.130651477722
0.051003603581
0.0328925073616
0.10708581924
0.0592562409452
-0.0919562155088
0.0360803399906
0.102773684688
0.0513257588291
0.0481046806073
0.0604358999
0.0683170279028
0.0597790705728
-0.0159422487162
-0.0374497624488
0.0714434955699
0.0675629342395
0.11220197317
0.0425352848021
-0.0415235983922
0.124689776579
0.0841564190834
0.0522105638132
0.0639489348712
-0.00334849303348
0.0334807795604
-0.00712907223052
0.122787000008
0.113566787679
0.000521774691138
0.0949809701021
0.0861228549382
0.0331585830809
0.101322254867
0.0997408881215
0.0902678550536
0.0630353071962
-0.00956923909091
-0.0489890086991
0.09740940914
-0.00866785681174
0.086633597973
-0.0691831895687
0.0680257325062
-0.10800371024
-0.0395452230679
0.0378304893096
0.0846232236251
0.0468412424595
0.123778069985
-0.0343261626245
0.0788650675522
-0.162082144257
0.0378076735263
0.054467179266
0.0832886838146
-0.0256763086953
0.0844953679832
0.035787105586
0.00355358068677
0.0553030962327
0.00970981127476
0.110353949571
0.0940716741329
-0.0279135835104
0.0175219206688
0.0753365296921
0.0699485442197
0.0865121852432
-0.102399649577
0.109552375268
0.0257456090813
0.0297669519588
0.0725955511409
0.0478689868014
0.0374872587872
0.104619636096
0.113672681522
0.0078295635469
0.122334247844
0.136747526214
-0.0267125391888
-0.0555917261722
2.86615076801e-05
0.052131498637
-0.0088738917725
0.102711091821
0.0184074240754
0.127569074265
0.00294738472003
-0.0310801946387
0.135112246566
-0.00258993838439
0.0490605215656
-0.0316148811698
-0.0272892414133
-0.066903978813
-0.0536281066226
0.124320039913
0.0975593336763
0.0722666834323
0.0577150997541
0.134369166343
0.0642234089204
0.111769867969
-0.0097719058
-0.0322725319765
-0.00529053422527
0.0851784621391
0.0275881090771
0.0933058679308
0.0541016092736
0.0292393847348
0.124942958
0.0620681707204
0.0548251246475
0.020882254647
-0.0724294187024
0.0910884053019
0.119657235523
0.110017054015
0.120410850938
0.0835152645464
0.0890339866282
0.0916811065336
0.0472116155228
0.0936631574716
-0.00617460843599
0.0204162062412
0.0852779381578
0.0782999297706
-0.0618990721282
0.100466360811
0.0473246474318
-0.0497655108876
-0.0514118654185
0.0590139580168
0.0387195610962
0.00780755890951
0.0964952350638
0.119296708827
-0.0410210445985
0.0313787611116
0.0627336129231
0.0525291504154
0.0941752938465
0.113779226182
-0.000596119721361
0.0301136774794
0.0980466394716
0.109104386747
0.061677007352
0.0261133007918
0.0899565079142
0.0255131376523
0.110478313695
0.0358428744268
-0.0454799270405
0.0505523225263
-0.0244680051801
0.0162904661891
0.0324102291711
-0.024502546958
0.0107467093534
-0.0942428209297
-0.0170619281269
0.118560019435
0.100382684342
0.0433265727868
0.103276396734
0.0519139714653
-0.0540034289112
0.0139116112136
0.132041414913
-0.00394393324331
0.0669149577737
0.0354591685852
0.132250235019
0.0588696444799
0.0167353216238
0.0749186745657
0.0774735645786
0.0267132185709
0.030102687241
-0.00253610424284
0.0701721386318
-0.0170891016822
0.0204688620425
0.0183432957721
0.0596603760576
0.0860275761824
0.133664828402
0.13403293925
0.0442936271404
0.0593190627894
0.0271518529112
-0.0214441776858
0.044819296669
0.0146811508062
-0.0378591741294
0.0973886401589
0.105320252888
0.037879848927
0.0696816693151
0.0640465355087
0.125675752029
0.00309740562092
-0.0418272769875
0.0679102196986
0.0935101901357
0.122261214729
0.0699100947753
0.0125851169252
0.0966878034633
-0.00258520630966
0.0942497336107
0.0876925942609
0.0831433932617
0.0422094188592
0.0898112545736
0.0724269662512
0.00483377706197
0.0931630244123
0.037761975834
0.0401525195383
0.0890945095398
0.029696290434
0.000177726455719
0.0707856701835
0.0339580664181
0.0851902139402
0.0832896259374
-0.0032662916368
0.0932943082034
0.0637539480318
0.0734106691569
0.0303636323114
-0.116742774982
0.0410632321099
0.0763207185196
0.128664468084
0.118057738677
0.0635566924492
0.0776274652389
0.0198587494422
-0.0248658781177
0.123462983315
-0.0157359412793
0.02762743567
0.0851519872063
0.0144809022043
-0.0486635509833
0.00805968725576
0.084526962058
0.0244357710595
0.0405828303958
0.120575960375
0.0551581766091
0.00193073993212
0.0348227460674
-0.0312376680808
-0.00872795423388
0.00690733834537
0.00362541025584
0.12350661837
0.0941752464537
0.124092503446
0.101854840915
0.0259973232742
0.121157591295
0.0667229886221
0.102223890904
0.126070995481
0.00406058868509
0.0962319485179
-0.0206689868144
0.0766561733796
0.127270970569
0.0576761433244
0.0235511685675
-0.0136621310466
0.00411423374247
0.0514468604732
0.0254502171022
0.107376651043
0.0259030155748
-0.02455073815
0.105512121706
-0.0972048540813
0.0499601466508
0.0550822874883
0.037124599206
0.101940779819
0.016556322876
0.0393252511568
0.0912363646702
-0.0240897799254
0.0590705608616
-0.0249309060314
0.11553682348
0.0700431917517
0.106375412761
0.0652753712155
-0.0249102453666
0.0555349858479
0.0475865482124
0.133850628838
0.10256058104
0.0374833567205
0.101197037005
0.103499551793
0.0335552718396
0.091480051507
0.0846816262945
0.0612204858162
0.126995182163
0.0562027191167
0.00881344097465
-0.116202498793
0.008626604532
-0.0466682315147
0.0345077546809
0.0238618597193
0.0386896030318
0.0306598708522
0.0422495377926
0.0665806465938
0.0613884389031
0.0170642119178
0.0210788877743
0.0498351481479
0.0614061992279
0.0249564359743
0.115781119487
-0.0205990940825
0.0928944918431
0.123981066703
0.0526581032724
0.0389823512296
0.0107276393702
0.121874979446
0.120850098961
0.0185416429042
0.0339970196497
0.129887300487
0.0577579673223
0.10593950469
-0.00721539065474
0.0180724192881
0.00112260391097
0.0911159965387
0.0510703500531
0.0456345733581
0.0601942396859
0.056761245426
0.0727000639972
0.0577923004779
0.0636717211157
0.0358816705135
-0.0527160478402
-0.0532598031882
0.0604109305456
0.0150142551704
0.0665723177732
0.0354042919304
0.0470428757668
0.0167641896896
0.064146452063
0.0605507895039
0.0284647813026
0.03110010755
0.0856771198914
0.10389521293
0.075810776113
0.0861460198334
0.118232525179
-0.00515009534224
-0.0224542318347
0.101064594735
0.0897162860365
0.102758928789
0.0642098598205
0.0633874709141
0.0519883137846
-0.0168016270438
0.0390634563445
0.0991628868938
0.108387648145
0.0729267076761
-0.0015222812679
0.102586250545
0.0350111037601
-0.0673515665644
0.0421839395285
0.0366334985718
-0.0200395408245
0.0110586453608
0.110266447125
0.0884651914311
0.0842622828346
0.0196522758431
0.103698976124
-0.00286485055014
-0.0171064177812
0.0677325003399
-0.00567219277738
0.00789967425131
0.00229221311178
0.0654049156596
0.0422243891929
0.0730638068045
0.121594820936
0.0330104425716
0.053965347798
-0.0154610501889
0.0979262264666
0.105805888079
0.0265278647226
0.0455737966069
-0.00553421937462
0.0765937830311
0.0251984183798
0.0388931542144
0.0392805648134
0.0465314401345
-0.056977807695
0.0243415190798
0.0561464161742
0.00010165719606
0.122082625248
0.0460285819798
0.034673959008
0.0509606094105
0.086825860024
0.0824530379332
0.0317783964707
-0.0602603539324
0.0408193898096
0.11801104691
0.0598767289922
0.0747365720392
0.129724871628
0.0512668241569
-0.000800500003241
0.0278664004911
0.114639888968
0.073036400297
0.012248795002
-0.0428058493342
0.0785578052799
0.0771060126659
0.077135694349
-0.00147025257982
0.0446822926367
0.0934926161008
0.125214303751
0.0881232806763
0.0474288759698
0.0417072753791
0.130195579649
0.105384780442
0.0315703305592
0.0746454262884
0.1306830123
0.0927577679307
0.0220300660707
0.105111139798
-0.0413734738032
0.0340502307499
0.128667717369
-0.134155110398
-0.049354444929
0.0441001769895
0.053524447331
0.0570784639462
0.0944333546084
0.0793431050519
0.0915337549604
0.103927002222
0.0499316484953
0.0807690367073
-0.0456419835759
0.0687920328315
0.0585336663973
0.0907023109162
0.0509302341406
0.0551256478464
0.112043086085
0.0774095258419
-0.0299086114787
0.0282244498703
0.056948088899
0.0415813030801
0.0858654348773
0.110045213505
0.122090436471
-0.0119118565744
-0.00424860239287
0.0736782029846
-0.00389563784269
0.0261240144636
-0.05983779953
0.114067864769
-0.00655954197626
-0.0330281754248
0.00948924158723
0.000526814234123
0.111578391207
0.0612491240406
0.112896072322
0.0967695620795
-0.0987700920373
0.0500020018985
0.0181639597893
-0.112861490674
0.0536205539503
0.0300088746894
0.0275988223143
0.130503908377
0.0565090741073
0.0564703166834
-0.0137549099365
0.0152725608764
0.0768681611806
0.0243403595363
0.12806758505
0.0388357205151
0.140839168253
0.0543847479891
0.000401847190935
-0.0308214597959
-0.0337826442447
0.0572318690982
0.000245780052748
0.0525847870326
0.0506081516856
0.0114610448548
0.119329170714
0.0930097623495
0.0130912773378
0.0763523154857
0.0269994870535
0.00316642605777
0.0901349430053
0.0137718810813
-0.0180606167621
-0.122081716569
0.0144513509386
0.0106873718829
-0.000388706462611
0.0387407195757
0.116202801237
-0.00488994516608
0.0255892067502
0.0498741013105
0.00547650633469
0.089372667679
0.0373716830429
0.0274565148588
0.0656291983766
0.0513608985533
-0.00271105213239
0.0182365929804
-0.0168880154453
0.00943970128877
0.0505812411029
0.0883242189108
0.0538158625964
0.0670772157168
0.114484243772
0.0458711871604
0.0168888394763
0.040495801398
-0.05609970785
-0.00507455298853
-0.0562820937997
0.0732229361878
0.0486707069016
0.0651435369473
0.100201434136
-0.039747445899
0.0943284209143
0.128464772709
0.0294064153546
-0.0153433721848
0.0894196431721
0.0687127205906
0.00319836990835
0.0302385728252
0.0271673590695
0.0839181981625
0.070382384353
0.0534998482342
0.0735489587551
-0.0024139534643
0.0363237843676
0.0342588309941
-0.0542934082747
-0.0100456881341
0.0287174239442
-0.0769296167469
0.108530001052
-0.026719765291
0.0680667261486
0.0587896218915
0.0418398594937
0.0758942791937
0.0088351731068
0.0153442991516
0.0714387549663
0.0579704726934
0.0526650884088
0.0902517187161
-0.0136563901331
0.0401221510903
0.0533557185024
0.0778988913193
0.106875704412
0.0632859861844
0.0120467556483
0.0877742725223
0.0845918632568
0.110581688191
-0.0132224098788
-0.0422478935659
0.0326313757367
0.0776938272162
0.0445637424824
-0.0263689802532
0.0798933700886
0.021088652398
-0.0240016952292
0.0404849402851
0.00845524710576
0.0179511301075
0.0210264643114
-0.0674078267622
0.0442720232634
0.12796333811
0.0476457315209
0.0822149413219
0.0385696085934
-0.00665535870781
0.0758800548543
0.110971534163
0.0240264939679
-0.0866468663022
0.114907784305
-0.0294380361702
-0.0642920134217
0.0997330198075
0.0256997670543
0.054988568464
-0.0145627486523
0.00377667656113
0.0104827320987
0.141571233583
0.0640637461843
0.0752220194445
0.0189691311608
0.0358447171067
0.0692848553347
0.048088873748
0.103272456167
0.0663752380708
0.0271102652893
0.0852129973276
0.0404800455087
0.0674626209721
0.0200876545306
0.0769166067169
0.0660302696931
0.0667904535415
0.0829449257807
-0.00445783237421
-0.0238509850821
0.0307118511733
0.111077196892
0.105932354374
0.0505502846374
0.126089053377
0.0074084885886
-0.0320838436126
0.0121351271871
0.0740819161689
0.0868792175071
-0.00058777001239
-0.00447971149303
0.01532959553
0.126274608039
0.0589518079841
0.0845105087916
-0.0106466455387
-0.0104795465896
0.0309418387837
-0.0121503925153
0.0629338332001
0.0540930888937
-0.0176345498229
0.0919595179751
0.0641226846567
0.0306581060937
-0.0161786716346
0.111226430348
0.0892224729894
0.0941147692765
0.0437165746127
0.0356161620286
-0.0232698993167
0.0398792470204
0.0406311137524
0.0864176450733
0.0170750779509
0.0975896087277
0.0867237724013
0.045627080491
0.0575971009893
0.0618028931086
0.0727733902603
-0.0429312663649
0.132403669306
0.0435719744537
0.127099204977
0.0684789576751
0.0355519718455
0.0714526374504
0.117856684673
0.0169891205624
0.0517203649126
0.0599638046267
0.036753733607
-0.00680440376351
0.0866301444681
0.0502223277232
0.0875944084084
0.0235017164879
-0.0329350181815
0.0285415602475
0.0741674153254
0.0267640408714
-0.0835929843336
0.0563908664211
-0.0168677478209
0.122078567647
0.0162575163395
0.111224100341
0.107012311076
0.115482371787
0.08253350608
0.0478398333593
-0.0472395027584
0.043610833308
0.0523887029716
0.0289040097551
-0.000845495944024
-0.0112207000426
0.104684249463
0.00220351985893
0.00593235178567
0.0898108503572
0.118722638149
0.0154591464896
0.129293945143
-0.0144582581801
0.0991782051888
0.0282978602155
0.0498978869132
0.0335296893164
0.0425230235393
0.0769430519859
0.0603396668422
0.0325802606231
0.0170140888517
0.0654947416918
0.0934352718007
0.00619408309169
-0.00485240113068
-0.00758715319053
0.0915222853239
0.122398096626
0.0645121101488
-0.011807547308
-0.0870174947805
0.0138393862734
-0.0620182229982
0.0345982282135
-0.0240203907727
-0.00399771597158
0.0167707255876
-0.00935232546198
0.0203432201171
0.0365277755668
0.0565219092271
0.051302671721
0.111923227547
0.0471324302101
0.0581269093833
0.0864512791563
-0.054732550485
-0.0312437788163
0.00698221583229
0.0174792142726
0.0801102287096
0.0670962940319
0.00234060084723
0.0727384704051
0.00351668212369
-0.0251395289074
-0.0732410696047
0.0450435071071
0.0192982103138
0.0469548205205
0.0862070734187
0.12585406768
0.0643212457538
-0.0522399416169
-0.0534556206117
-0.00946485797315
0.0325499045062
0.116279112582
0.00295571358082
-0.093897649967
-0.0821328819334
0.11278151913
0.0142190139215
0.114392289771
0.022497293559
0.129168510891
0.00151450553653
0.0114541354582
0.0168140051335
0.0123894184528
0.094594278931
0.0920389655656
-0.00528850981993
0.00966250518226
0.115507062631
0.0829527161897
0.0886628429811
0.0171436043609
0.0199854382668
0.137493744671
0.0647913178677
0.083688473699
0.0391038670368
-0.00143380765647
0.0921641187658
0.0709963900477
-0.0298662302108
-0.0254605627996
0.0682531314716
-0.0208038867085
0.080613312367
0.0418114467522
0.0609601174822
-0.0400551909228
-0.0485497985273
0.0148789878958
-0.0418304254665
-0.0154556081087
0.0369095943959
0.111822162468
-0.0983967266031
0.022039153718
0.0134433093705
-0.0321963919323
0.037648978276
0.0638360474109
0.0577260811883
0.0178544874353
0.0577567890396
0.0892577472313
0.113007711163
-0.0439686450677
0.0333845281824
0.0950546346451
0.0758919123728
0.0673212075852
0.021417554246
0.0606312215185
0.0284176145766
0.123822741962
0.0798126176389
0.12889201359
0.0506546950043
0.0830023090472
0.0815002886123
0.0182119234467
0.077731970424
0.139527228042
0.108585556984
0.0622703777027
0.0701522754135
-0.0138588914686
-0.0183351341813
0.0559333700709
-0.0474707933811
0.0182698408369
0.00748507706826
0.00339607099985
0.0358644462789
0.0570854834617
0.0717128599422
0.000789582362138
0.0773521415447
0.0699304347641
0.120380819942
0.0575626271112
-0.0120104416025
0.0547455812843
0.0458881011637
0.041228427437
0.116722256624
-0.0265555542051
0.0818489645065
-0.00267238033374
0.101854363056
-0.0428073509595
0.0983636513571
0.0907457929615
-0.0109307684148
0.110928331755
-0.0779787878315
0.0321058234567
0.0684359562193
0.0433207709161
0.0428051847183
0.107709153335
0.103714438493
0.0581749949854
-0.041586129586
0.0428410710729
0.00763244510717
0.0613158454367
0.0347808517572
0.00592336722686
-0.0645054565941
-0.0159337797571
0.110178159602
0.115464305627
0.0456486402405
0.00574939008491
0.0544990680894
-0.0144431045531
0.0223991205389
0.115591803146
0.0220728563916
0.0680865358843
0.080766889001
0.000891483546212
-0.0477207755127
0.0707445263741
0.0266830195688
-0.0395677565107
0.0749115769536
0.0804988761982
-0.0156943695572
0.0276993930188
0.0781730238542
0.0703529677592
0.100688845572
0.0617425994891
0.0383764826395
0.0420364080611
-0.00823038824047
0.0190394648853
0.0780316349754
0.00938025369257
0.0386862782781
0.0897939930022
0.0197363982402
0.0587462171384
0.00244423346552
0.0541355733242
0.08471444957
-0.0134635736856
0.0577759519626
0.0962098596737
0.0734113044369
-0.00696617807961
0.00491275640378
-0.0229773115951
0.0831826724554
0.00712731866313
0.0603870525838
0.113055997745
-0.0246504420357
0.0350076768352
0.0406329967671
-0.00667962529639
0.0918765747178
0.0857532171103
0.0190525066366
0.0603878766731
0.0486968676936
0.0446798590379
0.0840083521836
0.0580383733209
0.113097730714
-0.0482407398276
-0.1936901569
-0.0183030511342
0.0743206998182
0.0130789406561
0.0784908472712
0.0295110730755
0.131391318227
0.121788152441
0.100707413804
0.00018071537767
0.00368150499708
0.0735724779763
0.0715446989586
0.0110001807269
0.057085164701
0.0304212749316
0.133248208368
0.0957401256435
0.0363516131705
0.100743944042
0.0132973886611
0.0371149950908
0.111148300935
0.118036225767
-0.0222194957798
0.0418396741558
-0.0336454900178
0.114690606097
0.0076022357764
0.0446312182575
0.0557828816826
0.0612769262796
0.0571467412393
-0.010573788666
-0.000390220900123
0.0605773715601
-0.0405893768251
0.0807953045883
0.0160574853684
0.111240563782
0.120078289821
0.0253333209217
0.0160715731354
-0.0438708485
0.0638487064127
0.0702078074858
-0.00159912596908
0.0383543716419
0.0613419900099
0.0585959032793
-0.0077640173354
0.0567354287776
0.12424613716
0.0523890681877
0.0989689402084
0.0986650794265
0.0778733387427
0.0985442376402
0.0188213986905
0.0168080048508
0.0584757253582
0.0663769616198
0.130227307727
0.0448816887782
-0.0137989102706
0.132079747094
-0.0181806338724
-0.00281632871031
0.0469069275478
0.0956927724406
0.00226002160013
-0.062662194243
0.0169413050086
0.0636422175801
-0.008269261772
0.0825732239839
-0.0154338649593
0.0431168811722
0.0152143274329
0.0244970312986
0.121872157409
0.074883572829
-0.0154676558227
0.074448059059
0.0313114325077
0.00655967103195
0.0705803175328
0.0103626922995
0.0630332833038
0.105228949758
0.104901281969
0.00240625022256
0.0405962376624
0.0295033565631
-0.0142213284562
0.0710473034008
0.129570786666
-0.152275170813
0.0132208145884
0.0132372947777
0.0246955290775
0.0323609851457
-0.00478989192858
-0.0719231546822
0.0914445192679
0.123016092367
0.0842681403136
0.0230672590927
-0.0189516305516
0.12657494934
0.0928171732146
0.0252660858619
0.107706783094
0.0984211464497
0.086596222648
0.11051455854
0.0966585492295
0.100474256782
-0.0034809337444
-0.031744200642
0.0907647399522
0.0194329013506
-0.0172068098738
-0.0129937687593
0.0724240838114
0.0670605421637
0.0629508086291
0.0284878713308
0.01047477259
0.0497719679724
0.0979060458354
0.0510041941642
0.0693446489147
0.079461889255
-0.00143412383232
0.0483490735959
-0.0347307098131
-0.091450033787
0.144837900973
0.0449694064043
0.0484310950273
0.0275557406807
0.0706928275396
0.0874946621613
0.10973790071
0.0274954592144
-0.0595328144713
0.00630795794412
0.0773468045471
-0.124748441751
0.121273372827
-0.0260647989408
0.00417275238691
0.077403868144
0.0555066451578
0.0580316035527
0.0923136908143
0.0884892731581
0.0534620077025
-0.040596542246
-0.0139165779389
0.0653240425055
0.0962934501694
0.0630210782713
0.0200236425977
0.119307887645
0.0433608698311
0.0502534108692
-0.0324007732964
0.0810672659661
-0.0210158427974
0.024091071401
0.0673527812437
-0.0396716828768
0.0203940566837
0.112162200698
0.0870623619261
0.102948426673
0.0576965263744
0.0161481836697
0.0623362815905
-0.00257376399428
0.0703694495824
-0.00787543717426
-0.0857160832055
0.0440162467853
-0.0426354296509
0.0720367926682
-0.0107407361713
0.0743538614663
0.0233198181996
0.00103703846082
-0.0815476777131
-0.0101860489442
0.0258406332351
0.0336109209758
-0.00156197469181
0.0687100070637
0.0515228090241
0.0567949015868
0.0390855896569
0.00643777818105
0.0115924039972
0.0830666134747
0.0190210329309
0.00308968932299
0.127239318898
0.0494873399315
0.0747783133692
0.0223924609517
0.0227713663479
-0.0124674282295
0.0652259343982
0.055557053773
-0.0455237758307
0.114258161868
0.060608696128
0.0380356280469
0.00445773993421
0.0171301882529
-0.0237597905355
0.0529223193805
0.0598985678386
0.0806286284291
-0.049908116041
0.103743030217
0.101292319477
-0.0324610548747
0.061857964935
0.0662860911543
0.0730030850623
0.0240106043606
0.0913940579401
0.0800724874126
-0.0515502256502
0.0124580618487
0.0156481671379
-0.0189545401335
0.0439463970564
0.0342048448212
-0.0345765777062
0.127345825159
0.0248816943136
0.121464279628
0.0059160018788
0.00891869893014
0.0745285884081
0.0503453657137
0.0426875303397
0.00697848865614
0.120045295443
0.0242176629075
0.082656057467
0.07625092191
0.0625894929987
0.0633963048498
0.062050599723
-0.0536197033199
0.101578948465
-0.00549876028712
0.073927165202
-0.031784561168
0.00334863653689
0.104240334248
0.053708990488
0.0450329598437
0.0376150904748
0.00868679433311
0.0801999291703
0.0533021660037
0.144361869194
0.0555260713214
0.129830976958
0.000208281354389
0.0113630984766
0.0267449383007
-0.0487887436685
-0.054292408517
0.105227309975
0.0768763460093
0.0124660095728
0.102110103201
0.0590401597676
-0.0103059899866
0.099750459424
0.0793222860649
-0.0303036592078
0.0544639047468
0.00906179580384
0.112624543888
0.059015325232
-0.00347809815079
-0.0521436452967
0.126952158506
-0.0246085607418
-0.0436504050969
0.0895138081133
0.117840761008
0.0447373131767
-0.0316290959692
0.104116697913
0.0873453721172
-0.0289206658348
0.0651608600215
0.0677683245315
-0.0218843701483
0.0838617183555
0.0224608883063
0.0569486707349
0.0648500693518
0.0462098777884
-0.0575781288759
0.0185219393011
0.00133422449728
0.101768859288
0.101584580043
0.143961100872
0.0424606813537
-0.012306272057
0.0495725659706
0.0206962282831
0.0939283020052
0.015291738358
0.0964709622442
0.0513433555132
0.0253347774489
0.0135372818947
0.0819821549304
-0.0237581130197
0.0891978531958
-0.0171758643242
0.0460096390962
-0.068708968535
-0.0242498939593
-0.0595737716157
0.10536947272
-0.0316444886272
0.0777702262304
0.0253598518445
0.00245495430542
0.0612714313261
0.0257283955879
-0.0731077414939
0.12620318184
0.0408571113544
0.0648153020066
0.110584863041
0.111381249545
0.0925627785519
0.0418172400294
-0.0524040384913
0.0809450241104
0.0852600097355
-0.0946696200502
0.0854474607659
0.0830217961469
-0.0718580969454
0.0975436176231
-0.0447893675276
-0.010185427514
0.0279409170918
0.0988445974824
0.0413293719659
0.0246358587927
0.0920320762231
0.0529897625626
0.105766524984
0.121451743072
-0.00644092380192
0.0409337141418
-0.00492615380173
0.139466717244
0.0588727553304
0.0258895771766
0.030550931125
0.0658983657912
0.0951434502036
0.0433688500736
0.0348270676671
0.100909824897
-0.0297709138666
0.0330179028364
-0.0258390571514
0.0458538001644
0.0359590130188
0.081969635615
-0.0485053846968
0.0447886703197
0.00376560591719
0.0509490764606
0.04688367151
0.0235793268797
0.0244697437088
0.0970282758362
-0.0321427001849
0.0205897830311
0.131219466902
0.0215792045223
-0.039597769234
0.0575011618555
0.120021083675
0.0487477806628
0.111652098141
-0.00515785435579
0.0238578472532
0.0456256865429
0.116079859841
-0.00315302823682
0.0386869807625
0.0783896767129
0.115091395999
-0.0260945288628
-0.0470259197828
0.0830565879634
0.0960262168522
0.0373810452303
0.061834312232
-0.0272331341104
0.0083827539919
-0.0329639343194
-0.00819861107315
0.0217521503007
-0.00167502266927
0.0855599955346
0.00353369433877
0.0792689450314
0.0760324352885
-0.00597282738779
0.0234028797827
-0.098391007343
0.0441463658421
0.0799806827932
0.0511567438924
0.0300905585509
0.0309095598976
0.0580176183167
0.0632612203093
0.0579085442566
0.124613640961
-0.0169942236685
-0.0128149919078
0.0783464254018
0.127705979528
0.0638251116733
0.06638737862
0.0485768757812
0.036920046188
0.119060561732
0.0756004878274
-0.0429871353672
-0.00127742516639
0.121166225259
0.0682492908139
0.0265984385832
0.0156104351652
0.0656322412848
0.0508657593638
0.0194864487515
0.0371896698349
0.0748185313668
-0.0551519520117
-0.0184994146482
0.0959453343995
0.0429612398157
0.051503654254
0.07752198988
-0.0130670917938
0.120848905844
0.0801954532729
0.083963646804
0.0737988366953
-0.00567011064032
0.111013707132
0.114826485737
-0.0361971074443
-0.0228832613189
0.0460282111632
0.0281395710007
0.0337724345895
0.0412906679959
-0.000758863473123
0.133894725658
0.0995805699848
-0.008333746333
-0.131489616471
0.0416010461577
0.0296039523293
0.0969418706079
0.00730274550845
0.113797015599
0.131155121915
0.0824188167257
0.101698284262
-0.0762522705767
-0.081044476529
0.0408342795789
0.0158821913602
-0.0570063222785
0.12040612927
-0.0174367786553
-0.00546527926289
-0.0355793943939
0.00171896672353
0.0965619064635
0.106301397772
0.104929043675
-0.0257448637612
0.0668241573888
0.00949340704134
-0.0194309600285
0.132203064386
0.00837637018194
0.0198141780506
0.10324292803
-0.0953957383487
0.0822412423507
0.0563734569055
0.137285871262
-0.0407428587882
0.03509028921
0.0426578293883
-0.124840559574
0.103526585739
0.0594887107251
0.0018103753725
0.001202970151
-7.04233829705e-05
0.093360523558
0.00471177527242
0.0344768688021
-0.00265156728843
0.0874913703056
-0.0446627072389
-0.034140319945
0.0879056269946
0.0526231770018
-0.00833604326296
0.0992359047935
-0.0129622535494
-0.0292606915023
-0.115512264362
-0.0304716738166
0.0543531361529
0.0260564345867
0.0659181330591
-0.0720312892986
0.135942902012
0.0389479656297
-0.0510051906006
0.00970108844209
0.105414346521
0.0268934827064
0.0315563850585
0.0355989931709
0.0383187782042
0.0877781993342
-0.0377240989181
0.113438989444
0.120550846849
0.0499572895194
0.132210397043
0.0752627043802
0.0428226827333
0.0729536168393
0.0276772443761
0.0642576243778
0.127252739234
0.0919874279953
0.0435667145731
-0.056167916957
0.103630645845
0.0206184530775
0.0512527669423
0.0371922381738
0.0116839900232
0.0710211452944
0.0435736104495
0.0308332549709
0.0568237273128
-0.031715167448
0.102168751471
0.0609668325274
0.120974978851
-0.0420077073183
-0.0110101688393
0.00730105375236
-0.0220921703137
0.143239897759
-0.0217569881633
0.036701099643
0.0636749111019
0.0813855699152
0.0924778239463
0.084215000753
0.0657000031382
0.0356772218271
-0.0639326331556
-0.0670329026523
0.0148153856948
0.131090249543
0.107574815579
0.0379800164109
-0.0128032612861
-0.0627225560785
0.00293763030663
0.114852493947
0.0700248437649
0.0367699161971
0.0938745977566
-0.0259633149454
-0.00485070641761
0.0315526431031
0.0181588770949
0.0571419182188
0.0116169157085
-0.0812584671609
0.0437191347063
0.0301978288485
0.0259751646154
0.0228572488957
0.118406641054
-0.0843862441832
0.0983739735711
-0.0123683985649
-0.00138820717923
0.1312537187
0.0173738880855
0.119141946248
0.0222475480573
0.0964978014175
-0.0769430020633
0.121570154861
0.100716034279
0.0583690656395
-0.0257062803376
0.110981312734
-0.0228707840352
-0.0246284810423
0.00654667207234
0.050567516184
0.010002127981
0.0484595357161
-0.0373793719283
0.123840380884
0.0718030475196
-0.0603130461596
0.0601009491418
-0.0119541073613
0.030460128678
0.0412586053476
0.123503467038
-0.0331580027983
0.0754599923873
-0.0183752063094
0.0659643516961
0.0300622212896
0.0662128233067
0.097417865353
0.00084341493442
0.0800059149675
-0.00594551823784
-0.0237254442245
-0.0141857616619
0.00947615457954
0.0883147778149
-0.0159355875254
0.0142268392766
-0.0140898500375
0.0344498734214
0.0534096463994
0.0548168567435
0.0521775933066
0.00819356168814
0.108125584246
0.0145520256743
0.0838207076225
0.0611857080138
-0.118055336658
0.103958768945
0.0579539785524
0.00799058846116
0.0444680724635
0.0194903154156
0.105888474647
0.0221620147978
-0.0472768383053
0.0576908157606
-0.0202023966855
0.0137507534779
0.0690055511426
0.0362554377273
0.019774144173
0.0722980459247
0.0284231871028
-0.0548093017846
-0.00996956521738
0.0292151219333
-0.0228729262198
0.0284127332727
0.112478040081
0.0441888997564
0.0234484735005
0.126669718616
0.0962747572373
-0.037756983997
0.066481007211
0.0134366320406
0.140596161603
0.038773650118
0.0104516939684
-0.0369537109458
0.110042326458
0.0632342224064
0.108026384063
0.118638883311
0.0651056538996
0.0583786991751
0.0679067737677
-0.0228958444816
0.112292110366
0.0782475162206
0.1087358878
0.0285868297543
0.0666349376265
0.0786614043243
0.0908973601032
-0.0350577685979
-0.0158419592006
0.0939527769417
0.0891981589008
0.075989490556
-0.0631732240696
-0.00998878384191
0.0263164683194
0.135241042446
0.0763165392781
0.0175418074087
0.0749962722964
0.0544731205668
0.1119675332
0.0871758762274
0.00517744262898
0.0794343712441
-0.0351995408615
0.0443680372308
0.00638633833556
0.10752104875
0.0788008188133
0.0473115037779
0.0691669576782
0.100231535084
0.066635597974
0.0564641404116
0.0172560324927
0.0154616056829
0.0957943218345
0.0229489650795
-0.0228557429873
-0.0022073666099
0.0968420834832
0.0816535859424
0.0962055923929
0.00806994180995
0.0486067130964
0.0573304983797
0.0322667326431
0.112012535445
0.0994417141256
-0.0581625301019
0.117063176016
0.0138480974339
0.0956698170223
0.0810647287984
0.0861008635054
-0.00928820131124
0.0933704556329
0.0734046169892
0.137956270012
-0.0365310669967
0.0742912911715
0.0317697610951
0.0433094930736
0.0639607503245
0.0380725474468
0.0729648747454
0.0935098668916
0.0199844028611
0.0615925582982
0.00378251777311
0.0445467899258
0.066807193454
0.0392728656865
0.0230533338651
0.0457557789031
0.124102753745
0.0633253979526
0.132020093013
0.0377950081374
0.00744992995817
0.0638130717419
0.0772976087022
0.103516962082
0.00546340475912
0.00764027624734
0.0244114461847
0.063972313089
-0.021915703137
0.0456415977468
0.143687237595
0.0930489180007
-0.00381168087416
0.0345294814589
0.121664730108
0.0382659292036
-0.0637586249795
0.100746795
0.00141741307234
0.0367894875777
0.0430530298872
-0.0424846474732
-0.076759954263
0.101780828608
0.0666150632178
0.00249307573131
-0.0118599108631
0.0220885043661
0.0208904278465
0.049740251459
0.0240863326762
0.0306999202618
0.123018882533
0.0665278451201
-0.0143761284627
-0.0110810566367
-0.0134884264344
-0.0433483246035
0.054507945672
0.0211858457895
0.0374733606013
0.00915576401568
-0.0091024791452
0.0320168884777
0.0189166660683
0.0219189339057
-0.035368301169
-0.00693764113573
0.0663550924485
-0.0908774996472
0.0926087267109
0.00824854319801
-0.0301532172463
-0.0388814577311
0.106017834382
0.100480810769
0.038294465561
0.0190969012077
-0.0374356464378
0.0574828233779
0.071794330799
0.119674079575
0.0429698503468
0.0597712965268
0.0758945611877
0.0387204398181
0.00365170996099
0.00213512473018
0.0694481189519
0.119392422187
0.0772174096325
0.0117936776643
0.0590085895564
-0.00259052897241
0.106173942775
0.033483261819
0.0542075610653
0.0284104580072
0.00653235397894
0.00652406233678
0.0238528066144
0.11100176434
0.0310445569756
0.000801333328597
0.00980264525307
-0.00485241585987
-0.0403419335638
0.125371205018
0.00580083035304
-0.0124032454905
0.0732866568139
0.105729765826
-0.00134304992851
0.0781781219182
0.00574832472977
0.13314414276
0.105998559252
0.0896767618418
0.0649573404714
0.0566372154105
0.124716443437
0.0170674034173
0.0641134153854
-0.0136859840789
0.123360574784
0.0540488658039
0.0669054350667
0.0454730170506
0.0316903722423
0.0300982188934
-0.0204135775234
0.105665053046
-0.119946126697
0.00623269245112
-0.0240131496416
0.0838736844794
0.00285748583791
0.0202011201594
0.00125099923522
0.0653067697793
0.0172324455759
0.0846029672634
-0.0323439772293
0.0412436285073
0.0828496920786
-0.0359635884425
0.0218340505714
0.105335696
-0.0495785186616
-0.0150436472237
0.0535057965981
0.102985392351
0.0508865989793
0.125077246596
0.103078644053
0.0679671039367
-0.0448582683611
0.0814555263689
0.0271512514199
0.0271925277765
-0.0851424864636
0.0270080855215
-0.0535312295024
0.0345668793236
-0.0147883535764
0.0373782884085
0.0269486896917
-0.0343759459567
0.0936818454619
0.0350399134717
0.0228665092165
0.0811340891549
0.0516587530277
0.0169979811463
0.0446664158445
0.029492251246
0.00867986954487
0.0896534131545
0.0277536675378
-0.0691742169006
-0.00781083222094
0.0650337942613
0.0778440446732
0.0542086297514
0.0650151541508
0.0240074334642
0.0303607841314
-0.0200543217619
0.0832075524619
0.11511736099
-0.013130623336
0.0345895756845
-0.0298755796891
0.0289127345789
0.0331130412891
0.0468737746201
0.0613860211132
0.015729905518
0.107046114627
-0.0876442666767
0.0711982498906
-0.0437854841285
0.079425834316
-0.0205049309475
0.0325045154301
0.141194398311
0.0166771240675
0.101741236924
0.0125405428146
0.0763883072388
0.0326715839631
-0.0111759382656
-0.00945394308549
0.0376411553871
0.101653342503
0.0161374191167
0.104212790464
0.0784038496302
0.104100897242
0.0988623342975
0.0171516128998
0.0478612255189
-0.078250280186
-0.00699136054971
0.0769790155929
-0.0207596760991
-0.0593742926636
0.0350927565682
0.0308314864897
0.0905466530486
0.0805607824338
0.0140951167731
0.0532072018938
0.110034092715
-0.00160269189107
0.0120519413056
-0.0110956004732
0.101016444664
0.0893559943994
0.0300837397083
0.1418171727
-0.00549360794285
0.0188378170807
0.0465779396349
-0.033421738809
-0.000977651781977
0.123870526819
0.0927148516935
0.0679986407536
0.0205694089472
0.001902097084
0.0615376358645
0.0289267563643
0.116893138632
0.11411590365
0.0100930477291
0.026764437589
0.0109464229389
0.0936543177385
-0.0413984389027
0.0164965688291
-0.0139982510945
0.0311268820966
0.0802694360538
0.0004512309653
-0.00628234035881
0.0950333890216
0.130159495502
0.0568670062665
0.0994268373742
0.0355891412515
0.050903244108
0.0665814636318
0.137523900306
0.00795927058028
0.0844855274146
-0.0563764967005
0.127963995791
0.0743967765485
0.123940662257
0.0971854742378
0.0777694426319
0.0980223131414
0.0588068610699
0.0448953011587
-0.00199156047887
0.0703508953076
-0.00219699911979
-0.0354431378613
0.140328291733
0.069723054346
0.0286332784426
0.0174004976451
-0.00838815814929
0.109006052884
-0.0119941635452
0.129514872681
-0.0213155081043
0.0511161201233
0.0283902426197
0.0589538697715
0.029830884581
-0.0320171891178
0.0276797902537
0.0328424425032
0.142455487372
0.0699043163441
0.0070248793807
0.0257980563672
0.0278841084595
0.0477069858839
-0.000153140554866
0.105904586833
0.0505289156263
0.0634275160591
-0.00207439825705
0.0088078616908
0.0363863528485
0.0612331988738
-0.00653219619999
0.0232390661731
0.115008809222
0.0298882645514
0.0117878076006
0.0343673613775
0.0186450851807
0.136099029552
0.116225543876
0.0388252018671
0.0528380913187
0.0430490554866
0.0360863132465
-0.0922619174061
0.126322385635
0.0018964500004
0.0133710501348
-0.0416282383751
-0.0074854902604
0.0719909095829
0.118170547501
0.051299314927
0.0865621321256
-0.0349273000685
-0.0660007115784
0.0360206837886
0.0127337308998
0.0142045726874
0.0270793828071
0.113420942704
0.0794670868382
0.0154236104386
-0.104954100154
0.0929451735762
-0.0098510983543
0.00504137300194
0.0738958667889
0.110023695435
0.0797161431578
0.10094345027
-0.114806158058
0.00454113388342
-0.0162249989425
0.0889729503299
0.0698063399965
0.0166810864694
0.0763867655654
0.0486177192057
0.0141887753052
0.0286753636959
4.24091428952e-05
0.0377882181667
0.00150792877306
-0.0424742247269
0.0682508260201
0.0926489822422
0.081761766342
0.00967547967114
0.0763312657027
0.133840149772
0.0123761983841
0.0246960895555
0.0142911363493
0.0525500150384
0.0841937114904
0.0135094296789
0.000532968299913
0.069657910527
-0.0045770838347
0.0680194159017
0.0496114410448
0.130699218892
0.130285562364
0.116696256492
-0.00465532738648
0.0902980307406
-0.0341598812354
0.0315152316713
0.0594479644126
0.104895142957
0.00503361206888
0.0067626003485
0.0884139555308
0.0933465392858
0.100733061879
0.0214833202515
-0.0224390069099
0.0311365133631
-0.00482460063696
0.102890626735
-0.0313362142082
0.130635226666
0.013485146544
0.000372584412924
0.0322988447902
0.0844905117753
0.0276194778974
-0.0143316376011
0.0437921208489
0.0873348797984
0.111920789878
0.0548924565437
0.0592577169508
0.0850540922105
0.0124475392496
-0.0104878357587
-0.0349897082325
0.0209059722071
0.0540495550316
-0.0366228487407
0.0996802787536
-0.0504176638836
0.0167450461148
0.0351962313491
0.070189045223
0.0299225148625
0.104471987175
0.0450229709819
0.110160115921
0.016697403965
0.0471762419742
0.0529262016877
0.0502803602404
0.00130557272728
-0.0126251257209
0.107749335444
0.0846482405074
0.099919428315
0.0458710359835
0.0878280890182
0.0500431105569
0.0181085939813
0.0791385291477
0.0650476481825
0.0166254904129
0.0314441193416
-0.022915572794
-0.0133860861113
0.0484065384206
0.0614405006725
0.0923630390467
0.0096317254992
0.106043537314
0.126571308423
0.0763366665254
0.0483614683241
0.0911101231398
0.0675487693078
0.00765159740353
0.05521162682
0.057647268528
0.0159612140258
0.051038297709
0.0846636456602
-0.0239942027136
0.0726647789455
-0.00701668933537
0.0108848364873
0.0720924247645
