0.0328029898561
0.0981251063481
0.0977262044912
0.126302642999
0.0607816171792
-0.0053603001554
0.0369477586166
0.00218038157571
0.0813189614162
0.0776906890241
0.00176747976185
0.0528060261525
0.0122544210493
0.132268962487
0.0927372268901
-0.0042664468169
-0.0096226785865
0.0494187137517
0.104761832931
0.0659424080852
0.0858535914223
0.0477588893392
-0.00937722071045
0.104325969043
0.0595876391035
0.0707708008677
-0.0013351589594
0.105313873102
0.0891744510768
0.010571989504
0.0413383158977
0.0795700138019
0.000672798998057
-0.00423085009027
0.0196571870277
0.0908752405252
0.0987284467593
0.0264696276427
0.0396749793027
0.0179134188799
0.00749525305614
-0.0174177757324
0.0582918209414
0.0608421916452
0.0805445381774
-0.00124680240465
-0.00615743715429
-0.016058120047
0.0812342200812
0.0683131078339
0.0560500527039
0.0209146917484
-0.00636495738515
0.0557824009418
0.0756184510679
0.0610697382959
0.0893902757513
-0.0224580895814
-0.0299458267831
-0.0240639273115
-0.0421779114326
0.0315898593734
0.104936049991
0.093730584019
0.0392232495903
0.119289048554
0.00402073026288
0.0980428891519
0.0765483558951
0.0566339409294
0.00810036103589
0.0593361765754
0.0718168999151
0.0289118752984
0.0897125719294
0.128642080382
0.0771718862337
0.113593725308
0.000788051088858
-0.0451616526044
-0.0593099708895
0.0122073706324
-0.00382109140349
0.0834560537713
0.0731488374858
0.0567158074023
0.0699654676853
-0.0925193022523
0.0877499671471
0.00257041412145
0.0595617281329
0.0355626615757
0.0617265480817
-0.0138181143574
-0.0222941220651
0.0834800828085
0.0464332499872
0.116084334995
-0.0125030360505
0.137598006177
0.120847076897
-0.00581446100505
0.00370640208264
0.045210063901
0.112823698052
0.128002941828
0.10696701398
0.0245137409578
0.110961519087
0.0268479453867
0.0886054179278
0.0217339274212
0.0879378916985
0.105924965696
0.113135809265
-0.0105248039949
0.0648649686921
0.110295124086
-0.0200551804033
0.0504735448416
0.0958331070259
-0.104434573572
0.0824601361986
0.0670509568988
0.0991489013735
0.0863417009884
0.024363335602
0.0104662189456
0.0855448876933
0.0492955143289
0.081223988397
-0.00983287135159
0.14358342993
0.0513736374421
0.124536674606
0.0655723623034
0.0753737712996
0.0960943943487
0.0615430476451
-0.0012574106939
0.0462870545007
0.059522011503
0.0850444426218
0.0941761960933
0.0606376602498
0.0539832479649
0.0589059170871
-0.0101399509551
0.0573868407967
0.0343618200745
0.0875944386042
0.131690036052
0.0698380903957
0.0190741439725
0.0802422547891
-0.0550615882957
0.120419656733
0.0543085849221
0.0578462318944
0.0776747023324
0.0479974334255
0.0662261022075
0.0972209243938
0.141260629791
0.0647330927125
-0.0689060560793
-0.00526741789839
0.0346449218871
0.0624649656787
0.128169636463
-0.0110911296227
0.0418350820105
0.109950673519
0.0848248312113
0.0621852143091
0.0440549421058
-0.054146369593
0.107203128378
-0.00216965824763
0.0245332199673
-0.0807568142567
0.0298526100205
-0.00845418801615
0.0629636266182
0.040231892365
0.0790287536463
0.0910927138853
0.0441995895218
0.115632099884
0.0203648250018
0.0936809914261
0.103442396055
-0.0363889932052
-0.0908890142161
-0.0191173804836
0.00208190467427
0.0760947783785
0.0254775584292
0.0860439403487
0.0166667863665
0.00831170524199
-0.000607059336953
-0.0168917661846
0.0222443275653
-0.0187029824332
0.00678746848978
0.0357547113447
0.0521779792452
0.0568900009676
0.146578720075
0.0752326645476
-0.0831791469874
0.0325458275468
0.0827084541026
-0.00174034134646
0.0984953276935
0.0618443601586
0.0651719787367
0.0803800689909
0.0559057649941
0.0824294594469
-0.0126278316755
-0.0874699284014
-0.0202405493477
0.078563959031
0.064846697178
0.139418484371
0.0419567792652
0.0460291129897
0.128574454169
0.0489554464867
-0.00157260414031
0.0341819991332
0.0653812760548
0.0204407837007
0.123645679535
0.066471093019
0.0511709328136
0.0338976336115
0.110603420559
0.0917334797059
0.0434006101276
0.0653446682584
0.04373955276
-0.0687727840557
0.033358453434
0.0614706071202
0.03410939375
0.0948663806654
0.037012387101
0.0330824271495
0.0439683711036
0.0159445454411
0.106995221378
-0.0151307374864
0.0611116321161
0.0446282576937
0.125570993194
0.0797367411092
-0.0013070145242
-0.0192493989362
-0.014827216499
0.0141405978345
0.0897270972722
0.0174932020227
0.101138449688
0.0696369201425
-0.0609994477136
0.0376976175696
0.0889868450404
0.0924296301161
0.0598139279602
0.112809790983
-0.0179571264504
0.097288993265
0.0765455153776
0.128605688647
-0.0185361229573
0.082221154084
0.131175002873
0.0765118822155
0.0333812908639
0.0429303391392
0.0601744433519
0.0104056929328
0.0255037046782
0.0572064969727
0.107926565112
0.0131054339246
-0.127545853438
0.0634161913087
-0.0638521429756
0.0373274146097
0.0773249823597
-0.00262859853983
-0.00668120638432
0.0626012272001
-0.0481057551377
0.0647253463724
0.110403230891
0.0274233524104
0.021523132521
0.0885405176725
0.0100252682842
0.0276170941436
-0.0511412333681
0.0641098717851
0.0760253128924
0.0655101308627
0.0699326047222
0.0176217050786
0.0282066107859
-0.00948924253919
0.0849423364583
0.121358609223
0.100109460209
0.0651501998231
0.0364955891981
0.103018208344
0.103328982198
0.086935099083
0.109381208334
0.0589922892725
0.0231925715187
-0.00195645176949
-0.00336765662685
0.119631317771
0.000536867805146
-0.0306433437425
0.00410938110161
-0.00698907316455
-0.146750761482
0.0178305991447
0.125056747406
0.0352997144337
-0.0292460837532
0.0478180083068
0.0947455655375
0.119384861271
-0.00683430778253
0.0785962583422
0.0641682619627
0.00772991453069
0.138356924485
0.0521895007786
-0.0100955327876
0.0216335576732
0.0397027395476
-0.00174279021399
0.103937087428
0.0403170878938
-0.00961276350846
-0.0671690998812
-0.0400860902671
0.124234059992
0.0501947694843
-0.00207911769536
-0.0154560294037
0.0289766439384
0.0943458581123
-0.0706279038038
0.0865321443773
-0.0479270285473
0.0577371489749
0.0475791919405
0.0319597315732
0.0978791404667
0.0990317143476
-0.0353122551138
0.0424155143038
0.0354064724383
0.038429855841
0.0282500911335
-0.0136078148492
0.0227668886244
0.0852506809436
0.11082840169
0.0380260452707
0.0451563169281
0.120920878382
0.0256672538306
0.0574963164719
0.0355105023049
0.0648165372117
-0.0118867457033
0.0349244868707
-0.00642630880762
0.00573033933058
0.0865994242458
0.0797019561277
0.107264003789
0.109749511722
-0.0439245796704
-0.00898408299751
0.132365194341
0.0374587048849
0.00625076706533
-0.00587126424947
0.109651554657
0.0309184805421
0.0114534975623
-0.0264471444927
0.0600042076032
0.0750693234785
0.0244408429414
0.102919216565
0.0756290437546
0.125123390946
0.0445560506563
0.128525875911
0.0393758042352
0.0272367870611
0.0927751783066
0.0946646349816
0.0872835410733
-0.0101730182834
0.0629645689117
-0.0183567401479
0.0708733897242
0.0147857766741
-0.027079720741
0.034787760207
0.0822919451459
0.0884439596283
0.0518076088386
-0.112696743441
0.0366985226565
0.0791999360538
0.0920704181768
0.0294484854698
-0.000683448810194
0.130314000313
0.0320902167602
0.085401422154
0.0934742073576
0.0811937783313
0.0348909704083
-0.0229981092412
0.0825946254713
0.0116112490881
0.0529129063533
0.0255810860379
0.0207003713148
0.0520000903065
0.0739785239945
0.0824367254892
0.141964628766
0.0983955828453
0.0948441663328
0.0472153611774
0.0875595374854
-0.0312706694256
0.0541539746099
0.0744163509253
0.0399724311602
0.0860954749921
0.122371030582
0.118755888585
-0.0259760775611
-0.0426316442388
0.0650395137451
0.0852630831425
0.0628063592604
0.0151312488239
0.0986945181856
-0.0266420704061
0.0440437692145
-0.0149241604028
0.0799388092809
-0.00677631940538
0.10995763005
0.00861920611773
-0.0412748718888
0.0441230198196
0.079063849633
0.0914468909518
-0.00249569201987
-0.030837075752
0.0153579441211
0.0682908803157
0.0109775126291
0.0385957495538
-0.10637467256
0.0244666567238
0.0965795465245
0.0501677760046
0.0669298271047
0.0489937170873
0.0769448662013
0.0675374793435
-0.0404197250614
0.0456799266673
0.0732986345259
0.0350752064758
0.0574064578415
0.11961317741
0.121028030757
0.0259625293358
-0.0512156719694
0.0823896421803
0.0176931510243
0.0882634651326
-0.0108752225881
0.0236069410823
0.0242373200491
0.103384400814
-0.0163726722516
-0.0560975675609
0.026244958958
0.0370496870566
0.00776396242438
0.0817571956883
-0.0175607571662
0.0551132970696
0.0341263739104
0.0796763022277
0.0554262407135
0.0168584356508
0.0142325784605
0.0294731733001
0.00246200006888
0.0916650812692
0.0955877821705
0.013025078325
0.0254627659265
0.115401154
-0.0479392927687
0.0655991001292
-0.135014890457
0.124258979632
-0.0923447757591
0.0715933019607
0.0174216214054
0.0778349414061
0.10085536263
0.0728414659916
0.0700005735272
-0.0146289029648
0.0480414853559
0.11889599197
-0.00441685521933
0.0589558815504
0.0270957093841
-0.00410814731833
0.0713276997339
0.0220128322673
0.0169061588274
0.106988094338
0.0230201889281
0.0646743590588
-0.0545078332482
0.00384866490098
0.00310497662046
0.131634155485
0.0327413561456
0.0970357931673
0.0639703977473
0.0390936606009
0.0577919804832
0.130392185799
-0.022504723231
0.0539084514094
0.12404707479
0.0175471153953
0.122818088821
0.0817932057945
0.0416824810412
0.105925862315
0.00742628202978
0.0152803411484
-0.0277734341102
-0.0423484881568
-0.0318178422543
-0.0168643312872
0.0924634229032
0.0240005950419
-0.0192145543274
0.0106440348505
-0.0392525230523
0.0400649691585
0.0760575520648
0.0727043096407
0.0967474431037
-0.0523577327185
0.0429428006717
0.0610204403367
0.0127514141322
0.0700060556216
0.0947535354559
-0.00811297930595
-0.0353717060626
0.0225059698312
0.0645898411864
0.0283569321964
-0.0128351504807
0.0425593754069
-0.031115719448
0.0724865193916
0.037375940449
0.05616728624
0.0982657122943
0.0324507174546
0.0405899769329
0.054337732617
0.127022343163
0.0603693114086
-0.00767860863639
0.0635386237548
0.049937559936
0.103118660432
-0.00407962693193
0.100239276124
0.0814058740181
0.0546036212992
0.0188078530204
0.109312155687
0.0275381376154
0.016425931706
0.0594036846082
0.0723466374572
0.13282297287
0.114899953485
0.0504297975625
0.0344396759486
0.0572567899002
0.0489566577176
0.0326907507153
0.0726132971281
0.0416265334959
0.025448488955
0.0725591862091
-0.0102745199877
0.0167660989972
0.0391886412749
-0.0790208680201
0.0552724295786
0.0524304809542
0.113925301542
-0.0779093695885
0.057974909553
-0.0256555753581
0.0389298768848
0.0690109786953
0.0201498879022
0.0130407389493
-0.0307036458779
0.0640404561805
0.0504501234393
0.0795994324237
0.00202560980753
0.0444675412818
-0.00822980508161
0.10453697572
-0.0233645639671
0.00742852233563
0.037180086968
-0.0431000421379
0.057799348268
0.103025685453
-0.0137447018067
-0.00894182700317
-0.0104066129712
-0.0636482912452
0.0927106655782
0.0658120316697
0.137654151094
-0.0069538855383
0.0426752452492
-0.00778165865405
0.0647142976012
0.0724826210614
0.12776021121
0.0982428606269
0.101836915393
0.0836990348487
0.0517947455383
0.0733298946279
-0.0364065932691
0.103690550868
0.0892127295625
0.097819780404
0.0600641045163
0.0326040918609
0.122684509894
0.112871769374
0.0691018731642
0.0645720422674
0.0369106929588
-0.0415991624789
0.0677681000756
0.0788663636391
0.00613093242452
0.0110568247947
0.0588274312432
0.117413925169
0.0783397202719
-0.0511766294509
0.126879630114
0.0271042257543
0.0411705033495
0.0376312199944
0.0848350864447
0.0784497426958
-0.0838463797774
-0.00563846386275
0.0594315579549
0.039275287893
0.0953326662975
0.0786745036764
0.107470437886
0.00583822564978
0.0780914908675
-0.0328786299918
0.10247506141
0.0461278657689
0.0693957229719
0.084139628273
-0.00047484575496
0.0413136135406
0.0426935914795
0.0932570435978
0.0142357605888
0.0498466280145
0.0966477417138
-0.0299732735251
-0.00258408217041
0.0639110816805
-0.0536562292507
0.056632181038
0.0109969857075
0.0219184690527
-0.00661875358102
0.0285622304875
-0.152944960017
0.0464789162421
0.0641477065065
-0.0664732583391
-0.0663047622165
-0.0100374321051
0.0876072820114
0.0838293669671
0.0798230618555
0.017102318277
-0.037617198583
-0.0758201566569
0.0646217816759
0.0715759233009
0.0420820872244
0.013143339877
0.00249421340724
-0.0420211236755
0.04593812044
-0.0171555325957
0.0976890908488
0.0520192958772
0.0924026134593
-0.0746694735183
0.104788477494
0.071497473855
0.0444053171401
0.0367398853996
-0.00249594781154
0.113961285807
0.112821646171
0.112944708013
0.0543659074171
-0.00806181177841
0.0228615668024
0.0902991962547
0.0411114453127
0.087607293267
0.0141955416054
0.0606335465748
-0.0023927399974
-0.0459290938953
-0.0393994412406
0.0770095951665
-0.0576473192101
0.0767483693496
0.0141232074204
0.0880707513864
0.0227888822979
-0.0131800345433
0.0893224091188
-0.0616017196017
-0.0373925495107
0.0596963804135
0.0718251008136
0.0876991724535
0.0643772165468
0.0774761116648
0.100308097706
-0.00311827237169
0.070549727332
0.0492367406228
0.115617332404
0.128171590687
-0.0139553361901
0.0918979175202
0.0591280886487
0.122502492623
0.0284177868384
0.101919442457
0.119296346617
0.0494052983701
-0.00235161699382
-0.00494264767036
0.0213986175976
0.0595565244755
0.0326089618551
0.121465873879
0.0484679760497
0.0216947958367
0.000817365293591
0.0109508090669
0.0261517584311
0.0816626452505
-0.0703088545213
0.0513180994725
0.0934605018089
0.053374584684
0.0618208780904
0.0831559347626
-0.00372198394788
-0.0307571040555
-0.0686651969667
0.126978747675
-0.00524450062207
0.0643790874703
0.0470298909214
-0.00182469401456
0.0361160957811
0.0398891088499
0.0172878400212
0.0426725395547
0.0721340352258
0.0249766590636
0.0161516009599
-0.0308869755376
-0.0418657747097
0.0848499040464
0.0750588196427
0.0615745508905
0.0766940456706
0.0194829942413
0.115161201346
0.00704757922154
0.0763489830903
0.00562873478949
0.125671223914
-0.0746638720978
0.0204166414783
0.0525830711088
0.098463813012
0.0807465362337
0.0100931399083
0.0201780372431
-0.00654777620108
0.105164275335
0.0456134728774
0.0268207858136
0.0403994652424
0.0513029712409
0.0433411166854
-0.0347730720284
-0.0124619456487
-0.0199924476744
0.0531573724868
0.0357586489287
0.084906240566
-0.0161663973052
0.0789630293045
0.036334196573
0.0880011716767
0.0759714751783
0.000110145267096
0.0427290215159
-0.0282713537653
0.113459035724
0.0703155564584
0.106525567236
-0.0118959277268
0.0979720367372
-0.0143938192954
0.0742742012268
-0.0585800695902
0.0208110558634
0.0834826692149
0.00839614302467
0.076656465428
0.0365950145834
-0.00860561695634
0.0151916859989
0.0773865629826
-0.0130835904136
0.131536677695
-0.0263006458029
0.089391325271
0.0209334733742
-0.029587918328
0.0994956952453
0.0345832736777
0.0631766022217
-0.0467365802246
-0.0346104005601
0.130442084951
-0.0680488208564
0.133186201616
0.106992334138
0.0369354702196
0.0551978193162
0.0911258249614
-0.0339493981734
-0.13656096679
0.0617852170791
0.0804513125919
0.0777454303344
-0.0165985541403
0.0523611824168
0.0359017951797
0.148988542231
0.0453094378811
0.0334768872259
0.0530088747887
0.101819726465
0.129491434628
0.0624487573804
0.0094606883785
-4.00393093125e-05
0.138894305962
0.118033239576
0.0841550187265
0.0673764975028
0.0992109488891
-0.0662769865243
0.0890964183272
0.0674464413599
0.0632178251841
-0.00900441699586
0.0295200669386
0.0457148164337
0.0602578518257
0.0552863242167
-0.00892010017721
0.0804534835042
0.0831919596093
0.0441816868952
0.0115329415555
0.0329712420883
0.0664391578487
0.120963784
-0.00167708841446
0.0565915894763
-0.0185405307342
-0.00227993937015
0.0227919380634
-0.0232599690074
-0.0263614390725
-0.0152752105382
0.0443901798111
0.0227293391505
0.0725418478896
0.0572879082743
-0.0147170972216
0.0938972664946
0.0813820720476
0.052922779324
0.11527748155
0.047042185637
-0.0307185379927
0.0824224953741
-0.029216836036
0.10395296719
0.122402051256
0.0563737295299
0.0325484067941
0.0473304579301
0.0567839649256
0.084246450491
0.0436149974931
-0.00207057585516
-0.0431763453166
-0.00296507791372
0.0716906418418
0.0964165253574
0.0698625103765
0.0924413131482
-0.00187266167665
0.0315120940786
0.0241117551322
0.0482870656945
0.0952782968614
0.0296074919975
0.0878372833044
-0.0215995991808
0.0894188687957
0.0489320710067
-0.000639760224964
0.000342733827505
0.113147679397
0.00246730280437
-0.0167906180724
0.117960558482
-0.0457673787419
-0.00953152243072
0.0652667769897
0.0345784376338
0.0944724845968
-0.00332860099594
0.0962530241451
0.0836868453387
0.0974222780775
-0.0268024302069
0.0361798665793
0.0353829244875
0.0687927392657
-0.000729161399044
0.0640606635901
0.0107815518673
-0.0485354081988
-0.084334428081
0.0818820071984
0.0568523618793
-0.00769026029828
0.0766371358468
0.0700293121577
0.0929480671677
0.0711128794595
0.0494978997806
0.0677371307095
-0.0511182649582
-0.0216313235193
0.0753263998489
0.0487614432634
0.000222042680708
0.0821221728523
-0.0585860136923
0.0184713235212
0.0237534165294
0.0102784441268
0.0451947845197
0.0587732506974
-0.0770557929951
0.0113169290965
0.0406510480257
0.0384023097937
0.0318704915749
0.0418446772447
0.0755939652245
0.053040218766
0.0512199990475
-0.024470369416
0.036074007968
-0.0136799169798
-0.0153247827845
0.0698512011248
0.00376945939571
0.0737769329039
0.0255993406692
0.0645075132517
0.00770525013304
-0.0568589601905
0.108045660461
0.105352919014
0.0343271993541
-0.000280375974588
0.113380682494
0.0610918650383
0.0054301356168
0.0269418064504
0.0917483358801
0.0389063800394
0.0419676044048
0.0486120185528
0.0603229519136
0.00068885296695
0.0922967182429
0.00157704352238
0.0751144678614
0.102542398093
-0.00225668937939
0.0966928428892
0.109521958127
0.0138242042585
0.0622699071621
0.0979022597527
0.0523151424632
0.0602001248252
0.0419593889122
-0.0201322439246
0.00743453258438
0.109860406652
0.0731729386382
0.0537982230691
0.0958484946759
0.10419874701
-0.0138926845215
0.0362064417135
0.0191568420289
-0.0199658646593
0.0774787129277
-0.0130247547946
0.0763616240016
0.0496710783786
0.0656833323163
0.101904312708
-0.0870097973102
0.0404537797197
0.00783081258215
-0.0438970777693
0.00942491982367
0.0644127459302
0.0846807650688
0.0789586993103
0.119028889895
-0.0320731216617
-0.00874400600216
0.117449897772
0.0488971622993
0.0590739794586
0.0107613313328
0.103503189288
0.0924241627595
-0.0234360476986
0.0739038541633
-0.0082300396493
-0.0571618102281
0.0641464827204
0.0805618950939
0.118460534202
-0.0380037905949
0.0607720243169
-0.0166828626389
0.0184528414277
0.0118426478283
0.101378330517
0.0761401028853
0.106167560033
0.101325013471
0.103905000053
0.0868248226744
0.0214447757861
0.0767984307212
-0.0248496100767
0.011756762847
0.0329809998848
0.0492000120649
0.0909375651723
0.0415728095742
0.00949156747509
0.0898621038412
0.0166083032575
0.033224198453
-0.0544480361796
0.108564424476
-0.0424616240725
-0.029268714047
0.0264339204934
0.0979671253081
0.0634100643239
-0.035422132997
0.0218026574176
-0.047729443964
0.029318761161
-0.00866501204901
0.0554584213987
0.0116278789452
0.0737507589932
-0.0379206034177
0.0172085205566
0.102004415571
0.0876760489594
0.0872436158564
0.0164190387711
0.0722340352478
-0.086609939985
-0.00232190916925
-0.0812599094792
-0.030973047524
0.0636140366073
0.0330912255568
0.0649286414841
0.0210787918337
0.107970259198
0.0836925417086
0.0501127091995
0.0768715029952
0.100008289485
0.00247541388212
0.0355068846816
0.0391490889612
-0.0400641889842
-0.0435026546598
-0.0299038268617
0.0501256686529
-0.0141651522429
0.0391661498106
-0.013685160799
0.127730834253
0.0243177333723
0.119241990001
-0.0243370925101
0.00622207167552
0.0377846879169
0.0579610375133
0.117477100851
-0.0623288231962
0.0372433992058
0.0284974080462
0.128284545431
0.0105879029792
-0.0137935175475
-0.00120051797245
-0.0132326192062
0.0532758612354
-0.0570559766265
-0.0127320620501
0.0690865322664
-0.0285175301534
0.125902344333
0.130175339269
0.0353561992984
-0.0362164560709
0.0346289336528
0.109062484193
0.0237447741454
0.0553176072906
0.043348150267
0.0776779272722
0.107695629542
0.0103566346772
0.0665890005667
0.137431808895
0.0218912658188
0.0420981169871
0.00941417448022
0.0720304215345
0.130201948033
0.0717606558462
0.0937902615395
0.0258015066306
0.00973821969103
0.0859299109075
0.112409331546
0.0162445236252
0.0998702385401
0.0087807324652
0.0578982653037
-0.0271578421393
0.0531613139676
0.0958914117059
0.0849269330665
0.0854181063114
-0.0230496748743
0.0694467996252
0.022529864625
0.105030482763
0.010481019202
-0.101588320926
0.0164956542522
0.0696673710204
0.13896847737
0.00475480737626
0.00857286201841
0.0511075964823
0.0878073656418
-0.0490235237358
0.0702340730973
0.057048885611
0.0229388718238
0.117094150346
0.104632585478
0.108672605424
0.0374113828272
0.0451941319088
0.0846915471677
0.0195193765117
0.0735023346857
0.00620447173586
0.0886636281805
0.107838017457
0.00187270937892
0.0640857622232
0.0662161341835
0.0941950953817
0.106124720284
0.0206546381803
0.0302869533535
0.0364515550412
-0.0599090841114
0.0661755089829
0.11227883562
0.102539271768
0.0685366760313
0.0492326150662
-0.00508486857443
0.0754351878919
0.0589553168697
0.0796227953286
0.0905672643482
0.0219230583863
-0.00149651093381
0.0792229093903
0.140891808429
0.0637471677521
0.0125634011331
-0.073071659259
-0.0314433689936
0.0495256421974
0.0477150637421
0.117169158066
0.0583795193873
0.0867788831101
0.0175844035799
0.0247869691988
0.0791059507422
0.0860921772916
0.106743920732
0.0399793696139
-0.00644624093295
0.0467691283646
0.044990791009
-0.00129870714735
0.0291207746915
0.0388262058334
-0.00404469056816
0.00446128491714
0.146628427827
0.0214794251495
0.0390371685334
0.0642583265632
0.0527293409662
0.00385957814221
0.0926323152329
0.0500018030087
0.0189690713166
-0.00908923170494
0.0413124800533
0.0115645718838
0.0564898422925
-0.103944935786
0.0857294589452
0.103557448242
-0.00732878850025
0.0814797058626
0.0099663826208
0.0856827380147
-0.00140032449468
0.0759300340245
0.132609092092
0.0413873913917
0.0715875925014
-0.0486098026842
-0.0109363074403
0.018717800319
0.0227841831815
0.0769691573044
0.0125994719301
0.0897518805169
0.00378203204279
0.0803950325765
0.111225219138
0.0712225818898
0.0630021690442
0.0424141196156
0.0629301341462
0.0374871454124
0.0992608397738
0.056690405318
0.0611165096184
0.10876102511
0.130467238703
0.0318928323169
0.043718169215
0.125627077395
0.0175842161686
0.0287116081213
0.122421886652
-0.0313637086199
0.0304512222237
0.0246897364139
0.104080271786
0.0660039170927
0.0387854224889
0.0112522514649
-0.0199534417721
0.0290613863718
0.0832565838532
0.00423084398734
0.0462674591306
-0.0579825650633
0.0651425665791
0.108424453629
-0.0255695966696
-0.00169093354022
0.0451910371596
-0.0223151210342
0.0219879779661
0.0401889492591
0.0122539898039
0.0244407865492
0.00244293207017
-0.00224101101032
0.0324003806099
-0.0136796799318
0.0832146186442
0.04836631776
0.123204479901
0.0437190192967
0.0807175927714
0.0853441549324
0.132932503969
0.0247305064112
0.038322312998
-0.0160216492934
0.0994249791379
0.0764764088323
0.0663594641796
0.0374374860713
0.0919202414669
-0.021239825515
0.110022941979
0.0352619641963
-0.0141367915571
0.0013895652207
0.0246527050007
0.119345677633
-0.0432927870719
0.0549644044733
0.0108917845876
-0.0422187686158
-0.0237538866992
0.00585928958001
0.128847190849
0.0731239301378
0.0296513068328
-0.0136323047533
-0.0120804219271
0.104681154445
0.0230107404848
0.0229126669094
0.0695550016098
0.0421441614174
-0.0666189061403
0.0980819940265
0.0880700460887
0.027295360735
0.0851469472522
0.101922810259
0.103250282851
0.119025727912
0.0514350541631
0.107410602086
-0.0012391112127
0.0616473425888
0.0126779202198
0.100179535241
0.0471850446119
0.129882641725
-0.00151399838225
0.0316752224043
-0.0203425427941
0.11927392392
-0.00486615851182
0.0462892750956
0.0108546342088
0.0658591873157
-0.0204591475706
0.0608467427876
0.118892384538
0.0240718877824
0.097519132938
-0.0665047165285
0.046742920007
0.0134367618132
0.112318228505
0.0949974176603
0.0684049001372
0.0116812610861
0.00482501463817
0.0684730664454
0.0917437410753
0.0205650823947
0.045145921493
-0.000662374279543
0.0326860967156
0.0834375181975
0.0727630029139
0.0422982195652
0.0253887440738
0.0853087341781
-0.049284362668
-0.00900691420877
0.0817441101046
-0.0450373269157
0.022509650234
0.11536789206
-0.11552292342
0.0317088515639
0.0726442179475
-0.0147829407159
0.0996701347002
0.037219108812
0.0966476395677
-0.0412588049748
0.0460298404352
0.106874016548
0.0359527147829
0.00928479165964
0.0759695513645
-0.00665453328789
0.057264851117
-0.0431910777821
0.0494301899331
0.0662366731089
0.0532723005565
0.0433758831222
-0.00110379992344
0.0881754273785
0.104394237936
0.00176054621707
0.098853823431
0.0172734009889
0.0493934167045
0.0465857237403
-0.00881445618355
0.0454463786036
0.0369599199998
0.039093621814
0.0870025331017
0.0306260545456
0.0119360145989
0.022701887549
0.0810868034655
0.0162999716371
0.0263788102121
0.029023543026
0.0420352454243
-0.0793708330316
-0.0680761732307
-0.0665376564221
0.0776588493411
0.0914314221496
0.077421500081
0.0841371938814
-0.0498443534306
0.0257839308842
-0.00709610259325
0.0253846493318
0.0200808472794
-0.0213039386324
0.0181969805569
0.0469088050667
-0.00304509312993
-0.0377715526772
0.114933618762
0.0264892327309
-0.099700380982
0.0111107473332
0.0149968163479
0.0454412940473
0.102866971788
0.0855194100043
0.0221216034254
0.0632545870169
0.0177851671873
-0.139716584112
0.0232217020388
0.0677819411179
0.0444122849736
0.030513716414
0.128541519203
0.0341087320928
0.0320115618204
0.125127616438
0.0734838407725
-0.0201414230602
0.0190927513863
0.099820342339
0.0640850481276
0.0527605730162
0.0774099130971
-0.0318662724412
-0.104743559985
0.00207688873268
0.103786889772
0.0347763739682
0.0536167694546
0.041981054717
0.105972879532
0.0455132604804
0.0339502872797
0.0524749005511
0.0966867833805
-0.0301466579601
0.0252609641456
0.0344370787126
0.0708563038992
-0.097109202923
-0.00251481222375
0.112269296525
-0.0063673008951
0.0510739099422
0.0264827179333
-0.00560302608206
0.0770133917567
0.0068319006528
0.101687720139
0.108408043336
-0.017575137522
0.103830855335
0.0196331131545
0.056744604209
0.0337580550829
0.0727236626713
0.0918201898603
0.0822915987937
0.023378843686
0.0417687119384
0.101972109493
0.0241929429039
0.043060567977
0.0892236457279
0.0638068534574
0.0494028285254
0.085376252734
0.106870512921
-0.0701610036885
0.106020555664
0.0497140244473
0.131351608958
0.0781265372673
0.0607390667284
0.00964265724771
0.076244994308
-0.00068522388473
-0.06485159173
0.0998438297778
-0.0642357574857
0.0650528404487
0.111762697296
0.00598332751879
0.0919828336463
-0.0553790957902
0.0571341670024
0.112892943342
-0.0480265683912
0.0653980452097
0.0259976102361
0.0965481525441
0.0150254833991
-0.0113336141203
0.0118908182179
-0.0630816704563
0.0811933615726
0.122056146806
0.036287114796
0.10966045303
0.0790516532845
0.0612687631458
0.0519839051208
-0.0475425107262
0.0382825361984
0.0218670336963
-0.0390909630122
-0.0466837868198
0.065387906935
0.0683277159463
0.0874085968245
0.0706389065797
0.103362976947
0.0647239510285
0.0460228335261
0.115607887433
0.0121188484207
0.0918645663411
-0.0655304281294
0.0685012403175
0.0442085778437
0.0357618059201
0.016417234196
0.00184737446472
0.132328393351
0.0743865113276
0.0859827979399
0.0581299832606
-0.0633944738407
0.0314441966675
0.0239693398896
0.081034760856
0.0436848049514
0.0250230782
0.0613288437886
0.0347075578977
-0.11496884505
0.0689412518325
0.0782258531887
-0.034462812264
0.0736794201106
0.121501952791
0.0625454911877
0.0970981781912
0.0443610722167
0.090708282611
0.0870173166899
0.102110920685
0.0736306408314
0.00838570474633
-0.023762298613
0.0260048097845
0.11543847809
0.0535448201077
0.0797805343589
0.0866459590198
0.142836178672
0.0326641060054
-0.0414836072701
0.0494704424683
0.0793264369008
2.88218522604e-05
-0.041534590439
-0.131358089978
0.0723074731134
-0.0805085963889
0.0392552609783
0.0420740967426
-0.0805588619577
-0.00820548028441
0.102601896117
0.0166864947065
0.00230354689184
0.0940328783084
0.0306708639265
0.0881471313344
-0.0133969326322
-0.0724416269951
0.0368153355952
0.0972398965137
-0.00141976926336
0.00975225440876
0.000402079709557
0.0836105564367
-0.0420537988377
0.00468255251618
0.00152868748256
0.0861478293788
0.037180663798
0.114645567428
0.0964856007008
0.0605437029918
0.0919638281248
0.0728122178371
-0.0142828091868
0.0821890550225
0.0666155265994
0.0613134033216
0.139756469477
0.0415584515879
-0.0833762518826
0.0342123831609
-0.0532351029648
0.106036481638
0.0928762407437
0.0893192094639
0.0076307097711
0.0524136103792
0.126513508351
0.0626108469356
0.051879398761
0.0256205640751
0.116882063962
-0.0496932599069
0.104735693078
0.0306193201281
0.0519153867386
0.0117153130765
0.0392655266595
0.0473956861498
0.0394007715829
0.0454131185689
0.0701343098402
0.0626580892416
0.0655086423686
0.0159543025695
0.11925158684
0.0482277789708
0.110521724536
0.0170094278382
0.120966690955
0.0702824704031
0.02985481166
-0.0127089350117
-0.0161034315779
0.098488345135
0.0756273087668
-0.000579993948957
0.0235825032857
0.0894607844568
0.125400244525
-0.00925213768438
0.112327619061
-0.0229225673777
-0.0425491177518
0.0429729856764
0.104667600885
0.0446941419077
0.0846828259788
-0.00604476002648
-0.029656747474
-0.0696538711434
-0.00244410376171
0.0921075667901
0.0673356585425
0.00974418540804
0.0617514701344
0.0940085148806
0.0338323214482
0.0942775122329
-0.00282203525258
0.0807629480703
0.0410909168946
0.0643847580373
-0.00741723668304
0.0834143913134
0.0790872421332
-0.0577012495967
-0.0154673078742
0.0174164574005
0.0353355620681
0.0876463043987
0.0305883662608
0.0685926880507
-0.0614252169701
0.0645930597049
0.0658059401301
-0.0239150999517
0.000537725314969
0.0488232475494
-0.0048426610378
0.0876891874191
0.0169922931132
0.0222436542047
0.0502111915207
0.0137888550659
-0.00100324768749
0.136138564054
0.0621898929465
-0.00975904212403
0.0666284340329
-0.0319066988003
0.0126056507791
-0.0309956185396
0.109289483911
0.110959784759
0.11813724169
0.0707959689125
0.0832655400667
0.00193884759511
0.0769424705563
-0.0786666583433
0.0785408072871
-0.0246655065132
0.0967892632247
0.0649157324302
-0.0318455373492
0.0574800721576
0.0674248768665
0.0347187080354
0.0424636629959
0.0564727637946
0.0885383451068
-0.027316483426
0.0709138317552
0.0478315591758
-0.122831521652
0.0936593034825
0.103777698594
0.0740314484111
0.107209732098
0.0820354489725
0.055344630393
0.0456247838574
-0.0172653556316
0.1170028387
0.00976489278572
0.0776212349776
0.0400249376917
-0.0451263197505
0.0485261487339
0.0644838942112
-0.110348657927
0.0963377211202
-0.0848647742452
0.132372790207
0.0864580009149
0.0661028722327
0.00118597788386
0.0550353726662
0.00793650054943
0.0593226771248
0.11801956014
0.0291226699136
0.00437602625445
-0.0672784836185
0.0972733492787
0.0839297438417
0.0706894886788
-0.00637633120618
0.0917507974972
0.0678491375879
0.0986122438013
-0.010866691036
-0.0567725828001
0.0151834946464
-0.0224324654811
0.0286965726294
0.00791895857902
0.111245728284
0.047718036857
0.0862228299748
0.0130681037713
-0.0875998245498
-0.005964760113
0.0679694945132
0.0722580350248
0.0240845273888
-0.00739089766945
0.0809111254963
0.0560390273959
0.029407913577
-0.016265651492
0.0725134322356
0.0193742310471
-0.036771109489
0.0774501174068
-0.0851069736345
0.00862159677214
-0.00542588919334
0.0879824853875
0.0467810987621
0.119452900785
0.0256583351697
0.0744122986736
0.0559727620499
-0.0173728664818
0.0998940145199
0.0894063113359
-0.0980747329805
0.0420540569305
0.116360715155
0.0991343017379
0.0732016245885
-0.0581935142763
0.065210449398
0.071827346396
0.104849629539
0.0417361959209
-0.00739540438962
0.0650072770638
0.0281225861777
0.0949770389492
-0.102369305527
0.0510263051041
0.0241942627199
0.124769540072
-0.087476740726
0.0920655544119
-0.000714295644115
0.134980984219
0.0157781272488
0.122787148223
0.0280914751667
0.0769362379336
-0.0285384921712
0.0668106432495
0.0383358812255
-0.0595749404108
0.0620777541959
0.109619952786
0.0650147084013
-0.0249229160321
-0.0647456089746
0.0627965232912
0.116860622255
0.0575370231639
-0.0110738592369
0.039965231487
-0.00158662003743
0.073490350588
0.110769069647
0.114818380484
0.0403182049057
0.0979094423439
0.0549209253465
0.0466900406919
0.000377666084086
0.0786092431029
0.0151400596484
0.050879330958
0.0792634646025
0.0221217683744
0.045876607611
0.120399226882
0.085344523919
0.0386651043471
0.0968507852394
-0.0137546096213
0.116450484269
0.0625540746562
0.108393218627
0.0203911806853
0.0992168687779
0.0371670855456
0.100385848061
0.0852071171634
0.120189535986
0.0247620868618
0.0645096050631
-0.00657421159884
0.0193819766493
0.0262399024453
-0.00522195137055
0.015866963982
0.0374915785046
0.0020951391145
-0.0440261034093
0.0831465705049
0.00380784448825
0.0600063545025
-0.00975912363035
0.0958715541609
0.0825556627854
-0.043820418528
-0.0163837869428
-0.0322002256162
-0.0467726543227
0.128324957969
0.137360545274
0.033378267717
0.032471503091
-0.0237772345806
0.090593307318
0.0919997198483
0.0191633716042
0.0310385848978
0.0780913885156
0.0102315567239
0.0815244073434
-0.0454429692798
0.0455127711531
-0.0948029861705
0.0714509747559
0.0435561654638
0.0602845168124
0.0111982129321
0.0435343032351
0.0563609309908
0.0714947976135
0.0637598081111
-0.0523529316975
0.0723557213682
0.0182095520863
0.103292723897
0.114067647867
0.0653132999194
0.0189023071159
0.0500606108596
0.119051166259
0.0714993040996
0.0223128289402
-0.0539198083017
0.0559178648692
0.0628056649405
0.0632245000417
0.0346242136997
0.0203611722899
-0.0493394595965
0.0406243326046
0.00802476889559
0.0659861222824
0.0772185255326
0.103863121908
0.0407775780032
0.0423192901843
0.134105107174
-0.041740641545
0.0786109265
-0.0392480482775
0.0051407204337
0.0539213542426
0.0129979003401
0.0555611654832
0.0627739791329
0.114969717579
-0.0214837569917
0.0337484486756
-0.00414362169706
-9.13980249075e-05
0.094588062179
0.076431372374
0.024306177293
0.0776684426192
0.0937987572633
0.0197577049012
-0.016208192661
0.124136771115
0.0732989241878
-0.0375704470861
0.0174870066722
0.103560084292
0.000686473875136
0.0282985153269
0.0273675788636
-0.00136231680344
0.0845559531138
0.0852977077998
0.0477028826505
0.0395887503579
0.111219207661
0.0640176600565
0.0301242829582
0.0927317358552
0.0293667949751
0.0832731443513
0.0638501925394
0.104335707839
0.0282626187568
0.00606469098152
0.0896717749632
0.00010240254847
0.0496174761024
0.0054834870751
0.0229597016809
0.0846462898231
-0.00394202930614
-0.0341752586267
0.0931169083493
-0.0150817373246
0.0774025521039
0.0200094664334
0.103667120288
0.0614096066412
0.0437251580882
0.13009035302
-0.0185480041171
0.0415780688765
0.0623693336232
0.00960814245487
0.108231301683
0.0124299245917
0.0416317678393
-0.0152469585281
0.0536655234736
0.0782511898846
0.142722718448
0.0487854801628
0.00382580801982
0.080047306634
-0.00322561476013
0.0589569197142
0.112835957923
0.0534971411671
0.0307717223387
0.0959420747256
0.0863249126204
-0.00532029932502
0.0506835080112
0.0630438494961
0.121639026027
0.0892894650659
0.0306954527027
-0.0434750225062
0.116448816084
0.0266596606252
0.00182651594886
0.0632378575071
0.0923504325619
0.0385190683597
0.0560194063972
0.123572633349
0.022176505787
-0.0553984680806
-0.00963002972675
0.0234344718509
0.0550564287042
0.114954891606
0.0830970424045
0.0660969590383
0.0619970067673
0.13286190354
0.1158299122
0.0372138609784
0.0927901008233
0.00120790757365
0.0464498227874
0.0327368147148
0.0250431958979
0.0186523361721
0.10466633186
0.111394400962
0.0735065000203
0.0297961582004
0.0378479770261
-0.0452442888392
-0.105208304867
0.133564777008
-0.0499996483895
0.0160712345077
0.114656541678
-0.0206621574662
0.0396877545223
0.0243748361413
0.141538322652
0.0367918382606
0.0447430396539
0.0306745564427
0.03981863223
-0.0760489025168
-0.0210340133299
0.140986899678
0.00417557864278
0.117937664325
0.0464479737349
0.0789579685415
0.00301430478233
0.0646892000625
0.0179613020137
0.114015533237
0.0548727439977
-0.0112862119187
0.0104774753669
0.0457005480946
0.0633437793827
0.0555194703889
0.027082425725
-0.0561123862616
0.046903433446
-0.033059602052
0.0968775569132
0.0766153387506
0.0167682800606
0.0590299282769
0.0395493156498
0.00707956136017
0.100040806673
0.0926158341629
-0.0282560046327
0.0344682513422
0.0101201343504
0.0103641036175
0.108756874771
-0.0272626433826
0.0794735167951
0.113758907183
0.0968118286951
0.0378837616541
-0.0110222937575
0.0357890371938
-0.0368695540625
0.104557205122
0.10806649726
0.0631293310462
0.0322564096179
-0.00593103657197
-0.00288191526768
0.0584333030461
0.0263342828535
-0.0172084165295
0.0923915281118
0.138618676041
0.100619276227
0.0676961480988
0.0858925208695
0.0971267009267
0.107925366094
0.0460831277624
0.0981633596408
0.0203416557492
0.0428800914095
-0.0943975323083
0.099496573986
-0.0948317035809
0.14084059955
0.0749243674925
-0.0355202654415
0.0491089261423
0.0932966700705
0.0286071723935
0.110514377319
0.090771498231
0.0029872454339
0.0122392690662
0.0717045351943
0.0641646769306
0.00706964546118
0.085839906742
0.0327936189883
0.0137202528615
0.0402867857396
0.00266922879525
0.124117048604
0.0895858528809
0.0507627192354
0.0633123767077
0.0697979655459
0.0849943423497
-0.0388284867335
0.0152162521362
-0.0625052492629
0.131000423715
-0.00465959378736
0.0842261051758
0.0707216401352
0.040802462155
0.124434482781
0.020921621495
0.0313437176137
0.0505750676118
0.087593882836
-0.0525757672363
0.1031909629
0.00540030804816
0.09893448309
0.0507277236084
0.0676844929313
-0.0507255194937
0.0925597400512
0.0287014390699
0.0191936431594
0.0377301708828
-0.0299350222101
0.0994120297772
0.126226214559
0.0254791714926
0.0920368277236
0.0652570167217
0.0202660729916
0.134927370635
-0.0159411537448
0.0841339369378
-0.0208559835295
-0.0457434418817
0.0619334706619
0.0404725152832
0.11209474303
0.0680491881482
0.0581599446855
0.065856373093
0.0861544890432
0.0438201722134
0.116539546114
-0.0128368584081
0.0217271312984
-0.0537453722992
0.123311632324
0.0583912392991
0.0307367261484
0.0416800784728
0.0504088397144
0.0337274345103
0.0603935992056
0.0039015704469
0.118187411414
0.0122190911486
0.00972706385112
0.105437516212
-0.01261623612
-0.0870980821025
0.128180915591
0.0602164348894
0.0553109254092
0.0581445081977
0.0545467247153
-0.149543808025
0.050461405681
-0.0613930021521
0.0686071673512
0.0560686920988
-0.0365303000502
0.0906028522186
0.0947099515795
-0.0985570486427
0.0471896737859
0.0412035059687
0.0826307414144
0.130314801538
0.0151408404328
-0.0641397449263
-0.0227795037876
0.0467042092075
-0.02878411597
0.0199203082771
0.105959830956
0.0550678674886
-0.0764301585556
0.108481595192
0.0255010325837
0.0873103863193
0.127187234364
0.0155030262411
0.0103134954654
0.0423493470804
0.0570743162102
0.00942185462736
-0.0134704554991
-0.014448286999
0.0292025912726
0.0684232289638
0.0830427462004
0.00588223500353
-0.0492650723715
-0.0942413497955
0.0297475082537
0.103353381935
0.0623221250247
0.000912331489554
0.11614572076
0.0998700791945
0.0397215900599
0.120519603781
0.110780864666
0.0128406983228
0.0534483189633
0.0226946796933
0.0272281989001
0.0569716474516
-0.00416417648864
0.0315738560724
0.110400486855
0.11382799506
0.0492664410361
0.0464761029217
0.0969307010865
0.000885947068171
0.0343216952326
0.118152793874
0.0350820365268
0.0540741318569
0.0793771349673
0.0595619698592
-0.00398013972072
0.0854352677281
0.101352143427
0.00516451614043
0.0061752331073
-0.0365504462403
-0.0109414265326
0.0934744930895
0.00196206545743
0.086222138789
0.0686764490301
0.0384248132316
-0.175453200498
0.12791731293
-0.0575234847486
-0.021641243555
0.103117405073
0.1054201224
0.0672640860223
-0.0290514884337
0.096690635272
0.00438680585569
-0.00993443759195
0.00206488796424
0.119912721591
0.0427412457881
0.0857387455158
-0.0106869942851
0.122539773163
-0.0620260049496
0.116101622324
0.0741400323213
0.041866087024
0.0309868727731
0.0778871718046
0.0674356724908
0.0310382950418
0.0622274223026
0.00295826909115
0.0141933776623
0.0701453451992
0.0507889367099
0.0977912646431
0.00275077319779
0.0329731645132
-0.00365824992291
0.0734372888085
0.0125089912067
-0.0390850097759
0.0183358474684
0.0607375529263
0.0607106039932
0.117588733095
0.0982742348434
0.0148304895055
0.0133597114592
0.0217269894106
0.00882783536707
-0.0179232134953
0.0278800009912
0.0562221768804
0.0877771474395
0.0909910048435
-0.0944517894232
0.0141660410633
0.0253230590305
0.0917418451508
-0.0276164624981
0.115539139162
0.00918624404451
-0.00886980011659
0.117625927892
0.0851800370853
0.0422211867576
0.0279596437473
0.00482021529651
0.051334743532
0.106714892009
0.0523760963567
-0.00780424422366
0.030742735698
0.125028564491
-0.00500439851974
0.00614118017229
0.0630683376218
-0.0713989921546
0.0462669451656
0.113807018928
-0.0727727419695
-0.00960597681859
0.0615726534619
0.0555744618176
-0.00978839728907
-0.0244991871078
0.102386209253
0.0675992038908
0.0510662867949
0.0584010691783
-0.0277826598915
-0.0154284042788
-0.00954431872291
0.00566910202715
-0.037649446223
0.0373639061768
0.120798591247
-0.0363042987725
0.0756449780904
0.0867690427095
0.129300976093
0.0252632813212
0.00602538264593
0.0459559657866
0.104683086374
0.108121850855
0.0125781616295
0.0329241172019
0.0364114532503
0.00497945706561
0.0612166765082
0.0459453726239
0.0334146161447
0.0718793814554
0.0107539993876
0.104111435112
0.0193558203948
-0.00563370474052
-0.0630476019513
0.0579765088558
-0.0232875255568
0.0136147014966
0.00363742724395
-0.0116083022956
0.123403429733
0.00495447511417
-0.00671503540471
0.0827778644036
0.122263809809
-0.0442601977204
0.0505860290941
0.0816911286967
0.0435544693472
0.0683451451029
0.00158616848293
0.0524491897235
0.000712063434751
0.0911680221329
0.0529119567951
0.061321497537
0.125157175378
-0.0890035236783
0.089185048256
0.0526865353771
-0.0939196861836
0.101394282086
0.0858317962448
0.0124259497924
-0.0792286673571
0.0474855958469
0.0557865403839
0.047700476081
0.0463758156571
-0.0518516238489
0.0336908991584
0.0689190176798
0.0199609088276
0.0440792139914
-0.0124815764138
0.0708743703247
0.0840438842629
0.110404419601
0.00816935537629
-0.103834009211
0.097205862599
0.0622185573494
0.0935296921294
0.072997489833
0.00923074594563
-0.0312614107615
0.0962146835618
0.116333821486
0.0614080879846
-0.00213902022947
0.0476551261469
-0.116686451328
0.00528794542483
0.13052203639
0.0404930270251
0.125143884333
0.0227748650379
-0.0580721890706
-0.0482429972715
0.0510018125492
-0.0825109149296
-0.0421590504025
0.0412160150638
0.0552984525657
-0.0209491684806
0.135003383318
0.0199097736927
-0.0232685680176
0.0260346300217
0.0455646566828
0.0479184355437
0.0451474304567
0.0335007883321
0.121620072477
0.085142527361
0.0258956717285
0.0775016694529
0.0574114021005
0.0175544583934
0.0352180237069
0.0889517980086
0.0115373517171
0.0501849564728
0.0341451559197
0.0330593805533
0.0320838854114
0.107641779621
0.124320345176
0.0216501603967
0.058771779073
0.125428475684
0.0344115566693
0.13939558736
-0.0306743505837
0.0662660209973
-0.00856550352897
0.100098417243
0.0970183504205
0.0795786144935
0.0309019535544
0.0419567082745
-0.0843956621126
0.0777077222975
-0.0203225392668
0.0100725233013
0.0875310460355
0.0285987238604
-0.0518044999912
0.0215654712754
0.0193616661537
0.111382759152
-0.0386222597844
0.0177057536678
0.108330982827
0.0573055049482
0.0894848749243
0.0125503010291
0.102908081854
0.0893851452502
0.0830900845502
0.100247455329
0.0551986878453
0.06855552011
-0.051831286672
0.0885834009887
0.108749579894
0.0793046766034
0.0610917620308
0.00912680685718
0.0966665951957
-0.00454905955582
0.0458166437992
-0.0205826891109
0.0542132129409
0.0106964564992
0.101763307009
0.0885097229598
0.0188548328027
0.065196639267
0.060120543305
0.0269791408269
0.0777303248965
-0.0351810698033
0.0744985477571
0.0531992575176
0.0826353575095
0.0824383589607
0.085648875396
0.100907100126
0.0243636712898
-0.0290833350235
0.0394224191539
0.0772940077187
-0.0482652651244
-0.0635735416228
0.00720559243454
0.00338912238793
0.105562002042
0.137522463272
0.019459122121
0.0863738475907
0.11912153054
0.0192670744806
0.0649353472328
0.109903201155
0.0486771275142
0.0827392293422
0.11120423809
0.0279345147502
0.0174921623004
-0.031923831232
0.0535057474479
0.029293135749
-0.0541627227589
0.0873975163308
0.000369897529804
0.0990928670596
0.0596756580265
0.052408130227
-0.0225792629896
0.0275607421313
0.111921971133
0.0150355428086
-0.000757408750941
0.102058338693
0.0260942567595
-0.00475145512409
0.0788021356724
0.12413556065
-0.00401856888459
-0.0266293612391
-0.0415064425432
0.0147636469023
0.0223639726648
0.0653806848519
0.0527372299397
0.0348958393852
0.0245831184592
0.0417345266771
0.0136440079263
-0.0492256634793
0.0383382014587
-0.00055237746252
0.0131969217327
0.0376735963554
0.0193411844619
0.0418634230177
0.0774694708757
0.0452922060764
0.0280396517237
0.103486929916
0.0371010990793
0.0698144833547
0.106269674132
-0.0265819518382
0.0883267268289
0.00806551679259
0.0802674318599
0.0747135430031
0.0611365317388
0.0175443741548
0.0925568528592
0.00200571417872
-0.0410915618081
0.0961649773591
0.0847043630405
0.0491713324886
0.00242568908509
0.032382677088
0.0937157460724
-0.0143805476408
0.0391480569158
0.0218326588323
0.00532527926557
0.0284121064747
0.0185257140199
0.00220597391673
0.0600336365381
-0.0209886648165
-0.0468965945274
0.0311256900028
0.0293125214027
0.0628573617597
0.10916862984
0.0793505872738
-0.0164675593211
0.0828445926125
-0.0186927762471
-0.00722408494165
-0.0209882659544
0.122961256699
0.0278099553011
-0.0187041531738
0.0316243453205
0.0129311947295
0.0108478871431
0.109293126977
0.0569472853569
0.0436584381693
0.133359393423
-0.0387260659254
0.103111299361
0.0749298544493
-0.0557923296791
0.0783223140953
0.0238939826195
0.0184446151507
0.0646204124111
-0.0182482489931
-0.0345604579171
0.0730252239619
0.0597794202904
0.0973402924896
0.00842047696233
0.0902352316534
-0.0348861197037
0.0822871393348
0.0479545455111
0.0578091444064
0.0774448780304
0.0605188840091
0.0123870873479
0.01195439509
0.121362099345
0.0157841906113
-0.00630807646577
0.0659580104232
0.111593646624
0.00286815859736
0.102030643567
-0.000393224264131
0.113849232106
0.124918896837
0.0871051582376
0.105212540997
0.0621299983933
0.0261955657202
-0.0135453665318
0.0871553432792
0.033694692264
0.016871393493
0.0530175942818
-0.0889274899246
0.122008770198
0.0922911477664
0.00877983597735
0.0888654227674
-0.0396242243932
0.0355544962216
0.0303810771481
0.129458586976
0.0250050251093
0.0871185049718
-0.00954076364789
0.0462982507924
0.132432468726
0.0200812021667
-0.00348797162329
0.0226663012396
-0.0195069948381
0.0642404212106
0.108306406226
0.0479745403625
0.0594014636817
0.0110226427914
0.0192626292003
0.0281785699659
0.0522831289695
0.0300557713143
-0.023608155
0.119161583907
0.00618870311751
0.0703539683166
0.0434121503528
0.0556337397833
0.0719934628111
0.0265224604752
0.117615503659
0.10217637655
0.0493233304787
-0.0014392934791
0.0190089588663
0.0326863288461
0.0735757240411
0.0840244453572
0.0541590617062
-0.00632176013277
0.0730533507749
0.0354485001011
0.0233373852336
0.0818886984494
0.025160654445
0.0947756740869
0.0818674163009
0.0099252367844
-0.0213634304826
0.00209611677044
0.00418910190648
0.137010265285
0.0477587079811
0.112037318668
0.116413787077
0.118864890505
0.0715710552504
0.0587796049577
0.0458359041329
0.114244948019
0.1309824009
0.0793221718502
0.109303591462
-0.0202974646521
0.0711021354983
0.0661542400109
0.022404800222
0.0237348902475
-0.0209539456347
0.115718619836
0.065667087129
0.0453733167468
-0.0306451598677
0.0659347386695
0.071523844006
-0.0205763079694
0.0451010787404
0.0741987305035
-0.0592967583827
0.0882436830713
0.0715759033723
0.0588655091428
-0.00805357433629
0.114356896803
0.0173716055905
0.0654429027412
0.0852468552472
0.0222121827278
0.0792299840346
0.00819629939989
0.111523256953
0.0474971073837
0.103508652034
0.0811911805967
0.0892710062866
0.0607699998316
-0.0104571408178
0.0664095919277
0.0711677372571
0.0693031415752
0.0454056585422
0.00462628351528
-0.104597982878
0.117618711315
0.00299587098985
-0.137386883367
0.0793576100396
0.0441758177393
0.050076139305
0.0320586538378
0.075608674368
0.0651538764036
-0.0204651620438
-0.0178848872057
0.0430710780717
0.0226476155612
0.0841832314857
-0.0425116828838
0.0113723004774
0.0445877721568
-0.0119520006461
0.0519963095412
0.000239278580001
0.0926554628862
0.081037925121
0.0756250209151
0.0512452754883
0.106341178207
0.103121956521
-0.0427591866156
-0.0205465389327
0.104144820721
0.0705193633118
0.0261875241004
0.0115665556296
0.0732110076756
0.0711293883178
0.00568987659663
-0.0438165730138
0.0574323180821
0.12686784393
0.0850456275614
0.0157920022986
0.039254115907
0.0474977194056
-0.00483832339888
0.0631615102435
0.0930022715621
0.0946370362245
-0.05891782616
0.110086134205
0.100925962025
0.0655135668779
0.126159380074
-0.0262047390165
0.0314416681368
0.051944748714
0.0878955984915
0.0399942037965
0.113950407247
-0.0153913170741
0.0314399951529
0.0985948401006
-0.0266306965219
-0.00596136128265
-0.0620930280872
0.0868303580318
-0.00631583051504
-0.0269911763092
0.0440988495998
0.0444198207312
0.0388178125078
0.0102986780658
0.025304311463
0.116460953009
0.131941351688
0.0488902007999
-0.0868087343267
0.0300690959047
0.0754632970173
0.10687903811
0.0361252855558
0.0133409687318
0.0429984630756
-0.0156209885775
-0.0209467067064
-0.0031651597659
0.0502661088823
0.012267987703
0.044599353559
0.117720091489
0.0511001348531
0.086821565006
0.000910756783545
0.0304284114596
0.06216887572
0.0939183963031
0.0868383140745
0.0653384225287
0.0343272842245
0.106315395657
0.04006969152
0.0590063087203
0.115720711452
-0.013663146291
0.0297949441091
0.0738312753464
0.0483160805548
0.0776290770086
0.00402522845112
0.00304258954586
0.0269200634564
0.122849151615
-0.0298499124466
-0.0112024228278
0.103137895447
0.10641115458
0.00264143623605
-0.00236924695979
0.0922434934205
0.0696055982989
0.0925299144158
0.023663784538
0.0562619454061
0.108442802666
0.0355496077268
0.0159033950239
0.0134195037051
0.134570897689
-0.0380783610998
0.0339835090971
-0.05084310628
0.085569347294
0.0245194530407
-0.0270992716451
0.107708219551
0.0616608436786
0.0362952200775
-0.122686938468
-0.00554085926006
0.00427754518083
0.0766030883287
-0.043309401315
0.0300953599055
0.100510477922
-0.0654234870864
0.0468564425528
0.0227872536167
0.0815105324624
0.0409773955337
0.0280530684492
0.0427946647165
0.099746966583
0.00926139021298
0.0790043057581
0.0334932482219
0.0620987608757
0.0611877326173
-0.0111139092397
-0.00152994822712
0.0503464338073
0.0944657335795
-0.044288249018
0.0311208065739
0.0192756264388
0.000238272742303
-0.0196637659663
0.049060696712
-0.0753194005801
-0.000428290198813
0.0959806253293
0.0737277676378
-0.0177100079273
-0.00968738284734
0.0590076878657
0.0345794580976
0.0480140421708
0.0686300080186
0.086954486391
0.105204172829
0.065712377086
0.0969409290423
0.0890032661429
-0.0650816783812
0.0543032120659
0.143347526736
-0.00313064104143
0.0797555306411
0.131200487337
0.0649475879689
0.0702534615164
0.108894106244
0.013388939719
0.0824678539038
0.0526707837373
-0.0327206798721
0.00824565044963
0.116158522035
0.0779815334621
0.102698672779
-0.0169375455705
0.128292822242
-0.0156259605039
0.0772033387263
0.0463083588796
0.0259771360219
0.0236484215071
0.074613600542
-0.0330080398094
0.0264054543012
0.0220170020671
0.0955029117328
0.0720034548416
0.0100026836666
0.0507948444599
0.0326463995836
0.0849832026352
0.0600584184247
-0.0143211049332
0.120341434962
0.0662245080321
0.0168853256908
-0.0204595870576
-0.0281506761827
0.0139282701697
0.0485400177538
-0.0118267781116
-0.0183621097515
0.0420769494634
0.0724821099582
0.0254760918852
-0.0138570077023
0.0385028745145
0.119226015294
0.0227538532554
0.0598978240745
0.100143044417
0.0915791437162
0.0735817681576
0.00394222463813
-0.0186726291675
0.0941651393462
0.102353881877
0.0328387519361
0.0711340658974
0.0519193035273
-0.00479907142749
0.100956155112
0.00230174246356
0.101321852434
0.116377731233
0.0263966169855
-0.067578921206
-0.00645666106005
-0.00134002373558
0.0803027075886
0.0605281649814
0.133277668855
0.109512262598
0.0258656182031
0.00757672255107
0.0409308501238
0.12357158456
0.0632706576044
0.0212206751413
0.0705414626843
0.043671615922
0.0921920667983
0.0638139421538
0.00792626474824
0.0101395248091
0.0472079378394
0.0603605791452
0.00912855088308
-0.000941232962123
0.0368773849558
0.0796595227272
0.02535850084
0.0904003874147
0.0894966580981
0.104947527335
0.0874158908619
-0.0255314951377
0.112692199051
0.0890874527466
0.0693602355624
0.03489319136
0.110630552535
0.0892758210455
-0.044077143675
0.10163152127
0.0258518149787
0.135458495696
0.0694721549383
0.0838834383319
-0.00923711426243
0.0949205247605
0.0843074071958
0.0595722182036
0.076017258725
0.114381563359
0.0609216332659
0.0435393665696
0.109009019928
0.00506220884144
-0.067221213284
0.0370313613824
0.0296151630619
0.129067414287
0.0977789599814
0.126724301861
0.0517030319914
0.0601351438179
0.0355569357789
-0.0243208328588
0.0661070657283
-0.00190224029636
0.131464555709
-0.036874991773
0.0385259889724
0.0783615940189
0.105734903206
0.0682666628576
0.0354516918603
0.104144871105
0.0132308726099
0.11461087687
0.0938334223429
-0.10042449681
0.0947195611919
0.0465278853718
0.077464955375
0.085866749534
0.120837867573
-0.053419049479
0.0979728529639
-0.00155078766729
0.021637151072
0.0671070525237
0.0222000915437
-0.0831124576826
0.0632803185334
0.100289221405
0.0262519296328
0.125659947805
0.0389974135058
0.0723229473876
0.098507669727
0.076773704954
0.100785576281
0.0624451857767
0.119081914473
0.0127988598878
0.084635609665
-0.0133114036116
0.10288215824
0.0836065808389
0.0541024655939
0.0766812713157
0.0819302375251
-0.0122474775376
0.0752316899908
0.0954244584883
0.0308445955904
0.0332727525234
0.0382470552698
0.0408050337317
0.0718875082135
0.0931834450713
0.0841249574979
0.0405527212694
0.0703749067173
-0.0359084875182
0.00235838834751
0.0802125854042
0.109727659204
0.122132335836
0.0228178349657
0.0661392974523
0.00763096622085
-0.118940732728
0.11461256072
-0.00244797951435
-0.0839373659112
-0.0246130430221
0.0305119609905
-0.0144900877326
0.0642521718447
0.0304364332416
0.0521674798165
0.0360744518603
-0.00531252556368
0.0859175551184
0.0732850304068
0.0303683558281
0.114954290738
0.0683576598752
0.077327935854
0.0345024299766
0.102599621252
0.0906264372055
0.0334342076283
0.0619655822956
0.068287547439
0.0582990179082
-0.0291520996045
0.0542836630765
0.114448054059
0.0223524753744
-0.0563913344108
0.0535033037003
-0.00847039178604
0.000170924546793
0.0699033904212
0.115905177375
0.070706321654
0.0861001433012
0.0754717877268
-0.0153352601631
-0.0419168902422
0.103122074679
-0.0264693827724
0.0290643735252
0.00760530776991
0.0544857322521
0.0744821253684
0.0350849535476
0.0185702121847
0.021958688651
0.059393980193
0.0941162831039
0.0471708763498
0.0503123119936
0.0222540743847
0.0648113961666
0.0376255839412
0.0547208935884
0.136652890975
-0.0294025280264
0.0667810385069
0.0209574467848
0.0489865501586
0.137824126103
0.0520517694722
0.0415730840314
0.128648609224
-0.0609776283445
-0.0115339205668
0.098311835877
0.0742882989468
0.0837978102724
0.109451517913
0.0512451956656
0.0711733709238
0.0706013296915
-0.0099782938259
0.107461272489
0.0598048455052
0.118062749053
0.0501296720025
0.0161211069444
0.0399947109986
0.0404708944687
-0.0681254488573
0.0414674900852
0.125647473409
0.0291951291258
0.0281416760108
-0.0302579992425
0.0453491310718
-0.0129494314775
0.112274954414
0.0177997325169
0.0255027970828
-0.0124825838925
0.0686709105855
0.11703888565
-0.0113092349669
0.101643152819
0.0291833974593
0.0374074135629
0.087293901372
0.0295263607124
0.0896497106618
0.102921122867
0.0587161709931
0.00107457960003
0.0323501500698
0.111024761219
0.087551802331
0.0167291509211
0.0446400620638
0.025304949351
0.0590226103892
0.0263188898419
0.0250081699559
0.0217834956136
0.104632319384
0.0310366327233
0.0714893707079
-0.00455260352148
0.0385213745112
0.0716118106446
0.0235787874909
0.0204682505845
0.106165257266
0.0081550005596
-0.0459866798475
0.0649885891129
0.0377845786466
-0.0209831051413
0.0358814180565
0.0116392697164
0.0233725219961
0.0377669863174
0.110112908711
-0.00923147208252
0.0232927691251
-0.0376317795776
0.0360631625369
0.115860612152
0.125107079629
0.032244759257
0.0626754995276
0.00804723019833
0.056913186674
0.0382899106527
-0.0074363500415
0.0109813009145
-0.0880092984567
0.0578482824065
0.118007449082
0.123409583831
0.0572779514439
0.0692922061861
0.0652248476275
-0.044003922914
0.0384434559395
-0.0177614488193
-0.0277454093882
-0.03686684364
-0.0311645566369
-0.00184549162971
0.110999658348
0.095630179087
-0.0035251468701
0.0230742935162
-0.00683626477905
0.116152894857
0.1202594808
0.025510881921
0.0301883900248
0.0270647651029
0.115876935261
0.116228650218
0.0607130778336
0.110265100018
0.0185530677946
0.051218241362
0.0879355414854
0.0447844049966
0.0552018772184
0.00566367585287
0.0922385420085
0.0302265355769
0.106928155687
0.0357261045667
0.0132105160567
0.0572287780396
0.10262424458
-0.109007748704
0.0160730788023
-0.0482249988454
-0.074892395884
0.0381177266606
0.0716883930664
0.0706657106175
0.0851290306271
0.0834467870556
0.0676807426123
0.0201297560059
0.0316048689532
0.00909360240607
0.0473782796188
0.0316812350675
0.0673278480379
0.0342638680647
0.00619453489828
0.015070159727
0.0590814752864
0.0420355208148
0.0207620357428
0.0421944656033
0.04372875827
-0.0672680290946
0.0663994462501
0.0481698951231
0.0434831915469
0.0381215687606
-0.00822516437503
0.0944393706172
0.11834415737
0.118257951612
0.0527108979679
0.0655447484274
0.101390888979
-0.0315748475376
0.0593568417583
0.0877864773515
0.141275452852
0.0502604965046
0.0442216699719
-0.0408938365233
0.0394369193594
0.00926038033976
0.0535112195747
0.108894245506
-0.0234808046353
0.00509441816805
0.0749335492094
0.0984292766672
0.0471785697714
0.00208480130564
0.0393454253457
0.0389687986527
0.0272685450429
-0.0544201194855
0.127015665856
0.110067059402
-0.0203819281607
0.0617606551401
-0.0159620162134
0.0357811112907
0.0224228602704
0.118227651669
0.0258254821903
0.0214673254581
0.0855122976621
0.053233565978
0.0248041268851
0.0622482486931
0.0839086139835
-0.0932209352646
0.0785408730992
-0.108745400163
-0.149897371195
0.0411598309994
0.0101762266356
0.0337838404949
0.030787495624
0.0697853922872
0.024744187753
0.0226379968898
-0.0107138734086
0.0759484782364
0.127549091499
0.0560427691577
-0.0515491341966
-0.0136934797895
0.0852165808683
0.04646087793
0.0895096095522
0.061224490991
0.00376536113461
0.0656276521692
0.0744475705304
0.0499837506985
0.0337599313891
0.0894089566668
0.0939071844665
0.0440076329161
0.109124482492
0.0395429308077
0.0946123401158
0.0740756583609
0.000680839370792
-0.0238232343271
0.0750350704725
0.0209873476051
0.0626795361572
0.00142837165911
0.103345842858
-0.0654481811028
0.0392713360169
0.0774747656595
0.011931986627
0.128272692708
0.108753527944
0.051709711334
0.05408530103
0.0629457920289
0.00801336395205
0.0814673269329
0.11946473748
0.10593696108
0.107559594914
-0.0319413441516
0.0482328817084
0.0905041410625
0.045475797637
0.0539454686093
-0.00776586992609
0.0622134106462
0.0188124534557
0.060138871158
0.111761201244
0.0939958020846
-0.0132710515085
0.0516164051556
0.0435773875648
0.0963109105634
0.0582465485261
0.091855148753
0.0780661755742
0.0683802411915
0.0785801348841
-0.0862560512011
0.0735781165852
-0.0370933514211
0.048894229149
0.00384277141609
0.00252720459337
0.0989472176168
0.0979347715997
0.0390670330264
0.0931948287056
0.0402575669249
0.112739612299
0.0696625795482
0.0732052443532
0.0748599669079
0.101348156281
0.03010820006
0.117211145646
-0.0171916182842
0.00517265547058
-0.0274184769383
0.121602032556
0.0650969104502
0.015314756405
-0.00804615848621
0.0607507140316
0.116849085284
-0.0736334440166
-0.0125532845498
0.0148200286594
0.0453118176263
0.0935149378222
0.065716745364
0.0189205273482
-0.0241458108012
-0.0188777603886
0.010268999699
0.0294315257545
-0.0407189316634
0.0589039875559
0.139727697591
0.0155731632513
0.0661909139631
0.0251147416043
0.0682759432859
0.0261056476261
0.089176926744
0.0463148771398
0.0750242283132
0.117066746142
0.0127806070327
0.0937750344929
0.0594601961789
0.121825788597
0.143685213374
0.0126538585606
0.0087739589041
0.0424200090424
-0.0199852962426
0.0229007345578
0.0196225701972
0.0172986888615
-0.0106698505767
-0.00540422722476
0.0928643501441
-0.0426089562
0.00463148583334
0.0622037664135
0.0109217540647
-0.00558291604216
0.0618419864641
-0.00177729479447
0.0159020665003
-0.0028958284664
-0.00123425243942
0.0247322170791
0.0296007900021
0.133591943151
0.0159280463894
0.0533928118526
0.0912666723491
0.100616458631
0.00371769335476
0.034893829433
0.105941676695
0.0610938312768
0.0744512011332
0.0188270770399
-0.0362993344315
-0.000199932366527
0.0021213103124
0.107583387152
0.0551402271315
0.04576647864
0.0806798976148
-0.0121523633703
0.109491798259
0.123700986164
0.0489455066054
0.0809141624658
0.0965550167696
0.0844661674656
-0.124421538832
0.0463102160227
0.0186112067925
0.0424746495769
0.123501563758
0.0618614238406
-0.0325236720624
0.0452204613315
0.109995420808
0.0512239213199
0.0643288996812
-0.133361578594
-0.0583732419775
0.0555745566868
0.0196988319936
0.102600946446
0.0583321618231
0.0901432602841
0.0838888238805
0.102941964678
-0.0597211056935
-0.00439184657352
0.0658367611518
0.0554829499309
0.0914248615132
0.0529929228983
-0.0684727449097
0.0345439696501
0.061560659993
0.128588350056
0.0527828123289
-0.00503643998633
0.125396645885
0.0708637761493
0.0232001882392
0.00181701498167
0.122227629708
-0.0257288106226
0.115723888567
0.0973666576368
0.018341557548
-0.0111522582582
0.0269637286482
0.0235085201062
-0.0764376844502
0.0599488405478
0.0391361555768
0.0891037293689
0.0135034957267
0.122608731918
-0.0284759219065
0.0823318270967
-0.0541018258107
0.120491835232
0.092923047141
-0.039127115864
0.0370652408672
0.10498442414
0.0542977760337
-0.0167000986612
0.068206614847
0.0203647247366
0.0741703055084
0.00725077323679
-0.0451225718677
0.00322955831413
0.0771876112057
-0.0171112952429
0.048049511776
0.050802181185
0.139714072333
0.0638586874148
0.028379814968
0.0442391236623
-0.0131748908739
0.0850181427865
0.00760275936801
0.0316837856517
0.0971358663819
0.0110644991357
0.00520437294181
0.0205492728045
0.0912794948287
0.0425860475514
0.00851808773703
0.0335742291408
0.0365008626702
0.106365854324
-0.00831108952766
0.0639852687231
-0.0315370232585
0.035643782046
0.0907740985143
-0.0581449727367
-0.00744655095578
0.0765997924578
0.0344607547531
0.101120006608
0.0798428475609
0.0507030761752
0.00135364479109
-0.0055996238475
0.0663749025699
0.0239002720394
0.0908400509689
-0.0524727239529
0.06776753563
-0.0549662015629
0.0147293294687
0.0386238341053
0.0377795332223
0.119694522193
0.0741299887817
-0.0235192949354
-0.00614655496573
0.0922735978245
0.0771578953928
0.0399679461779
0.106863415885
0.0546886305829
-0.0993687833488
-0.0177005821019
0.0859502237621
-0.0184171683515
0.129738056666
-0.00721935833052
0.0242179173539
0.105366218359
0.0542032535665
0.0640708323211
0.0918815161569
0.0142937316086
0.109024975544
0.10313366735
0.0722951288273
0.0652311488404
0.0678261947556
0.00734708486295
0.00350967332275
0.0143947949221
0.0875956860346
-0.0320036043465
0.0815827180892
-0.0074959202235
0.064310246625
0.0668289331137
0.0486637382023
-0.0877555522099
0.0618941779087
-0.00307829648574
-0.00923814855092
0.0323901934087
0.0448856484094
0.102432707096
0.0763564579846
-0.00724913216368
-0.0631135618969
-0.042828870654
-0.0265338350575
0.101713070919
-0.00318559417239
-0.0121389695225
0.0359023206248
-0.0129218116362
0.0660434035043
-0.0219649619728
0.0329473592903
-0.00116110659564
0.00191910800019
0.0658969775465
0.0858108049328
0.122454262295
0.00310760011845
0.000343711588831
-0.0117325226971
0.0987991727735
0.0939273156581
-0.139441514617
-0.0161603953015
0.0075400788729
0.0944155693494
-0.0344656343257
0.0593933535453
-0.0359775680578
-0.0390750585649
0.0515340526228
0.098700482072
0.0884854047796
0.0335766624038
-0.0529011543938
0.100277648431
0.108609377501
-0.0102840366911
0.0302955178443
0.0235376143275
0.0554820427965
0.066793656901
0.0680024139659
0.0679614119046
0.140419182458
0.102632213402
0.106226735803
0.0304099060247
0.0895102717181
-0.017013826998
0.0640103084827
0.10169737956
0.0971606105591
0.0613059487901
0.139168006108
0.102088577048
0.00404685529487
0.0780682607045
0.0799567775943
0.0147840660266
0.0844209693418
0.0815458453517
0.0120900639962
0.0903471563894
0.0776228873297
-0.04036477728
0.119376660587
0.0473538254047
0.0678965901362
0.0767848626582
0.0578647259561
0.0391137285886
0.0300971413207
0.0219751940429
0.00263391260414
0.0504490025103
0.108091433316
0.0541370760449
0.0763718566262
0.0710736324766
-0.0395818545248
0.0602822387505
0.0104436175964
0.0194748894497
0.141121846643
0.0642309567851
-0.0312872868497
0.105071553868
0.104770899586
0.00660409618918
0.0213834997847
-0.0158406441537
-0.0209490876998
0.102623342992
0.0340782291476
-0.00646929211946
0.117135361178
-0.0244896233028
0.0113141608273
0.019892064872
0.0293438526308
-0.0241628246757
0.0709710285263
0.0154075480935
0.0394924183211
0.0327179216965
0.0654622303496
0.028618764287
-0.0149019588972
-0.000572847203068
0.0679292455183
0.0381762451206
0.025524188883
0.0939111669527
0.028076407136
0.109103224327
0.0250623171413
-0.0222634386504
0.110330695367
0.0623668999759
0.0614063889009
-0.16405068591
0.0621664514025
0.0888428886627
-0.0178917616984
-0.0288309248218
-0.0103027630617
0.10335087907
0.0892413133953
0.141131411247
0.0944712693182
0.0519742368771
0.0896005218577
0.0984878135791
-0.0461653623509
0.0563163142665
0.0614794210769
0.072018962746
0.128038481017
0.02931938889
0.116173908831
0.0471960852456
0.118461744752
-0.0631897611108
0.0937789367585
0.0194129126361
-0.0073824323795
0.0936898511422
-0.0169085273807
0.0253066155801
0.017886129334
0.0890753163987
-0.0205822526753
0.0716548010766
0.00481659863998
0.0855322618821
0.0515446957955
0.0190654508704
0.0187541428896
0.0662825208359
0.0540541251962
0.0189583774304
0.0750685588526
0.0585232901522
0.0662026670171
-0.0394848284244
-0.00734470853897
0.124483229339
0.040754530228
0.0588564102543
-0.000258614555009
-0.00398224630708
0.0775243083667
0.0795722892555
-0.0524963314142
0.0975117229405
0.0714907882229
0.00585258338813
0.0648497393899
0.0488704242919
0.0445695751046
0.0894568703673
0.050957144287
-0.0275291458898
0.0506810507787
0.00549752669368
-0.0194231767056
0.0968232584885
0.0220060628007
0.0565028401414
0.0231367736162
0.0291087419604
0.0147883858087
0.0753654786044
-0.000292986176087
0.0110485510219
0.0570935712556
0.0580220881505
0.025052274704
-0.061474927285
0.0389457405126
0.116921640219
-0.0961757446582
0.0666510910396
0.0388660287828
-0.0458195806396
0.109573521091
0.0465595788914
0.0229380987899
0.09926613195
-0.000354009947324
0.0293397940264
0.0794290519156
-0.118527140742
0.0613610243906
-0.0775955237355
0.0967831346439
0.02335967433
0.0165915948559
0.0811172573381
0.0557189105742
0.0775104786662
-0.0264790984863
0.0298367267294
0.0690675246159
0.00185189237967
-0.0445745440978
0.0851312634787
0.0833612294886
0.0419935525336
0.0892204168287
0.0501882371062
0.0691827557245
0.136717949686
0.0560367842961
0.0872956942967
0.0481980009924
0.0106700359531
0.0777173295801
0.0364767892947
0.0535771340066
0.0467781741069
-0.0057049904873
0.0373903014558
0.0694226597525
-0.00403645759053
0.117182352642
-0.0127619227037
0.0408384930117
0.0585414415178
-0.000102663268972
0.0444151995596
-0.0538967710531
-0.0674062063216
-0.00482913857279
-0.0463538612131
0.0370941790154
0.0425564259275
0.0648119691094
-0.00089458570357
-0.0418694741079
-0.00246784883357
0.0416848258609
0.0731729257543
0.0264607351222
-0.00612498386847
0.0111600240615
-0.0168703180847
0.0996490772989
0.132239246616
0.0667564505335
-0.0274476336072
0.104542412169
0.0680500960127
0.00937078891504
0.0182475330224
0.136673955123
0.0434994793199
0.133997177883
0.0419385275995
0.110003159003
0.0684878038244
0.00415382822792
-0.0262926248962
-0.000412323927119
0.0546822367358
0.0951519078678
0.015224754009
0.0328082372606
-0.0231212739179
0.0113137075581
0.0916925502879
0.0186961568337
0.11586793283
-4.03031889888e-05
0.111590612689
0.10235720572
0.0699041383892
0.015377679979
0.0242963733005
0.0588039023241
0.112859039961
0.119981963229
0.0686164897702
-0.0192560114274
0.120623506116
0.0178027909519
-0.0760774141156
0.101439288206
0.117295113832
0.051577934061
0.0296832428985
0.00126933537815
0.00177230010589
0.0264338451519
0.0610919869541
0.0802274003699
-0.0204549846232
0.00722326644093
0.11138986434
-0.0399924980695
0.0686948588685
0.0751463511446
-0.0682737565121
0.108303751771
0.0914138597311
0.0536540122649
0.0193328435662
0.120905726051
0.0345131988237
0.00137773425476
0.0697757174843
0.092433934721
0.0620445546134
-0.0173964709929
0.113904166623
0.0654000401004
0.00536759595345
-0.0394567536391
0.104943654948
0.0299692918023
0.0405372059739
0.085714007073
0.0648605931961
0.102673202704
-0.00840780886877
0.10897474604
0.0322090703165
0.0462069398746
0.0680233197735
-0.0179276833858
0.0528046573539
-0.0812810147255
0.078059978038
0.0660917517845
0.0371869194936
0.0750003822452
0.0398123606278
0.0423599622362
0.12064885093
0.0215594831781
0.0535495310623
-0.0349884784477
0.12795081414
-0.152721132064
0.0897669140265
-0.0174147874102
0.0329520770083
0.101019484384
-0.0314796601218
0.00480954855362
0.0160009782251
0.0825176241322
0.00663839820557
0.0288837962768
0.053452306979
0.0247790320499
0.00845338209221
0.0979193981277
0.0686180819748
0.0460375523213
-0.0901012568288
0.0816013119287
0.0792839268502
-0.0237071723134
-0.0218574261788
0.136633340511
0.103447534149
0.0317345913166
0.0566912129052
0.0341873174553
0.0845382583621
-0.0973886599073
0.00441614458757
0.0190540508449
0.0247428005879
0.0112140563531
0.0707876875478
0.135771188778
0.01695699704
0.074619595536
0.037408632655
0.0792963165797
0.0469838076656
0.0676341309134
0.0447930058621
0.0217397375906
-0.121375892906
-0.103351352009
0.0440121342799
-0.0578633283025
0.0969636016058
0.047492740239
0.121447270294
0.0911350316044
-0.105307169556
0.0116379190792
0.0380421739926
-0.058862433741
0.0981516055917
0.000513705501635
0.0444901079287
0.0204596138178
0.0625972564006
0.0370659940896
0.0239870432182
0.0946698982112
0.0202167223935
0.077713099065
0.0376767772774
0.0221334812761
0.0665377327786
0.0771793220513
0.0325154654423
0.0753594761232
0.0345952728291
0.0838644631019
0.0555490569
-0.0100155722179
0.0726547484175
0.0789785836092
0.109721320832
0.0472855776968
0.0509284213369
-0.00785483260891
0.0246104622184
-0.0155567995491
0.108310233203
-0.00655479323796
-0.0161257452137
0.0572451791047
-0.0134488726888
0.103343742826
0.0446735452073
0.11290037172
0.0587992116401
0.11053722142
0.0928204069401
0.0534036900358
0.0195859255905
0.105381173046
-0.0407138140052
0.0350689227092
0.0673640631483
0.0267375631934
0.0141168650732
0.0478940355965
0.0462302641257
0.0159747327557
0.053122783967
0.0334542380563
0.0749179671367
0.0255490887824
-0.0344324705305
0.104782678333
-0.0252547633513
0.127134260843
0.124241751139
0.0339909219092
0.106593611302
0.0588159375467
0.0249347319438
0.0304357692705
0.0293536214058
0.0541872176953
0.0605773895027
0.0660356966384
0.0291406035797
0.0414523612523
-0.0095638834039
0.0394647878292
0.0955901464376
0.0550020998934
0.107718653318
0.0574575191561
0.0123313080106
-0.0387315128906
0.0475033974657
0.0490535087331
0.119313020826
0.0293261513265
-0.0469094641013
0.0885324612563
0.044926986869
0.0527265688185
0.0155064458183
0.00532500790213
0.077492029068
0.057083660791
0.128489356041
-0.016217409198
0.0419384798194
0.0615037936277
0.00484594224901
0.00508931117889
0.0474169519165
-0.040016825157
0.100835500279
0.131251981827
0.015789864298
0.0917898184295
-0.00377607170331
-0.0336638020042
0.0183500449203
0.0496349070723
-0.0117239855308
-0.0544996517799
0.0603056134448
0.0948201582638
-0.0149298574322
0.0255636340124
0.109854068451
0.0897489990279
0.00643615966026
0.026913088271
0.0929129978913
0.102616399844
0.0110340031866
0.0050208612564
0.0462436862308
0.0338792082595
0.118578062155
0.0495922724284
0.0573806303683
0.0837612010978
0.0497022513438
-0.0378666343239
0.0323140990492
-0.0431366479431
0.0397273831059
0.0889647246009
0.0415696196861
0.0536640216937
0.00650530000322
0.133248529222
0.0993086574706
-0.0090043365929
0.0163476579981
0.0394039269643
0.0756262493896
-0.0749903521547
0.118046637773
0.0704359066542
-0.0186440858941
0.0322362596261
0.103775966276
-0.113097529795
0.0606820886446
-0.0337914363135
0.0214389083717
0.0779055479268
0.0529636480968
0.108825228173
0.0451936424966
0.00769719258857
0.0941244352658
0.0312300535964
0.0836661444386
0.0826503713448
0.0605792169431
0.0913847096933
-0.01990659788
0.106160424558
0.0594162076054
-0.00132760049402
0.0515843337452
0.119611445974
0.0786366743198
0.0214420566639
0.0191041659939
0.08574084624
-0.0302279204582
0.00803066912491
-0.0123119317381
0.0544629144501
0.0754565858184
0.0239421887757
-0.0321385060438
0.0131009339631
-0.0308892255855
0.137000359562
0.100079244454
0.057502112947
0.109342783107
0.0787933733409
0.0349699527902
-0.0396856287561
0.0532629866598
0.0118608747563
0.0472435772655
0.0567095816063
0.0245676622976
0.094080918033
-0.0344162650444
0.0759166482176
0.0736613416971
-0.0255492359729
0.0940748863265
0.0906000095239
0.105137910228
0.0847621766553
0.0781724271429
0.026705522111
0.104598949733
0.128476865338
0.0706238706587
-0.0691032709848
0.0562282581147
0.0685384995539
0.118356651229
0.0460974637543
0.0441639100921
0.0671403658961
0.062080585606
0.106688718753
0.0982204888085
0.00263909756207
0.0969132980722
-0.0215540422678
0.0860400484107
0.0139099513279
0.0198789644456
0.0304327383579
0.0899335464063
0.0280726010915
0.0934803572293
0.0605690610915
0.115834876133
-0.0207183383247
0.0501978654534
0.0574979363167
0.0526653965935
0.084016593341
0.0335030577528
0.0406275623188
-0.0443848187547
0.0702613405121
-0.0516814015642
0.0613133757266
0.0809538758164
0.0340579168992
0.100916392548
0.0564652050594
0.0740541168425
-0.0400806622945
0.101783687462
-0.0274630051331
-0.0231350907062
0.0942206328942
0.0384952844748
0.0664379425597
0.048759124768
0.0875311094896
0.0189686115256
0.043507771585
0.0844809643935
0.0350552364279
0.12888472537
-0.0350810223947
0.107671440222
0.0119166355708
0.025588668093
-0.0106836695443
0.0677571970314
0.103832040464
0.014164639487
-0.0129018911228
0.0275051848644
0.100284034372
0.0421988108809
0.070424964388
-0.0481345046552
0.0653580168433
-0.0103350706813
0.072206995361
-0.0908017322907
0.0075189075481
-0.0348401032748
0.0805873748459
0.0738745158763
0.00780617869165
0.0141143640611
0.0284436171792
0.0435734824389
0.0351283755081
0.0614323814535
0.0139489315327
-0.0479315084381
0.0476776789433
0.0618689219837
-0.0678045742273
0.0254545564706
0.0563722533208
-0.0103097350312
0.0173451589187
0.0440143171495
0.0755083042389
0.122599934985
0.0506331887655
-0.0616100514852
0.135596442465
-0.0292103031754
0.103784855529
0.0727764800122
-0.0474000351108
0.0611127493503
0.109652572913
0.0398121915056
0.0997853157657
0.0353482515519
-0.0260080309855
-0.00922264516961
0.0648145419682
0.0269540627443
0.0219489351678
0.119469491938
0.00107565454
0.0373651778246
0.0500311675321
0.0870198104762
0.039403564225
0.0696774419952
0.0216167467219
0.0812569887153
-0.0968944852046
0.0485796201381
0.00343087904231
-0.00679539473388
0.0807812361297
0.0676842522891
0.0205534831396
-0.0329659241503
0.0281293790676
0.0451305170666
0.0743138927274
0.0711231277709
0.0919658292093
0.0308422089661
-0.0144145749458
-0.00269956862115
0.0203796594578
0.0102423674854
-0.0190340453688
0.0969387648052
-0.0014978175274
0.106663348554
0.00468188985178
0.140904905607
-0.0114005171531
0.0946495829068
0.049841972247
0.0178992648584
0.0236830115472
-0.00787359726901
0.0780428131914
0.049592758285
0.0738102134293
0.11721185411
0.0113095814484
0.0810412554716
-0.0038431107224
0.11915911399
-0.0125143365832
0.0641659443362
0.0595218558287
0.096688728628
0.0231846138811
0.0196776507227
0.0842072321692
0.0405739947883
0.0231427338361
0.0211086061809
0.013824896212
-0.0500181434923
0.0741766737731
0.00282920221273
0.0455499731727
-0.0170096822927
0.0326496680243
0.101355615418
-0.0563344791495
0.0401996418705
0.0611704900473
0.0916381532781
-0.0574779086593
0.0419418266045
0.106027179056
0.0657775720501
0.000337371674465
0.00377533219118
-0.125879630156
-0.0235855417555
0.0885568437679
0.0577034784871
-0.00989758780165
0.0517667762975
0.0692944657146
-0.0195652253155
0.0602033396375
0.054945862547
-0.0769402380459
0.0483696960725
0.0867997782569
0.0509975791449
-0.101596960425
-0.0110745722528
-0.00960919005604
-0.00509185272454
0.0618420474459
-0.0248826664783
-0.0530641746996
0.0435906496951
0.0630296314596
0.047550205243
-0.0376554784746
0.0911068168376
0.108887789552
0.0318561878402
0.0844263203995
0.0255052506407
0.0364482338758
0.0108568372984
-0.00945686347107
-0.0262192132769
0.0216580648052
0.0343963321297
-0.0231355635414
0.00539950338151
0.128460538185
0.0185775810172
0.070226889654
0.0838384463079
0.0390950303198
0.0908194725123
0.0861599195759
0.0850798731893
0.0560843795691
0.0496017114061
0.0583227397941
0.0548358726954
0.0472295896615
0.0329469566694
0.0900278674684
0.0492683852285
0.00684610698209
0.0446312773053
0.0167989383347
-0.0115880068691
0.107244403283
0.000160164280711
0.101693130672
0.134584969834
0.132449051814
0.0985063915398
0.0262193421405
0.0741024228024
0.0547952658009
-0.0184120748701
0.0861141649909
0.0433149456555
0.0640350824338
0.0405160483083
0.116561843522
0.0267857657818
0.0969098269712
0.0907397267957
0.084001343162
0.0578807023194
0.108810874916
-0.00135658020371
0.103387374633
0.0394687290399
0.0130410081947
0.0467840583712
0.0414499536214
0.0965921770528
0.101306940998
0.00398245011362
0.0660021671085
-0.00660684703349
0.0205439741616
0.028174749773
0.00276687236123
0.0870918361462
0.0883505476174
0.0402686018381
0.0435968292834
0.143511170977
0.0550639161901
0.0751962295803
0.0116195917209
0.0512514098701
-0.0688314838166
0.0848591039937
0.0592847855275
-0.0226340680676
0.0748433656424
0.0240987117912
0.0876905165927
0.00739092442973
-0.0218596199856
-0.0136810871024
0.100118145144
0.00114027708531
0.101342212876
-0.0155283143525
0.0122815525559
0.0787020724439
-0.000673269782959
0.0205511181382
0.100469374151
0.0605891968064
0.0407889998631
-0.037203680077
-0.0707572173718
0.0613968474444
0.0675664926838
0.0378571354627
0.101526714639
0.0383993138152
-0.0722156173169
0.106689023842
0.0533003598983
0.0113066881147
0.0958199109561
-0.0170484622017
0.0015550477536
0.0873116817379
0.0243794400468
-0.00622153008367
-0.0617068928547
0.144885313672
-0.0021442873788
0.0538881050726
0.0474267185796
0.108139271353
0.000719957008064
0.115245401102
0.105324043269
0.0345772760757
0.0740932650585
0.0215805629672
0.0348651748304
0.0215092354183
-0.0480099618277
0.0262521803462
0.0776087773205
0.0827630719942
0.0115635661884
0.0962905716169
0.0650475383197
0.0307558286082
0.109502524164
0.043779058413
0.0794616770297
0.0597006787223
0.102958149385
0.0495036849187
0.0745586773234
0.065878715133
0.000974264804926
0.0412392341883
0.0799287508793
0.0503605142573
0.0156697283047
0.0909644841213
0.00568043428901
0.0476980442714
0.0602269740672
0.0735142514253
0.0972898897718
0.0937387375707
0.108052114954
0.00575311665012
0.0594211186017
0.130012534233
0.0188063970071
0.0734270204784
0.127414374441
0.0844646691846
0.0546312022274
0.0708301423509
-0.0187342232725
0.0127430312004
0.0162324802795
0.103757819104
0.0320692555974
0.044453632516
0.0242627518904
0.130591378771
-0.0405162278221
0.0206220131297
0.0471042895319
0.0457878832041
0.0702678158634
0.0283888494147
0.0681361501192
-0.020289302693
0.0632108631681
-0.0203174866086
0.00918112061964
-0.0306218390506
0.0247055022817
-0.0265642764504
0.0134372545919
0.0600948039188
0.0706130372376
0.032397374996
0.0508067233883
0.00199455336922
0.0998705820552
0.0878091187143
0.123303175148
0.0185924803077
0.112760366795
0.00977672284691
-0.0171080459766
0.108910371457
-0.0613234693451
0.0118163751634
0.125336877937
0.0867504700591
0.0400916005693
0.0335680129182
0.136090014047
0.0952089605065
0.071497360872
-0.00575427594321
