0.0611304165642
-0.00222244262214
0.061716072049
0.0970738715768
0.0279389565479
0.100464037218
-0.0364758871531
0.0285547531368
0.0886191037922
0.00204787966933
0.0186793257832
0.118807612802
0.0635049984756
0.0647527182176
0.0673655337068
0.0187792723932
0.124961299512
0.0544619008457
-0.138667012831
0.0810236726141
0.0321375533002
0.110900723123
0.0608464324353
0.0770269839244
0.0152884860723
0.117061673281
-0.00474992985648
0.0103643873679
0.0443225984564
0.0799429713589
0.101818858431
0.0126316888827
0.105517263385
0.109407452536
0.0926728559934
0.074657406959
0.0668191274529
0.0142245713535
0.0265908561001
-0.00171985478024
0.109138083408
0.0442398941547
-0.0209486697286
0.0460209197477
-0.0656802650411
0.0098558290937
0.0139337418836
0.0108417767898
-0.0269466697364
0.0255519211238
0.0653943635779
0.0967513591771
0.121098961995
0.0464394369532
0.0043708343744
-0.0373705431185
0.0057860672194
-0.00648141426598
0.0343156892866
0.0566639028111
-0.121101848755
0.0224226200827
0.0402818150548
0.107643266102
0.104665513567
0.0555800489388
0.084961531779
-0.0205099286192
-0.00802565564923
0.0304279698134
0.118545454132
0.078379623963
-0.0111332107685
-0.0144863368632
0.089188287435
0.100130607427
0.0544601624477
0.117491711113
-0.00133760589799
0.0611769657556
0.0650496777767
0.0884757670638
0.0339607137474
0.0577123227883
-0.0230020898166
-0.0107095924598
0.061300607538
0.0121159137729
-0.023033103353
0.0693552878295
-0.132037430923
0.0796175717861
0.0452053071122
-0.0463486275499
0.0909366103577
-0.0595699892375
-0.0746894589844
-0.0148041530826
0.00223605699501
0.00609318710424
0.0448372683264
0.00520279745291
0.0303808873553
0.0914628125213
0.0318264349991
-0.0128980927941
-0.0578342757726
0.0202744035509
0.0151829038496
-0.00972532512509
-0.0181286162511
-0.0328756092582
-0.054763529685
0.0281959764312
0.0909978730934
-0.00979619359338
-0.0271741512264
0.0268297539137
0.0906552499246
0.0759130925442
0.0631737367792
0.0646716324444
0.0628539430459
-0.0566147796866
0.0417920376897
-0.0360421239019
0.145478231703
-0.00278638646196
0.0110879968764
0.0817122781456
-0.0375341444408
0.0325473093975
0.0139654769602
-0.00177859994951
0.0292239600243
0.0610356185044
0.0686642421307
0.0148084135102
-0.00186916986585
-0.0385047083811
0.134166992433
0.0278884817046
0.0734142727309
0.0626945354015
0.123692731188
0.114000057776
0.0418458993534
0.0255392883914
0.0423704578516
0.0103574630582
0.0222016837902
0.00372857733559
0.121194810234
0.0360173649357
0.097353375882
0.063526709454
0.100969700387
0.108704986235
0.0111195809523
0.0574425745507
0.096856480801
-0.0703486418632
0.0778839659051
0.0199916573138
-0.0383616654263
0.134547425318
0.0360992674587
0.0293824379316
0.0715689507892
0.126046489057
0.0122749133928
0.0729331152946
0.0511516635475
0.0831128354033
0.0238932606558
0.00692335689766
0.0561777485767
0.0242466430597
0.0274188027766
0.0374094455067
-0.0365444663031
0.00942039755346
0.0681949599965
0.0281858671123
-0.0385646758991
0.107478151395
0.0317102376246
0.0569572103101
0.0720126861109
0.0943361582177
0.0719260306906
0.094801957092
0.0473337018855
-0.00219312371623
0.0790284355156
0.08733264902
0.0859090160815
0.0469447007742
0.0296064142142
0.0724130733787
0.0949138271376
0.0254447377103
0.0208988529022
0.0255591820651
0.109582087465
0.136458147159
0.0474031683509
0.071940038027
0.105976445933
0.0429069019284
0.0484596020017
0.00849278357037
-0.0312933898292
-0.0504365826644
0.0412556996057
0.0987864394437
-0.040476152015
-0.062307101039
-0.00744513884274
0.0590436149689
0.0573350314988
0.0791476409279
0.0195489827576
0.132952547558
0.0576023713017
0.0427248968107
-0.0115088753806
0.0356706410141
-0.00034805949315
0.113669387673
-0.129063840112
-0.115614364569
-0.0689866486218
0.08322661558
0.0882984454909
-0.0151580086638
0.0672151701368
-0.0168145408575
-0.0275203444806
0.0223708329512
0.0632363323849
0.0366122144685
0.037463427867
-0.00866957188352
0.111563586905
0.0722581431525
0.140370955523
0.0186041285689
0.018220056546
0.0898318612225
0.0187004569727
0.0479665925577
0.0608908869322
0.0218291415825
0.0806940792894
0.115136921428
0.0209063954652
0.0228617966149
0.0814502887617
0.0250462175459
0.0199021001546
-0.060909044951
0.0366491330943
0.109653411969
-0.020933051641
-0.00812998275353
-0.00757789522026
-0.0659988991053
0.116704405177
0.0405336811744
-0.0118173055404
0.0603690432106
0.0473190661391
0.0141156933217
0.0803025936237
0.12304288387
0.0595257029738
0.0740851763736
0.0549540623221
0.0614081528912
-0.00492140252002
0.0583345651466
0.0238416765362
-0.0750940538177
-0.0969125621363
0.0761287386919
0.13592456534
0.0590432692353
0.0580702355697
0.0659257658855
0.00142496012916
0.0962281535298
0.0212209968895
0.0436867742415
0.000954191376217
0.0684740621551
0.0647772086769
-0.0600288088739
0.0177805085817
0.0335792472864
0.0657316732867
0.0543023874332
0.0514218976143
0.0583431808177
-0.0536375240634
0.09872904781
0.048966825766
0.0405105632274
-0.0160806707692
0.0242331996468
0.0172056084754
-0.0175680338293
0.0385583174637
0.0712944498748
0.102369958253
0.0940793706394
0.011923631568
0.0473664451138
-0.00399824912944
0.0412548737032
0.0283029781265
0.0255217998677
0.0676253171204
0.0763936348854
0.0520913714456
0.0711637895469
0.0929464004594
0.0505759761595
0.0835194037659
0.0808642445088
0.0748770840487
0.00731150746588
0.1011343115
0.077426170851
0.0433667600188
0.0246106199549
0.0797480982207
0.0269341673869
-0.131809698609
0.0112631264402
0.0478113453597
0.0338509713758
0.0872183514611
0.0271787903551
0.00860295247527
-0.0251490297698
0.0750475341373
0.0373223786983
0.0237114390411
0.0931499280747
0.0872422947809
0.10764128865
0.117446169234
0.0403288633919
0.093971578253
-0.00971559025517
-0.00481814375408
-0.0176817738002
0.0869869520249
-0.0113944621758
0.0855826006984
0.145363972592
0.121640332721
0.108770451314
0.00958890351965
-0.0323068136749
0.0659685116794
0.114039377613
0.0552902287976
0.0540204121108
0.0290020261849
0.0472934879612
0.13240821636
-0.0173390505592
0.00205910911623
0.0315548044836
0.0648973030804
-0.00985803250571
0.0701653157262
-0.0160178870355
-0.0300524395385
0.0836277056075
0.0266043568011
-0.048559102974
0.111327822707
0.00632699293095
0.128033031615
-0.0196874893612
0.137381323269
0.053402108048
0.0921049776488
0.064003832819
0.0299804703067
-0.018244764614
0.0378553718205
0.022507248338
0.0067072455744
0.0554780142993
0.052492745573
-0.0201272755328
0.0840879201454
-0.0287535373186
0.0831293007426
0.0332939118332
0.0593172009916
0.0361573547961
0.0912180878061
0.132396014397
0.0595531786713
0.0947017825286
0.123565780535
0.0289177685231
-0.00662129513323
0.040355919426
0.0522287494841
0.0323262329478
-0.0217158178118
0.00628199997389
0.0701810253791
0.00391737857268
0.127611277304
0.0797822741053
-0.0085168470894
-0.00171926552696
0.0486462518071
0.0736854982697
0.0119106119379
0.0616628341963
0.00783133851116
0.0854363901128
-0.0392198780802
-0.0136969578816
0.0707038365002
0.0908638063181
0.0346268029378
0.0404337122605
0.0899335571168
0.0442951505005
0.0988432985872
0.0932090552494
0.0331409947575
0.0352396085904
-0.0435552767504
0.00591975627791
0.111381675519
-0.0089512895897
-0.0302194198806
0.0539561991473
-0.00514480634343
0.103475214965
0.0272663629385
0.103193907481
0.0915861407392
-0.106911245252
-0.0159278696319
0.114794043355
0.0862709954694
0.014090380956
0.0955100706609
0.114255475514
0.071821959199
-0.0444446437534
0.0420942119886
-0.0258969059052
0.102244023725
-0.0498847525313
0.116377063861
0.0506070539005
0.037415758256
-0.00146863486634
-0.0228817279339
0.00782014255744
0.0516856834978
0.111863912885
0.0580341590747
0.0957483861853
0.0654444552058
0.144818896525
0.108571207858
0.103940579891
0.055265034596
-0.012417450335
0.00993917553147
0.0417999407522
0.0100859539997
0.00725390546545
0.0820645529432
0.133157671388
0.0329677643327
0.0321575923673
0.113648722126
0.0865467437365
0.0739499047353
0.0490739407792
0.0542934330954
0.114168159976
-0.0347895860359
0.133652587168
0.107228987027
-0.00120265598733
0.0827299496727
-0.0118903997474
0.0201438650813
0.0608918881194
0.0961565813101
0.111472620482
0.0907478983354
0.0803598983536
0.0438479835315
0.0367187463965
0.00353201584857
-0.0913388852092
0.0444599258188
0.087712932075
-0.00781127659559
0.0447643332225
0.0472748707221
0.0797531925618
0.0943531106446
0.0795664747429
0.0748729800226
0.0833290928882
0.140050874281
0.0516512026297
0.0434341728527
0.0150983780876
-0.00508334305631
-0.0794415779592
0.0568149471677
0.0679224414398
0.0711441366549
0.0765964896786
0.059642648899
0.084581650153
0.0527598515773
0.00506819688942
0.077185815849
0.0569981667877
0.121871538608
0.0320072040158
-0.00693020287555
0.107349422518
0.0659642498813
0.0449955646552
0.139755392841
0.0697316090606
-0.00998006338403
0.0632313577731
0.0369106416352
0.147975060132
0.119277859538
0.0625111759367
0.0712562738466
0.104038479282
-0.0719616604819
0.0601784322244
0.0861947374642
0.0895763007168
0.118667427683
0.0889835869463
0.0169279349601
0.0967171887408
0.0142851670057
0.12747940656
0.0576203273208
0.0452803773865
0.0487461426984
0.0387315815756
-0.00415911387587
0.106641895999
0.074285826856
0.0536985676339
0.0219717036447
0.0140545055128
0.068100126077
0.0596118256419
-0.0276872769894
0.118121632836
-0.0172318143934
0.127023492183
0.035258306263
0.0468991403662
0.0551626577419
0.0810459465628
0.0849079868934
0.111790648908
0.117272667811
0.0604772331984
0.101007947099
0.0927964866104
0.0984243622214
0.0441610269063
0.0579058907878
0.0480781481624
0.0378080584711
0.0200370483588
0.131368991916
-0.190004292095
0.0781847806586
-0.0162023943675
-0.0278581744774
0.0551194289112
0.0218298276744
-0.0512055145204
0.0351233896755
0.0960834395911
0.057997831032
-0.0165885621788
0.0627132933763
0.050249274926
0.0996602833974
-0.0127655579158
-0.0263858313318
0.00270851742836
0.00348416718264
-0.00233502630671
0.0746500023136
0.111329799044
0.0398810848559
0.0824517005058
0.0751145921956
0.12146582248
-0.0274059728066
0.0387775468396
0.0551904888417
0.0886274332012
0.0929229685106
0.0527612746317
0.0487463622364
0.0351731876744
-0.0395758283557
0.0704523310236
0.0856568637803
0.0797367894515
-0.0849174871021
0.0263409644148
-0.0211205473686
0.0615659558898
0.0867534333268
0.0481361343026
-0.00747853671243
0.129361645319
0.0939285762335
0.121798376602
-0.0754567388977
0.0380518316031
-0.0140322972265
0.0595815374899
0.0113982070094
0.0786316661474
0.0262188158039
-0.0499643303626
0.0769909480253
0.062340772281
0.0840157684118
0.0467009611569
0.116122895715
0.0659983551273
-0.0600290721257
0.105753267847
0.0694558698047
0.0741212985347
0.0656749606363
0.113512347124
0.0553720620233
-0.0408673196102
-0.0306731651952
0.101066827017
-0.0886965343292
0.0441366978319
-0.00735042000362
0.0974164962594
0.0896992769888
0.045007627331
0.0818396367215
0.0761750488909
-0.0673193060096
-0.00257068740971
0.0566924281952
0.0995982751835
0.0787202377958
0.0535218735848
0.0647569299333
-7.40431311481e-05
0.0831807884315
-0.0114877076467
-0.0124553210396
0.000318354677198
-0.0541800018277
0.118461017542
0.0436529951377
0.0374002974245
0.1412746635
0.0240727037514
0.0553830565255
0.0965011872371
0.0746717459884
0.0293799475018
0.0412058312518
0.0432215241068
0.0453258343535
0.0080302779704
-0.0153549055389
0.0726151268097
0.0290970306684
0.0614397266608
-0.0410876387896
0.101208525101
0.119714514368
0.051977621864
0.0400849295421
0.0540807375832
0.0587674833033
0.114445033284
-0.0258596523918
0.0797609186961
-0.0420001918933
-0.0115790860104
0.029521884696
-0.0744396499272
0.0717389577649
-0.0204068913272
-0.0369075876316
0.0416523210187
-0.0693974005711
0.0335740216615
0.0927184596301
0.00574931338264
0.0767384720653
0.0726040446363
0.0580519987844
0.0121281930328
-0.0573116212371
0.00689959732234
0.022038721436
-0.0127147689032
0.0516127784711
0.0182501999413
0.0424247388087
0.0879061220539
0.0299518569402
0.129178915744
0.128053991519
0.0528337687904
-0.0218646673207
0.0438673796807
-0.0339078383344
0.0283195705335
0.114979903829
0.0175099219297
0.0359298445546
0.0545276147672
-0.0589260647548
0.0307935105536
0.125492603523
0.0603411649507
0.0495273815286
-0.0226704385492
0.122537218062
0.0756044695053
-0.0735800322499
0.0779563340732
0.142486369503
0.0320529727498
-0.00793938468029
0.0597145203121
0.0129223687188
0.06476626502
0.0230035708215
0.0549816083388
0.008893560732
0.0997022938997
0.0806605045696
0.113368556769
0.0607913910281
0.0700611921673
0.0639516320942
0.0459428702159
0.128339149988
0.119724699427
-0.0155173575192
0.0132635940757
0.069823981776
0.06813292723
-0.0279583828382
0.129473451124
0.0834576961159
0.0684210440698
0.0262368661349
-0.0467754287735
0.0818381438147
0.0227191347589
0.00960894911592
0.0520854073451
-0.00143438020092
-0.0178001334322
0.116493462592
0.0710823567683
-0.0270603302219
0.0202709034475
0.0843068173376
0.0917060169958
0.116379729632
0.0992563075725
0.108557446667
0.00809664861546
-0.00757108917218
0.0229140385748
0.0991135801631
0.0470912758651
0.0904615489298
-0.00532652382323
0.105337317176
0.0927577944376
0.111122577415
0.0262801736681
0.047141529851
-0.00731115959161
0.0536109913298
0.102148296537
0.00845401729296
-0.148064104298
-0.0371086145287
0.132915643075
-0.0651908578593
0.0761297721186
0.00275952974696
0.0391294895881
0.0204331666886
0.105752449915
0.0313224660725
0.109815047763
0.0525978205158
0.0248537094281
0.0413861396391
0.0544888317228
-0.0811115288051
0.00669043921291
0.0671679328497
0.0878297122154
-0.0179564840796
0.0269894169816
0.111917965007
0.0770293544827
0.0692493384928
0.0763609336728
0.0615527523435
0.0960702335877
0.118601412121
0.0501558318571
0.045746951045
0.0665051474415
0.0945728980201
-0.0208026141413
0.0925992116912
-0.00556369548953
0.0494667235141
0.104377193663
0.00836059809192
0.129493854386
-0.00213923939799
0.088026542195
0.0366254316439
0.0836018535731
0.104971170778
0.0566010469353
0.043346739447
0.0951538340577
0.102226012148
0.0243743892395
0.0820649312028
0.0581795182408
-0.0780873653419
0.0071248341657
0.0701860647995
0.0778145284354
0.118272713448
0.0695207884467
0.00307718985203
-0.0107021653999
-0.0623809293515
0.130360566298
-0.15708129852
-0.0217160969472
0.122136289747
0.0558789966771
0.00278744306852
0.094586555172
0.0354565924534
0.0532630096283
0.0410996111533
0.0695268702724
0.00229438399524
0.0764152627936
0.0943915050766
-0.101289802599
0.0231129266242
0.114392117097
0.0522763854365
0.13970698572
0.000344083354125
0.0496393126999
0.0215263329294
-0.0506102996571
0.0295139182612
0.104830006491
0.00365874093738
-0.0168013563401
0.0288674780445
0.0483612282745
0.0493164276657
-0.00344693873946
0.0907978118862
0.00155996205659
0.00526885976829
0.0262270190507
0.0653025280414
0.0861623076576
0.0305708449635
0.0445001952236
0.0830241511572
0.00601663283893
-0.0694038422707
0.0818559938912
0.0436959097533
0.0968449697666
0.0406049510773
-0.0298854675938
0.0062005548865
-0.0474003473896
0.0805344069978
0.0504216643002
-0.059197982058
0.0380378532555
0.0884917779569
0.084876191028
-0.0663109902528
-0.0391125722188
0.066928553946
0.10780393234
0.105393648712
0.085868126049
-0.0241357595264
-0.0591453185718
0.063575048798
0.00622377563047
0.0784182167834
0.0134524876814
0.0109279038321
0.0439322894198
-0.0451549729105
0.102342017247
0.0563384211571
0.0380970655893
0.0651010748729
0.0541635216593
0.0137514462972
0.00090318398928
0.024444900572
-0.0893465654669
0.0344526754283
0.0540868348202
0.0654062367072
0.0407665837522
0.039866806543
0.0138988931885
0.091853668547
0.0609977240606
0.0702167818632
0.0302673637035
-0.0507905789544
0.0445834780154
0.017290688165
-0.0225413197848
-0.0431792307615
0.0371665408293
0.0373290869229
0.030137904531
0.133153864407
0.101354471062
0.137129420764
0.0813874700474
0.127868980656
0.0462281362233
0.079411705827
0.0111414308682
0.000742866520608
0.0579974570672
0.028132651285
0.109629866163
0.0138773660051
0.12066541244
0.0364573108343
0.12404117427
-0.0533224155817
0.0121533985431
0.0359304442897
0.119516663294
0.028872182788
0.0584533507712
0.112291502055
0.113403642518
0.0859988819492
0.056240659981
-0.00943162603074
0.0424671481818
0.026878495292
0.0897522736345
0.0448889414663
0.0698546145096
0.0410100636306
0.1148002409
-0.100797498799
0.0580079245872
0.0889846534223
0.103968903716
0.0255924929118
0.0769058888338
0.0787485852024
0.0129554650001
0.0988200942326
0.0675606244214
-0.00868313432221
0.0115184011517
-0.0230118225278
-0.0141401701066
0.0641784972856
0.0404627251162
0.0466763826281
0.0684603906183
-0.0717304722646
0.0548400350999
-0.120173058244
0.110434819123
0.0417278848299
0.0155983312444
0.0411222878639
0.069663492438
0.0430806669746
-0.020238009539
0.113579701315
0.0275863428265
0.0969082184789
0.0722462356221
0.094092129515
0.056359118278
0.124904104995
-0.0543941890544
-0.0281888035531
0.111648083462
0.096437747886
0.0794797222911
0.04484591142
-0.1121386426
-0.00734122118593
0.110093374375
0.0472820177439
0.0639787847847
0.0654763178688
0.052601269339
0.0190721695794
0.0229126364364
0.0655014321222
-0.0613103134148
0.0490866127207
0.125596732826
0.0606553314261
0.0888871778505
0.0502654809776
-0.0346320943042
0.0421075528637
0.00302454475673
0.0628107896731
0.114081640554
0.0161461929431
0.0766734054077
0.034201366031
0.0942889691668
-0.107565790909
0.0750714803814
0.0229288590621
0.0899053335911
0.0680648557314
0.050910771852
0.0483806189752
0.0166671176157
0.00317385952391
0.00235264139293
-0.0179517976274
0.0648983934381
0.0106844956556
0.119559278619
0.0402067851377
0.00625375941247
0.0297290187178
0.00552111060894
0.0236343483341
0.0669394490868
-0.0509555261341
0.102332313663
0.0384163192042
0.121858067527
0.0430031119693
0.00988035432406
0.0608052806654
0.0066289331182
0.0806038323244
0.0958968448864
0.0203667520078
0.0630885684053
0.0388242677419
0.117412372886
0.0349695330793
0.0866467275894
0.0618278624484
0.0476411695525
0.0803356822693
0.0606765866342
0.0643726064661
0.0404146448978
0.070300789325
0.0902426848211
0.0932408278702
-0.00924751932718
0.0708863776123
0.017371618322
0.0127811634076
0.0112268856923
0.0499697056441
0.139026691764
-0.0118706019999
0.0670420659298
0.0345884662281
0.0154953589289
0.0201435357251
0.0742355423456
-0.0459544258846
0.104412817814
0.0757015771509
-0.00430853972139
0.0336591957205
0.0397706990232
-0.151472282881
0.0855107944719
0.0930132705537
0.0240033961579
0.116069074824
0.0302191919129
0.10504464968
0.0807739316269
0.00426000597931
0.126436910359
-0.00534677787885
0.0263708091021
0.0957147633426
0.0947579504352
0.00876510699101
0.0394765400734
0.0815370892394
0.104194151343
0.0939884867639
0.107303975534
0.0846281195088
0.0975047444481
-0.0541412578512
0.0235198840724
0.0765538444263
0.0318601280902
0.100399729004
0.0596988629156
0.0973759590135
0.0876845246325
0.0360458065144
0.0401459019226
0.0414086445071
-0.0372553932333
0.0282715561382
0.0614037230774
0.0701204538399
0.134903705566
0.120643308501
0.0848492186818
0.104019691916
0.0862555326022
0.113235451424
0.0392681906968
0.0448709510805
0.0233531680132
0.0930023353484
0.13800584944
0.00443241516561
0.0239019662127
0.0414955572355
-0.0208635670306
0.0667363814151
0.136845023938
0.108914315411
0.0327319411294
0.0310334917181
0.00904252320504
-0.0513293139817
0.0638756740349
-0.0293894910105
0.0686086912964
-0.0569780656656
-0.00794510044534
0.0853485035749
-0.00565806086718
0.0608946083538
0.0543636963935
-0.0064876219699
0.0220709826423
0.0787488078483
-0.0319544188584
0.0702513213744
0.0319487639786
0.0410271217687
0.0277454756644
0.104273042948
0.0268249128997
0.0234635534723
0.0194394761726
-0.00367105248378
0.126021483564
0.115923962105
-0.0158778237488
0.0135084357161
0.0373056849436
0.0272692816049
0.0662761614193
0.0973428979372
-0.0748386192525
0.0818092049072
-0.00226850923196
0.0610308555001
0.0461135824583
0.13977772307
-0.0410001898969
-0.076303193811
0.0939007667145
0.0738262123187
0.0622317853232
0.0774146824582
0.0423368599927
0.0838464295876
0.0529520730222
-0.025512031197
0.115641348834
0.0227884041617
0.0756335578792
0.0985462726225
0.0482736284835
-0.031466282436
-0.0721195689878
0.0519244175123
0.0739378687975
-0.0124062516858
0.138437224419
0.0578039320117
0.0201455489882
-0.0425404301471
0.0145436804517
0.00345393667785
0.0410403983326
0.0415553984039
-0.0484098568794
-0.0414798052322
0.116680641305
0.0483025985535
-0.0739378660214
0.125094814048
0.0860001062259
0.0559545242982
0.0291392361228
0.0666027505695
0.0644517413499
-0.027131256001
0.0401679746669
0.0510815807814
0.0207613520334
0.016914939345
0.0342645495882
0.042076651553
0.0342409901585
0.0912868515525
0.0349484430322
0.0637237834335
0.0225328243184
0.024596184129
0.0731626400869
-0.103665724929
0.0763658834765
-0.0277975589496
0.0453684784092
-0.0874801948391
0.0795815067923
0.0706227659496
0.0760389798161
-0.00327630033217
0.0485167649329
-0.0225764012698
-0.0421077771243
0.05243570786
0.0764654178652
0.0957643538807
0.0260351306843
0.0927038950205
0.113180176584
0.108472511173
0.0845708340084
0.0387150922279
-0.0312831586139
-0.010863772234
0.0456313706062
0.0475674121099
0.111831044246
0.0615263194676
0.069550519366
0.0725163797916
0.0519819559828
0.0051667592178
-0.0105034064731
0.106474197203
0.0453277045869
0.0419154569534
0.0711274289883
0.0790718511066
0.0277439756015
0.0556573006983
0.0942088354593
0.0682368997773
0.0379319181994
0.0261482726284
0.0439611038041
0.0412098103995
0.0223802043385
-0.00393128757864
0.128070061684
0.0327641353789
0.0457122800437
-0.0389454837296
0.121387049674
0.117959540883
0.0035376722151
-0.0438637696962
0.0402635146498
0.0283708897958
0.0454158085173
0.114318647196
0.122104788791
0.0938942411481
0.103012018269
-0.0994930405994
0.106071774109
0.0655754882858
-0.00528097954443
-0.017081741849
0.124473369988
0.0176068099026
0.0427527301074
-0.0664694844575
0.0569740818122
-0.0215125815615
0.0454506138603
0.0786229826795
0.00362781530109
0.0579056372712
0.109253936799
0.0288554980326
0.0368783452645
0.105913766922
0.0387128035882
-0.0773630960983
0.0261557714505
-0.0143526085447
-0.0563084851977
0.0544806191478
0.0781252062802
0.0718131504979
-0.00439882778174
0.0308111720251
0.124283516191
-0.0116169414105
0.0582122169577
0.0899917637341
0.133863994606
-0.0446417437294
0.0116663907532
0.0246577926325
0.0207355666125
0.110952061837
0.143604781389
0.0801992355214
0.0902748693845
-0.0511443143784
0.0304980240948
0.0735337334277
0.0177861440985
0.0376731461772
0.0493378646411
0.0660794032558
0.00487824666379
-0.06283076876
0.1198498052
0.0246101880516
0.0212372540947
0.0167893137672
0.0167895856974
0.121768568933
-0.0437368691281
0.108311129189
-0.122580760883
0.0416232621974
0.100412366144
0.0293305137542
0.02562760417
-0.0184630228005
0.100987557047
0.00335571761939
-0.00556404532055
0.0682914831547
-0.0202473031728
-0.00295086879979
0.0537564600889
0.0246657322974
0.0558086854327
0.0398307075707
0.124972886799
-0.0629796620361
0.0269107031952
-0.0291035026439
0.0209832062976
0.102347357435
0.0359964619251
-0.0234341895721
0.0277652304919
0.0160874506516
0.008019880331
0.0485659099688
-0.00538941223964
0.0131235739898
0.126153148954
-0.0152202284766
0.0997708281142
0.0860647208293
0.0521774137836
9.6191095782e-06
0.0531895986014
-0.0289791938799
0.0620753813708
-0.0733740117581
0.0251129521868
-0.0115383262315
0.0227159599518
-0.043854894291
0.0189776169733
0.00574130728433
0.117649056343
-0.0128335441353
-0.0503848040138
0.0303914785763
0.0320862767018
0.0510714246641
0.0357445790467
0.00457459433855
0.0656697164419
0.00766085408581
-0.106686723701
0.0280689070959
0.00168641618678
0.0380635896395
0.0706689690057
0.0971744646664
0.0428309071132
0.0353262936768
0.0652054505348
0.0356940812684
-0.0141349189337
0.0684783191519
-0.0178857487076
0.130136526967
0.0660242707286
0.0493279633565
0.0814195333969
-0.0926926583739
0.0493089072406
0.128723382087
0.107769173292
0.0363874210058
0.117569161562
0.0869536039516
0.0320048665263
0.0224038600529
0.0693364734079
-0.112937763878
0.129603059896
0.0294556864903
-0.0604920419822
0.0495019621578
0.00870724362263
0.085064164072
0.0210606279062
0.010555915451
0.0703026016766
0.0513252878253
0.0636836790732
0.070424433882
0.0898265232942
0.0591325344486
0.0719366225979
0.135025050062
0.0399731451757
0.00394223565845
0.0304684412485
0.0023238215592
0.00761934362284
0.0209465834726
0.103497703453
0.0822988341576
0.00677792345039
0.118195754515
0.0950862954659
0.0691847895591
0.0402542517863
0.0141634451429
0.0835888682271
-0.0213184285969
0.102768389716
0.0360457582435
0.0249463103136
0.0962652740236
0.0802441460268
0.0546900881582
-0.0596552088049
0.024418181664
0.0670958530912
0.025681345989
0.0317924624465
0.00854322031434
-0.0509213043453
-0.00473654216303
0.0371537932069
-0.00917009157099
0.0656265280379
-0.093849846495
-0.0102170122053
0.0736603091992
0.0273003611766
0.00989372100258
0.0646947338758
0.0162202655572
0.110435892659
0.0784713633004
0.0815208223357
0.0965971223462
0.0484706831031
0.00163896461081
0.0690158868793
0.113541950863
-0.0196382288727
0.061882830048
0.0626649439758
-0.009182111186
0.0546774818481
0.107519093405
0.0676124823079
0.124538800894
0.0409564138484
0.0177047211593
0.0824848376998
-0.075992933134
-0.0247186207614
0.111654046048
0.0355694388397
-0.0748268952656
0.0941181075026
0.0776782457402
-0.0713369229596
0.0735092637933
0.0549723098732
-0.0754540588382
-0.0750147499655
0.042260774086
0.0931353771962
0.0507371976726
0.0275446207788
0.040327106647
0.0287411847113
0.0212341557171
0.09967227135
-0.00555567336601
-0.00654364523394
0.088349356603
-0.00520485083088
0.0107330714128
-0.0774234852687
0.0381477250308
0.0554808632998
0.07269969066
0.00172185943766
0.0420941998809
0.0952250062524
0.0951823740562
0.0313962979114
0.0932407554052
0.05085156152
0.00993364506162
0.070820384137
0.0777918134589
0.00375995887876
0.0434023981946
0.109675196371
0.0858699503142
0.00325611763117
0.0803760692947
0.0689794931125
0.0832464242348
0.0306243102767
-0.0800133361581
0.0558192192836
0.0926438460209
0.118146352622
0.081274356996
0.0494338735925
0.098096963354
0.0536487935266
0.0869060110964
0.0535045463938
0.076486823298
-0.080521123949
0.136524935824
0.0937921836933
0.0639236056246
0.0726243683046
0.0894919577174
0.0380381568834
-0.0149108031312
0.0795585906099
-0.0260363976043
0.0126092736381
0.100436982754
0.103886813855
0.0108770656819
0.00876488175077
0.00469937124677
-0.0310529517616
0.0904448500698
-0.073500815322
-0.0169443215408
-0.0424291794995
0.0916140717857
0.0631505459476
0.00428885707417
-0.0516834211205
0.0465323509179
0.0762761238466
0.124457098861
0.0262835643794
-0.0215560722637
0.0888240864512
0.0220523678549
0.0894783360036
-0.0569720489035
0.010196997162
-0.0731637306213
0.0932286390608
0.0295777242487
0.0462646352335
-0.00797088191247
0.0147109421658
0.0621111635724
0.0218909605252
0.123461734646
0.0829270222584
0.0467081299571
0.00605247203347
0.110224770014
0.0182949437084
0.0749288936721
0.110538530044
8.09800812984e-05
0.118070985883
0.0401275494367
0.104924807498
0.00593201416225
0.0120664434246
0.0811036833841
0.13541906
0.0844428652001
-0.0155318652798
0.0707218658907
0.0607404816237
0.123119615723
0.0524587020023
0.114804309603
0.000560662501731
0.0473622282361
0.0425813840245
0.0565365915954
0.0877585009613
-0.0133704111271
0.0072832876257
0.0457336164754
0.117239802744
-0.0174301310438
0.0639417540994
0.0681393824562
0.0763097342265
0.0503450914413
0.094320921245
0.0857909284239
0.0623557036956
0.0803026214062
0.0446101887555
0.0583623773237
0.0902240444267
-0.0128689202908
0.0735777429463
0.142872418266
0.0157462755937
0.0461826004654
0.0142535893972
-0.0128294631146
-0.0429957363439
-0.00900862381428
-0.0305433110513
0.0537231013561
0.0206830321098
0.0435279449254
0.147745506067
-0.0495967126149
0.053913365136
0.0542790360814
0.0582395703192
0.110267683777
0.0282624350798
0.112747437913
0.0170222622022
0.0341586793808
0.0307544254368
0.107950530916
0.0880798703615
0.0909490442996
0.112151863986
0.0988217886771
0.0866555343423
0.114734816973
0.0814355904892
0.0139743844715
-0.0116791837643
0.0113495464052
0.0642336805294
0.0627047068452
-0.000159222581095
0.0166485019081
0.00351468643042
0.105129951852
0.101473955222
0.00369532659426
0.0963799906845
0.0721902563103
0.11694458151
0.0289555009184
-0.0360736043735
0.0746786864764
0.0451675326908
0.0538478753335
0.0420328778666
0.0477316747526
0.0865263659535
0.00275418295545
0.073257119265
0.0142682147848
0.0328885150313
-0.0190765182677
0.0992518285928
-0.0235945911948
0.0950853717573
0.125513550026
0.0337457826689
0.103803077148
-0.000579817363959
0.0292523046232
0.08063946178
0.0486864983221
-0.0313637407695
-0.0632622777214
0.0197829653494
0.0733783282308
0.10079122986
0.0698777923757
0.0282757751598
-0.0050071539247
0.0750870504412
0.105643327533
-0.107855979403
0.0432775283672
0.108940430111
0.0618261247665
0.0736079153376
-0.0224167578317
0.0115689599446
0.101600081954
0.0011151564982
0.0472467289069
0.0379951993117
0.0723329923111
-0.0361381240943
0.0222372948752
0.086240297542
0.0312097874306
-0.0585313571468
0.0239922012254
0.022500925563
0.0169920602801
-0.0824436663842
0.0442931236962
0.0691085889051
0.11554634681
-0.0169715113623
0.0618202562162
-0.0630608363392
0.0897143942148
0.0188459803431
-0.0309370244181
0.0147383348131
0.0336442524474
0.0175803597249
0.010682164011
-0.0277736081124
0.0822245645023
0.109776251444
0.0476329754352
0.0609169966245
0.0758618150296
0.109560030011
0.00487050614201
0.0739475941085
0.0884293218112
0.0517630114449
0.0695850012306
0.102934954302
0.0832902054068
-0.0152443438963
0.0905188097488
0.0765669303186
-0.0271467684352
0.0935035319356
0.0555460867249
0.0811409147899
-0.0898067706699
0.0352613059926
0.00899672450319
-0.0114628769986
0.0801905868004
0.0772116377227
0.04957643112
0.125596412729
0.0642833684749
0.0849327665862
-0.00515526940011
0.109025570914
0.0401794040351
0.0807377818243
0.01725471558
0.0438003668761
-0.0347063682099
0.0974629357805
0.0379475432359
0.0864714887265
0.109375092719
0.0713424313156
0.0426427389452
0.0896748208686
-0.0160625120046
0.0915013045169
0.0214733402262
-0.0028407440963
0.0576961942818
-0.00297457918863
-0.00630559442454
-0.0126685340959
0.0552125142952
-0.0163375163495
0.0645735643777
0.030929168452
0.00162193927733
0.0731512089714
-0.0196627708288
0.07974895248
0.0244931545855
0.0987347192607
0.109422747858
0.0682327405551
0.068730230645
-0.00507025123291
0.0864781212557
0.0882746627128
0.0220552642888
0.0922254647967
0.0742021390777
-0.00163914826671
-0.0187019251357
0.0387457633596
0.00349943038748
-0.0133928677697
0.0493278221762
0.0774014164446
0.129696729715
-0.0151279145629
0.0465806141621
0.118361285168
0.11203497742
0.145998606462
0.128836933944
-0.0121791204375
-0.0133396111759
0.0200185907028
-0.013324807735
-0.0176858499414
0.135441296597
0.0899818981168
0.0695777790809
0.0358319321768
0.119429061659
0.0900061713342
0.0944662816283
0.0484785244061
-0.0833119242797
0.0147488915665
0.0685840544934
0.026650239696
0.0545834641451
-0.0430993939906
-0.0360938611747
0.14235392535
0.0866892061142
0.0948809573352
0.00988797755995
0.0535107110735
0.010322369422
-0.00460106273153
0.125745605842
0.111080201803
0.0974589919309
0.0731152295291
0.0511159722922
0.0698484384443
0.00867132834841
0.0552419928997
0.0981648560675
0.0883320496372
-0.066947496595
0.0994267401015
-0.00100941423995
-0.00963073719608
0.0603785128185
0.0878042538453
0.0578737274823
-0.0193392398647
0.0439869173597
0.0810091768988
0.0542507280418
-0.00762840007785
-0.00420141937185
0.107485042311
0.0386126952968
0.0362237570084
0.0147441745342
0.111438531901
0.0969922431638
0.0184931317394
0.135580125493
0.0332352309656
0.0945831300972
0.0780528557963
0.097626373609
0.073551175899
0.0107724979603
0.0560031285172
-0.094789696268
-0.000270042100246
0.025067898997
0.0350443173777
0.060243149822
0.104780837522
0.011955396355
-0.0723882732324
0.105358980958
0.0122636151231
0.0755648054037
0.00673414452792
0.0173597984307
-0.0117421627078
0.103067046519
0.00507209667657
0.0788020288476
0.00145168862244
0.0316337256777
0.0583426039761
-0.0444789764245
0.0301038900414
0.00617650100478
0.114729218331
0.112186199089
0.00321967027031
0.09963440352
0.0611828620567
0.0808748822683
0.0726328252797
0.0332318947578
0.0970592595806
0.0828010734023
0.0764864018965
0.0716705310716
0.031160158015
0.0270830701909
0.0136930609334
0.0981412466723
0.0942592426229
0.0849532663171
0.0394747237308
0.0689831408474
0.0117583066775
0.0726055967172
0.00642867218603
-0.00604193371906
0.122406430534
0.0920193884729
0.0665175493943
0.0205197945658
0.0810124646311
0.0263455727162
0.0472063921992
0.111955962703
0.0290629248427
0.114945317671
-0.00487229541505
0.0582042667232
0.088184074226
0.0493712163162
0.00644472096053
0.071802815176
0.10018728404
-0.00966683779666
0.0381134207123
0.0842943837422
0.0946005098533
0.0380740875629
0.0806805206521
0.0573640811126
0.0822491083277
-0.0531830970022
0.0768488958171
0.144192357294
0.10831396926
0.0034340107872
0.042435108568
0.0671446846321
0.0738116691543
0.0161897435443
0.0844797063691
-0.0113058671223
0.0721535230414
0.0987517958024
0.0775267052814
0.0803846662641
0.109237092539
0.0815496072384
0.00648459822418
0.0299330190849
0.0669969381341
-0.0361117721676
0.113845847234
0.0780231670077
0.0336423334142
0.0813093539873
0.102430317502
0.075589208319
0.0783437743311
0.113975999508
0.0728838198395
0.109330676291
0.0585772547018
0.0617428613087
0.0728467960817
0.0360294919008
-0.0177839264704
0.0090894529841
0.116158314784
0.0577373122271
0.0891223013175
0.132296933444
0.0142560084726
0.058281935513
0.0281679229706
0.0692046044952
0.0513826228627
0.0967976788308
0.00455895163845
0.01707611336
-0.0301030561581
-0.0295409205218
0.0444907717002
0.135257641563
-0.0137060590868
0.0279484399354
0.120850339152
-0.0199265705619
0.0428264140042
0.0398283198901
0.0192029314767
0.118046999642
0.0224789983574
0.0551190946272
-0.00548916309778
0.00488619649147
0.00924352811942
0.0618973610244
0.121101488747
0.104059763294
0.037139362704
-0.0517762196657
-0.00686588355288
-0.0119147794204
-0.0675878828195
0.0263973406233
0.0508743148196
-0.0730009870994
0.070551581161
0.026075610953
-0.0696505059287
-0.0109535156752
-0.168873716895
0.117016029729
0.0995261362877
0.0133383633742
-0.0518725952127
0.131169370574
0.135005107213
0.135496035917
0.00787061658011
0.119081681445
0.0553618082177
-0.0590279230449
0.0166755630014
0.00267652052415
0.00704467382708
0.0654535174095
-0.0245183062816
-0.0263814036387
0.04950710388
0.0937614878069
-0.0180127056146
0.00355363266128
0.116060104002
-0.0491353961896
0.0907269867645
-0.00460532632023
0.049797782414
0.0654038945685
0.0595462380905
0.0364628734936
-0.0105714382964
0.0115620517703
-0.0268939821085
0.10157206454
0.0583706308217
0.0323475259992
0.0372884499736
0.127614450723
0.00846669531623
0.0481372605818
0.0348081460602
0.114543691739
0.133558409895
0.114632541721
0.0474314607955
0.0777224789622
0.0843878426714
0.089816429745
0.018151328799
-0.0169750019952
-0.0535647669641
0.0810490692579
0.0186668811453
0.0713864863369
-0.0897390427081
0.107831692419
0.0693362758313
-0.0291344632369
-0.0510653869551
0.056080828103
0.0640606882255
0.0293450175223
0.0644784527633
0.0804420490774
-0.00490945516489
0.0478263046283
-0.00382705420297
-0.00792940884255
0.0985860472612
0.104174228042
0.090734877034
-0.000530298795304
0.0326773263487
0.133439710409
0.0597344947804
0.0601926572033
0.0659923671782
-0.0184512212819
-0.0143100571092
0.0671508894385
-0.0148645251811
-0.0211094126045
-0.0219454378841
0.11765773148
0.0984189028675
-0.0489065724329
0.0414382211061
0.0964387389022
0.0210906119274
0.096873585977
0.0661652071605
0.051767829933
0.125399716463
0.0442828022934
0.0434595740548
0.0314485920278
-0.0020284219837
0.124675752056
0.0271123962597
0.109341045577
0.0553726311958
0.0438403834912
0.0275704343816
0.0638905443341
0.0548180943901
-0.0618315073314
0.130754053908
-0.023395828447
0.0539851084239
0.111206988878
0.0876246828483
0.0298689346373
0.0232154605908
0.0419938356567
0.0015389537431
0.0775976939787
0.0914934272145
-0.0205545269519
0.0812801643076
0.099943486079
0.0786474193092
0.0688891782977
0.0163901046112
0.0875148372151
0.0521468330565
0.0840136798049
0.106288869851
0.0948860398747
0.105304500209
0.00732049526482
0.0611656501096
0.0545196410252
0.0103953811244
0.0434220679966
0.0999914907797
0.125428169382
0.030950223836
0.0231308573171
0.0735877980814
-0.00585454909536
-0.0525678268984
0.0923415986091
0.0733039237047
0.0956693473356
0.10452302676
-0.0430017644138
-0.0143848232873
0.0957506428081
0.0330305565486
-0.0620128298404
0.0272633179099
0.0835016407884
0.050182329624
0.0226156362194
0.0501236254612
0.0251874967444
0.101871798317
-0.0602173492328
0.0558648046798
0.0540195675485
0.0303159564936
-0.107346111569
0.00964410798735
0.00186746854987
0.123974148232
0.0853125839408
0.0854098122928
0.100554903719
0.0309273616549
0.0636862441244
0.030203812346
-0.032443983721
0.0630647138021
0.0702694402438
0.0450083910482
-0.0359133523021
0.110242582253
0.0887791193363
0.0148380787472
0.020316300799
0.0467677279318
0.0253310900543
0.0554156423939
0.0602354875213
0.0413816936245
-0.0810409884195
0.0989173692443
0.0738364737692
0.0653214893641
0.0346254206549
-0.0234691803568
0.0843757474533
0.089713418098
-0.0609431394155
-0.0271066206745
0.0415788028786
0.000949794168132
0.058128409619
0.039792392069
-0.00127096600664
0.0146468826573
0.108219026755
0.105920554718
0.0885918734466
0.041588673048
-0.0330747232007
0.0928478878414
0.077935109386
0.0350495793344
0.117601681922
-0.0470153980771
0.0508310443203
0.0344882121419
0.0963002131754
0.0795101815454
0.0333990962419
0.079985515306
0.101654282766
0.012250037836
-0.0649190250225
0.0230765879601
0.091970062281
0.065112804616
0.104958089873
0.0250328233594
-0.105396487205
0.0428742135409
0.0360129712554
0.0539222485231
0.0949969277704
0.0511297093125
0.0963323449131
0.1020639519
0.0165240793519
0.00725978181523
0.0872222434676
0.0240295538742
0.0704716862326
-0.00619170962954
0.0391736178222
0.0357071671723
0.0947192890017
0.133784396569
0.122428350247
-0.0241485687727
-0.028141265945
0.00955126911414
0.117287874968
0.0435601508482
0.11319684435
0.0709649630701
-0.0268550728397
0.0697316112935
0.02273822341
0.0725661496117
-0.017984688715
-0.00406798560116
0.0709899749157
0.0495637509973
-0.0955172118836
0.00505326547782
0.0828952888029
0.122689875251
0.0331898985792
0.0111203993667
0.0715195544614
0.0381207241397
0.0255696879912
0.079501422982
0.0449104393878
0.043937428685
0.074080530933
0.00846898636643
-0.00600894692817
0.079120924638
0.0391504166334
-0.0190984693857
0.0430322169928
0.100007065408
0.0632565467185
0.0917272245462
0.115260687464
0.0267383315543
0.121686456703
-0.0289715584837
0.0910188948445
-0.00205232882865
0.0244074488178
0.012135582375
-0.0427550869854
0.121300703036
0.0947794328509
0.0598377101757
0.0175585350211
0.123062025292
0.0998761238838
0.0727734974179
-0.00976320311149
0.00445413601395
0.0105033484298
0.108856805364
0.0921127180017
0.0129899210526
0.0428179990836
0.0651589212157
0.00340360152827
0.106127804323
0.0915432219848
0.0176350963103
-0.088598215747
0.000556600671834
0.142804848595
0.0918174451797
0.0931528770247
0.0690249358696
-0.0632483506277
0.112440767629
0.0704918541717
-0.0165609481165
0.0521503764428
0.074634064157
0.0779273827078
0.071161489944
0.10578807822
0.0943702247774
-0.0636169399777
0.0407161940159
0.0724690803647
0.0524183664524
-0.0688295198771
0.0462514470365
0.070502791853
0.0924246763194
0.0158287436787
0.0672789291906
0.0583980355562
0.0665033320184
0.0380549382175
0.0682160436053
0.0173708743079
0.0675977020696
-0.0277398611653
0.00276991250318
0.076988842454
0.13983324391
0.0765446475778
0.0239221600953
0.0446045622475
0.0144637070381
0.0919612844607
0.117854216764
-0.0314301136644
0.0115385464988
-0.0144103624237
0.137009012629
0.0505712172747
0.0777148520688
0.0895659123796
0.114460709177
-0.0866197231708
0.00710033825057
0.0630288401978
0.0420533350268
0.0752723510595
0.0606179281687
0.0288339360757
0.0427157733053
0.0272028892849
0.00139148593934
0.0913090179208
0.078321399304
-0.00819514630591
-0.0338245575115
0.0453941128579
0.0296855478202
0.00319169650249
0.00189868870247
0.0331253953101
0.0815854783577
0.0224964787263
-0.0221415320581
-0.0761961500599
0.0750179065867
0.00469336734879
0.033933236353
0.11813670576
0.0492642023235
0.0645780462313
0.104428216964
0.0393407928935
0.02692885085
0.0506963901556
0.0288596844546
0.0124058351662
-0.0707909711769
0.119767473047
0.0157591006164
-0.0296036224856
0.0891805646007
0.125910008327
0.0932518716425
0.06520036264
0.0850432443568
0.0660631015062
0.0962734453746
-0.00709334302321
-0.0272122143125
0.0627633048857
-0.0198139392735
0.0905570388858
-0.0228971053187
0.063198102984
0.125104837326
0.0348900209881
0.130280620663
-0.0790436996123
0.0610762299371
0.0864019496954
0.0697432008782
0.0468462035104
-0.0144975742483
-0.00979907524812
0.0356803784916
0.00978428764548
0.0585967683501
-0.0870396531958
0.095413525615
0.00983133258683
0.113560462545
0.0281012583059
0.0277102763829
0.137021993261
0.0662801329348
0.0875632785445
0.0980817379035
0.100592936222
0.0456923495942
0.0315337463087
0.0621450293097
-0.0780162320791
0.0330186220373
0.022247399828
-0.00132097942294
0.0129570401555
0.0474712248117
0.0987579715618
0.0337402552559
-0.0185556514621
0.0566246499012
-0.0250270005459
-0.00513578471281
0.00412016871018
0.0765934174211
0.0985908043056
0.0979684152228
-0.0172002907251
0.00212918643095
0.0408793795539
0.0370143701754
-0.0246132209911
0.0472135809711
0.0561629529364
0.109681794068
0.022856871479
0.0602726380796
0.0649077705552
-0.0167394998132
0.0700976610201
-0.00335976658048
0.0292291542453
0.0713780086272
-0.0280026445029
0.0246422430481
0.0471166928731
0.0927154910831
0.123674229253
0.022637977894
-0.0113911098563
0.12748345304
0.112428250358
-0.076534977302
0.098192468161
0.0240485588005
0.00516242520329
0.0964519936081
0.103027422262
0.107833371589
-0.0251821819763
0.0674458314741
0.0160723940862
0.0283191112505
0.131201029
0.00701225357549
0.116379470863
0.0901610428685
0.10350467154
0.010051899867
0.0845205222069
0.0212099162011
0.106975381698
0.0698423066912
0.0349152623233
0.112373798412
0.0793967661086
0.0383921385399
0.0729450939403
0.0730023340023
0.0700105405736
-0.0783231438657
0.0464120437373
0.0432721425104
0.0481521549837
0.082324434816
-0.053125912998
0.0907754893248
0.0468361497427
0.0642235830244
0.0966056994875
0.0454925689105
0.128046975338
0.0730147172157
-0.0279616184772
0.0681403451609
-0.0481750483005
-0.0639017838765
0.104886609745
0.109010676894
0.046380460046
0.0301876634001
0.0742748824242
0.0510690745706
0.0155930327
0.097873071692
0.0883251978857
0.0519794258256
0.038465121997
0.0614468720596
-0.00769176880465
0.0923118441908
-0.0264106548408
0.0907661646572
0.0949387184292
0.0399743798058
-0.0289960673868
0.0977120989954
0.0181220109536
0.0129247093919
0.096631250319
0.0697020307187
0.0659543525879
0.0693721966026
0.108534024001
0.032415055303
-0.0131898538234
0.0108797211194
-0.0223616096202
-0.00291099552838
0.0966604510737
0.00491558696441
0.129344500594
0.114628689059
0.0449901927223
0.102830594165
0.10245774852
0.0251263814372
0.0972753494424
0.128879834382
-0.0460552407923
0.0794029088433
0.0460027929701
0.116186688981
0.03031766446
-0.0395236763793
0.0913934489238
0.0389973020332
0.0246171602671
0.0889676491325
0.043482181149
0.0385227677854
0.0564556119987
0.0724980308779
0.00774851486776
0.0886639342816
0.0829557221895
0.023131581094
0.0571327575528
0.0733820112346
0.11533381753
0.0910981381281
-0.00868205964015
0.069258048746
0.0585343825775
0.0704949190005
0.0960713442975
0.0171665397689
0.070322118993
-0.0320161672837
0.0167554111853
0.0585321695474
0.00520515821927
0.0719369561663
0.00257201855915
0.0233111695833
0.0404531320105
0.072899420554
0.0326152849402
0.131791905061
0.100763312754
-0.0546187517357
0.00315473071799
0.0556139638864
0.0432496627114
-0.0625668647132
0.0212791165246
-0.0213629252721
0.111113814302
0.0778801384367
0.0708289160983
0.0836234501416
-0.0539113788685
0.123313528594
0.0501477847423
0.0464887430484
0.0498752187585
0.102643233456
0.137144880547
0.0707186053469
0.0892612149968
0.0463316604666
-0.0495268366966
0.037305510542
-0.0834379698283
0.0624509642182
0.0575119384681
0.0221013283377
-0.0105103707398
0.105513013469
0.033410904873
-0.0130735846407
0.0775415426608
0.0514935787132
-0.00107448822983
0.116908665239
0.128321602972
0.0805770824827
0.113083381371
0.0185607885573
0.0822072406879
0.0813009359185
0.0737575422264
0.0678533273896
0.0739789186722
0.0275582229765
0.0404766872893
0.0186698654945
0.0904460841012
-0.00269390161515
0.0404612844628
0.122221858092
0.0477424551731
0.0616009116489
-0.00124819877949
0.0748511181558
0.012789319455
0.065722188337
0.0575661849862
-0.0912000895081
0.0255891206647
0.0683070756476
0.0991014787728
0.0680020005719
0.0727833479565
0.0216618879014
0.0457806422618
0.0693815635816
0.0981906238136
0.0526182160307
-0.0404131434361
-0.034069994861
0.035671414788
0.0975735376253
-0.00419625350633
0.113245091823
0.0636475789459
0.00167949619222
-0.022287083308
0.0527323802776
0.0395815672919
0.0820192385805
0.0747321585587
0.0921659754566
0.0860344374329
0.0181955442375
0.0753585677302
0.0590399803671
0.0926855805213
-0.0499482983148
0.0566783527783
-0.0128124856688
0.0970564481199
0.0977860322437
0.0586490148635
0.10127389662
0.0441683755463
-0.0443580550744
0.038670896195
0.0571513417417
-0.0230059525247
0.100061421728
0.0783693089019
-0.0806125842174
0.0681345730867
0.0202507669873
0.00594565392951
0.0623724781395
0.0682257255555
0.0510395940629
0.0959384042523
-0.0273088113598
0.120335136602
0.0665759197741
0.0334328954922
-0.0177129253891
-0.0116861128348
0.0671993103484
-0.0369013185128
0.0517553179661
0.0733268188478
0.0298380786367
0.141602291106
0.112247369445
0.0576006677247
0.068550793199
0.117446930117
0.0545140916824
0.0369079288682
0.0861607307163
-0.0104711680368
0.087223886318
0.00550847916207
0.0856196136311
0.123021159898
0.0930958456232
0.0247970000708
-0.114695305058
-0.00258717284963
-0.0515405994361
0.0258406658785
0.0777222940644
0.0748132887073
0.0513399947373
0.0851076959765
-0.00492292847678
0.112022512067
-0.0585091496059
0.0796055702805
0.113986585743
0.0785926770159
0.086603773343
0.0777785099896
-0.0230444572892
0.0240764998345
0.131618986245
0.0513337231275
0.141965124078
0.00442375769094
-0.087138242895
0.0601697995294
0.111357404095
0.0943141336073
0.0360293699303
0.000409406139819
-0.000545379865247
0.0394201826553
0.00817461020221
0.0896775290244
0.0759174329412
0.124167634516
0.142630237559
0.0922217929143
0.0665225595748
-0.00215302316175
0.0927207410357
0.0298075139838
0.0547584177405
0.100102122827
0.0574538096154
0.140363758997
0.0933506897757
0.0649765664319
0.0651266454424
0.0277784344249
0.101427399193
-0.0337868333183
0.0797236690479
-0.0219270837495
-0.0026721103953
-0.0259899680373
-0.0566246018009
0.0422939577575
0.0180426985241
0.0337615492271
0.0488322063607
0.101107721496
0.0709301829909
0.0388327662525
-0.00298825656495
-0.0117756697748
0.10238522856
0.114442671978
0.08948095772
-0.00533646195595
0.0475918687381
0.0471733647056
-0.0486906098696
-0.0397543757626
-0.0105153108102
0.0410367069909
0.0730769015084
-0.0141817562773
0.0527383538768
0.0593673357287
0.0354843523769
0.0538230110055
0.0527068480016
0.0398744654785
-0.0822284384789
-0.0520285683418
0.0387002301593
0.0776391990602
0.0620678505453
0.0252042645029
0.0090134358835
0.0712990745927
0.0766525264443
0.0746340010639
0.100834778185
-0.0426987685423
0.0845460936889
-0.0100665514372
0.000296068963234
0.0891171122821
0.0838735327124
0.113756561424
-0.0938785175929
0.067833531305
0.078905336888
0.0109966256014
0.0723691783703
-0.0159286484986
-0.0145116447833
0.0319569330134
0.118664520874
0.0139688733314
0.0303511143159
0.113869679106
0.0733428035162
0.0791185295833
0.0256650528691
0.0926358955324
0.0857896183289
0.0927618342118
0.0281789156426
0.0562621281277
0.0403813278361
0.0591158707753
-0.0516747719463
0.0932903614542
-0.0240859752889
0.11587423659
0.0954546002483
0.104986202498
0.0198381152911
0.116427313303
0.0554926294697
0.0288109117953
0.0637538300666
0.0246016002741
-0.0658721186342
0.0476633832952
0.107398400669
0.0171863371719
0.108098786261
0.0782301825446
0.0440123976075
-0.0124132760012
-0.0414528233397
0.035231475409
0.0985973613978
0.102031179445
0.0806115718021
0.00366785671882
0.0174520742567
0.064212259423
0.119879598823
0.0826587210998
0.067259297302
0.00212289689011
0.0746098727317
0.0694194448701
0.133880781002
0.0473885710487
0.0656536439324
0.11077491034
0.0529514683755
0.0385313803738
0.090566913229
0.119044372515
0.0136768544695
0.107209880643
0.0265986018362
0.0292973302094
-0.0613975054314
0.0200204877472
0.0645445755848
0.0120285383122
0.0244627045419
0.0928557721371
-0.0277100463091
0.0537725606024
0.0205452636287
-0.0349811813924
0.018584872908
-0.0222885086906
0.043438961335
0.128700582105
0.0757182377896
0.0991808361246
-0.0598388123799
0.0474163935026
0.0172563873553
0.0101510089114
0.112456534704
0.102823745251
-0.0206099968567
0.0545645709741
0.0387908127516
-0.025685757686
0.058842333998
0.131601987225
0.0225995312862
-0.0232690875245
0.0583188306737
0.103508838145
0.0357918973576
0.015734917284
0.0338617275602
0.115896938721
0.119417822806
0.125583794668
0.0216151275987
0.0865161985945
0.0486998229408
0.0340889423538
0.0467205021239
-0.00377890690329
0.018941899518
0.117568972248
0.0485019999026
0.0226737425273
0.116103589099
0.0829089549778
0.0948314780793
0.141126933325
0.0279770831295
0.00356603780143
0.0968653738964
-0.0187441394318
-0.0263021809308
0.0463072882121
0.0560022764877
0.0591218306384
0.0707992261056
0.0718085207135
-0.0197794264828
0.0738907605551
0.0873236580701
0.0800119802061
0.0929964090383
0.00308849687011
0.0562907301393
0.0310052483984
0.0865176868406
-0.0233409338992
0.0616210470878
-0.0346600971176
0.0597658709771
0.00110780261211
-0.00634769770309
0.0193896651611
0.130560735843
0.0147611156291
0.0745085624014
0.0159374605831
0.0401835029381
0.074059264575
-0.0323869759789
-0.0083318255936
-0.0137431456152
0.0233084908173
0.059606948944
0.0546811588918
0.0875160172677
0.0222724910005
0.0468306510197
0.0271398870035
-0.0319325675991
0.0983788426549
0.0370821883435
0.0621485756872
0.0474519722457
0.0975355063019
0.031449379151
0.0808378395607
-0.0320921725532
0.124014815068
-0.0350222648077
-0.0395023787992
0.0991215861294
-0.101489755252
0.108604504007
0.106057457097
0.124325461367
0.0762031605821
-0.0460673937955
0.094809171896
0.0265009434093
0.0164366715774
0.104019061855
0.0309421399542
0.134752862388
0.0361746735225
-0.0433973618777
-0.0383632881543
0.0146088729333
0.0155177169865
0.00232363049288
0.11195885168
0.0871246466091
0.0181503254788
0.0662677239946
-0.0162960381391
-0.0442569304031
0.109941213196
0.0808615660903
0.0975028982157
0.015717801546
0.0596163700751
-0.0103259336671
0.100087844864
0.0805831505925
0.140944391085
0.00202839402297
0.057465396755
0.0997428759688
-0.0382438355336
0.0898920880516
0.0962140369697
0.00827433788375
0.128407190224
0.123255906018
0.0383711771205
0.0668336302094
0.0385355669884
0.0542399793126
0.0513313738908
0.126447750568
0.117498485295
0.116664796074
0.012695177803
0.066382932116
-0.0202446033522
0.0265876744224
0.0913914015146
0.0383730175893
-0.0350163855791
0.0530082422506
-0.0189074149735
-0.0135275347445
0.114605547101
0.0904340317591
0.090062479375
-0.0455797315964
-0.00998597234576
0.0758703651238
0.0701470183694
-0.0304241444439
0.134747066373
0.072845382632
0.0094609141948
0.106079600459
0.0516300121604
0.0516219116187
0.0727425331696
0.0985045157196
0.0692542824256
-0.0229259456231
0.0827178760613
0.00810994833742
0.0265144449773
-0.000994127172842
0.123479915469
0.120072076562
0.0401788089122
0.0234457985095
0.114559963995
0.0570151772615
-0.0209638267994
0.0400813615879
0.0326764890934
0.128402444418
0.0319028240791
0.0959636491288
-0.021891124957
0.0247908236001
-0.0198507243495
0.114411591871
0.0396742816624
0.0867260833123
0.0481774096664
0.00157687104512
0.1071125756
0.0115408065957
0.0205494272357
-0.057799386119
0.0649072525108
-0.00490931588778
0.0655474636052
0.0512352621142
-0.00166086846786
-0.000185391021597
0.0755357745092
0.0887651706727
0.117316407706
0.0928914715096
0.0200056176457
0.0185627774468
-0.0832245558571
0.116647167691
-0.0212752495545
0.116336834054
0.113803368867
-0.029094145599
0.000735333904111
0.0521992985087
0.069873527973
0.0223555919872
0.0946663474186
0.0882577610579
0.0255311397793
-0.128959126232
-0.00249424178598
-0.0398633825964
0.0956919603991
0.0498386559013
0.0338003070325
0.0955568865288
-0.00207454858877
0.143845293484
-0.0103009514262
0.00769876893857
-0.0471527701472
-0.0561953424217
0.0273264184317
0.0256331426619
0.0860306872477
0.119616648202
0.00425737443924
-0.0639437161821
0.056273129637
0.118099386713
0.00740561883445
0.0737783031635
0.0480798211881
0.112056028122
-0.00616576473006
-0.00943359279467
0.0214609169272
0.0827827091548
0.0310682174938
0.0671563887505
0.0188925633916
0.114951794578
0.10846457727
0.0459964195863
0.0017845984312
-0.0053825088997
0.0981071175092
-0.0214620820641
0.0710824073178
0.118986085485
0.0132761548248
0.100430632764
0.0760894638127
0.111970111511
0.135268758814
0.0434774317655
0.0431058525125
0.121571246365
0.104263315761
0.0605967645121
0.0418976219156
-0.0355082981075
0.100356774377
0.00845891067825
0.0702725865084
0.017015973029
0.057844261669
0.038774683831
0.0366194192917
-0.00884138193273
0.015900969451
0.0899650565691
0.0324118252693
-0.0318541999571
0.0436057762423
0.00276431863315
0.0688975131735
0.0425346524808
0.12292619525
0.0664359688457
0.0947452803123
0.0690718029371
0.07706423304
-0.0639935635538
0.0503167635735
0.120608051126
0.0395961768677
-0.0307327434241
-0.0238447609922
0.0863512127115
0.0930180749459
0.0409120588732
-0.0432946093403
-0.00325389916275
-0.0246992940459
0.00417611445603
0.00705132841262
0.109692433281
-0.00685216002529
0.0558598923
0.123500348289
-0.0420092071397
0.0292650196314
0.0633553930374
-0.0253291763219
0.0884966949458
0.0581244748362
0.0483253857526
0.0675984877592
0.0182189578063
0.0339343716002
0.117613966906
-0.0287335049805
0.101497678176
0.0684588365228
0.0659230660835
0.0641119263421
-0.0289501220004
-0.00249537410554
-0.0859753703665
0.044947717406
0.130430124293
0.0507720140568
0.0484119760659
0.0243030400668
0.0998817122865
0.119657166827
-0.0678644743131
-0.0181219138505
8.62809609572e-05
0.0709599830146
0.0799436053944
0.0837318153859
0.0917148809028
0.0483186404271
0.102449175231
0.0805238581064
-0.102741889626
0.0428279722575
0.0856131538668
0.0724497353283
-0.0132571103267
0.07898381725
-0.00798790276926
0.0532323085576
0.0773891839814
0.0536640781148
-0.0050152911525
0.0701923408987
0.063700281885
0.0945001642916
-0.0398628953155
0.0306001543569
0.0941885703512
0.0867265602076
0.039150539624
-0.0354671039555
-0.0137804232916
0.110357993006
0.0524469011286
-0.0228007853981
0.0111393740863
-0.0718173014975
0.0946436765702
0.0201813707176
0.107781115105
-0.0474208295684
0.0441497961653
0.0402343069632
0.0550668390614
0.0977658435568
0.0790004439662
0.00477323826559
0.0606253875396
0.0562352376693
-0.0349732940334
0.0703077465834
-0.0686097864217
0.0212096526758
0.0169497313226
0.0887313557388
0.0241306289428
0.0619680853132
0.00308598796838
0.0813663884476
0.0818938064181
0.112540770524
0.0933779627801
0.0649772258788
0.0133507960442
-0.102492293078
-0.00146177427777
0.03113365911
0.014164079015
-0.0863538475112
0.119641002223
-0.0419168075912
0.0705864284468
0.0373826179341
0.105532405377
-0.00938924793567
0.0237914959774
0.014512303842
0.0741890477789
0.026107624692
0.0300485879729
0.0489687910956
-0.0180351515834
0.0193672282631
0.123525504878
0.0877954118274
0.032901897926
0.019401804859
0.0956255149273
0.113531625676
0.130261295412
0.118471835722
0.0644657844971
0.0410311109351
-0.0234611284917
0.00636913772861
0.0161804073795
0.0352986276064
0.0400572493423
0.092000806566
0.0640929018798
0.0595729952842
0.131282221966
-0.00719130738678
0.00399571474559
0.0383658681994
-0.00753172680792
0.0592825391182
0.0618268362218
0.0551485660636
0.0211302805337
0.0581603608268
0.0927409786372
0.0937786726657
-0.00483399418305
0.0985744395505
0.077986587757
0.0403522825697
0.0560314366032
0.00999042437427
-0.0614722785026
0.0781634848775
-0.0801784672042
-0.00535147305583
0.0671147673036
0.093195198607
0.0514422119175
0.0217675729835
0.0137004397226
0.0262694521995
0.0488993220935
0.0634215236355
0.0238260261781
0.141153062944
0.0578751507688
0.0514317604379
0.0903485896321
0.111925841125
0.0222900847954
0.13013828198
0.062467302364
0.0891457712962
0.137926964299
0.0361923716569
-0.0244474061999
-0.0272211987499
0.0145671599356
0.0359049487605
0.00743247573835
0.0138418581482
0.0324050686037
0.0817528609321
0.128695272442
0.0429243983383
-0.0230619299937
0.0107052888591
0.0344335968913
0.0363233742871
-0.0147110812954
0.0719224236077
0.0385998519329
-0.0176894751709
0.041634996907
0.0416818709881
0.00630629471178
0.0869622331844
0.0812336039161
0.0772843323478
0.0643793095623
0.0849591830744
0.0880745001719
0.075510163304
0.0904427880713
0.0461056291284
-0.0255075695697
0.0324817550822
-0.0348192830401
0.0348140717079
0.0775667671816
0.0323896724736
0.0294031808696
0.109351804816
0.118490413166
0.102254407483
0.0427743878967
0.0410221473434
0.0173069663146
-0.00496343334932
0.0526477090338
0.0340094501274
0.0540030512045
0.0577072508195
-0.0279611447333
0.0644233225778
0.00985665648492
0.0764756275364
0.0545225669843
0.122447733854
0.109289701072
0.00488290068195
0.0881818190357
-0.0219835701879
0.0469563835622
0.00361078907024
0.0887870660108
0.0678959627409
0.0884710995973
0.101048413696
0.0901283294369
0.0627174848352
0.0334057131355
0.0250686887901
0.0315054317287
0.113758843129
0.0885474163753
0.0379047858575
0.0702793599669
0.0473426739519
0.0344607536876
0.0765290079346
0.0293468692812
-0.0627402911396
0.0370335307885
0.0438157866374
-0.0576467919793
-0.0521668451544
-0.0130291591466
0.0637014811313
0.00824605275583
0.0733944347707
0.0751441405245
0.0110821655681
0.0415990015777
0.0104479463519
0.0649932607684
0.108409851136
0.131442957577
-0.101097893425
0.021615302562
0.115385155255
-0.029367350151
0.0961944133642
0.0216437767012
0.119936872041
0.0200337843473
0.0331917547174
-0.0597414588119
0.0748471703603
0.0413944190706
0.101157881396
0.0677419328585
0.0179899248152
-0.011861491407
0.0500280612801
0.0155574671423
0.0119934647312
0.108244550916
0.0308878474045
0.0254567599405
0.0920882866135
0.0901309928144
0.0290571566064
-0.0336872540448
0.0348745041654
0.0794980703909
0.0587708451504
0.0893038045525
0.0955688188123
-0.0047249124459
0.0475533304564
-0.057753586968
0.0623579504567
-0.0347647783578
0.0641728611971
0.0170624163382
-0.01021780844
0.134765151594
0.0225013118131
0.0503485153654
0.0223987251386
0.090229438076
0.0710993791308
-0.00508730447965
0.084621991167
0.0496269124299
0.041780962371
-0.00204468192855
0.124708297214
0.0214571234031
-0.0358255420079
0.00977493765879
-0.00236155907463
-0.0120398440611
0.0854058929192
0.00349322295866
0.129876504929
0.0399580943593
0.00566713433578
0.000713467075582
0.0917678141618
0.0882978653725
0.030049502167
-0.0621547143025
0.0265585054741
-0.0813075030533
-0.0701224227829
0.0886377237612
0.106621115227
0.0528022860758
0.0939890637324
0.0862354561384
0.0599603111461
0.021574064065
0.0103124381017
-0.0133103257048
-0.0328966979212
0.0644085324656
0.081119657498
0.0154793785477
0.0989106326756
-0.0115073695949
0.00425481223237
0.0735362339103
0.0474159740602
0.0449613145147
0.0590153199324
0.0846460421905
-0.0254430599963
0.00812639846425
-0.0327157186404
0.0157143956374
0.0390471905374
0.119648006479
0.0692434828086
0.134140105786
-0.012660449185
0.00217178154864
0.0707600083097
0.0319491474056
0.0949958140491
0.0620080073656
0.0162254028978
-0.00732109514822
0.125520147765
-0.0287298430133
-0.00585931518768
0.0517061168499
0.0485897405479
0.0850917738237
-0.0105535032829
-0.0166661535359
0.117493031229
0.0759791533446
-0.0361261452691
0.01190845257
0.0416680018529
0.0893812107705
0.0920591077339
0.0552481901224
0.0463477676584
0.0913174546976
0.0649493024247
0.00716016770443
0.0424308253597
-0.0154485231665
0.0479923486921
-0.0375946422488
0.0518055677068
-0.0577463062954
0.0812985864429
0.0618174287317
-0.0144951161786
0.1146089765
0.0723993831105
0.0453576173838
0.0510948320849
0.106389031702
0.0974065809997
0.104074645392
-0.0451698218743
0.0339849509504
0.0606320761265
0.0235573413309
0.0926132490741
0.0669497877768
0.0823792000858
0.00735560786546
0.0894697158032
0.0264799224438
-0.00844250996663
0.147166149415
0.00764336678924
0.029867573648
0.0948208312135
0.0521239735214
0.0934174283885
0.0986255386453
-0.0276762301701
0.110837448341
0.074507865828
0.103788511875
0.0384709186025
0.0138683648712
0.0242650733299
0.00715552431793
0.0962895756555
-0.0271027119303
0.00522548029882
-0.070574116717
0.0579726679534
-0.0161554137175
0.0529872671366
-0.029437070001
0.0655673333193
0.0764472814429
0.102757074365
0.0418663446978
0.091471803459
0.0262498460119
0.0244001301578
0.0976425311028
0.000174382089116
0.0164396074363
0.0546498369724
0.0480346901461
0.103137919473
-0.00970964471925
0.0786155253794
0.0730155797468
-0.0216628684101
0.0373764634331
0.0632478270397
0.0365216677223
-0.0268686387295
0.0673632904431
0.0584887943092
-0.0273508175888
0.116635655964
0.079404228187
0.113263600653
0.0748367898534
0.0273164640223
0.0600066446882
0.0946604425988
0.124417351332
0.0112141292309
0.0182300732361
0.0370320560226
0.00925630633761
-0.0600432982297
0.0970075453889
0.025238070335
-0.0153370818739
-0.0264006548843
0.084009983471
0.0580539170015
0.111717659914
0.12918078627
-0.00341448745728
0.0931242013059
0.0746241744593
0.0888028526048
0.0676270271573
0.0834670900721
-0.0336337420501
0.0904250191995
0.0778921461406
0.0998951968061
0.132771515922
0.135940799133
0.0677581145167
0.0928037477863
0.0122294070055
0.0416541202031
0.0801772110036
0.0955365104541
0.011466130153
0.0456833391587
0.0535231313144
0.0631470982353
-0.084641261318
0.0884915064723
0.0855922633213
0.0751436912601
-0.0131561999613
-0.00380848800659
0.0260421503641
-0.00433270081176
0.0902480158975
0.0869697489832
0.103842396142
-0.0680407884592
0.0849742925386
0.0727404904103
0.0881527939626
0.0570497782273
0.0020577128538
0.0595622946338
0.0900487987534
0.115068371864
0.111615323816
0.0822984320573
0.00637814148272
-0.0234948868044
0.00425586462565
0.0203061290953
0.0509985841075
0.11219284306
0.0362432553389
-0.0510713175831
0.0238411687527
0.0509024265599
0.0591782877447
0.0907187834707
0.0248286192547
0.0360074925616
-0.0111268449404
-0.0122880286278
-0.0180415740071
-0.00836242510499
0.0655688994623
0.0327048730799
0.0374177474484
0.0633284516263
0.075353931179
-0.0310824020838
0.127593048418
0.0782709124355
0.0488194876607
0.0500955549729
0.103913827968
0.0377250926994
0.081846078798
-0.0373164277942
-0.0260967849636
0.0550075195533
0.0344487550851
-0.0185663176011
0.0394151912012
0.07103980395
0.11621239949
0.0259335320077
0.103944857602
0.0553524329349
0.104416647078
-0.0098977646754
0.0799096633852
0.0706687964155
0.0786140992154
0.045653415707
0.124733278692
0.0837361667
-0.00363705620996
0.0827324300254
0.100227340252
-0.018494042827
0.0428823859921
-0.0423501811503
0.048378220823
0.0177803812683
0.119427907716
-0.0718114727262
0.119959445467
-0.0447014742328
-0.0393942441893
0.0671311835818
0.0406485959742
0.072175085885
0.0646275722129
0.0405502806015
0.0618042356853
0.0373517567467
0.0612403338824
0.0789183516441
0.114600144172
0.0219953976649
0.05690136855
0.1137553544
0.00173271417024
0.0470680795662
-0.0677030839704
-0.0342167225334
0.112437047791
0.104175751739
0.0394540221369
-0.0376961407492
-0.0295435507923
0.0414653667164
0.126846871604
0.0564837387933
0.0799621702396
-0.043181874342
0.0440434507539
0.016987286839
0.055569610562
0.115326878978
0.00523958109148
-0.00535726327322
0.0738743063375
0.137209364385
0.124549821068
0.075541947003
0.068020513743
0.0684771005591
0.017906310855
0.0993334956686
0.0683556814441
-0.0689752731945
0.121606529798
0.0330365924049
-0.060306737386
0.0739378203411
-0.0136964923155
0.0668950901577
-0.014017198776
0.121643489209
0.0565999345734
0.109927624945
0.106971357807
0.00600751807841
0.049618242256
0.0352523058616
0.00909589361928
-0.0286279959881
0.0610710701854
0.035123506577
0.00603351459252
0.0462271807204
0.0887921511973
0.000815027128548
0.0630461379838
0.00742156472099
0.0966342207829
-0.103489589337
0.0560300985464
0.123734553209
0.0281527700916
0.0395626628664
0.0577149813782
0.00670753710811
0.017157329376
0.0718460958986
-0.118847112724
0.0938193265791
0.0578617392833
-0.10946888138
0.0877581148463
0.105368229314
0.0851982450547
0.0959315569026
0.0175653902605
0.0118760825744
0.082935496137
0.0541741841258
0.0544218662778
0.0264181584004
-0.00121053925421
0.0641413192848
-0.119011798394
0.116603044494
0.103771728537
-0.0321864247235
0.136408121558
0.0492543117435
0.00655699971513
0.0119351306033
-0.0490337569076
-0.0173549250765
0.0700359705207
-0.0293834262549
0.0656945444401
-0.0314737419028
0.0732875948037
0.0877318735326
-0.0167818664635
0.0218189568242
0.0842762582689
-0.00819516843314
0.111030731976
0.0798615031359
0.0273380392733
0.0526012188785
0.141273592555
0.0513211612507
0.066881316663
0.117307651744
0.0408582793697
-0.0100467971554
0.0125621188226
0.0510777555886
0.0197084897706
0.0298422991842
0.0513731408147
-0.0403118847382
-0.0214143387489
-0.0419853453741
0.00599493474535
0.0796206718783
-0.00498189961494
0.118049557447
-0.00361549239053
0.124771477299
-0.0296146131775
0.130994790695
0.0158801631699
0.0593405705985
0.0460551829748
0.0156289710572
0.0117522008882
0.0783027143084
-0.0115379714187
0.0362903960803
0.0953849969114
-0.0469804264084
0.0974234355967
0.00381547074143
0.0790132938942
0.124187015803
0.0579561767587
-0.0435119781166
0.0427802704412
0.0645457010557
0.0921707697549
0.0359768103675
0.105172414812
0.0679441916518
-0.0837211807361
0.0988667155463
0.0567978478746
0.0628756455862
0.0475725480462
0.0705991440853
0.0881925030459
0.0645202621617
0.131209900234
0.127758236228
0.0736324405462
0.142003905219
0.0155714780293
0.0447387584091
-0.00956533221109
0.0552095891212
0.0128348181416
0.112219327689
0.0592211442128
0.101033354883
0.138390421433
-0.0160172689807
0.120291163363
0.0855260076014
0.0064668623293
0.0659825672086
0.124412480322
0.0578972579876
0.0138058471803
0.0125790814644
0.00185081010547
0.0318672654106
-0.0494267205165
0.0609435747429
0.0794579700736
0.115624374479
-0.0143895748789
0.0215739082937
0.0703380439466
0.0737926795813
0.060528806838
0.00305350211133
0.0684252835958
-0.0271111051688
0.10423102947
0.0567223857909
0.101571144314
0.106767922157
-0.041076488483
0.0718417670211
0.0808214201263
0.0666620213777
0.0346246953681
-0.0192314577767
0.097163144718
-0.0404430088857
0.0167238402451
0.0897583824241
0.12987527798
0.0636809327235
0.00796799069849
0.0505706986541
0.0746624000512
0.00474369538116
0.105005362826
0.0789812922744
0.0950390393262
0.0974604693908
-0.0186549655126
0.104840350069
0.068175162202
0.0579082145363
0.101127049765
0.046222956216
-0.136478566895
0.0506894250034
0.0774849708101
0.0839473556234
0.0137919409061
0.0276560698284
-0.0297903647689
0.021787519089
0.0168035063265
0.0296731168591
0.127867786173
0.0486426551501
0.0128412399987
0.0854522435819
-0.130086899484
0.0731393030387
0.0254285994613
0.0466823090112
0.00458236975734
0.123310440389
0.0567357398161
0.0850232935792
0.0749604251537
0.0408630652888
0.0338698757914
0.0619999414279
0.105757801982
-0.00750182889279
0.0543591677099
0.0340053549235
0.033753293118
0.00565821502046
-0.0721877192674
0.0344102640818
0.120370643193
0.117115485851
0.0785448277175
0.0371471581014
-0.0096572810034
0.0478594952731
0.0938231044947
0.0557434290474
0.0378224738107
0.072025582199
-0.0409529419297
0.067000506823
0.0220045995679
0.0953226679574
0.0436419173069
-0.0232332010902
0.0397821132081
0.0078605134575
0.0948139796696
0.0603132703591
0.058012929411
0.0986925731583
0.0214413996323
-0.00580687611847
0.0757621081408
0.0650287435652
0.134513479114
0.0564484598102
0.104667991367
0.13890457154
-0.00962130954242
0.0226351645818
-0.0327051295318
0.0904808288607
0.047580224891
-0.0468352136403
0.0682084610533
0.0628336430755
0.0841047685998
0.0104077604304
0.0646305051767
0.102980649329
0.0241245389453
0.020421531002
0.0280403994956
-0.0296628210492
0.0138312844975
0.03429063824
0.0351879090561
0.0874611438486
0.0277165836828
-0.0055178241754
-0.0258794136048
-0.00242068841825
0.0600705952329
0.0141092804768
-0.000157824692507
0.0593610338231
0.0809461403945
-0.0197324410424
0.0829492227382
-0.0135530888255
0.0225601424722
0.0782572167202
0.0717230090024
0.0230391715625
-0.0608578074822
0.103324241486
0.0831719381342
0.0398475637484
0.0562827280851
0.00375497065385
0.0794841083354
0.142214215693
-0.0704855924086
0.103035996954
0.0131443840449
0.0581382686311
0.102695400845
0.0135190045856
0.112970181392
0.105790295636
0.0706766798728
0.0147956334857
0.00468277461087
0.0357631456148
0.0424856373297
-0.0170023946325
0.0896624922923
0.0274289806402
-0.0253222643135
-0.0224239945276
0.0651231406318
0.117168843085
0.00981462761448
0.0956567685798
0.110646438478
0.0878660090859
-0.0234754491477
0.0167254564765
-0.0535660987598
0.0821442902839
0.0290730567136
0.0342975917707
0.13386064306
0.0591591663923
-0.0312283677547
0.117544795822
0.0646773081544
0.0765075979412
0.0298783649314
0.101178982517
-0.0780673285627
-0.0139332321757
0.0258114866579
0.0727480069893
0.115838244171
0.115592471244
0.102540234538
-0.0416770741581
0.0327890345221
0.0172100013252
0.0398107768469
0.0732559322424
0.061642953676
0.101731519862
0.0245103810672
0.0872407136848
0.06137341031
-0.0109851839986
0.0599744736795
0.0563801040293
0.0395453142305
0.00882748027108
0.0903844625176
-0.0138613931567
0.141086745178
0.002293664667
0.0805033965728
0.0777750811736
0.121358705087
0.0471521866448
0.00605373301712
0.0857237553006
0.0406333744458
0.0586883019334
0.125696941609
0.04586477477
0.0880952836624
0.0121077823851
0.02131159857
-0.0243403241177
0.0482168549085
0.0734581614407
0.0499543516339
-0.0251913461874
0.0266656806017
-0.0271260193499
0.131348849322
0.098301625193
0.0954209134077
0.0896485754667
-0.0789187781795
0.0207528138195
0.0671329037604
0.0358745655418
0.0690947923692
0.0763689942154
-0.00683151171542
0.0217223862626
-0.0128965402768
0.0880572373576
0.0525865870854
0.0180854595239
-0.00366448977014
-0.0702558751221
0.052827850375
0.0307513332156
0.108963107475
-0.0189417530471
0.0114114205462
-0.0620819737776
0.0450104158168
0.0880154320475
-0.0503322184235
0.129091373731
0.0805278011101
0.0563894121135
0.0300356152167
0.011217691266
0.0456048771608
0.0427418784492
0.0941546362438
-0.0709110161784
0.0627028252133
0.0962612403057
0.121795509271
0.098106636716
0.102776328541
-0.0354973207027
0.12394573843
-0.0831801752378
0.118161665675
0.0476919662537
0.0705889746422
0.0976711048126
0.0834025097665
0.1146046601
0.0246749064155
-0.0177262344128
0.0177288903378
-0.00394305707385
0.0670804115354
-0.075429940324
-0.00770844832423
0.0105534075567
-0.0212455084265
-0.0493067688553
0.142874569232
0.0546181464712
0.0747633306338
0.0115797280825
0.122389135301
0.0320537268954
0.0596598493859
0.102520742017
0.0895161992385
-0.0945288937503
0.0976869686856
0.021850926696
0.0189551104718
-0.0122695873166
0.0231145894172
-0.0798758892723
0.0956243968957
0.0553709879703
0.0112277311728
-0.0303775904261
0.0985018267986
0.123651490252
0.0428323922753
0.0498178447985
0.0115576405222
0.109345935306
-0.00935580750112
0.0911781835691
0.110850117589
0.0272322015187
-0.018506229359
0.06402151359
0.0668648261609
0.0262627675402
0.119822120148
-0.0485376343001
0.0920612546774
0.0800206649053
0.0684486856348
0.0807487939874
0.11094140057
-0.0995783639894
0.0135253581054
0.0502203595283
0.0939483772967
0.0499966147472
-0.0598249367761
0.0541224293057
-0.0499003315876
0.116278677781
-0.0164678994237
0.0375285848368
0.0876506173538
0.0020451109811
0.00639370262877
0.0659049891391
0.107017069501
0.0177257196246
0.107223255604
0.0808526391292
0.115820384975
0.020075023726
0.0939066117377
-0.0318138898213
0.0156758151006
-0.10937880125
-0.110826778693
0.062350226489
0.0647504607311
0.0736662513461
-0.0152536971924
0.0578788829092
0.0281649629056
0.045383113474
0.0683466156108
0.0554257866602
0.0283057804545
-0.00894633695711
0.0155897284346
0.0220395156792
0.0313267458011
0.0966637435113
0.094644427362
0.095444664528
-0.0286729051971
0.00876856854907
-0.016449451626
0.0826298708734
0.00245117262748
0.0308183123088
0.0409511707287
0.127876765606
0.0526306361353
-0.00413921063766
-0.029216910726
0.104560953993
0.125680766311
0.116627084669
0.0460765717689
0.102564894822
0.0408195051846
-0.029467009075
0.119753006543
-0.00952736338302
0.00134905635386
0.0974621289157
0.0447883810738
0.0197169342879
0.0600286476526
0.0513610457027
0.0771408667292
0.0746825884204
0.039562548934
0.107094206367
0.0916052711825
0.00165391102556
0.0663583201662
0.0617567099632
0.0265468903361
0.0915890385378
0.0444245454656
-0.0394987413184
0.0224491847705
0.0380206863805
0.0624317208061
0.0511392332739
0.0777300711793
0.0824871048921
-0.0520553398646
0.00665383952823
0.0870239878126
0.119908970543
0.0598849188656
-0.00526899013063
0.0212372412029
0.0830854541579
0.0818887416023
0.0876465718336
0.0547392675597
0.0427139915626
0.0333062445148
-0.0012060743954
0.0908457533237
0.0394025939205
0.0193732976274
-0.0312207619039
0.0357037401063
0.0678439807947
0.109627506464
-0.0317237576281
-0.0122643228796
0.100666502413
0.0633123989699
-0.0453125230889
0.0461382647248
0.0528160050846
0.128133197707
0.0805169365312
0.0690750056845
-0.064883678628
0.00678319359997
0.125706493408
0.0516302699085
0.131230652279
0.00169367488727
0.00745083042887
0.139017412656
-0.057641366927
0.026681653006
0.112867890047
-0.101690963536
-0.00669151440787
-0.000400398917298
0.0451976455511
0.0751457370984
0.0697825954838
0.0556551133924
0.0181884827392
0.0738872927867
0.082967679316
0.0934236128176
0.0921649960228
0.0556126945798
0.0713752695107
-0.0281185301971
-0.0416471590592
0.0236724757632
0.0516971681948
0.079321754564
0.0477005855269
-0.0148911847248
-0.000859022549458
0.0376877575471
0.0759117745523
0.103501535716
0.0222450529125
0.0157370332964
0.0923904922466
0.00753914183018
0.0434122900922
0.0365713438587
0.113897567312
-0.0382634674181
0.0368327466771
-0.00686653672959
0.0696545973087
0.0127348123545
0.110608027463
0.0748504943569
0.0230534178447
0.0950921532825
0.0592292449
-0.0615836962648
-0.0748703350023
0.0100360088821
0.00900667911689
-0.00425959683984
0.0694498405234
-0.0400660184534
0.0465872284306
0.0127938495591
0.0344580458227
0.117654495268
0.0471476976249
0.0624664231056
0.0343723105742
0.104593945351
0.120971396126
0.0745597978121
0.00204699751587
0.0729689005581
0.0407607657993
0.0128171143757
0.0992591587773
0.00735716233871
-0.0386712005793
0.024079893304
0.0891514731455
0.0558746710793
0.116961118982
0.0867007638812
0.0480460334399
0.102125294753
0.0142796219669
0.0900898832053
0.0215074208708
0.0530390774995
-4.78319470618e-05
0.0012957071762
0.0563712011109
-0.016933135048
0.106216210278
0.0695051458345
0.053145392181
0.00296899040622
0.122330674931
0.113442490409
-0.0235931464778
0.0454949904887
0.0467833076045
0.107047647602
0.036277313047
0.064885538068
0.0105551630531
0.0855281213144
0.0708848964788
0.116993880775
0.0446603013779
0.105565932161
0.0508395283696
0.0878033408901
0.062054244958
0.0575265828199
-0.0255972588479
0.0933534656134
0.0441305654295
0.071978409809
0.0821043063205
0.044727657506
0.10044202235
0.0478924575113
-0.000133077598883
0.0412237741219
0.0904758572423
0.0464688092253
0.0970878703624
0.0322921539496
0.0891640365041
0.109687609171
0.123512219978
0.116000446651
0.0371641648109
0.0840039618088
0.101770879424
0.0824115210788
0.0472364762058
0.00568426439793
0.0517794642179
0.0678375914673
0.0402486465049
-0.0590856889614
0.0304637453223
0.117393333956
0.0715043373071
0.0397463370101
0.0439160225975
0.0543946387572
0.067542568709
0.0579336246297
0.0153459174388
0.0472026571561
0.120186206673
0.095692816449
0.0172650892749
0.0626435225428
0.116212952351
0.0944309529004
0.0478401803076
0.0405933888142
-0.0736358321792
0.0536517531431
0.0215457242784
-0.0772532409248
0.0284529139289
0.0100961733686
-0.0128602631785
-0.00812403107786
0.0696201940127
0.099323667611
0.0783158393088
0.06288149526
0.0415632314646
0.0344675851529
0.00576215681661
0.0172751490801
0.037668036149
-0.088143761113
0.00624620993598
0.117988885177
-0.0649389809142
0.105800932765
0.11735222565
0.0332782160882
-0.0300515931356
0.0477851109012
0.0576159310136
-0.0243588128476
0.0855882280786
0.092105421555
0.0640095423704
0.0479074121308
0.0678756051646
0.0611903743071
0.0201870975384
0.0233744987457
0.10930334029
0.0832200641766
0.00152856939661
0.0593377946391
-0.0938560121897
0.043744328863
-0.00885293932469
0.0818083860572
0.114177565944
0.0136176025929
0.0477661359925
0.0842985901188
-0.00259150681281
0.0987103901402
0.0298934578723
0.0406056332639
0.0295390437736
0.0581810551346
0.00457639507759
-0.0841951060755
0.0419972666266
0.0424921167176
0.0450908766357
0.00379355583159
-0.0719287534724
0.0118242057183
0.00884818383329
0.0914805109609
0.0428910715869
0.00345463019329
0.0698485871472
0.0961453403088
-0.040100350447
0.0560603294567
0.121361551927
0.0961801957605
0.0830940391234
-0.050681328036
0.06373327934
0.0638428703301
0.0529282773455
0.140098565417
0.0955847620601
0.105096453349
0.013976179532
0.0620966103229
0.0964499779541
0.11706018059
0.136692871673
-0.0393236006515
-0.0233247859625
0.00265101155389
0.112487684355
0.00589543947679
0.0754273620717
-0.0348149335485
0.103652737405
-0.0571268201481
0.05527269701
0.0323407749287
0.0207384811137
0.0174631666598
0.0418586896042
0.133618798314
-0.0281453186865
0.0833338917877
0.00560894377425
0.025085918005
-0.000519343395597
0.0634654181221
0.0330773678173
0.12086666646
-0.035947344923
0.0715921330362
0.0503173505746
0.0608354366893
-0.00299381852128
0.038729123105
0.106959386497
0.0384536464629
0.0840924018855
0.0466834254467
0.0753497936003
-0.0283328458726
-0.0574041427772
0.036737249113
0.0211205471475
-0.0796946877514
0.0653062855801
-0.0390897809387
0.0935752404678
0.136192984246
-0.00346999795722
0.018664020484
0.133322119574
0.0900534004151
0.0632170441137
0.02515651319
0.0900988601286
0.136671021043
0.0346391618971
0.023528880264
-0.1347908008
0.063866408549
0.0570371024291
0.0939815992168
0.0981311762776
0.0403337620966
0.127253989201
0.0874216353144
0.125614769272
0.099604122081
0.0413327612142
0.0512559765774
0.0547600471378
0.00640075292886
0.0586198360172
-0.0307188943514
-0.0383984545628
-0.00311659504093
0.106879253566
0.0742530760313
0.0226661851446
0.00369153349105
-0.0803773450183
-0.0135775969198
0.0745421845551
0.10245599812
0.0155572836641
0.0614971132712
0.0566906038463
-0.0179343459088
0.0765404805455
0.0109618838827
-0.030091002285
0.0342543027338
0.074586138947
0.000919815869931
0.073196616395
0.095768919963
0.0267300208969
0.0492335648635
0.0323392233414
0.0231062680131
0.0780287555271
0.020056651428
0.079461902191
0.0687942664192
0.0639334600582
0.0858146968607
-0.0721310126124
0.100183915312
0.0779371468176
0.122298352864
0.0912480309293
0.000699545103333
0.0678778140996
0.0914964475507
0.0250261383531
0.0690394769936
0.130208316586
0.00948663304391
-0.00208958395773
0.092657828873
0.0227638427395
0.0496059573553
0.0562715133417
0.119424469241
0.0990658185543
0.060276498807
0.132384876491
0.0601387073013
0.0356130170031
0.0732598236857
0.000125986558419
-0.0949995748086
0.0874735564611
0.0333113613181
0.0890391767811
0.0753888096261
0.109084205186
0.062852973519
0.00336532072773
0.0787153495205
0.0532433913816
0.0432366508637
0.00422376908005
0.0287388381991
-0.0102286556785
0.109649821356
0.107554759736
0.0557616269057
0.094789274522
0.0957413240223
