0.0931024759762
0.0704726492719
-0.0773541262457
-0.0943841928511
-0.00442434127493
0.0609229588284
-0.0662028911546
0.126409524816
-0.0188894159736
0.00474341929615
0.0204351962204
0.0255410552899
0.119651191753
-0.0304823271246
0.00386695576142
0.052310979318
0.0767527343284
0.0534137056652
-0.0029993567828
0.047204146208
0.0261219113597
0.0104342049205
0.0818014922393
0.0765473262806
-0.0195382500419
0.0604695168042
0.112275045673
0.0850431844452
0.0980896867937
0.0731249485497
0.078546092353
0.0659678134654
-0.0218340964887
-0.0637910192012
0.0270425691173
0.0402674897778
0.139940183886
0.0246237856606
0.085394134226
-0.020571860148
0.00924718374137
0.0441989651029
0.104621212103
0.00396687622707
0.0779844550507
-0.0852396228713
0.00407073482795
0.0891665730924
0.0280735628912
0.111665536123
0.0201228138656
0.0429442426298
-0.0678607532118
0.0807770547036
0.118636200862
-0.0240829027021
0.0923414635309
0.0811196636466
0.0494763675059
0.038496285595
3.47999709476e-05
0.0323480414276
0.00199487507837
0.00864181852945
0.0204123414056
0.0300508425006
0.0533456612106
0.0700388050798
0.0254669631021
0.0435238335213
0.0677342001391
0.0488884288921
0.0374841461849
-0.00953358038729
0.0449134703308
0.0794467468248
0.0567779589045
0.0615702362279
-0.00939453890072
0.128111683851
-0.146994297593
0.0842891483802
0.029033280361
0.015935580674
0.0756481664037
-0.00842494218144
-0.0398139914734
-0.010847035379
0.112197616778
0.105999053669
0.103363607865
0.0991241850975
-0.0167508330316
-0.068348242704
-0.0398490102509
0.042345055255
0.0968843826479
0.00406993579007
0.0228028178107
0.0920493611094
0.0701489420748
-0.0323980766694
0.0568556276149
0.0917268006973
-0.0814667648164
-0.0138918437138
-0.0392182585414
0.0579671481257
-0.0248024736128
0.0242592705809
0.0300994441391
-0.0116707736477
0.0785067854859
0.0610957919821
0.0405742403807
-0.0235374735231
0.0398700458269
0.110006844295
0.0328520240503
0.0322891159915
0.0908090209966
0.0231226828375
0.114347108325
0.00312252437102
-0.0150376317779
0.116474146585
-0.0139513800517
-0.0510245514522
0.11305239646
0.0470745459407
0.015544922628
-0.124693456782
0.0321245912683
0.0230887005397
-0.00789606712693
-0.0193313436193
0.016323115283
0.125027722704
-0.0357786905936
-0.0174110514015
0.0963998053375
0.0272688876827
0.0113799017135
0.0348239983575
-0.0446950606478
-0.0178858404982
0.0368019599512
0.0968647333488
0.0143879161058
0.0157288513784
0.0257366050964
0.0102994875347
0.0329009035279
0.0248896285846
0.000316993838691
0.0868420731765
0.063617863755
0.0981686288611
-0.0224857555833
-0.0178611190168
0.0327315386874
0.100924234078
0.0918071962353
0.033847936889
0.102058328443
-0.0119675868956
0.0817313786209
0.132771439489
0.003195119446
0.089142199844
-0.0157137310048
-0.0661860549585
0.113631861606
0.0490230473222
0.00780517592166
0.0557954197747
0.0912039677952
-0.0701592904966
0.103683617062
0.136458613251
-0.0389130549431
0.134799242278
0.0665383779605
-0.00762569555418
0.0234280357169
0.0476998747436
0.121762348214
0.0427402275204
0.0628358797141
0.0392685721401
0.0812564408192
0.0630730061397
0.100572132578
0.0438141535318
0.105408643645
0.075295497976
0.0507203845392
0.0224354791823
0.0644980301737
0.0213240922956
0.0925814947463
-0.0175734958576
0.0622858163041
0.0797695713212
-0.0466962402192
0.116896360608
-0.0479086599726
0.0828308856082
0.0137454626174
0.0245849267627
0.022469714046
0.0969010534076
-0.138852967602
0.0932293865933
0.0598120193144
0.0179564532819
0.0519058076248
0.0188539985974
0.0953784466371
-0.085390642051
-0.0792802493398
-0.0105814217043
0.133663542692
0.103120395445
-0.096658443855
0.0832938030879
0.0307407699839
0.0339104297283
-0.0787109917849
0.0935776715533
-0.057043419808
0.0871424257235
0.0150430824321
0.0016478517832
-0.00185623047552
0.0594017515965
0.0444097982783
0.0653637672588
-0.0258280555389
0.086875164434
0.12940457707
-0.0113317195598
0.0596265876242
0.0598938793974
0.0133535491881
0.00401169088594
-0.0160553984364
0.0381631450002
0.0539677917211
0.0919697436309
0.0871525911702
0.0823977314395
0.0784902753085
0.0101517078699
-0.0188448483273
0.0396096144163
0.0567263626926
-0.0783442125958
0.0768894342547
0.132155008708
-0.0846620768902
0.0691707038259
0.0281394081187
0.0862130263908
0.0578255963874
0.0078710582688
0.00860377613723
0.0507580513663
-0.0535602903474
-0.00236626876563
0.0709043247325
0.102934967624
0.00723278477081
-0.000116955799038
0.0717819695799
0.0110884337508
-0.0218487583856
0.129235764914
-0.000734225095948
-0.00325403339226
0.063504630239
0.0383488488921
-0.0472379034193
-0.140353382333
0.110244543243
-0.000466953647306
0.0720319900447
-0.0303631467052
0.0753162050494
-0.00239945097904
0.0526423860168
-0.0484067623831
0.00419428344707
0.110370242484
0.118306604248
0.0429641698536
0.0927113185319
0.0722328359358
0.0129949463473
-0.0481081510712
0.000237800936531
0.0883004639526
0.00763392281121
-0.0211698948334
0.0472506885776
-0.0879783775054
0.00475109475687
0.0183139682055
0.00746932566049
0.0152072222402
-0.0258226302263
0.050356215525
-0.00506389602478
0.00170704481324
-0.00352844767028
0.113078096968
-0.0196017428336
-0.0298957558151
-0.0276605652982
0.0334956408007
0.0707893415132
0.0724885660274
0.0944836146557
0.00512510152406
0.123800343052
-0.034766438752
0.0316181824969
0.05042514431
0.117663313359
0.070677815796
0.0596445381006
0.11204972414
-0.00287111592128
-0.0156807702216
0.0119863052916
0.0704225301029
-0.0119811133141
0.0587276850619
-0.0343657235246
0.048891220271
0.120411335831
0.0784668865788
-0.00244407655623
0.0561465885823
0.0478437002988
0.121488256911
0.0224911282266
-0.0069419834093
0.0561092374729
0.0896083116435
0.0564452628244
0.0226386634977
-0.0116664299096
-0.0220076363315
0.0541062024758
0.112705288918
-0.0211040258852
0.0851953723206
0.0534813253538
-0.135888873265
-0.0262836482431
0.140163934975
0.0130427464101
0.0101000741706
-0.0978495826821
0.0888597010147
0.00580755463578
0.0731942592888
0.0357927372409
0.0487053189093
0.0732367973744
0.112075719711
0.0777204114921
0.0257655841034
-0.0349651178922
0.0247168466265
-0.032653577874
0.0111944188443
0.098596063716
0.113314281962
-0.0871435012852
0.0307329473371
-0.0167977587145
-0.101150438909
0.0813752583869
0.107241745632
0.0364076343747
0.0671601131837
0.0207664271646
0.0667879546106
0.103399709522
0.0243730419577
0.054910202124
0.0242152958665
-0.0313055009901
0.00340137013563
0.0263404358387
-0.0711909142024
0.112627490103
0.0261585562387
0.124373965539
0.0924252784731
0.037841142414
0.123680894453
0.104430036567
0.106458430304
0.0507498495198
0.0345625868778
0.0624558145537
-0.0179313008902
0.116935115819
0.0488186043443
0.119047086485
0.0498354785111
0.0444704328457
0.0488805049181
-0.0312849234056
0.117444391141
0.0580846530573
0.00164673838375
-0.00191222478091
0.100476352708
0.0020444987277
-0.00721591995738
0.0554843254201
0.0288096140016
0.0720742860833
0.0791829421598
0.0907450575206
0.00819444556732
0.0171162769747
0.0878563429074
-0.00161778346375
0.100400940582
-0.0197029385543
0.0356806955271
-0.00902007710989
0.0566895517125
0.0416111371124
0.0357655205446
0.0572323389208
-0.0254893699367
-0.00494039727265
0.00720370011602
-0.0344674915414
-0.0151136753719
0.0329294005163
0.0468981158294
0.107319197046
0.0677302424821
0.127072489663
0.103954339262
0.0975234376171
0.0656225755595
0.104057167587
0.09106668072
0.100682211571
0.105071981421
0.0721152421045
0.0778486587756
0.0133651815627
0.0527600495714
-0.00170045972785
0.00261814790903
0.0893649773404
0.0705104786884
0.0160597053289
0.0964206822038
-0.00947185207187
-0.032998835187
0.00296713641954
0.0956499861555
0.123659647446
0.0165362372982
-0.0181558111358
-0.00716189730583
0.0313968695805
0.103804495948
0.125245671726
0.0945010219981
0.073428005732
0.0762509082075
0.0782915611064
0.077966170546
-0.0298883680869
0.0408689793236
0.0704087268531
-0.016548033974
0.106662654769
0.0672872132746
0.0422856518769
0.0343273938975
-0.0443356551296
0.0567416494302
-0.0804057477989
0.0286244577741
0.0398422295521
0.000506152166909
-0.0159242380946
0.0195622764187
-0.00271141867584
0.0529753798063
0.110555145606
0.0567815705107
0.0466105712482
-0.0124402595567
0.0097479809806
0.117252837957
0.0404385171426
0.0585131576589
0.0515042101653
0.0422520578453
0.0217038257622
0.086558042262
0.0731765726105
0.130327224301
0.0714914744256
0.0320941315864
0.0128598284787
0.0502171373403
0.0398206437298
-0.0369884209833
0.0980590956712
0.11936370787
-0.0122303449947
0.081660166327
0.0412675035467
-0.0311968403768
0.00279400148898
0.0432222892163
0.0704821790662
-0.0278206954574
0.084373227213
0.0957021521545
-0.0418157213054
0.01162627173
0.0676883310156
0.0502160568798
-0.020292523427
-0.0521777232709
0.116559181603
0.0113408410374
0.0521661110185
0.064740232796
0.0212766111965
-0.0148309826173
0.119432250681
-0.0466537348084
0.0371609336216
-0.0322900566688
-0.0596567849923
0.0662983315786
0.116187562028
-0.0864376454471
0.0567349250664
0.0944465532998
-0.0317984993112
0.0111554797177
0.0511003338362
-0.00669227898654
-0.0648618247548
0.0407534186649
0.0328218466952
0.0771561909974
0.0315325494249
0.108875014806
-0.0405393783337
0.0118612109603
-0.0402587941569
-0.0117850704864
0.0992212713021
0.0882176078424
-0.0727278459266
0.0720839753225
0.0410249626264
0.0823495897098
0.0281104392752
0.00695070345704
-0.0797005129588
0.0115573406366
0.0754473804154
-0.0459271319805
-0.00289228310296
-0.00132503287488
-0.00518898883853
0.034476343162
0.102774751802
0.0761414389367
-0.00399048386274
0.121431934017
0.0851310027048
-0.0241479745234
0.0873488637143
0.130217073151
0.121835894824
0.015669603282
0.133860742747
-0.0702376395816
0.0432175711096
0.0303858304691
0.0521908658386
-0.00454639854447
0.100289078546
0.0480082154364
0.00435893458044
-0.0336724065505
0.0800014201521
0.0193608680762
0.067846131151
0.00659423443366
0.086899118766
0.0417885504384
-0.0463383863315
0.0157384272535
-0.025922472468
0.0013405154741
0.0619924273798
0.0413815928371
0.128315421139
0.0400749391232
0.0516320746738
0.092026726502
0.0503460828536
0.0723376883593
-0.0241809954726
-0.0739621275586
0.084576771638
0.0815864465424
0.0119585355019
-0.0751690128584
0.114940330999
0.0538416047854
0.144230266159
0.0461769669806
0.0788681231105
0.0444527545569
0.0787265948895
0.0253232903889
0.130736339772
0.088343220578
0.0094242147305
0.0333248387627
0.00102161704393
0.0567297653794
0.118145941127
-0.00396610458027
0.0382908750832
-0.0058014962258
-0.0665366074519
0.113137684594
0.045723972537
-0.0269487416502
0.120094057858
0.0355182180923
-0.0066977051169
0.0646169316465
-0.065315426888
0.0598956120132
0.0184436194281
0.0903251237704
0.0400385700494
0.0303948808681
0.0925197173889
-0.00287037433226
0.0408734988899
0.0213726030139
0.0591342419795
0.0736288980326
0.0163458515424
0.106606156652
0.0858270630676
-0.0198601465536
0.0351920043142
0.0850503442483
0.0356953767819
0.0416625374571
-0.0194194345509
0.0712744812124
0.00176837630595
0.072140492859
-0.00264282773024
-0.0120707889352
0.0745505335279
0.111728265401
0.0643188572868
0.0338235126853
-0.110744547069
0.0957534615763
0.0147558128006
0.105098584482
0.0489459202523
0.0564737903199
-0.0259402572611
0.096394557792
0.0263140707746
0.0718146912929
0.122105987309
0.0641072053095
0.00612973126266
-0.0220690869832
0.037566263694
0.0629792194331
-0.0203504208376
0.010333957786
-0.0225700011092
0.0175801365376
0.00265259069625
0.020548910814
-0.0239475733648
0.00825598563153
0.0372377727176
0.0484084167411
0.0530889004479
0.043272010802
0.0584756570734
0.0734475083084
0.0376856262153
0.000298776619795
0.0908555096449
0.0309406922064
0.0739432214493
0.035348022573
-0.0763540683571
0.0469165055903
-0.0240689300644
0.0417380326507
0.060093570857
0.080521598904
0.126885753206
0.0880237067323
0.121077498328
0.0925310658309
0.076353492937
0.061199632235
-0.0886233114013
0.00253938267631
0.0375862625235
0.119714660134
0.0333748169743
-0.0205855008408
0.00860663698112
-0.0637973141558
0.0363099909989
-0.073267497789
0.0528229134418
0.0578919920006
0.10386938158
0.0929636761579
0.0756024891763
0.0513581824912
-0.00300993147699
0.0266129612558
0.109190300163
-0.00115195056875
0.0496190713478
0.0172658704359
0.103641760832
0.0531659137776
-0.0379500334602
0.101060575659
-0.140009474159
0.0461647557908
-0.0190030859512
0.050780836568
0.0522152081536
0.0582542837343
0.122096570029
0.089441872937
0.00987857583538
0.116951091362
0.075518256882
0.0714430324705
-0.0548767873642
0.0354007985849
0.0826518962159
0.0139261386201
-0.00462529392824
0.122001807941
0.0684936523693
-0.0765600372089
0.0880932452183
0.0405762708774
0.0201832069791
0.101529545974
-0.0191520980258
0.0577516846118
0.127722198828
0.101952450038
0.0598922424593
-0.0388057409822
0.0270850660491
-0.100048127991
-0.0944918750406
0.00925993621598
-0.0487746397586
-0.0374223196343
-0.0250784624344
-0.0533049017898
-0.0816260174751
0.00700851810237
0.0208834293176
-0.0756833112396
0.0137473403964
-0.00628943036224
0.0586776834534
-0.0260222898847
0.0520349295491
0.0202686728014
0.00720546035715
0.066293123934
-0.00019064836343
0.0410514846506
0.0495071559932
0.0959185458123
0.0640090122976
0.0360498146381
0.0117323618486
-0.0148408181832
0.113651821889
0.0753997479176
-0.0494526530325
0.0603205804394
0.0630359212887
0.025785021066
0.0372342428987
0.0366751174896
0.0705299354809
-0.0318123921866
-0.0191244756725
0.0309072617183
0.00498675556104
0.0719759155157
0.0609102341613
0.0410277168034
0.0567049172588
0.0683639801583
-0.026023724065
-0.0052994673039
-0.0287370890637
0.0512429748766
-0.0394111137938
0.109437431002
0.0588269521121
0.0468282090016
0.0439287513167
0.0723205889286
-0.0400664208098
0.0519634444141
-0.0203647145512
0.0802958648074
0.0583014074518
-0.0272341454192
0.00298664292212
0.052708835229
-0.0402971793409
0.0601857278666
0.0705798004121
0.0725979378857
0.0456109611611
-0.0893429650006
-0.0436920676417
0.104847456958
-0.00155267373266
0.0254289063408
0.0840936939749
0.0494863434123
-0.0926103731631
0.0289455842437
-0.0691706621365
0.0949638916134
-0.0140591038841
0.0704683987518
-0.0137864316054
0.069437660716
0.0932839894384
0.0595984917435
0.0733371890893
0.082178795656
0.0369453281732
0.138374914935
0.0201718033496
0.051696046774
0.0737311477215
-0.0138616165961
0.0451659674559
0.0400610694493
-0.0328496805506
-0.0539216936658
0.0835265092162
0.0108767510602
-0.0931718172414
0.115674913275
0.0811272159281
0.0741157402577
0.00365914374937
0.0654135684563
0.0109463801845
0.0477888596436
0.11878240532
0.0336530653636
0.0584893282818
-0.0300930409838
-0.0109773631592
0.0861993630244
0.0476742394627
0.0722287295282
0.0182514875892
0.0511042127282
0.0873478322033
0.000175660339007
0.0104229548785
0.0418391685324
-0.00258549840975
0.110920312006
0.0945305276295
-0.00108942407632
0.0642372898593
0.0363432839111
-0.0204533104079
0.0401659051529
0.114113401317
0.10750619125
-0.00289124176918
0.0604459704707
0.0370914904254
-6.742859558e-05
-0.0418769776329
0.0203434419589
0.0222564105553
-0.00987368383543
0.02431277841
0.0572887370213
0.114811551602
0.0552999100967
0.0778749424059
-0.0429480805247
0.101812247358
0.117306101414
-0.218495195647
0.087934236057
0.0043372048433
0.0399726757273
0.067421008153
-0.0389034495045
0.000656385187281
0.00309892243412
0.0420901646977
-0.106530562706
0.0561916250321
0.0491871882492
0.026544795675
-0.00644700985561
0.131039409498
0.0326943382709
0.0478563500234
0.0601412070017
-0.0390705606088
0.0311240135868
0.0102087005411
-0.0157546083215
-0.0343983044329
-0.0753661389091
0.0735379494373
0.0967430035195
0.0807120176593
0.0118111456944
0.120402209133
0.0960393309653
0.123947062911
0.119561926846
0.0365785292318
-0.0188728813547
0.0459058416316
0.0723676846627
0.120435546024
0.0471746801777
0.039203850218
0.0155838281274
0.112616872861
0.0533000343115
0.0429936000917
0.0519714388475
0.0505170913805
-0.0160225637534
0.10112919456
-0.03355598156
-0.0441173800952
0.0393768566366
-0.00728472320007
0.0226587240036
0.0763693108912
0.0767226904275
-0.011753901264
0.0186591068003
0.0701154898
0.0332609994734
0.0280057843812
-0.051834425101
-0.0608678206517
0.0358406256601
0.0868748735853
0.0716000821451
-0.0294172077242
0.0722620460005
0.0605922690948
0.0693496597584
-0.0345625538208
0.0617042142654
0.0203013413014
-0.0421456442936
0.0512100864547
0.0452337321087
-0.0633709828293
0.0874959240203
0.0590300038194
0.0685636149253
0.0409164288279
0.0990722578028
-0.02398122906
0.0443103101808
-0.0229547622319
-0.039007546265
-0.0659973930437
0.0642812716224
0.068265304519
0.0782414017132
-0.0187936860922
0.0234235509961
-0.0986661233555
-0.0240624069231
0.071017959716
0.00987121163475
0.0556034534875
-0.00929703342511
0.0317749741059
0.00116689200007
-0.08513009393
0.0258226535025
0.0239522041782
-0.0175756610002
0.0325829936524
0.0540745677508
0.0667523230396
0.0577519509067
0.0789229704816
0.0871635563507
0.123650207672
0.0279317085803
0.0162232051262
0.111739653752
-0.123118659568
-0.0135386276266
0.0443985931402
-0.00119183902718
-0.0704989074199
0.0397971226443
-0.0150049115807
0.0146129094276
0.0672646779938
0.107114651807
0.0632458665295
0.0755340579695
-0.0369989706439
-0.0475015554634
0.122519571779
0.0877678329148
0.0282563248295
0.00109183857498
-0.019150838321
-2.7912537071e-05
0.0941295142143
0.0704990718448
-0.0444379442831
0.0757650938251
0.00821582829298
0.101420978921
0.11820587606
-0.0286617265458
0.0788698229826
0.0422418310099
-0.000485511090494
0.125674775468
-0.0100146776442
0.0578815926796
0.0226098439402
0.064257312177
-0.0561454188276
0.0608777781073
0.125072878167
0.0714635882171
0.0761166438378
0.024112495035
0.0891520317373
0.0632283145126
0.0447046255978
0.106724287562
0.0122979651384
-0.105235820567
0.0799569803161
0.0771788561679
0.111344970891
0.0151546407459
0.0916805584932
-0.116643852798
-0.0530713235363
-0.00161208670415
-0.0307800342079
-0.0176562936276
-0.00236435528213
0.0895242573155
-0.0331699084159
0.00741077163586
0.112891180354
0.105445255343
0.0568923648035
0.105300108944
-0.00770851077462
-0.0190748913125
0.0190538659597
0.0716424117091
-0.0688903735883
0.014158698306
0.0197147022035
0.0971620129401
0.0922664265835
0.0192182649723
-0.0320138417468
-0.00130962805172
0.0667060019815
0.0315929483315
0.0398728716794
0.0348957017457
0.0487138696694
-0.000969036276346
0.0616162872673
0.0115870005549
0.0751555761721
-0.0156766039419
0.0390852419323
-0.0490156226249
0.0464772786298
-0.0212539204557
-0.0240228357288
0.0154855049912
0.00533871034891
0.056612299226
0.0266037476118
0.0618274237971
0.0736380988825
-0.0901285734574
0.00790954295024
0.12828376295
-0.0192791442553
0.0175778311329
0.114129975504
0.0735382744538
0.0848787380496
0.122774802255
0.0982705605529
0.00946595692652
0.0589295948576
0.0679266259196
0.0864046073043
0.0536660211679
-0.0413994733633
-0.0049110654329
0.0656410234548
0.0948702994572
0.0793855555348
0.0532083743461
0.0521349817772
0.00441450146665
0.105974893958
0.0828997450624
0.035772426333
-0.084184121174
-0.028414324452
-0.0106275846479
0.0474748097169
0.0803576790975
0.0622070860786
-0.0430460398674
0.0156777488611
0.0772102230891
0.0163801107988
0.00586447209353
-0.0522695190231
0.0839730654384
0.0589591650625
0.0819180098492
0.112419361416
0.0369510530042
-0.0441944398053
0.0443827263962
-0.00959893041742
0.113155042793
0.110603268307
0.0403458388921
-0.0124893111606
0.0909055749225
0.0607907565182
0.0954533994482
-0.0362575881532
0.00299354521741
0.0854683312666
0.0783079955261
0.0021804959248
0.101991888117
0.0575048034069
0.0641585440724
0.108934253443
0.130488002081
0.000265347519072
-0.0409098399879
0.0463712010989
-0.0315146943567
0.131937011181
-0.0626658504158
-0.174133100748
-0.0616690309145
0.133027296307
0.0588449643784
0.0613703248788
0.0800972499413
0.100084470367
-0.0482072275018
-0.00922037119268
0.0740770279717
-0.136106824578
-0.0238042730456
-0.0540298324079
0.00677895172575
0.0418609100655
-0.0428516242928
0.00779249399139
0.0238355013592
0.0180025157263
0.00858072980411
0.0943513017797
0.052741770853
0.0430940059244
0.0595370668946
0.0309717293872
-0.0256992617394
0.0214470432261
0.029050594331
0.0150525405292
-0.0924293343362
0.0407466352395
-0.0736913379873
0.0761259230352
-0.00313567461077
0.0676343093284
-0.0977097053822
-0.063180788648
-0.0291567837561
-0.029387043976
0.0402081777039
-0.111478524559
0.0261733975957
0.0925794380829
0.0441695093014
-0.0312437222787
0.0459550771401
-0.063699161199
0.0748656122625
-0.0399313812431
0.0314880550181
0.02616909943
0.135195331829
0.103325898497
0.0414837562512
0.125065701251
0.000740314027098
-0.0367665327917
-0.0687416209241
-0.010962443131
-0.0293085863113
0.0269721372246
0.116933802929
0.0663309763105
0.0166731927546
0.058534935779
-0.0614529628624
0.0988761289639
0.012495489106
0.0363467807807
-0.0121618758679
-0.00178247282425
0.0294616607448
0.0518792502012
0.0445596886935
0.0277555105458
0.0177248352626
0.0103938757632
0.10998442489
0.0566676771775
-0.0361800677365
-0.0870922893398
0.0310749468828
0.0403881490053
-0.000627678998871
-0.00613214020423
0.114676499886
0.0537252788557
0.031285197701
0.102106334116
0.101825836324
-0.0445004376694
0.0150548788118
-0.0272517547263
-0.0217240774903
-0.000640596331559
0.126098111794
0.0761749175257
0.0437106611169
0.105475377746
0.0960744234339
0.0988696012571
0.0648009158112
0.0663580087428
-0.00699527921045
0.034065074815
-0.0506717542111
0.0330927307175
-0.000972613544683
0.0489761143012
0.043458680063
0.0197974950636
0.0953866282273
-0.060354556101
0.131451183917
0.111086110406
0.136217216007
0.0102801651089
0.036658631343
0.103996026784
-0.0085871125794
0.0445830228448
0.100618006909
-0.0417617656411
0.0967078299886
0.062431688812
0.06437373119
-0.0425749146682
-0.0299204059492
0.00211526122062
0.0370850282443
0.103898060369
0.040346237244
0.0330234084082
0.0312484689976
0.128691785312
-0.0365630546375
0.00368195086592
-0.0474256578743
0.0162868871757
-0.0389053097934
0.00252980200907
0.00476949624287
0.0606398741342
0.0712521430956
0.059008500273
0.0220765720593
0.0576253307722
0.0977930652037
0.0555362437861
0.0531305740698
-0.0446483323286
0.00237481067211
-0.0154151345322
-0.0534377347557
0.00119592534359
0.0024887071801
0.0432628308368
0.0111439157075
0.0846198569492
0.0573297463054
0.117073903295
-0.0263413442842
0.0564756021556
0.0135912951404
0.0507617613485
0.017853323519
0.0193327105561
0.0282249606219
-0.104240274939
0.107752486332
0.0524642053896
-0.0279457093873
0.1174259329
0.0448165454059
0.114016506843
0.0744585068608
-0.0709707027747
-0.0220999139672
0.101870663936
0.0260423144999
0.0548230036869
0.0489638004073
0.0727757934946
0.036272297332
0.0980784167786
-0.00213054516524
0.0586187489803
-0.0230358597092
-0.0549300636906
0.050804937164
0.0602649282772
-0.00849154408114
0.0587483387592
0.0336434281019
0.0597437964422
0.0274335436464
0.027508453137
0.0212249365324
0.0545624027711
0.0030955504829
0.0418462441379
-0.040990568523
0.0213468936295
0.0420611702519
0.0725210221853
0.103425405834
0.0912688576953
-0.00115328733485
0.0993446187469
0.123326642477
0.0977340727226
-0.0263834326461
0.0389860757647
0.0628122462794
0.0786266019207
0.00377495843146
0.0666854607967
0.0690237487649
0.0323639134886
0.0451668491698
-0.0494378069085
0.0126065744752
0.10332371634
0.0890599398009
-0.00857071500106
-0.0254046735057
0.0528154708582
0.138617809734
0.0388258535982
-0.00584943356467
0.0505331154008
0.052680617106
0.115931609825
0.0441054438994
0.0249006086799
0.00528813806111
0.0494393021782
0.0873290536416
0.0783038349612
0.0092682619956
0.0167579466384
-0.00759822949694
0.00423068864494
0.092323968721
0.0849376624128
0.105240638716
0.039605567895
0.0457152052915
0.0446876617774
-0.0354142410468
0.14118852439
-0.0509776885277
0.117964992466
0.0289242731599
0.0589786334567
0.065926137426
0.0742001501625
0.100044866231
0.0958284436463
-0.0239139599913
0.0845143657869
0.0744831115228
0.113584699014
0.100232071567
0.00542013369097
0.048779434282
0.053249208695
0.0297962966282
-0.0151277517679
0.00425155614655
-0.0539396198454
0.0994858142843
0.00737578995823
0.0666919939549
-0.0649066905157
0.0843691246786
0.0759486133478
0.0455320041213
0.100077126025
-0.0407154786512
-0.047431002105
-0.0789063022245
0.0658529549384
0.126057756153
-0.0620090505685
0.00609253387628
0.0996850693119
-0.0372248378662
-0.00305436680837
-0.0053045791994
0.0754580541483
0.0515009240199
0.0694765281152
0.0744823119276
0.109595586124
0.00111739252118
0.0602675062398
0.052247544111
0.075488634425
0.0543971873291
0.107399831128
-0.0520731264961
-0.0162747195352
-0.00945800400915
0.00793206384618
0.01423739078
0.00467828370796
0.0113056056435
0.0171668185261
0.0248698932264
0.051626859958
0.0406918682468
0.124585293169
0.06172627148
0.0579478745011
0.0319489995838
0.0456458556959
-0.0157820109699
0.067685134371
0.114911575509
0.0859770973739
-0.0102941895709
0.00231510781643
0.0905527589054
-0.0239255350656
-0.0136962523323
0.0815071019681
0.0806598988797
-0.0738298476371
-0.0660426027406
-0.00521678225071
0.0683276817034
-0.0380735893721
0.053106736577
-0.040384883123
-0.0166692711347
0.026876193088
0.00286282648035
0.0506790801514
0.120955550785
-0.0298372018613
-0.0304216136393
0.00802119059076
0.142506830459
0.0793163743667
0.00525700078229
0.059211619194
-0.0107105972861
0.0509320549072
0.0879779036565
-0.0524218793715
0.0745744854337
0.0390461225181
0.101358931906
0.0514629466381
0.0779377488956
0.0558721389264
0.00892384081813
-0.0759660824177
0.0369269885027
0.00688179777707
0.0231109086079
0.0586016273284
-0.0224582499389
0.0871495672437
0.0613244685827
0.0296914087099
0.0765166493725
0.0520640266309
0.0165382965848
0.100251727232
0.0332889694239
-0.0884493158934
0.0715695511861
0.0531337085827
0.0761509082924
0.0813329780417
0.0280795303282
-0.00134512093166
-0.025330527298
-0.0363816811371
0.061038514082
0.0892315114588
0.0123921195394
0.0496718859789
0.019802317853
-0.0134844548306
0.0378348845265
-0.0503214807443
0.0769427552281
-0.0170404758962
-0.020001989573
-0.00883207262259
0.10496218382
0.00907899953838
0.0707318447381
-0.0893765336106
0.105231291438
0.0941689418612
0.0176616112476
0.0315321566694
0.0571774428661
0.077556269351
0.0348550395661
0.0224730082868
-0.0328696799833
0.0278270828318
-0.0845152415824
0.109217808641
0.0755153201124
0.0675001258237
-0.0271059523997
0.0371763480972
-0.0141891669057
0.056820476521
0.0165297426954
0.012199971861
-0.0742568518791
0.00516714781026
0.0710473821818
0.0438921734291
-0.0108588804801
0.0437598513436
-0.00706069293024
0.131633856717
0.108487164292
0.00954612652879
0.0397109759883
0.0932562252651
0.0333257443493
0.0664637072655
0.0329493221586
0.0821850181964
-0.0400100575149
-0.113736137863
0.0372992706694
0.023057171002
0.0443359225523
0.049994360007
-0.0697606251407
0.0149493653181
0.081971275599
0.115213729681
0.0116342032117
0.0129171357615
0.017113587444
-0.00159216864194
-0.015650251313
0.0654957664318
-0.0358927076535
0.0747865689725
0.0482194616917
0.0938739017257
0.0430544323912
0.000787055678609
0.0635331461682
-0.0437890161974
0.0504945959567
0.126874388284
0.117544050178
0.0919841062992
0.0078057901608
0.031340323177
0.0211703290271
0.0344805422297
-0.0439786405923
0.0499289141402
0.0572261306935
0.00501821735761
-0.02803798746
0.00713762569982
0.0362993553257
0.0573188127231
0.0861773553559
-0.0422857384451
0.045841275944
-0.00591477567603
0.0476332747989
0.0078136903383
0.0525046961328
0.100422713732
0.119287947884
0.0701127298147
0.131484594224
-0.020282880231
0.0694282147114
0.0319910188923
0.0526638876601
0.0267209258004
0.138851303465
0.0569037066387
0.0394241107489
0.135767387966
0.0428172129097
0.0404524069857
0.0592346537383
0.0656894834579
-0.0591062572985
0.0425231117219
0.00201488032505
0.0894660180654
0.0217829388262
0.0448138619863
0.0809584176329
0.0405843451185
0.046098721992
0.00165928162219
0.0919745272462
0.0823217513943
0.035322911808
0.0735673825436
0.0312937812952
0.0470414158459
0.0322928515887
0.0691532539238
-0.0556990969342
0.0337137789682
0.0686241855272
-0.0188549491328
-0.00134396489847
-0.0621824676379
0.0752472968477
-0.0197769754159
0.0927530284225
0.1121891973
0.0256656156891
-0.0443866749549
-0.0193148903085
0.0808040201826
0.0313663526396
0.0497543125628
-0.00543384625067
-0.0465214427467
-0.000892638535277
0.0768968253362
0.0801942767247
-0.0521865245722
0.0709552387888
0.00423073127526
0.0964597530538
0.0580768016495
-0.01565343204
0.0128301004417
-0.00631032851488
0.107332822379
0.0764815741642
0.0552260711664
0.0919980520786
-0.0328467053262
0.0924722772302
0.0296700554993
-0.0304863551379
0.0306914888088
0.0562660814471
0.0318815745896
-0.0139525858036
0.0970066846142
0.109186647277
-0.0310840832883
0.118254959861
0.0500876967954
0.0325306638581
-0.00751253975497
0.0292678428957
0.0722156503578
0.0217070685118
-0.00972114938626
-0.0226000338469
0.0869144442715
0.0560722088448
-0.0328458503676
0.0155386009057
0.063019066171
0.0344844384183
0.00298615266085
0.0491028257885
0.0936055630611
0.0815068526859
0.0286482289253
0.00359332174427
-0.0501893930175
-0.0399054761998
0.0640322993442
0.0817880827529
0.0264322918285
0.0392627684284
0.00302244345986
0.128371043286
0.0542125108326
-0.0207696751741
-0.0547202301844
0.0394129046072
0.0535480885154
0.106575136764
-0.025003697903
0.0174544825335
0.0326965332453
0.0159790428543
0.102997954889
0.117523765638
0.0757157773169
0.0475171911095
-0.0100632151172
0.102656125102
0.0314547159899
0.0200188042228
0.08444325487
0.00729805663036
0.109437943082
0.0609925772659
-0.00609718123434
0.0195147141903
0.0716562813309
0.0430152582418
0.0347072837011
-0.0557822254852
0.0267522935171
0.110646593989
0.0830495650263
0.0535488263642
-0.0184403247325
-0.0447481610105
0.0259088112847
-0.0302342047979
0.0594431873201
-0.0124838131503
-0.0371703164029
0.0895877943969
0.109268615736
0.0672695000967
0.0785322136722
-0.00743124258979
0.0932136313977
-0.00244044667352
0.0898452705593
0.092344975039
0.0933414869245
0.0128260403232
0.0204183774228
-0.0240420238391
0.00125707402533
0.0967007832299
0.10136332258
0.0104005210237
0.103982657103
-0.011089371897
0.0228736049563
0.0232782045587
0.0570728678782
0.0385543890043
-0.0326857366541
0.0388179363257
-0.0196586650168
0.0424523050464
0.0367199135761
0.0670368177171
-0.016794075137
4.6513627324e-05
0.0241925054832
0.00767263409608
-0.0472434003152
0.0349039537871
0.105505611046
0.0074715640657
0.0842014777097
0.0628539252113
0.101063700427
-0.0279827727192
0.0174172910954
0.092991935536
0.0427280198704
0.0987584333517
0.0675442470315
-0.0520823438137
-0.0171440839034
0.105852138942
0.0283513906742
-0.0295483310072
0.081577212724
0.0518338247779
0.0603838466722
0.077863845326
0.101241451575
0.0281334849053
0.0545842888964
-0.0082603100994
-0.120771468848
0.0590993189796
-0.000739063037869
0.101331803074
0.0890002820347
0.0674842316962
0.0661374924794
0.0698947971364
0.0371642883305
0.0128804394386
0.00443416952821
0.093074462437
-0.0311550654646
-0.0172263960111
0.00144246796488
0.059700396848
0.0259808269978
0.10224264875
0.04902277627
0.0735993675414
0.136399516682
-0.010528963425
0.0961697417805
0.0561652759607
-0.0443197224827
0.0270875552913
0.122480992502
0.0937429976048
-0.0555058651426
0.036571062409
0.109942595011
0.0627521587302
0.0649023784515
-0.0112388342615
-0.0666024346747
0.04776647248
0.0756532481721
-0.019255887035
-0.0230896295153
0.0320980194498
0.0425088727876
0.0478533116089
0.114106417277
0.0598359403177
0.1025884139
0.103230401799
0.0615861390157
0.0454826786558
-0.00714897744565
-0.0460130326318
-0.0779003138949
0.100496007746
0.113289406224
-0.0352400236696
0.015857413146
0.0652384459423
0.111773890579
-0.0182844332384
0.105698165966
0.00957644209137
0.0641645259734
0.0553245898508
0.0507059923144
0.00857968207764
0.0171677775299
0.0206378622834
0.0897805481407
-0.0206506524084
0.1021880388
0.0253099073589
-0.033346166465
0.102455428794
0.0613480125779
0.00229614473099
0.0887257331885
0.0312007808006
0.0542671567094
0.0327633597012
0.0675994444729
0.0565763464708
0.107073797205
0.0844743419659
0.031082994033
0.0723744719057
0.0524522159532
0.0696228769072
0.0485557622349
0.0694521624472
-0.110179194168
0.0954222939748
0.0851094951222
-0.004001476849
0.0687665375931
-0.0546475121445
-0.0362980145069
0.00972234136076
0.00985233678797
-0.118943892233
0.00831864381169
-0.000292889256105
0.09295055333
0.0546031776861
-0.00866903266853
-0.00621534586849
0.0164950394946
0.0104019110914
0.0058766506896
0.0445934346426
0.0875673182536
0.0853495731244
-0.0115616171662
-0.118241558464
0.0108040815514
0.013290071498
0.0133642719345
-0.0812955757993
0.0761483077564
-0.0201606774526
0.0571150604911
0.0585567909606
0.0996006913306
-0.0138613273483
-0.0584410379059
-0.0541795220495
-0.0136257672104
-0.0441709381989
-0.0225629542754
0.0395043417145
-0.000459051100067
0.0495797289296
0.0424867269022
-0.0216173027912
0.0815447111606
0.0325649675491
-0.0308432384917
0.0349415535118
0.135664534748
0.0680136636399
0.0372562126436
0.0636353151613
0.0758137059718
0.082633289581
0.00139528868766
0.0124521342335
0.0125454039599
0.0774124976823
-0.0848743819783
0.0490706921618
0.0464233065272
0.084616526281
0.0406706009925
0.0629023947856
0.0419178539325
0.070064059694
0.0579438739676
0.0876579817939
0.0796060310449
0.0252763626415
0.0440568766252
0.0189293884032
-0.0075082774783
-0.12950189033
-0.0781630739237
-0.0204413240376
0.0152611797672
0.0483713306904
0.0226600581584
0.097246888012
0.0423721344739
-0.00571881811642
0.119298299563
0.0923486290525
0.0840102682708
0.0953198638516
0.0579955081573
0.0958311427061
0.0292907918202
0.0920100992737
-0.0216279138894
-0.0705604719483
0.050567191047
-0.0410494765003
0.0601977572037
0.0436382633768
0.119760675884
-0.026448693911
0.0190723000676
0.0379370257587
0.100603271412
0.129754990054
0.0908106320333
-0.0547495543974
-0.102488367644
0.0143854940355
0.0479575987
0.0528872479319
0.0235867480482
0.0925341936323
-0.0222050183531
-0.0050653275828
0.0709140684591
0.0650891235289
0.0455572501315
0.06115659436
-0.0185687165222
-0.00879930213973
0.00595965872439
0.0774281153759
0.0662268758444
0.0181783932668
0.064809890034
0.0675528669644
0.0440886181702
-0.0363457698313
0.0641876726286
-0.034863115402
-0.0802807420254
0.0384858749243
0.0516679539417
0.00451905483778
0.00883178798877
0.10050267188
0.0446514460321
-0.0102728635764
0.110121120343
0.0432579949154
0.0129543137746
0.0949392878212
0.0290832161776
0.0109729200566
0.110885797058
-0.00279015815431
0.0383248193403
0.116944123201
0.0626476252843
0.116363729878
0.120454713788
0.0665763551125
0.0245101195431
0.0912798120266
-0.02243357011
0.0755063633533
-0.0215074098581
-0.0141654168546
0.0579058936974
0.0129675953896
-0.0143175116476
0.0984098072797
0.0640746454515
0.0108253438087
0.0926581515904
-0.0089339443388
0.0442567115418
-0.0132395390923
0.0601326167526
-0.00781391941944
-0.0295654282595
-0.00150252148565
-0.0367064701652
0.062220988309
0.0629827081647
-0.0403910908182
-0.00486525475059
0.0860913174707
-0.112034982333
-0.0704886567559
0.10757268027
-0.00964041631488
-0.037108703635
0.0917519785603
0.0414627115466
0.0638035971677
0.00124312722182
0.0891051593914
-0.00374719176542
-0.0813494154096
0.0837496121117
-0.00086218230606
0.0813389378016
0.0282109506918
0.0732752405167
-0.0439544526744
0.0656347062242
0.100107618743
-0.0939037303932
0.0797453439359
0.0822868694392
0.0503789608598
-0.0443753454208
0.0267437605682
-0.0187040224869
-0.00811026499589
0.0489796721889
-0.0291644127119
-0.0266241967091
0.112645072299
-0.0177938876697
0.100449008593
-0.0155756151862
0.00384825503416
0.0842837169003
0.0847564365839
0.0309705617278
0.0387561464534
0.0990309964537
0.0967802711812
0.0159936747827
-0.032212084426
0.0748089592307
-0.00215615280149
0.0858468171833
0.069050048627
0.10045231326
0.0486442283781
0.0505961531837
0.0800177817034
0.0417786137699
0.0768613335644
0.107502427822
0.133499619014
0.0101762616083
0.0499009393515
0.0461780522563
0.00235492672072
0.0891018532101
0.0774575995132
0.0371815893736
0.102675555268
0.0757236805691
0.0219529630499
0.00883608506967
-0.00681830980167
-0.00125617782735
0.00823075049978
-0.0808596317917
0.0779479098082
0.10209499203
0.0751936727851
-0.0135273566689
0.00542511182166
0.0451800396561
-0.0479128323518
0.045187803558
0.0291074732694
-0.0202451651519
0.0895967866518
0.00890533359951
-0.00416530343894
0.0877329633728
0.043426431325
0.0127517757006
0.00423598795507
0.0126632550641
-0.0108008753641
0.0191994771905
0.0837135203096
0.0409741228602
0.0680104293962
0.0533405210077
0.00922223996853
-0.0523828353631
0.101424756121
0.127286551305
0.0312596872575
0.0239705156656
-0.022672722652
-0.101007804598
0.0636999429787
0.0493029700112
0.048788774534
0.0281799033034
0.00847898723443
0.00450198707474
0.0467070690388
-0.00508381476188
0.121418917924
0.00824237595471
-0.0552658091193
0.0652694801036
0.0417718684798
0.0382304856606
0.123838419997
-0.000268897516749
0.0733041880624
0.117582139943
0.0478159914528
0.124802005775
0.0170171488113
0.0715690894092
-0.025083223728
0.0820603645724
0.0701871155619
0.146073272207
-0.0466179306236
0.0198295215701
0.0666211847776
0.0368280549349
0.0145411226848
0.101394057076
0.0927928838251
-0.0148648239345
0.114818696919
0.101630858571
0.0925105650478
0.0521119903558
-0.0262168188196
0.00636203049085
-0.00897019007992
-0.0191724522162
0.0334893289062
0.0855242474142
0.0423057146619
0.0636720147151
0.0462363970345
0.0363587745588
0.0177495716207
-0.00623518694423
0.0552334071715
0.0914748565374
0.0427266651974
0.0124181491246
-0.091651650384
0.0204231213838
0.0882107837209
0.045582588823
0.0386474459171
0.0931350089118
0.134822496562
-0.0863693178718
0.10238104499
0.0288042797442
-0.00183358641783
0.034601029147
0.044149094435
0.00273793672289
0.0468295897483
0.0123336676986
0.0638394765374
0.0421489277084
0.0463157727288
0.111392005356
-0.0179517217129
0.00241354317129
0.135272655948
0.0439295105539
0.0223877028186
0.0673073978149
-0.0440603172089
0.114596494542
0.112139531037
0.0379347843872
0.132797191383
-0.0478195504207
0.0531287792652
-0.00196858237973
-0.0101074603247
0.0852552061629
0.0310106157821
0.096983217031
0.0778671733157
0.0686262016057
0.0557156104087
0.104110263552
0.0456700962559
-0.00594171863021
-0.0320593714418
0.0770271663826
0.0207935598085
-0.0395059803341
0.0844001341752
0.117014053764
0.0742695868833
0.0971502303131
-0.030259688103
0.0530466090717
-0.0144809530725
0.116248807281
0.0549904127093
0.0904476790199
0.102484695044
0.121851694753
0.0744952805919
-0.000860432411076
0.0559279504447
0.0737549229023
-0.00537877328188
-0.00419788469395
0.0474290288243
0.0426004766313
0.0661739087736
0.0609665777686
-0.0598628519845
0.0931298258834
0.0272345137696
0.0198591762813
0.0386271128044
-0.102048994614
0.076939958342
0.0624657200891
0.112550536619
-0.017275189604
0.0634771035408
0.034710622441
-0.0239975375205
0.0920845809436
0.0341119664108
0.0261397258045
0.0716521186487
-0.0387272947847
0.0193638806545
0.0812183949078
0.106848048738
0.0753136834625
0.0235889584427
0.0148039586022
0.0926205755088
0.02973913684
0.00806026255138
0.0280550681684
-0.0534324657047
0.0185688940418
0.106981101905
0.100941680502
0.0276957190216
0.120574609342
0.0806189197504
0.0441860059047
-0.134713649305
0.0254387237881
0.0502380549189
0.0470457077498
0.0217840185777
-0.0286332037076
0.0125856560243
0.0256666193807
0.0112098046394
0.04939252419
-0.139900520058
0.0675690303912
0.0638603431409
0.00834075498021
0.0589252141147
0.0694752670483
0.033323358279
0.099497365321
-0.0340261547772
-0.0342478333095
0.0431625084173
0.0883275975018
0.0544355978445
0.106196623866
-0.0324739133593
0.121950176931
-0.0112665391765
0.0519395260189
0.0381774001527
0.022651744498
0.00539753533688
-0.0385048306831
0.0375973378621
0.0917098761316
0.0951658759919
0.0360923568416
0.0323116117562
0.0172019261126
0.0627643049883
-0.00481406771934
0.119920864889
0.0451887447634
-0.012530382043
0.0298588641269
0.04810225757
0.144322021978
0.0905762930513
0.0613558983509
0.0482941105595
0.0749954680918
0.0359084078923
-0.000933111002612
0.0963975534891
0.0721285465346
-0.0825160286892
-0.030689694644
0.0125772046545
0.0763434252191
0.0964356500718
0.0863187375666
-0.0883925856115
0.0772951844416
0.0477519841403
0.0810064134086
0.00800204435375
0.124700926452
0.0713738767164
0.0711762230668
0.00149011130378
-0.027061656604
0.0561449131384
0.110878214171
0.0555036541508
0.00849636716859
-0.0715620940797
0.0284112630251
0.068682016714
-0.0125427041222
0.115401361387
0.0911047757992
0.0415682016634
-0.06894771439
0.0121913250641
-0.00827750504451
0.0201533195734
-0.0278414961909
0.040408158061
0.083717648454
0.0450956940634
0.102727074233
0.105302422127
0.0824660847972
0.091957049223
0.0289320646347
0.0929110085199
0.0400712434529
-0.0135508924909
0.0607537176823
-0.062948564689
0.0448442464115
0.0588839936837
0.0368285897148
-0.0130233634583
0.0147382259093
0.0619181357529
-0.107403929416
-0.00553691044958
0.109349888108
0.0592519206709
0.0698235412371
-0.0144530731857
0.0537382532972
0.0592283195162
-0.067188320062
-0.095693107594
0.108540423372
-0.0450345059531
0.0771931172024
0.126619182172
0.0715431558605
-0.0383158249668
0.0300590884772
0.040589436638
0.106855992512
-0.0226633425719
-0.0556493384506
-0.0228295940901
-0.00509496568265
0.0248734721139
0.0348989306827
0.00919745376758
0.0207567795436
0.0878479926576
0.0859801038228
0.101578526177
0.0885174500386
0.035993029533
0.058733698069
0.0135377752738
-0.0507572512335
-0.00648602519851
0.00896349446208
-0.0112294919616
0.0656176260373
-0.00631052169296
0.0757311584408
0.0114398785147
0.0280643942541
0.00571085176973
0.00138307670402
-0.010076971355
0.0495238675195
-0.00250102096255
0.0988986418272
0.0774477374586
0.0163671972343
0.0254301924939
0.00554139747739
0.0822473165662
0.0696603394033
0.0341224082158
0.131064208677
0.00923741452531
-0.0151991522384
0.0948521993055
0.0564240929215
0.0659085739802
0.00349879412552
0.0692529531874
0.0913337674116
0.077104917879
0.0915911196592
0.0278360657622
0.0146950129974
0.0639128383184
0.10432850623
-0.0177527763304
-0.0214361517316
0.0243497303627
0.0798985521686
0.0747864591758
0.0767896122239
0.124241784202
0.113350829323
0.0757270407327
0.0177253362366
0.0417422361437
0.00572035198881
0.0280232244784
0.0773396994013
0.018621871952
0.0108189139095
-0.0744380590738
-0.0664394489428
0.0191493457299
-0.046425374722
-0.0433193199521
0.00468655108218
0.0274931719261
-0.0376805446512
0.11644408675
0.0633418940095
0.0136064040952
0.0147473356075
0.0761476136154
0.13126137617
-0.00541159055184
0.102681358338
-0.027837700929
-0.000590976491921
0.103783221539
-0.0347074421994
-0.0132801963198
-0.0873144701564
0.0761235223661
0.0182960534998
-0.0842689057509
0.00688613903738
0.0750318533042
0.107708920447
0.0323367885077
0.0450716346083
-0.00909133097822
-0.0252383601193
-0.000989667230137
0.0434666870674
0.0472707056994
-0.00233407276386
0.0738709059168
0.111708333752
0.0554497808667
0.00706004554699
0.0854929136371
0.0513318698149
0.0842961897153
-0.0590431855945
0.0185565636316
-0.00522677653328
-0.0717814070875
0.0781007616692
0.0311391338549
0.126826657823
-0.0434572958129
0.115958462721
0.00173087911069
0.0230289381901
0.0966798636526
0.046663594654
0.0263465551025
-0.0844201094922
0.0656943281799
0.106407865268
0.0123078189276
0.00526177736082
0.0838212129505
0.0559794855075
0.121224156099
-0.00981460977978
-0.000735814955447
0.080347355047
-0.0330929645233
0.0996224654511
-0.0278877509669
0.029872848178
0.134204585963
-0.00283463393749
-0.0716617600639
-0.0315564399064
0.096544079358
0.0507068985423
0.0731451424981
-0.0123359837898
0.0241961451043
-0.0440471852972
0.015229098887
0.0496728560895
-0.0393644088416
0.00305148320925
0.0206885954066
-0.0121303616948
0.0164742911747
0.0435951409123
0.118945422817
0.119570294925
-0.102492103088
0.031182532836
0.0747738156998
-0.0499874938681
0.0609631961358
0.0333108494052
-0.0530490912703
-0.0499602794254
0.0545355805942
0.102210640826
0.0191207960997
0.0687624335465
0.105920430975
0.0842791488145
0.00146665168926
0.0118532141482
-0.050533886487
0.00338762984991
-0.0215920787268
0.0698163538783
-0.0151679668657
0.00567627683559
-0.0356174686393
-0.0871001811159
0.107089979295
0.0929850841779
0.0266629006853
0.0233974058067
-0.00296048626407
0.0380361045942
0.115294613649
-0.0736278499433
0.0566823606927
0.143983451374
0.0925516136317
-0.027433079706
0.0287018503054
0.0541807235878
-0.0102681944601
0.0447586405733
0.0325380165157
0.0442124636701
0.0242530659067
0.0553781391673
0.142796911088
0.118291051762
-0.0281425340744
0.0849471792495
-0.0677140401477
-0.00641392543889
0.0799635616063
0.109487195699
0.0276181773322
0.00396460200566
0.0287893957547
-0.0625679583528
0.0400347054931
0.104955803885
0.00164194886498
0.0549256938701
0.0590019545243
-0.0787201783138
0.0895273626025
0.019496293394
0.0620349838683
0.0864864419426
0.0883761063717
-0.0233213525902
0.0709039040449
0.000689091011131
-0.0251124549803
-0.0186414711313
0.0492543013985
-0.0169246142795
0.133749741602
-0.0100052593934
0.113362375551
0.068359519812
-0.0951973050932
0.0806180847076
0.0469281323076
-0.0017332290633
0.0844376605962
0.0817223427145
0.0614742161434
0.0670157060757
0.0485493887708
0.120854470601
0.0261760278721
-0.0249906718594
0.0561824662447
0.0827608049752
0.010424603986
-0.0489118102419
0.0012472460249
-0.0542553647863
0.0252817983135
0.0473661238137
0.0152681048505
0.0674549938159
0.112127029266
-0.0187592700568
-0.0174705891509
0.0337316832744
0.00773255995292
0.0377456773666
-0.0154764273496
-0.0104839952489
0.0781488022537
-0.0598610080736
0.0602400054026
0.062825277745
0.0717143951674
-0.0379909153755
-0.00102477628064
-0.0402109662246
0.0534277469319
0.0847220954788
0.0146102629666
0.0518210048311
0.0669569520174
0.0221750002523
0.0598729702048
0.00801981741367
-0.0485738822693
0.0231496640984
-0.0712901863794
0.0712679878953
-0.0467036633033
-0.0157096831259
0.0402226107978
0.137667917888
0.109582931947
0.0430517756648
0.106634030271
-0.0835525582208
0.0578068539414
0.0162637605884
-5.91714681066e-05
0.0664317518335
-0.0416553631399
0.0615029085097
-0.0369120214802
0.123746877022
0.083354915957
0.0551086582397
-0.0930308179326
-0.0154568348193
0.0445796413519
-0.127819001319
0.031376669303
0.0280637979246
-0.0363349663811
0.131241431021
0.00631955673357
-0.0384972367755
0.0805360040733
0.0361183071162
0.12990190905
0.060698122137
0.0690732237632
0.0579980086416
0.0290581534911
0.12972909235
0.0534934368142
0.0447844592702
0.0689917495673
0.000512647086779
0.0982876047076
0.0579556689902
0.0517700515345
-0.0110362488789
0.0321298303221
0.0160319683103
0.0451265720796
0.00796791245382
-0.0117878155579
0.0133080640088
0.0450591050418
0.059980070618
0.10946398277
0.044347174546
0.00904717769593
0.0992843798291
0.10166802495
0.0575156382371
-0.041524735013
0.0609201519187
-0.0283321553517
0.0292019074378
0.04437283399
0.0508432205051
-0.0224382998239
-0.038720005525
0.0401166272732
0.011770799525
0.0467506243207
0.101336624224
0.0191466940497
-0.00734207121224
-0.0950014583817
0.0223008545897
0.112610781089
0.0996065381437
0.026644926017
0.116608484088
0.0442224327643
0.0269107593106
-0.00623837974778
0.0729241869242
-0.01128727847
0.0660306941577
0.106519811862
0.0998246536402
0.0786467356034
-0.01611415319
-0.0235743722837
-0.00580827789415
0.0384377151088
0.0115123538886
0.0801350612286
0.0405161801779
0.0880567760598
-0.0078124468535
0.0624449708256
0.123521306956
0.0691409590549
0.117239948538
-0.0031229164987
0.0722570482712
0.0215324964581
-0.00198889217851
0.0896126646458
-0.00445060705296
0.0686007251283
-0.00208953979752
-0.0236224643847
-0.0239589628461
0.0940521773179
-0.0402548776225
0.0252645743614
0.0971991452712
0.0541964954514
0.0903100784186
0.0471103631529
0.00375445940363
0.0427504215005
0.0369827722883
0.0310662956893
0.072485701358
0.0456211178325
0.0541252744802
-0.00829255688615
0.0535385107912
0.109395980617
0.021487317921
0.0931252319868
0.123461640317
0.0543714059931
0.0976509007316
-0.0611839627223
-0.0551437152761
0.0688766139927
0.0557133626481
0.0522673320279
-0.0212721381184
0.028382042445
0.0672611352847
0.092250664091
0.0693286275774
0.0467533446135
0.0659761292344
-0.00298802464934
0.0212708762712
0.0886766238283
-0.0185463886985
-0.0832725827481
0.0607043886181
0.0945155100763
0.0777268163399
0.0833717267834
0.128576804812
0.119199971388
0.0611183799025
0.0842201091851
-0.0894060561148
-0.0602866785556
0.0822841989533
0.0648180255077
0.123523540533
0.0360468582178
0.131206893307
-0.0555880478915
0.0679695070754
-0.0123136799551
0.068542212461
0.115630341351
0.0222658221503
0.116387739733
0.0644964966179
-0.00265662480899
0.0381291233056
0.0268193927914
0.0413174033206
0.0304979246922
0.0657061640265
0.0308541333842
0.121326410788
0.0270473532177
0.117393809351
-0.0130266855348
-0.0416996896152
-0.0152361582552
-0.0560312414789
-0.0192222111357
0.0304375304067
0.0760521315097
0.117639237599
0.119325262468
-0.00373990609769
-0.0171276355802
-0.0145709272939
-0.0434320456621
0.0721044668643
-0.0110543868634
0.0158917624752
-0.00258618843687
0.111581611629
0.00431696427783
0.0774147104287
0.0370707711402
-0.0165486270908
-0.0552411048502
0.00182671619545
-0.0507903422136
-0.0214260197677
0.0668295440299
0.0544953724433
-0.0137826467537
0.0588518488385
0.12400970176
0.075762567754
0.0523225479602
-0.0182185155402
0.0528894568735
0.0288247654247
0.0965040411546
0.107742781517
0.0968978034148
0.0484592812794
-0.0138393616609
0.0729934503208
0.0547892658015
0.0437588536083
0.0606009750076
0.0840634934787
-0.0115211640936
0.0148751332648
0.00677197667058
0.0919488464174
0.0403865972342
0.00360939496966
0.00463168326552
-0.00607348149712
0.10468970432
0.0586954595813
0.0519737012665
0.0634048773706
0.10510006328
0.0378419717259
0.0315569947297
0.125788367937
0.0186230392579
0.0958694980714
0.0908694514705
0.0883757458618
0.0857168309876
0.0317013559243
0.094277980393
0.103436766889
0.048248006112
-0.00965129642967
0.0863252460663
-0.00229416053096
-0.0443515742882
0.0346190555942
0.0889279776072
0.0598267246068
0.00458030072178
0.0847110304744
0.0562376092946
0.0436388782569
0.0170024308943
0.0690645388679
0.0320443230365
0.146126177405
0.0533983532546
-0.00347121859307
0.110989521151
0.00848696509274
0.0685207565304
0.0325735331894
0.111805210353
-0.0138600514224
0.122298952278
0.0750845677692
0.0762033787449
0.0567316353998
0.0148882107297
0.0986205602193
0.0618247608337
0.0760428136508
0.0975520299975
0.0447526755141
-0.0201522818314
0.0906121432158
0.0179181757616
0.0802051428763
0.11751611922
0.109123849295
0.0708570294915
0.0668646234851
0.0530611187709
0.0622547384832
0.0040342730685
0.00674415280568
0.00471894287809
0.0873689611236
0.0834920666906
0.0794551380629
-0.0598162097813
-0.0266331090194
0.0997128023524
0.0483032616174
0.0796045578039
0.0524872270626
0.00168709061195
0.0292533869752
0.0260530922679
0.080066120218
-0.0457539593305
0.124146585528
-0.0393739679379
0.119503642547
-0.0442620401172
0.0486875012765
0.0873841701285
0.034425058448
0.0109132303928
0.0586242890544
0.0108869979961
0.0164331055556
0.116021779273
0.0365213762973
0.0519166939443
-0.0187997115352
0.0162704133838
0.0509967996711
0.125196280606
0.0489902620773
0.0749943279651
0.117642229375
0.0699587513305
0.0188477897122
0.0440953534157
0.056592110814
0.0707320234999
0.0643482075595
0.124841632819
-0.00976624176873
0.135401851058
0.144499831234
0.121114607344
0.0245142069718
0.0940391801092
0.0480265123966
0.0597851762528
0.11458220974
0.00437738298406
0.00963874535489
0.087297170694
0.142875301848
-0.00648758776941
0.108788217732
0.0790309367768
-0.0150665381854
0.0373444372114
-0.0355107577291
0.0149315988898
-0.000319216793673
0.016126636664
0.123489426591
0.0304661090747
0.0429097684386
0.0720899560041
-0.00156997118084
0.0716130666416
-0.0223948557517
-0.0342205593562
0.058735679879
0.122432151015
0.032554980893
0.0320994640056
-0.00574575705877
-0.000237797678435
0.0943565679491
-0.026981111148
0.0390223655568
0.00535432274991
0.0557523110834
0.00974985714767
0.043295713431
-0.00885046514425
0.107714742035
0.0679025468285
0.104402718169
0.00718057208679
0.0744283393753
0.0624974778451
0.0193553705615
0.0905517868642
-0.0410235936028
0.0429867947422
0.096316069727
0.0244656596176
-0.0930764474572
-0.031850949385
0.0433277389943
0.0462955367219
0.103335867242
0.0905190251032
0.0824102302009
0.104622480317
0.0895755357557
-0.0209296271995
-0.0407531732621
0.0449864096019
-0.00225576863181
0.0584993171067
0.0227343003521
0.0777158141869
0.0279749205012
-0.0767172025902
0.0192335741512
0.0761933296471
-0.100440740592
-0.025971991898
0.0420196065239
0.0214939195103
-0.0255780468088
0.0113637417352
0.042921133565
0.062485565443
-0.0220798699379
-0.00619749324557
-0.0778279252767
-0.0902577417556
0.0902376551496
0.0470469847405
0.1238513345
0.0962576083167
0.0672213301445
0.0361334252232
0.0496228681487
0.00974896617073
-0.0283456266885
-0.0361412071761
-0.0240851895844
0.0399499676347
0.00837071661606
0.0271648029097
0.0889521683178
0.0333784118563
-0.068951639378
-0.0208284070862
0.104521864025
0.0921854049493
0.0690374297889
0.0467632174896
0.095910956448
-0.0110171446477
0.0355366111586
0.110915906667
0.0264427211143
0.0383058696281
0.0796495679242
0.0165903578252
-0.026508618832
0.0302589048897
0.0754145881547
0.0352797691157
0.0971578954973
0.0361775426325
0.0528901027447
0.0693486922663
0.0211981066083
-0.0358086561039
0.0484587894912
0.0302561759147
0.0088592703485
0.0445781579286
0.0839388509165
0.0908429611788
0.0467730916024
0.0586303716071
0.0857976020142
0.00640723189401
-0.0843846412963
0.0386013283435
0.000733874471796
0.100478882612
0.000866907604953
0.0675279887653
0.0357111245114
0.0830803251895
0.077974369792
-0.134866744676
0.0714400492746
0.0859444732069
0.00587658319442
0.0564905293296
0.0359367991109
0.0231971635668
0.0278147982715
-0.0536094425593
-0.000830901877508
0.034800337302
0.0554785019849
0.0137031782937
0.113633596007
0.0868461041653
0.0337197036599
0.099828656165
-0.0164180323862
0.0596926058348
0.109031014653
-0.0224380992207
0.0476504794264
-0.00667622672173
-0.00917913354234
-0.100423586598
0.0167041125351
0.0737599058213
-0.0636086541223
0.0318698431731
-0.000276650574245
0.0114674969336
0.0249024941874
0.0560266502275
0.00414689854764
-0.0929208249676
0.0226190946324
0.00363548480056
0.0398190590544
0.0475224895908
0.0497703150745
0.0248125430256
0.0736062595727
0.0631930836384
-0.0192822695466
0.0515636000501
0.0169318009845
0.0446657297699
0.0903736721606
-0.046561344844
-0.00108553905428
0.0626629690567
0.0218862070875
0.0792283525574
0.0272456008663
-0.000879798813885
0.00224562309294
-0.0571368154003
0.0203619952557
0.0552683637495
-0.0543748874692
0.101007978962
-0.026117524494
-0.0430238620238
0.0118303256663
0.0410859396999
0.0903046558291
0.055125107329
0.0725713798661
-0.028217878097
-0.00931036691824
0.0998932065898
-0.00435484867843
0.0944831360148
-0.0312157003704
0.0671922295619
0.0185312003251
0.11212357921
0.0841637713979
0.108136997215
0.130306152442
0.0418419191467
0.0667092942827
-0.0120201764311
0.0399732250768
0.0149358987965
0.0927486482219
0.0714070227558
0.111194392274
0.135032443091
0.101638457315
-0.0844363632308
0.00913520077281
0.105721810453
0.0357518210903
0.00633835894685
0.0437425354912
0.0635180363241
0.093377076209
0.0768791375172
0.0154181071946
0.108777437561
0.0232680286741
0.0335801914401
0.0794824004889
-0.00378544889392
-0.0114823751174
0.0466860346851
-0.0361905558053
0.0666587632316
-0.0480301535099
-0.0594917411342
0.0553084147141
0.0277812418842
-0.00744644386437
0.0284600154489
0.0460639332708
0.141106570731
0.0959892931244
0.06608706249
0.0287225742946
0.00480344656714
0.0458037668935
0.0367558565987
-0.0522926286937
0.114545047867
0.0844242630608
-0.0417382127937
0.0644381155202
-0.0557910452906
0.0725096728052
0.0884168308245
-0.0453709463014
0.098094045887
0.0184744296658
0.000818801508503
0.0885255764968
0.0680970731099
0.141428873036
0.0698620704994
0.0358487139882
0.0823651084372
0.0508101198736
0.0648031492955
0.0642744805793
0.0495903362188
0.00282081330578
0.0563816764195
0.00574768228303
0.062528483872
0.0522408588788
-0.0677558393725
-0.0199570833811
-0.0252572569206
0.0745481455091
-0.00526072913474
0.0317737570512
-0.0557181589413
-0.00891208706404
-0.0073954504769
0.0287797002467
0.0162803097952
0.0247304881441
0.0295696960946
-0.0093808397121
-0.0250118351655
-0.0704175363124
0.00633814692808
0.0588500964238
0.134517769501
0.0503797735923
0.0262907010698
0.100982837244
0.0662216713956
-0.0190672730038
-0.0557608298704
0.0921592206037
0.00932447669632
0.0909431604361
-0.0821187233974
0.0990436383684
0.0396300092724
0.109531645708
0.0883653177434
0.0322927551617
0.000649644349134
0.117012204899
0.00306023254188
0.111340580198
0.139503396661
0.0520659077056
-0.0202322344411
0.0655295238557
0.102002145075
0.0866211014726
0.0251732384656
-0.00331335191163
0.115451383046
0.0995438689997
-0.00841179058058
0.0505941320961
0.106273248039
0.0585760495535
0.0396750591914
-0.0329922563229
0.0801322747153
-0.0238471005752
0.00592681726207
-0.00519992542394
0.0210683327193
-0.0226500377522
0.0850180339705
0.0917713835646
-0.0301797125294
0.0686135078804
0.115219446876
0.0891529887654
0.00951135195393
0.0411233571274
-0.127794486488
-0.0230833107713
0.0589748737933
-0.0505128225752
0.0338351365659
0.0515969738929
-0.000151863774454
-0.000191922349728
0.126812173769
0.10464199528
0.00376531905558
0.0129464063386
-0.142191787162
0.10737253208
0.039613813391
0.101120748067
0.00356352351656
0.012015829089
0.0482661881223
0.0347802182631
0.106723902059
-0.0184388303906
0.0581013857558
0.0680075518592
0.112127911017
0.0886489302107
0.0101153607815
0.0277514408587
0.0136196973713
0.100601070476
0.129180909501
0.0706581164687
0.00375578002842
0.0561818687361
0.0499451503789
0.11647269059
0.0189850192724
0.0176661147084
0.0489693941713
0.0558738323123
0.0115788709216
0.0209117658446
0.0370370899572
0.0659673570144
0.0470572305813
0.0183409139915
0.0846716707144
0.0663170782128
0.022122888708
0.0389015648662
-0.0395605678447
-0.00532661556353
-0.0377204353694
0.0626474360372
0.0279154250586
0.016876576669
-0.013216846446
0.0202968225406
-0.0119138284385
0.048678998345
0.0798819986861
0.0728551798708
-0.0136701357378
0.0713500430322
0.135295231329
0.050302635692
0.0814433862796
0.0494305930322
0.00959521731454
-0.0103810311413
-0.0407455316951
-0.00355012884308
-0.0166656748582
-0.0835893161869
-0.0581150617476
0.0396855422262
-0.035485188322
0.0995286629863
0.0138179801374
0.028386074811
0.0844712793714
-0.0342023277011
-0.0133506317046
0.10687135774
-0.0249826496729
-0.0273444475078
0.00573012905645
0.0915736646969
0.0329842012792
0.0946935783234
0.0727773882312
0.0968659883333
-0.0416914179913
0.0206555253698
0.0868691153586
0.0877370518655
-0.0932363572274
0.0765371107543
0.080233668171
-0.106195426953
0.0193596393922
-0.0269476634351
0.0191564024108
0.0404210849629
-0.0416926145994
0.0726316671398
0.0505943876392
0.0720069123844
0.000542460767273
0.04169654299
-0.00445089108575
0.038188839101
0.0718278188266
-0.00768897344129
0.10877031708
-0.0154278887595
0.0953897308133
0.108430561847
0.0125988138919
0.080686322852
0.0326716459358
0.0858128580521
0.0171805396284
0.00362096069777
0.0296164355029
0.0639093723782
-0.000281616563189
0.12250907278
0.0760705397219
0.0550004622477
0.0046494628927
0.0410889403663
0.0964347282293
-0.00503750093964
-0.00586146590643
-0.0206286430235
-0.00491031776121
0.00371635048983
0.0229673186906
0.0204769247787
0.0307481097255
-0.0545942797796
0.0371609511684
0.0235777437635
0.0611951808283
0.108125744956
0.0433905264539
-0.00691380876937
0.0722458479223
0.111799064467
0.0194064052486
0.0490778835813
-0.0168571618922
-0.0190344248272
0.0170483479904
0.00590136580122
-0.000429932400909
0.0429656045906
-0.00898718765718
-0.0139335683145
0.00744294362482
0.0103336229126
0.00543670148202
-0.0413853324657
0.066236700098
0.0208802055531
-0.00410066610761
-0.0440477481403
-0.00292897980335
0.0683422728666
0.0679510557353
-0.0517354573097
0.00372634596325
-0.0340099380856
0.0270471931609
0.0436410821104
0.0662604584007
-0.0350915247537
0.111799303184
0.0324242249739
0.054465555395
0.0691237372851
-0.0296831205701
0.0950018888023
0.060352059173
-0.0210384115796
0.0171711676796
0.047018026094
0.0235249801064
-0.129593358122
0.0054293862711
0.0611641451928
-0.026121447771
0.00428749257024
0.0505654936718
0.0772352699149
0.0876918873449
-0.0124232774379
0.0613594734684
0.0885731856037
0.078261642693
0.0718921008031
0.0472088027856
0.116716067637
0.141227475945
0.0752263099643
-0.0324303010373
-0.0312914678266
-0.021399486368
0.0174031004998
-0.00298916360485
0.0978815032934
-0.000584281215747
0.0916071747056
-0.0194243877012
0.0648508736712
0.131394695472
-0.0653067980709
0.0411344788995
0.0102887770972
-0.00325147834556
0.120374581883
-0.00876808529475
0.043995169587
-0.00443353932932
0.0430167385697
-0.104268608007
0.0346926698203
0.0790792549873
0.0461509602256
0.0866404397526
0.0486061545527
0.051471654252
0.0671682127938
0.0940934684911
0.0454296044137
0.0122885704405
0.0339957867211
-0.00806376645759
0.0402218424511
-0.0412608057969
0.0117522723021
0.0176822074297
0.0709731430635
0.0312379528717
0.0662558242139
-0.0131517530529
0.0573352529983
-0.000638381244632
0.0425206227004
0.0334836921407
0.0429061762584
-0.0263605876272
0.0520384970612
0.049573761617
0.0895240855791
0.0219441671088
0.0699378085472
0.025126818177
-0.0213247342241
-0.0213630050156
0.0208407795731
0.0489631877397
0.0761895920158
-0.0134882902334
-0.0281539166147
0.0569466982715
0.0637660828697
0.0691392977467
0.0567387296247
0.0195946381998
0.0844038016152
0.0756216013956
0.117715492853
0.0159139349471
0.129867412756
-0.0183939648436
0.116250101235
-0.0521871852475
0.065699269294
0.0767621249179
0.0050946340134
-0.00593681039808
0.127977012297
-0.00586175854256
0.0558360964293
-0.0385224833564
0.0689514388265
0.0599884723835
0.00696957366803
0.0560586466737
-0.00744842527125
-0.000414300956463
0.0287539367819
-0.172060762629
0.0559706651066
0.080346216043
0.0301916064243
-0.042622531784
-0.105497450554
0.0550244895346
0.0294845181398
0.0169725788432
0.0128046972675
0.136638268874
0.030045448761
-0.149042038732
-0.0523996669924
0.0753556994919
-0.0375913227942
-0.128312511416
0.129675134802
-0.0832538049036
-0.0853881024685
0.0234110322117
0.118128987068
-0.0480877008592
0.0187280623115
0.0734577094215
0.0820544536194
0.083255547643
0.0236625356374
0.0370530130592
0.052986835077
0.00840213062627
-0.00814872425092
0.0694017470645
0.0284136241285
0.0224284891848
0.106339636899
0.0786709643662
0.0816270432003
-0.00655145603396
-0.0829674237775
0.0859364746932
0.0120180377285
0.0252636295446
0.072396986747
0.0839725798711
-0.0117923920479
0.0602518150558
-0.0216619737425
-0.0367469209158
0.101318649884
0.0592369478713
0.0838548017365
0.043767860349
0.0675563557711
0.0864419876421
0.0724884984868
0.00292136225867
-0.0288099966478
-0.04446178081
0.0675412670101
-0.0163927546245
0.0328154053446
0.0229640902562
0.0218362996976
-0.0758302381878
0.0965166059187
0.0703759479008
0.0796039406368
0.0513144788909
-0.0136084236669
-0.00847603640021
0.0299090873859
0.00641382330657
0.014446828888
-0.0410713803563
0.0318302425329
0.0237803989001
0.112663077527
0.0469659576128
0.01434974332
0.110298154155
0.0171949764899
0.0953438630058
0.00237453077885
-0.0924909204884
0.108374725534
-0.000803716851603
0.0240879782337
0.0974931447795
-0.0493014373086
0.0282056234781
0.100593452665
0.0412250585247
-0.0435180960314
-0.0202606660648
0.0527729081314
0.104201581104
-0.00424058790591
-0.0555940385415
0.0579696471163
0.00747748298301
0.0905361407874
0.070949981202
0.0239264728627
0.0999970223164
-0.0109014470726
-0.00553403045657
-0.00390395101897
0.0201398192078
-0.0798770981398
-0.0446303821545
0.0266440757706
0.00822507874895
0.0243138683511
0.0599495883412
0.0881156161451
-0.0902648882249
0.065009717955
0.0148541423963
0.0066542394316
0.0518879835636
-0.00596694731656
0.0990362341324
-0.0178092571307
0.0979733286688
0.0999191253202
0.0831557849089
0.111712031758
0.0943266843249
-0.00856366801996
0.0191221486148
0.0485496688647
0.0598996582492
0.0654896463075
-0.00840500236843
-0.00323807360862
0.0192045477855
0.0129598600186
0.0221550438647
0.121075290524
-0.00881307702644
0.143088805859
0.0428847656032
-0.0115192670454
0.0243510440931
-0.0677319340412
0.0659511048426
0.0908266035851
-0.0135979092313
0.0944934183325
0.0158853715702
0.000425689438647
0.0563281457707
0.114727158603
0.0476167770948
0.0102782001255
0.049544171037
0.0103416836817
6.47563839644e-05
-0.0851290503422
-0.0707034099889
-0.00810776951687
0.0620971967277
0.0778699632519
0.113472478428
0.108127433664
0.00661493970363
0.0174416415623
-0.00205104780178
0.0624619180887
0.0285156490072
0.0876718646796
0.123753907113
0.089209031835
0.113646796573
0.0309571588111
0.0416957443704
0.0481444251873
0.0437586552958
0.122669505471
0.00977825840771
0.119895449354
0.0191477474496
-0.00678654916263
0.0529667588315
0.00522676283397
0.0944083500474
0.00990139280395
0.00697865994295
0.067422454799
0.0926792973219
0.090266136607
-0.00196107280772
-0.140545853664
0.0500100546439
0.0176091379238
0.0197141725782
-0.00984139156406
-0.0745951891506
0.0586969868085
0.0340208988341
0.0679984158267
0.0658902950944
0.0572403265987
0.0539094411105
-0.00730860000491
0.0862943887051
0.0693213139239
0.0611889996372
-0.0162473422072
-0.0147990322607
-0.0494104102231
0.0015915830861
-0.0307912507897
0.00284420224361
0.0135399684661
-0.0932892211057
0.0189380780933
0.0703993455806
0.00222886481887
0.0460355499635
0.0576212144898
0.135391862853
-0.0730843379414
-0.0232851377658
-0.0442949680077
0.0486716966187
-0.123519076358
0.0937170134468
0.000112570467558
0.0501236093715
0.0366533511833
-0.0239857360785
0.115850612053
0.0426159874397
0.0670550473734
0.0430539504301
0.066111448969
-0.00709602767302
-0.142571903195
0.0659926494003
0.068244673695
0.014153419891
0.0549621775146
0.0531289031669
0.0641173389373
-0.00343414236027
-0.0149779581037
0.000612543790448
0.0727135999131
-0.00826176507731
0.0408931127296
-0.0598008661165
0.0571447808655
0.0397842341839
-0.0119381267761
0.0267398621042
-0.110723928442
0.0606092829163
0.114415630813
0.00718372411675
0.0665147184764
0.0471638690341
0.0665045344144
0.108590035321
-0.0102016286812
0.0171958750459
0.0632939300463
0.0666986030467
0.0459129458556
-0.0245217000107
0.00433828792174
-0.0184271544928
0.065274279577
0.014676841391
-0.0311885219684
0.080234803814
0.0224401893166
-0.00205249045456
0.018501486477
0.00943567736704
0.0657096706949
0.0835364873088
-0.0243625862226
-0.0451258615596
0.0987321194973
0.015845241637
0.134711275682
0.0138459370964
0.0612105404957
0.0710694801616
0.0459669064776
0.0628806518027
0.117453648415
0.073885804791
-0.000850769566208
-0.00727215585808
0.0575312406605
0.106450516657
0.0515089543232
0.00786270526326
0.0196993997509
0.0460781551511
0.0767238563975
0.0618849628632
0.104511612995
0.031738757942
0.00699098614691
0.133712077836
0.0586013426796
0.130002098383
0.0104547671853
0.0751461942921
0.0306667270967
0.0369246066777
0.0804737602991
0.100662036253
-0.0610263303863
0.0397976690547
-0.0465962292161
0.0640727276909
0.0349099827457
0.0128140228813
0.0648968109391
0.0703175875334
0.0868712841875
-0.0220693749791
-0.0202578066238
0.00691240173573
0.0896611450121
0.103109759451
-0.0666682013335
-0.0138095021011
0.124283243495
0.0406246781691
0.0568104271932
0.088151492239
0.0219772187781
0.122950546504
-0.0315117768171
0.0523973539064
0.0881399776439
0.0707154673397
-0.0256968302514
0.112756298445
0.125584172695
0.0419736340532
0.0395774438462
0.0158303462408
0.0935820067825
0.0264893968356
0.0153678313078
0.0310659279074
0.0444421388157
-0.00266687125249
0.0823176139414
0.0389358929118
0.102361613173
-0.0098388771904
-0.00381383412612
0.0855520902966
-0.0174083017091
0.0404355723679
0.0514349164386
-0.0495080788051
-0.0174872232339
0.0352650937611
-0.0208427375705
0.102830438851
0.0790398678341
0.00816130034473
0.0543749079777
0.00637744087165
0.109200014472
0.0745682323331
0.0358091502711
0.0834518904486
0.115548630785
-0.0905959746791
0.0685591273625
0.0749104665772
0.0254055224211
0.114677173259
-0.0303715925567
0.0425384990913
-0.0382845849352
0.0350129967575
0.0912223777242
0.0475947546275
0.0196154511958
0.0471492572466
0.0756389163309
0.0824289120046
-0.00276993438095
-0.0457447478527
0.0370456994303
0.015139629963
-0.0364583317281
0.0419238028188
-0.0231546228079
0.0385220183936
0.12895552365
0.0935426355619
0.0252340694207
0.122060936494
0.047734157512
0.0184272574362
0.0329863481614
0.106767468305
0.0147993897879
0.0718454603836
0.0428178470011
0.0415908809449
0.0881173905301
0.0322005750892
0.109902528818
0.0431528667339
-0.0230609783613
0.0964308330959
-0.0536104816478
0.0271234393507
0.0361375541337
0.00871457081366
0.0109261925541
-0.0102458568676
0.0508740928643
-0.0587374808867
0.085263063524
0.00101744348641
0.0631223811369
0.00270124607043
0.0665421706311
0.0323506512478
0.0415917344539
0.085091556778
0.00983144191731
0.0341412727942
-0.0123043851451
0.0786543249392
0.0572796442627
-0.0829484623721
0.0584824760224
-0.12308423888
-0.0226957202832
-0.0653242117269
0.0567346006927
-0.0170813042685
-0.0113149205327
-0.0297769056511
0.0200030671566
-0.0265314763931
0.0466660395953
0.120025893458
0.096995494222
0.0958477030641
0.0704759552528
0.123854706687
0.0152983562175
-0.0408785366029
0.0830837236581
0.00304132999378
0.0860103374699
0.0918127412301
-0.00789757141405
0.0779487978903
-0.0422478467735
-0.0509484255963
0.117285136128
0.0634648599379
0.0119597129145
0.0662895280191
-0.0355793422973
0.0638631082954
0.0603671018878
-0.0034704820012
0.0879384922075
0.0262204575393
0.0237313843684
0.00961952071963
0.0624157434241
0.0579800629356
0.0310646811295
0.0829310764224
0.00472528835489
0.0825918021908
0.0563782863666
-0.0965580937286
0.0136393046923
0.0101857410534
0.0278955145497
0.0801387870164
-0.0197806974013
-0.00518168767917
0.0470357489307
0.0421519415025
-0.0076585664309
0.0255991417743
-0.0670528997056
-0.051392391728
-0.035940682617
0.0032533281828
0.0500547182716
0.00742402940417
0.0710443808758
-0.0548069513634
0.0333833500105
-0.0189162309833
-0.0274382246651
0.0998187582581
0.0132621151745
0.0529678611636
0.0815002079598
0.101115455378
-0.0308438298353
0.0398661351984
0.0296399000081
0.00621837203466
0.053496977138
0.0771497721189
0.0122041144858
0.0203814328173
-0.0361430547388
0.0612335205741
-0.0018657209931
0.113119571828
0.0171578506601
0.0938626747408
-0.00573151480323
0.0484386874871
0.090679379737
0.041574588768
-0.0121970456048
0.0257385862523
-0.0503387654915
0.115766788193
-0.0119397267029
0.0739777827637
0.100268808046
0.0254975478284
0.0745705365344
-0.0987987732443
0.103902548383
0.020090577294
0.0638219849452
0.0326292027802
0.0838302125509
0.127668453194
0.0769289932781
0.102792347697
0.00548291436513
-0.0289420393104
-0.077153820798
0.12440859934
0.0568688909655
0.0526606174078
-0.101194276622
0.0279999374942
0.0790326326078
0.128550466847
-0.0713265204235
-0.0529283178406
0.0859396155532
-0.0215410830882
0.0216906800303
0.0110049072472
0.0564315656084
-0.00437332498338
0.0408472303801
0.00554894428059
0.0253767410831
0.0251581872874
0.0147673069938
-0.043583531486
0.0027086667142
-0.00515648574952
0.0742692167386
0.0965454130989
-0.00343363308055
-0.00465691373018
0.111206778029
0.0256945198157
-0.0308665658239
0.106133001192
0.0762502216463
0.024157434205
0.0419498740593
0.0924192958725
-0.00687568468318
-0.0122161721477
0.0608300532678
0.126637259169
-0.149355388402
-0.0156043854927
-0.0697464964237
-0.0757220830902
0.0880175989471
0.038895743726
0.0810716297633
-0.0216918114509
0.0401876614731
0.0746150409442
0.0269340401024
-0.00461790181615
0.0706806589789
0.00736174450192
-0.0324672516461
-0.0661627704958
-0.0258177757495
0.000336913836897
0.019084675792
0.0790117043799
0.0197586977422
0.00917214229046
0.0584032295054
0.0842309718879
0.00351485354059
0.0520849884426
0.054920237147
0.0503500653877
0.00945570491657
-0.0393058705346
0.11734311266
0.0355276012935
0.0795940895491
0.0780562185948
0.0513616209457
0.069631105119
0.055031889795
0.0548408633815
0.0416900107343
0.0751914950375
0.102987912429
0.0488334856919
0.0437554940257
0.0619238770754
-0.0118945836209
0.101933703949
0.0639604547416
0.040969489548
0.0869740625327
0.0245297960609
0.041574279783
0.0188848465886
0.0181560647599
0.0618189081268
0.0838548986663
0.00513459177631
0.095063729658
-0.0297433496288
-0.0510420151974
0.00759592171269
0.000552389866662
-0.00436270880321
0.0966689215401
0.0597571401994
-0.058185878983
0.0517504056965
0.0291908294154
0.040778406522
0.0732775420258
0.043013167322
0.0881459408455
0.0290471084752
0.0660457997215
0.0396749180546
0.0781497262178
0.0179315242128
-0.0358209636264
-0.00492402849101
-0.104794718021
-0.00599169415457
0.0738351562881
0.106242672943
-0.0180898218874
-0.0209912247144
-0.0308197602878
-0.0949807800764
0.0985356323021
-0.126485643833
0.00108729888929
0.0120150207146
0.100101328601
-0.0077517862507
0.0546288383599
0.103308731088
-0.054905425474
0.0429704382704
-0.0605877197065
0.0861740295743
-0.0148740226239
-0.0108901119637
0.0270888531873
0.0912205798225
-0.0492412275783
-0.0484256909326
0.0396167958836
0.0180094952394
0.0864070024485
0.0336770074057
0.0318909957929
0.0300313026661
-0.0318243325356
0.0628213496087
-0.0317328641265
0.0707313213317
0.0129194662833
0.138114915342
0.10439573104
0.0163424429557
0.020122723937
-0.012966398084
0.101262835795
-0.0309849372005
0.0331119407894
-0.0124734873612
0.0627565552357
0.0809225243102
0.0292984922568
0.053659471286
0.0858470453718
0.0802761156683
-0.003864454848
0.0754851793903
0.0763971500372
0.00378794024048
-0.0226975734534
0.0602448740327
0.0957586667506
0.11883103733
0.114360930451
0.0818760686152
0.0481823883876
0.0241978081603
-0.0120648673706
0.00156021273222
0.109598328446
0.116704400509
0.0694254851151
-0.0400735794474
0.0558230341476
0.0248549907016
0.0329996340875
-0.00459230673573
-0.0247787575821
0.00540699711518
0.0221408432242
0.0830028809601
-0.0565960850778
0.0631985078235
0.0104998805244
-0.0229576188768
0.0370732891564
-0.0250785376522
0.0702346743236
0.060078480038
-0.00994318270367
-0.00599435766962
-0.0776929738583
0.0160821235774
0.0178707688945
0.00387636410156
-0.0096288137564
-0.0808106476022
0.0583462057747
0.0142414553586
0.0960746547552
-0.0161047566404
-0.023422754683
0.0469984647402
0.0414405601849
0.0762453866314
0.03694697218
0.0480898461937
0.0789091233595
-0.0387750703868
0.0962543712591
0.104911815885
0.0757527433156
0.0873191949401
0.0547214197866
-0.0676983105152
0.0382371385623
-0.00418240935885
0.108377082999
-0.0624614574506
-0.0296532239413
0.0510667784606
0.0728669873658
0.104585417656
0.0956155518323
0.016341736845
-0.0229712211268
-0.0149341131567
0.0721247422046
-0.0174199346011
0.0567564672901
-0.0177138398592
0.0408922113132
0.0666912830239
0.0440298233019
-0.0516656426674
0.0478253993528
0.0369076831158
0.103873354434
0.00227923470591
0.04429520713
0.0468876263532
-0.00342722281946
0.0106791217848
0.0280325817087
0.123335500577
0.0211699585644
0.0786481316575
-0.00623845110013
0.0640012013641
0.0634404884984
-0.0351609593259
0.0277377063584
0.0423579693293
0.0697458118893
0.0103869063399
0.114149863932
0.0650068661547
0.0150313999474
0.052820715953
0.0952591695225
0.0154610899128
0.0100568191969
0.0299587971247
-0.013949688591
0.0548863629675
-0.039535782924
0.102766841828
0.0550276585374
0.0770484495293
0.0539971968659
0.101282284301
0.136687240471
0.0188360903431
0.0378819672396
0.0542053695494
-0.113251257218
0.038791246817
-0.057086748344
0.0311458857322
0.0555592558949
0.0514588824086
0.108010212384
-0.0515066884014
0.00315313980419
0.0533990316926
0.0467458600368
0.00117397048383
-0.0629994794014
0.096801031759
0.0802019964225
0.0986082085886
0.0400212163497
0.00924059248468
0.032784005754
0.0927978455354
-0.0118693779709
-0.0231919855566
-0.0230228861166
-0.0342466446322
-0.0497704010156
0.0447532512242
0.0865622112626
0.0182683371932
0.0880465966364
0.0625704426329
0.0957618907576
-0.0256062128994
0.0857192518311
0.116303332631
-0.029804403912
0.088982996091
0.0618996974741
0.128294188036
0.0581888645477
-0.0113875306488
-0.0869523935334
0.0359839931354
0.0365300233318
-0.00572031604912
0.0267223225807
-0.000595573385229
0.0128480225741
-0.0298871361591
0.0489844906078
0.0622555581664
0.0578938393974
0.0782757072893
0.060340264533
0.0559228916172
-0.00515375089984
-0.0319801128729
0.0675797089433
-0.0409938540922
-0.0700315077399
0.0180598072877
-0.00511661574614
-0.0656788570815
0.0686369119721
-0.0791003961174
0.0934824786925
0.0544636386184
-0.0125134084443
-0.00876208220682
0.0395035204183
0.0980042848651
0.0276543047849
0.0370796519323
0.0361658023863
0.0427693730784
0.130180105374
0.00235044888305
0.125726368686
0.0886147527245
0.0818071407317
0.0805401406377
0.0612006041772
0.0471249261436
-0.116936709682
-0.0145003689313
0.0517770612518
0.0673760009117
-0.0159424684761
0.0225022757691
0.0591238884438
0.087233506468
-0.0266553269789
0.0131207470384
0.0215935595063
0.00262909253098
-0.0543353809408
0.0580305795728
-0.00320990252659
0.0678592744308
-0.0587446928583
0.032926632035
0.139472942997
0.0978989434375
-0.0143564360554
-0.0336649392454
0.0452324108919
0.0809088201695
-0.00442322672398
-0.00293671459946
0.0514939244352
0.0205093615561
0.0666033551424
-0.00554308605695
-0.0290009970408
0.0731408398247
-0.0250645555889
0.0364660024027
-0.0177247949122
0.0617910059785
0.0939236354691
0.037413524556
0.0639317563406
0.0517933632743
0.0113813053393
0.00431491308419
0.0259404174616
-0.0869288933898
0.0983134962719
0.0553849851657
0.108540685218
0.0149514672627
-0.0195678457857
-0.077655022938
0.0570988907598
0.126624408821
-0.0334203934309
0.060902904562
0.110872220228
-0.018272697847
-0.0251521870991
0.0579083568759
0.113366960525
0.0986909334053
-0.121136614889
-0.000275594274714
0.0660866514423
0.0621815447434
-0.0144731897795
-0.060611218317
0.0210000000117
0.0325466047102
-0.0211766792992
0.04597936307
-0.0408688828771
0.0117798588056
0.0723166139107
-0.00438332003982
0.0490930764156
0.0498130549253
-0.127083416797
0.029361668366
0.0864578417056
0.0411666272415
0.0112179807528
0.0167158530283
0.0262379800205
0.0826960935462
0.0638463076396
0.000497585368666
0.0637070373438
0.0650692274624
0.000453012255392
0.0804013965786
0.0179640620587
0.11399432367
0.0625163053653
-0.00353277362499
0.0275587866713
0.0281528441096
-0.00424104225724
0.0986397645149
-0.0967077911936
0.0352757017578
0.0830668699923
0.131178804557
0.0278086176759
-0.0834045774551
-0.0489081082759
0.00991789483955
0.108294858842
0.00517480716494
0.122721373323
0.0513871202927
0.0516656951701
0.0525908295149
0.0528486864339
0.0766084356304
0.137516632013
0.117418080293
0.109964701694
0.0140179833869
0.106374522058
0.0634273993322
0.0568864965124
0.132173550833
0.0934727751279
0.11774682117
0.0623902516195
-0.0800307773601
0.0825258918477
0.119059902919
0.050967068287
0.128531756884
0.0744683301255
0.0814879550804
0.0658137230993
0.100873727624
0.0461956676216
0.0563897446911
0.060533441116
-0.0124399838298
0.0697827893932
-0.011571995176
-0.00640288252443
0.117094482119
0.0077528593665
0.114434998667
0.0363961725883
0.118047122873
-0.0258959664131
-0.0130018045506
-0.00645424997906
0.0404822538062
0.0855398218178
-0.00289242827402
-0.0332738202352
-0.0489836560919
0.0542782098184
0.0787969872906
0.0818025377282
0.0772904712416
0.0601534966653
-0.00664513503106
0.0590851404934
0.0861304634505
0.100316795483
-0.0456366949952
0.0719749923056
-0.0482985467115
0.00991769535673
-0.104663417808
0.00387865939564
0.100132084527
0.0216919538527
0.0731126071557
0.0849943728221
0.0701189707557
0.0320961834582
0.0892815709214
-0.0598718214337
0.0400568905359
-0.0260853592314
0.0737422870715
0.00414802868599
0.0927112310215
0.0221173148816
-0.0464545100698
0.0796204662565
0.0504242133629
0.0546266985163
-0.0363667376082
-0.0135525463426
0.000379248929676
0.0211826732274
0.104307272893
0.0345801081865
-0.0311087070141
-0.0337570253179
0.123267031187
-0.0250837035025
0.0497987788204
0.0814201748308
0.0695632819054
0.108997033158
0.0736462060422
0.0308892342095
-0.230037939147
0.128686220555
0.0213563257561
0.00514692226617
0.0334174630302
0.0693967129544
-0.0511030479815
0.1382141419
0.0707849248416
0.0174293012253
0.0856394734391
0.115762731918
-0.0151613026251
0.104125054763
0.0573060541408
0.0370558254672
0.0959772086215
0.0676544487389
0.0645298167237
0.0836813280454
0.0478372263695
0.00616710634624
-0.0198583809428
-0.0327687096837
-0.00202589253895
0.0773536631489
0.0364327776789
0.101202893234
-0.0789588456599
0.0650392127881
0.0611310094983
