0.00492815644295
0.0336607336524
-0.118792945299
0.0715950129066
0.0363354268404
-0.0145866411986
0.0174902050693
-0.0460741619941
0.0658537460252
0.0972157782744
0.0596991520527
0.0647258324376
0.064952405848
-0.00183930345741
-0.000136966039735
0.118707914828
0.0766369477023
0.0171195660009
0.0877333235959
0.0652997905221
-0.0493066648753
0.124435812017
0.0605884571819
0.0812197294404
0.0891763593321
0.05746167371
0.0188688380307
0.0519725513811
0.0375822489747
0.105502602745
-0.0234729642123
0.074129341946
0.0853081692733
-0.00823641835005
0.0444598211483
0.0281749049357
0.0503993632912
0.0421933911689
0.0831407127146
0.0602161787396
0.0611919902601
-0.0605949933472
-0.016679873501
-0.0321324657349
0.0261293149428
0.0428953808896
0.0880350996642
0.055731742266
-0.0836094539406
-0.0178043685818
0.0206665262785
0.0784426112321
-0.0209944009262
0.0229082916355
0.036458859795
0.0520460077126
0.0985016263401
0.0945968008107
0.110728384502
0.102645397477
0.0475317817124
0.0805259265284
-0.0047202709368
0.0644126390927
0.0433673327634
0.0063965868563
0.0416659750831
0.0510685043081
0.131967548976
0.107447752229
0.0398838751765
0.0483519245857
-0.0321298603725
0.115609586791
0.0309734766167
0.0876994600132
-0.0188483041035
-0.00106854534886
0.080608846099
0.0619858318694
0.060874924118
0.0129146786253
0.027457382186
0.0910499948389
0.102675404948
0.0790972110844
0.0475784591384
0.0595939284148
-0.0688586207168
0.120221258256
-0.0972569421845
0.0657270664952
-0.108751615217
0.0256977849909
0.103997223777
0.108588749552
-0.0812470111829
-0.0234769022055
-0.0138615342679
0.0185164321866
-0.00339112886629
-0.00798210953764
0.00877898735568
0.0596713784755
-0.127952630004
0.072412815052
-0.00820598774241
-0.0383326483992
0.0311380686372
0.0598279948031
0.0276941131824
0.0405163109248
0.0810451250586
0.0322090171827
0.0858409835891
0.0542986907847
0.0578910494213
0.082472130393
0.085720052811
0.0146959906092
0.0821313080086
0.0945479688271
0.061794754166
0.0928216803374
-0.0464128384627
0.127096387058
0.0813492334834
0.0145019393881
0.087605283659
0.0788942769249
0.0678408704013
0.00174348710743
0.0616906140944
-0.0401165977418
-0.0172939839689
0.017846199691
0.0665801058188
-0.0319739144183
-0.0342658302472
-0.00340145020205
0.0431286167734
0.0649089353895
0.0492785885897
0.0345032095444
-0.00364969272373
0.109918884968
0.0645522917452
-0.0574804290378
-0.0398991916149
-0.0578510433543
-0.0308762851665
0.14288325262
-0.0336325638925
0.105044703687
-0.0233440256195
-0.00710904965204
0.0307324841659
0.116567524405
0.12361750823
-0.0044855352032
-0.0780807540451
0.0295631089249
0.0828425372978
0.107970831369
0.126280298982
-0.00960997087383
0.0513396619098
0.0070265404694
0.0296116535898
0.0543588675896
0.101807496127
0.102125897973
0.00674298127546
0.0498169817536
0.131609376919
0.034983361488
0.0202644222923
-0.0251171529221
0.0704687855704
0.0965503053486
0.0778858588068
-0.0229656306987
-0.0284907433385
-0.0220740568447
-0.00278841793244
-0.0326164478911
-0.0545063541398
0.0155202570771
0.0708821148079
0.0510179197109
-0.0257906807757
0.0256103493386
0.0773950552746
0.0965643602433
0.0393345741624
0.0687064126153
0.0710097650396
0.0879600387932
0.0682642068755
0.00132593319866
-0.0458377332571
0.00910280335432
-0.0882146077282
0.109255022629
-0.00369743177783
-0.0032170364917
0.107162483183
0.0795273486028
0.0569027829308
0.00874012949057
-0.0312060010717
0.000491312588045
0.11091960177
0.0489561408605
-0.0366435086626
-0.0564515082294
-0.119693070226
-0.00533887031397
0.0830642832417
0.0248307208182
0.0238480111047
0.0208059949695
0.0171495829828
0.0374315907087
0.0799982228555
0.019548415954
0.0976374364944
0.0405027138102
0.0363515163776
0.115403082349
-0.0511411190383
-0.0957455283117
0.0268101912505
-0.0151377690965
-0.0845255479678
0.00107348186537
-0.016965277443
0.097966682573
0.0457217208341
0.0940174645028
0.0288437276332
0.0845648624762
0.0501501300087
0.0728630338938
0.0638322633817
0.0623142292394
-0.0126977288068
-0.00407320488291
0.0389465200367
0.0557465364374
0.0800365558595
0.0883533883987
0.0661647702557
-0.0839861708946
0.0860579804673
0.0737809826082
0.0465314600743
-0.0250298986479
0.0686856706368
0.00726585893952
-0.0225053080142
-0.198951101017
0.0676022739978
0.126992943647
0.0711794009871
-0.0239376504184
0.00277937543482
-0.0458464448523
0.0489332481099
0.013376805435
0.0672383524884
-0.034723097335
0.138560003866
0.127372626886
0.1128751832
0.0205850942489
0.0132212175809
0.00285493008095
-0.0096018904603
0.0200114162554
-0.0220230962527
0.0995253421055
0.113836544184
0.0293929747242
-0.00830848029041
0.0504212653566
0.0271663331273
0.0485605313667
0.0614965159881
-0.00974221861775
0.024745021201
0.0517099194513
0.0450952665954
0.00786895030017
0.0445780338622
0.0496024802858
0.115710746667
0.0434999098854
0.134996833196
0.0410063748197
0.0890781096958
0.0537661357403
0.119352158186
0.0634243918665
0.0747098256358
0.0332368614313
0.0535187585266
0.0443035080376
0.11072205348
0.0731476864462
0.0496381985165
0.110158497583
0.00318249164307
-0.00699260943047
0.0405205098252
0.0736324252955
0.0684226384784
0.0618907141832
0.0708558826745
0.0817334955743
0.119754891113
0.100789037117
-0.00774821620539
0.0380778673539
0.113510378944
-0.0889046789587
0.12703144507
0.102406301164
0.00620549772846
-0.0179152242142
0.0712931393347
-0.00519117819283
-0.00418405179905
0.0248509207272
-0.0362032956738
0.0854101468796
-0.0862470370797
0.0431752460685
0.0703295151872
0.112230723814
0.0411006520921
0.0271079084513
0.0238142929313
0.0458975910254
0.0491898448033
0.0226118371636
-0.037644494338
-0.00675995488005
0.0721549533028
-0.00604215783303
0.112618135867
0.0490949161576
0.0728069787671
0.0542940165264
0.109941727115
-0.056325641081
0.0155597564932
0.0114679616158
0.0207905961357
-0.00332537105742
0.113308006299
0.0140017694003
0.0129741661881
0.060128309483
-0.0358549055587
-0.0268308826059
-0.0167957315714
0.0931443133591
0.0369485636291
-0.0124540868946
0.0286351450601
0.127112063031
0.125736300265
0.109734774237
0.0459130278448
0.0876361704863
0.0884531591471
0.0830533521585
-0.0707177007735
0.0509173683316
-0.00924737284647
0.069913685713
-0.0242649157972
0.0939376876127
0.0809773902292
0.017963190571
0.0389218944748
-0.106153438499
-0.11599308638
0.0569368628044
0.103115653834
-0.00515964248714
0.0653811003378
-0.0610713793872
-0.0379267940556
-0.0752136634913
0.0675999692969
0.0467860525521
0.000917482007758
0.0785582148726
0.0925564496812
0.0140732024688
0.0161470462215
0.0468395821242
0.0288363729982
0.00703087238017
0.0141062379124
0.0762692161195
0.0887349386722
0.111353830253
0.0201292277556
0.0839705949741
0.0190712629071
0.0174241871254
0.085391267313
0.0828881851461
0.082341718762
-0.0376497305561
0.10159606156
0.0233911210293
-0.0416192962815
0.0647294884551
0.0636933569679
0.136285145788
-0.0160270376734
0.101503213593
0.0292719754348
0.0945060715651
0.095724896451
0.033534590725
-0.00847186460979
0.0512026455505
0.0422169875704
0.096203270162
0.0975385214739
0.106834364928
0.0425504083938
-0.0421418001742
-0.0756668109961
0.104819933654
0.0560639145205
0.0229870213323
0.106089690223
0.0317139701808
0.0783746449425
0.0730558790879
-0.000602845768146
0.111308736398
0.0185946657445
0.0123180421152
0.0790301405369
0.00819646899872
0.0184169444624
0.0850869986262
0.0272729718555
0.0995428945659
0.11106027576
0.0698160755924
0.024451838052
0.0852347624203
0.0682101522863
0.00246094334147
-0.00508893054938
0.022959922291
-0.00707987264071
0.0307306483589
0.0850660279817
0.0358328075977
0.020610320723
0.026969911836
0.126700157495
0.0931504416473
0.0753711938848
-0.115493210317
0.0755429252561
-0.0446201092538
0.0951530571799
0.0672050027508
0.0248088873282
0.0650617198291
0.0414935632622
0.0153202330985
0.0866490499202
-0.0358597739638
0.071785949098
0.0651991017101
0.105241872383
-0.0132650291082
0.120989093038
0.0198726348211
0.0540571256949
0.0728580276569
0.103510208068
-0.0113323582097
0.094012856247
0.0707328538291
-0.0410531294267
0.0196804383462
0.0392985815712
0.100780396344
-0.00234312248622
0.1061219757
0.0134537940479
0.030421276107
-0.030476286549
-0.00856520023823
0.0466698932102
-0.00866945300481
0.0903829071446
0.0289579657563
0.0718009785181
0.0283486204927
0.0829810764228
0.00623019185391
0.0316265510393
0.022506935226
0.110459340299
0.00851853320576
0.0420998567682
0.063670754784
0.0873261620533
0.00917159351058
-0.0614842106022
0.0706371731544
0.00428727149343
0.0793499808205
0.00292380884726
0.118760432153
0.0842369611426
0.0315693451521
0.110733377621
0.0585188695601
0.0862541430915
-0.000918971237407
0.0803857298659
0.0254449099635
0.0183020296183
0.0471039953752
-0.00220703067918
0.00787931062796
-0.00886600304083
0.00777585814097
0.0877799386021
0.0282491815749
0.017477711974
0.0497476090105
0.0514679816092
0.0993147521958
0.0379854077701
0.0625185600083
0.111747949394
0.00126636078921
-0.0396344436404
0.114896255005
0.0387654813597
-0.0310060956
0.0401301807707
-0.0897808843502
0.0696627011536
-6.59486684853e-05
0.0486726499507
0.0752973513886
0.0750158330679
0.0104845680468
0.0683334691871
0.0569229432522
0.0383700413316
0.0932554411501
0.0861312296196
0.114820429638
-0.0256388211371
0.0910274144456
0.00363469179558
0.0372732419369
0.12397283765
0.0333364653488
0.117503946987
-0.0396083715274
0.0419350519264
-0.0371590271032
0.04789999528
0.112642270694
-0.056611489424
0.10575265953
-0.0567573331912
0.0923505489958
0.107936599633
0.0547121553778
0.047778626402
0.0694021596762
0.0902536335189
0.0584902177132
0.0252778948102
0.038394242692
-0.00999706099052
0.0712908416893
0.085324356676
-0.0127988082745
0.0408647508445
0.0863224909863
-0.00447773548224
0.0515542178007
0.0310836465125
0.0976401369277
-0.0200801478651
0.125367795865
-0.0080553005618
0.0236153595333
0.0479756147952
0.0551217455078
0.0288492062396
0.0787220389137
0.076565089085
0.0207967019663
0.14362334519
-0.0336452223719
-0.0515834897819
0.0072008843045
-0.0229665003344
0.0592178870903
-0.0116252429302
-0.0137656628734
0.0218508402756
-0.0318004739756
0.0554799461944
0.0626489901948
-0.123140599257
0.0523963098257
0.0411475812607
0.0414957953289
0.114765208088
0.0763198185782
-0.055259988563
0.10198913073
0.0748255266959
0.0552808099356
-0.0014205317236
-0.0312272247154
0.0675145177946
0.0850544816288
0.0567723953373
0.105983819679
0.12225211875
0.0524880981719
0.0684568016404
0.0611507619352
0.0334995589991
0.0606710594214
0.0761374769674
-0.0019958453829
0.0387162102815
0.0563805250105
0.089245631055
0.0788631136227
0.0878738288463
0.0315477049761
0.0627593963957
0.0904546989599
0.0571028993237
0.0755762103664
-0.0322143255732
0.0596036361932
0.109381696153
0.0121993192025
-0.0445659311199
-0.0243805780291
0.0542877801376
0.0600548644021
0.0278548088105
0.0675010856516
0.0534403978925
-0.0581613175077
-0.046905863537
0.10422234606
0.0701339436751
-0.0629328000667
0.0309036116371
0.111425834623
0.109160564854
0.0699959920696
0.037517227013
0.0226184644634
0.139934911018
0.0531603954233
0.0452804736769
0.0635565785108
0.0290384040356
-0.117371376088
0.0962412181643
0.086870597609
0.134640345226
0.0869593026756
0.0780773579015
0.00381017203364
0.0259306697942
-0.0531257217904
0.0150152574893
-0.00129312652547
0.0637318719653
-0.0779065264771
0.036430929725
0.0942635488921
0.0982703280059
0.0863945286111
0.0411713848343
0.0128003757182
-0.00448999246944
0.0410813976527
0.110828877014
0.0883213187722
0.0420355918927
-0.0814690180261
0.00576399491243
0.0399372601801
-0.0184610276035
0.0507841046011
0.0734965205558
0.0858787884114
0.100943101498
0.0856993169248
0.132472632995
-0.000637313613685
0.0929320480908
0.131417044296
0.126883147028
0.0152090372709
0.0748581879747
0.0642590155462
0.117398266625
0.0207836159869
0.125865911719
0.0694155797
-0.0142183466284
0.0870049754383
0.0678112206606
0.00698150348799
0.0721449043246
-0.027733883047
0.0724347432345
0.0103310813082
0.0576764794762
-0.074965231946
0.06780597903
0.111468575968
0.0359643885241
0.138516106976
0.0351730833369
-0.0574227430267
0.104128679494
-0.0109818215185
0.0903440864162
0.065884445946
0.0388457599137
-0.00873585392558
0.0875777077819
0.0245229837652
0.0499154065342
0.0617000720124
0.001790502658
0.0151482651293
0.080706630157
-0.000128417030462
0.074701289981
0.0403925536761
0.0100531718875
0.0520774781216
0.00500981713741
0.0485014508581
-0.0852148912108
0.0867497753527
0.0080773897599
-0.00428263141774
0.0437493833989
0.0299139594249
-0.0203142162509
0.0290136658597
0.0573114882047
-0.0310157626086
0.0318884332221
0.102637804531
0.026234877693
0.0840446083891
0.119872578186
0.0511719343722
0.0800682867755
0.105012992474
0.0912105919197
0.110708147951
-0.0238872257605
-0.0335557415083
0.0458284912051
-0.0378749388573
0.100626917859
0.0207932297182
0.074235091704
0.00171220846706
0.0475001336366
0.0229247007037
0.0122658753354
0.0962480664371
0.0189997135594
0.0165121369257
0.0856634390009
0.0240035482672
0.063733775018
0.0886161235033
0.107835443742
0.06514116488
0.0562534351219
-0.0708311362815
0.0539851579977
0.0680617404165
0.112037044416
-0.0632956252781
0.0477694433846
0.00684151681721
0.0567719345697
0.0451603073758
-0.046849058639
-0.0474883271803
0.0898067484203
0.046275520793
0.117258299497
0.0197494047508
0.11980902527
0.0703604245847
0.0770997410825
0.0240751787602
0.131304894665
0.0366836985618
-0.000938899888281
-0.00585147899573
0.0353260435124
-0.0141138458455
0.0759811462863
0.0623318661478
0.0455932339758
0.0246931088987
0.0280248750362
0.0157891868485
0.00975149548151
0.0160320099282
0.0698491646168
0.0770166478534
0.0499682366503
0.0372930817384
0.0665854070453
0.00688528408541
0.127677846362
0.0351277087623
-0.081951892342
0.0491226220427
0.0349500564461
-0.023787676422
-0.0269649632053
0.116893637965
0.0853470910626
0.00171437416175
0.0879033095736
-0.0252912118907
0.0471870604813
-0.0424850446228
0.00967394665277
0.128583713869
0.0978733272834
0.103994525526
0.0291216829112
0.0231754768231
0.0516021755873
0.068298554513
-0.0243983660678
-0.0232558167307
0.0567902575413
0.0571883828776
0.0669417180973
0.104528844729
0.0643712104939
0.00961678336673
0.04340418477
0.0291694073282
0.0797422185567
0.0633477918909
0.0556182868743
0.0653078224822
0.0792496503711
0.0294221950706
0.0187812883525
0.0267817215976
0.0446954192286
0.0601258792645
0.0602728081331
-0.0381700796491
0.070619081051
-0.00632996852536
0.0491502912515
-0.0332556328588
0.000181311802109
-0.0124358438772
0.0794495131007
0.0549158569838
0.0789253633753
-0.00703540795763
0.0740828382864
0.0876280149183
0.115046166427
0.105967228831
0.0629505527896
0.0384128015885
0.00798086857133
-0.00429970473525
0.0575035213508
0.0987701267538
0.0924086187074
-0.0118647668839
0.0491801127628
0.0424544551773
-0.0258985554906
0.0382907636026
0.0380780379099
0.0763057124454
0.0457594650385
0.109030220262
0.0457589606628
-0.0474594764395
0.0205087479128
-0.0637091975964
0.0673601947711
0.0203440040842
0.111276451905
0.107816906189
0.0875966045443
0.0356294656392
0.0227035411126
0.0270632438371
-0.0303389607454
0.0118764928217
0.000477445608947
0.10189791183
0.0323417453745
0.0181674187533
0.1003525766
0.0335595189089
0.0175578484646
-0.0180913014321
0.0947323425782
0.0398279506995
0.0611594277379
0.0835100975936
0.0872256703352
-0.0102675422436
0.0638622986132
0.084194054148
0.0443457784843
0.0194603451432
0.0442176503926
0.0837417003801
-0.0705294612712
-0.0203240065991
-0.00115438163346
0.0379367127559
0.0111084877822
0.0120214234005
0.0401426281229
0.0554412243807
0.112134753205
0.117357094142
0.064250041027
0.0643097687323
0.0998218851618
0.0747525039177
0.0749581053621
0.0714351119314
0.0590518866915
0.133595436103
-0.00425214109952
-0.0170426838138
-0.0117484890189
0.134131838929
0.0493393805145
0.0200123328883
0.0390246542542
0.0552853065853
0.0713117192762
-0.00890633229789
-0.0304150103174
-0.0446110453073
0.0006246496022
0.0823077343911
0.129232700135
-0.0123120065858
0.111157238107
-0.00165450165692
-0.0909627479858
-0.00694591961561
0.0548964744121
-0.0343152429541
0.110465112919
0.123476013444
0.0382481677544
0.103115419686
0.0631687161257
0.0950176416084
0.0506247209854
0.00511687154639
0.041732738426
-0.0188900234802
0.0469013691723
-0.0227868432421
-0.0520210393722
-0.0911654070959
0.115303951528
0.0557792005325
0.0728430047657
-0.00407016137736
0.100706563467
0.0576738721532
0.0591817960399
0.0523767857073
-0.0506315000671
0.0963466451928
0.119999700767
0.0184845495522
0.0549075435373
-0.0996077899702
0.00196131501418
0.091951852435
0.0602552175
-0.0673011002851
0.0063109620971
-0.068975220802
0.132785858211
0.0219875705465
0.0127103816712
0.0463829558986
0.11198485896
0.00810595202651
-0.0576796019905
0.0318684212024
0.0643909133707
-0.0994622481979
0.0135297874033
-0.0421936182727
0.0862752851385
-0.0451999166572
0.00595075049832
-0.0211440731472
0.0551174165775
0.0281115096496
0.0851078673292
0.0328586489003
0.100638028983
-0.0346807950521
-0.0180374987711
0.118988281958
-0.00799381508141
0.116649103404
0.105979917981
-0.0653004588962
-0.0288743118796
0.125237350865
0.125273872601
0.0190407579081
0.0334551789429
0.0464635573714
0.0842413145045
0.103111138504
0.0820101392415
0.110085743159
0.0541969905193
0.0550938590801
0.0827867359452
0.00947532297605
-0.0686140705149
0.0140191065201
0.0297693216213
-0.0408897606021
0.0927835671629
0.0409034062578
0.0631235383146
-0.0278900982028
0.031801718087
0.0737148268672
0.102095441983
0.0673346237239
0.100851671671
0.13272269813
0.00463803455872
-0.00288675204363
0.0656795612844
0.0372178980183
-0.0478002791805
0.107893170035
-0.000927394073475
0.0968992355999
0.0944059578117
-0.0284360631625
0.0198251277099
0.121994570206
0.0899446056281
0.0935178805504
0.0669161476074
0.035759368844
0.0264815307924
0.109622158648
0.00351404775767
0.0327223647172
0.0428897556274
0.0536826173576
-0.00112725645646
0.118249427814
0.0330524870032
0.0953890930873
0.00326681501763
-0.0162583441928
-0.0249127072316
0.0853435341239
0.0949017149739
-0.0305382626468
0.0937873512949
0.0902436963611
0.0821612014864
0.0600374921955
0.117595792866
-0.0198088661181
0.00574111489304
0.0827651411009
0.118956594162
0.0936626718619
0.038655294335
0.0627365290472
0.00241583263228
-0.00341462966813
-0.0227151780765
0.089938724423
0.128842262194
0.11379766112
0.0203008796091
-0.00128331309831
0.0190154541147
0.0592589807449
0.0743115864428
0.021320504499
0.0290690062187
0.106548033962
0.0554757976226
0.0963355813924
0.0481320351891
0.0288935131775
0.0548506830367
0.135903019819
0.0434027613947
0.0613190759461
0.000745032105616
0.0422251770472
0.0291935182356
0.0151931641763
0.0283493929893
0.0727402227587
-0.0128837491339
0.0665426509008
0.00706334732396
0.047760296078
0.083456705592
0.0206850515736
0.0479797602288
0.128467624348
0.0536944448339
0.0555201472335
0.0753305770435
0.0225539926996
-0.0594106956477
0.125439061832
-0.0247585148502
0.0250916160758
0.0596086274915
0.067853341653
0.0338619476777
0.0618532876751
0.099149154529
0.0194171153762
0.0100346779962
0.103583266065
-0.00286672503088
0.0436878596308
0.0632862013229
0.0579508303159
0.11901099284
0.0465717582521
0.0593452556336
0.084585098179
-0.015588446651
0.104578379769
0.0377322923339
0.135616854005
0.0159221899019
0.0115823229271
0.118137422124
0.083416707021
0.0816708162572
-0.0651556995001
0.0818752075407
0.0875914946295
0.100855019242
-0.0304989098758
-0.0177231621648
0.0344952291687
0.00250233593296
0.0975324150566
0.0661623083302
0.0375763015451
0.0944812411969
0.121902458568
0.0651062064459
0.015886217592
0.0818057909167
0.120235427236
-0.0104645228947
-0.00185725542903
0.00140981865783
0.0108429883695
0.0855014685742
0.0823005979704
0.119872937166
-0.0127359693113
0.0422682574221
0.0862069130431
0.0921656715281
-0.00200818219707
-0.0062710542161
0.0042964389221
0.102429626554
0.0532242427405
0.0531162376298
0.00881849314746
0.0531198967695
0.0257493767413
0.0254165292958
0.0197683163778
-0.00797978416424
0.0196833962521
0.0817905789545
0.123970908356
-0.0166434714121
0.0164645751504
0.0346505244727
0.0640156816468
0.0513697965668
0.0682833423377
0.0503454748833
0.0771594797043
0.0511248328756
0.109106105459
0.0382563682774
0.0283959875114
0.0489919405481
0.100378310727
0.00532285298832
0.037669476647
0.110139596823
0.0313063291522
-0.0289469960832
0.0947346789339
-0.0141681366874
0.0384916260886
0.1380802873
0.0729992825775
-0.0788759616813
-0.00795974928623
-0.0112344241945
-0.0286709976621
0.0574941039075
-0.0598004472039
0.117866358089
-0.0187579782022
0.107921783164
-0.00090225605082
0.0189751860581
0.0157152906164
-0.0194619868721
0.12725647773
-0.000276651425395
0.0692328512519
0.0543987571219
0.0828601801235
-0.0192369289871
0.0375026227599
0.0267504419164
0.0485305143106
0.0656287617801
0.0650172524911
0.0680558897063
0.0482481710592
0.05002137739
0.00346121718429
0.0606406478265
0.0625206457779
0.0916163797137
0.0632569200529
0.0802681777384
-0.00587679089835
0.075508976613
-0.133213795681
0.0323371064989
0.0563061815646
0.0120352589008
-0.0301170060901
0.0794318503859
0.0463475029313
0.0127523788606
0.0865727322761
0.103384743275
0.0380157190958
-0.0317547042852
0.0435084968352
0.000274505817753
-0.0384383556098
-0.0476102022676
-0.00797200757631
0.102267917172
0.00540743434849
0.0855642386907
0.0959969628499
0.0766898566098
0.0580386662104
-0.0252958417451
-0.00832655351449
0.118899306301
0.035926098277
-0.0445176779436
0.0607498708558
0.006001050175
0.121296172326
0.0870761649419
0.0334694023604
0.0777887979579
0.0498176333467
0.0599153729854
0.0311961330877
0.0748898660913
0.00684849519009
-0.000417665192954
0.0597404662912
0.00542249084937
0.0494880090511
0.0176580233298
0.0264117749998
0.12276555823
0.0791467710233
0.0681042003885
0.0507138762879
0.0199402141431
-0.0100769088359
0.0905112680998
0.0529575255696
0.0172044241774
0.0374048656773
0.136462165527
0.00600465306722
0.0481749029621
0.0437847660514
0.113899701642
0.0865800425807
0.00620337791212
-0.00190101336101
0.0976222069852
0.0532220310804
0.0556784324873
0.0492829395038
-0.0422044367702
0.0783995920552
0.0448984644725
0.0704051786131
-0.0174189052115
0.129893582928
0.0686133408134
0.134164494772
-0.0421998627253
0.0496243258791
-0.00395974986966
0.108693388142
0.0244235037572
0.0660579533194
0.116427094668
0.0690904113294
0.13078399088
0.0202033481487
0.0347489055893
0.125331811422
-0.00367356889204
0.0682460976984
-0.00254654796352
0.109679153614
0.0679578791251
0.00204646281468
0.108367310607
0.0404982198675
0.0334395579384
0.0133566524387
-0.0294973433424
0.0906027195558
0.0806458592677
0.0916335362088
0.00541102040706
-0.0109864382369
0.0095130119327
0.139578104517
0.0240761982259
0.0560955470371
0.0311412498749
-0.0204026532964
0.102672898104
0.101382722013
-0.0124647105743
0.0971358374504
0.0419213251485
0.0600856547257
0.00527557023387
0.0622235675021
0.0991893264285
-0.0359317909126
0.125467755585
0.0951561450506
0.00756948266126
-0.0274712314623
0.058442905765
-0.0182134465493
-0.0240464865756
0.00133830143055
0.0195570454995
0.0500749661109
0.0429799342417
0.0299559154298
0.0376501328612
0.0306032815899
-0.0423274236495
-0.033070786014
0.0633717377824
0.0341566616666
0.0786404806173
0.0166543284813
0.0750845579401
0.0386800643985
-0.00934244032266
-0.024286466646
0.0913089987306
0.0488018963701
-0.083202323567
0.0609248740709
0.10515244136
-0.100458178812
0.0556650770648
0.0455876909807
-0.094161606669
0.0519523469332
0.0777988622705
0.0937474790101
-0.00418780804315
-0.0502609610282
0.0370421761427
0.0727815379796
0.0587542811864
0.0568101141784
0.052329897754
0.101587887092
-0.0448477681476
-0.0162215891022
0.022175693704
0.0183776019956
0.0412378269961
0.0176919250196
-0.0810873095201
-0.0134058337121
-0.0365866170247
0.0912754746165
0.0779158424826
-0.00435434309454
0.109150079971
0.0593390180789
0.0468272083244
0.0446697606207
-0.05569681657
0.111825903552
0.0870984729621
0.0378218629447
0.0485124188473
0.0377979916544
0.0487459404975
0.0582824845768
-0.0625466806838
0.00154768316661
0.10210352896
-0.0887742117968
-0.0241622515315
0.0253960711608
0.0220992669235
-0.0192620125356
-0.124318289832
-0.0114281565953
0.08436713411
-0.0182787453208
0.0404890186874
-0.000284544083751
0.0762588066465
0.0188113158352
0.0627044559605
-0.0428548929935
0.0388677014189
-0.0129694469642
-0.0363175483573
0.104058435856
0.0690361805925
0.117879835332
0.0668686166997
-0.0467337412258
0.0221793146371
-0.122926876595
0.00575529091853
-0.0435675599744
0.0824692294282
-0.03301856257
0.141962468818
0.0707324393837
0.143300158589
0.0331850596398
0.0357499503587
0.0871480088484
-0.0177903946566
0.0630704979774
0.0378535437773
0.0326441676386
0.133199178053
0.117970031926
0.0913631825655
0.0807129425603
0.0225154439005
0.0408804845624
0.0868553881434
0.0259022222185
0.0954477905539
0.01041020768
0.0174282426145
-0.0544451313486
0.0267385996927
-0.0421494912508
-0.0850916269212
0.120014139076
-0.0273360674462
0.101528347241
0.110111311148
0.0454081377701
0.0748837702932
-0.00771888351884
-0.0078128879826
-0.0926774610883
0.0393268661265
0.104324610896
0.0658965481622
-0.106547253691
-0.108667465741
0.0559510476032
0.0392143153558
0.0365407696996
-0.00824405260402
0.10016426472
0.097304197097
-0.0186575624775
0.139650263221
0.106913253798
0.0111726439236
0.0288176745421
-0.0175542297248
0.099317720447
0.0150044127523
0.0491305561
0.0922691262908
0.120564996242
-0.0273685799615
0.021289332621
-0.0122082957007
0.0556511501549
0.00380719680592
0.0354322513389
0.00446291548494
0.111754340261
0.0208313957414
0.113609432587
-0.0462664479739
0.00393128414481
0.0274070395851
0.0298818726658
0.131925208914
-0.0690578218203
0.0706298980816
0.0153328979329
0.0542961490545
0.100753709448
0.0857776557329
0.0377132012851
0.0398304799245
-0.00393305798622
0.0517495953224
0.0231110350793
-0.0631983464798
0.123102858044
0.104229198918
0.02393192193
-0.0173800281961
0.120849435029
0.0540851416191
0.0758513615732
0.0715816976453
-0.0119980460604
0.065656230173
0.115896689112
0.0263451563852
0.0240237819472
0.058082568431
0.0370338562476
0.023233474637
0.110484976991
0.0498321311405
0.0478116119005
0.040122548115
0.0794951772666
0.0827904374441
0.00294388848857
0.0495054199538
0.0118987455867
0.0842051444155
0.0937708215491
-0.000211972964953
0.0683273268967
0.0792553546196
0.0519791856993
-0.0529776002012
0.0300812577903
0.0262727448085
0.0773578853615
-0.0304478499697
0.0836490577034
0.052305294049
0.0883250000826
0.00945593762892
0.0877273989998
0.0589386410369
0.061234483657
-0.0869734157834
0.120691162795
0.0260206878286
0.0703292202683
0.0523053472511
0.041310293263
0.117281358811
0.0732784575336
0.0447106982942
0.00758479980886
0.0778016507205
-0.0205649745032
0.0818520664428
-0.0167502966738
0.0289592550946
0.00987922245029
0.0862900964644
0.00389133089737
-0.050463236655
0.00240082447165
-0.042591913005
-0.0864687406108
0.119348361807
-0.0216433650878
0.0372660575981
0.12705720895
0.112928414322
0.0316270951794
0.033318488124
0.105405710825
0.0280838478241
0.00159657890132
-0.00791487195982
0.0363089075204
-0.0444076701421
0.0122376598247
0.0882133819604
0.0714177462908
0.0457641891018
0.116529254167
0.0860072012908
0.0912808980935
-0.0338063684491
0.0619789314445
0.0812791556051
0.0134121885099
-0.00864692618775
-0.0237469690747
0.0575151347015
0.0383034409768
-0.0367535077759
0.107295395512
0.115389254538
0.0832683635301
0.105001084526
-0.0558102622216
0.0197634267366
0.0381023574275
0.0456741929356
0.0790788775754
0.0924117518938
0.103920105118
0.0769738983105
-0.0585017882779
0.108687607301
0.00502738995332
0.0786668247953
0.013776121317
0.0706237837857
0.0618957757897
0.024867308959
0.0695488165774
0.0860542929307
-0.0290051566746
0.0955427167182
-0.0116932928832
-0.0504830144153
0.059331605183
0.0300780722653
0.0486843523506
-0.0668919652631
0.0932626859722
0.102887625288
0.114275310539
-0.00344808460599
0.0932866613802
0.0758813132219
0.0868326751858
0.0168529537103
0.0812953983399
0.081807406887
0.041007807049
0.0348250818706
0.0398326827402
0.094187064544
0.0747496446675
0.0811843294785
0.0655429851262
0.102734428906
-0.0276297241207
0.0737767551338
0.0934243261574
-0.0130810429942
-0.0946747293593
0.101560776286
0.0694871858463
0.0030419300195
0.0128370379897
0.0498620350648
0.0758265253405
0.095897226143
0.0754148483533
0.00499260359667
0.0558921686459
0.0652463734443
-0.0920925648965
0.087000368862
0.125387804362
0.0622801009218
-6.94737673363e-05
0.0703511225076
0.0333774949246
0.102036547701
0.0865108814827
0.0549360263498
0.00536058350413
-0.0322524973997
0.0893931133276
-0.0264546554394
0.0828475398299
0.128524735011
0.0710032909745
0.0375641845592
0.0436473946531
0.0796526191303
0.0749802599535
0.00864148955691
0.0277594673923
0.116334545591
0.094596413458
0.0354441705921
-0.0264690606272
0.105060914215
0.0935018082807
0.0503316871829
0.13360576403
0.0522958771212
0.110550103999
0.0889336391746
-0.0359171404175
0.0460181202115
0.109601194882
0.105962236172
0.0404357967307
0.016580202174
0.00724840761226
0.0170485869142
0.0708473861305
0.0798691370851
0.0257640281481
0.067140489098
0.0514211722117
0.0566742614651
-0.053742603893
0.0768224858998
0.0645761917986
-0.13695538486
0.106314407882
0.084606609744
0.0275190569612
0.116551598883
0.134972585296
0.104998934432
0.0843714505633
0.086689454698
-0.0654691080956
0.0799238110844
0.0532319013014
0.057078124446
-0.138894395742
0.0918913925246
0.0624704745856
-0.129762151869
0.0232757705825
0.0496118331453
0.114977486839
-0.0943485661039
0.113679280787
0.0677797810699
0.05152932981
-0.0527599482253
0.0134638771377
0.0951983198335
0.0338475822201
-0.141770546575
0.0853789049406
0.0103116772896
0.00805674926609
0.0533915044817
-0.0122142014122
0.0345450421469
-0.0282656447929
-0.00162614385461
0.0564070537032
0.0421434730493
0.0345561928382
0.0840324999153
0.106596358142
-0.00727242004286
0.100187736007
0.0426111449551
0.0030296371564
0.0774753562203
-0.0313577788469
0.142847809776
0.00837421521657
0.0607493982801
-0.015899114589
0.0755693593889
-0.0377223714135
-0.0449665311895
0.0985879457128
0.0331950780013
-0.0590653482296
-0.112523412675
-0.00281039230891
0.0774523029828
0.0846784589522
0.132234567547
-0.0169230734618
0.0951565431287
0.0293127756932
0.0442198520128
0.0812737091789
0.00385837791909
0.0925423831792
0.102085132074
-0.0440793508073
0.0385657600097
0.0296620180686
0.0656439321686
0.0780788701593
0.102413575318
0.0498210677671
0.0717807364072
-0.00464756987307
0.119587750399
0.0741127123929
0.137422372009
-0.0195880573555
0.076019901301
0.0705440947739
0.026292981997
0.0970564906248
0.0423047626368
0.0978080934569
-0.00690535682248
0.133524956272
0.116757648648
0.08658750434
0.102885792966
-0.0137003884554
0.00761608393368
-0.0118982728373
0.110416550537
0.102518169204
0.116771404129
0.0184656828577
0.115800170504
-0.00739488426396
-0.00579767575768
0.12440848107
0.118591482754
-0.00323405831158
0.0283617114715
0.0984176701552
0.063668692741
-0.0100148332317
0.129566572467
-0.0453675293408
0.134437609957
0.116757570033
-0.0272797120744
0.0329601721364
0.0576536834008
0.0408119904048
0.0827984887216
0.0918615617788
-0.0530200197438
0.0317452279028
0.092981625624
0.0196349422916
0.0236756418966
-0.043158448595
0.126413257747
0.048239403795
0.0568004588567
0.00373119029154
0.131320098228
0.0617402941987
0.000828670509691
0.0776236265026
0.0763375714148
0.0980662605816
0.0371905222186
0.0546414514309
0.0571774307433
0.00319636501012
0.110062651133
0.00886109575143
0.0551803885593
-0.0660534428066
0.0795135482657
0.00945644545002
0.102835909857
0.0494127180324
-0.0509932619132
0.0808514601688
-0.102515406652
0.0333681744103
0.0163344968181
-0.00719099195428
0.114748317961
0.0636343528574
-0.0286476264739
0.102770745456
0.0501372297894
-0.0122046363168
-0.0339663370348
0.00512673828778
-0.127385037551
-0.0120207962506
0.102359493285
0.0522387495969
-0.00792162084902
0.0928399212012
0.0494478245164
0.0911557653396
-0.0247104963682
0.0908083990899
0.00410953797146
0.0309356821193
0.109963263543
-0.0118925933782
0.101645762977
0.0827335341796
0.0445782730766
-0.0277609654363
0.0604251591043
0.0933217402619
0.0403417153956
0.0462066746505
0.0819010227452
0.069463608271
0.00210058664987
-0.0210859582173
-0.00195073235416
0.0249378467999
0.025738100713
0.0778193685103
0.0333419474361
0.0884501935352
0.0894595274603
0.119277555913
0.0456058039838
-0.0226275671379
-0.00728463032129
0.120737757359
0.0230967605846
0.0796711593516
-0.0290079872744
0.0726207698706
0.062914595232
0.121094741858
0.00255706622961
0.0424107387589
-0.0239633497349
-0.0137364824195
0.0480724887923
-0.0531477929361
0.075522197164
0.100394486469
0.0576355138135
0.0850022008434
-0.0157920822352
0.080611572054
-0.0608043279636
0.109092517781
0.0473082739328
0.0271273772334
-0.00435791483726
0.067614380478
0.0803149846679
-0.101678236147
0.0440734883186
0.0265471123975
0.00999661679019
0.0776242418697
0.105909049528
0.0292040513325
0.0883797659323
0.044803824467
0.0159384818932
-0.0513181470785
0.0858166155274
0.0627821322979
-0.00351477859036
0.0348278554884
0.0221380248026
0.0594972541723
0.0771191606006
0.0448729356836
0.115604491102
-0.0125036357872
0.0793066702819
0.0495261372852
0.088366307797
0.0359949741612
0.00249069966422
0.0361890799052
-0.013919829792
0.11605004566
0.0898847892591
0.101742557558
0.115710045623
-0.000841381041079
-0.0170665586139
0.0997455067376
-0.0167139721446
-0.00825669036915
0.00387112419761
0.0907500667148
0.0656010101282
0.139054446428
0.0881545191283
0.0313529413053
0.112578104372
0.0549398041318
0.106949378827
0.118480352137
0.127183167544
-0.00416879187951
-0.0719104127107
-0.0495931146618
0.0341057279864
-0.00998328141043
0.0276629793398
0.0479459944543
0.04057874312
0.0838690261156
0.0654565964318
0.0704137223938
0.0641916697644
0.0676433642892
0.107062019492
0.00180375947829
-0.0629319518395
0.0160676061333
0.0782554876979
0.0580867700073
0.11027457372
0.0230778517962
0.0275148828927
0.0147818422997
0.11045768917
0.0947853674888
-0.0254889150287
0.0531927394074
0.0106548140658
-0.0126532666874
0.0480047161094
0.0749692985604
-0.072100003495
0.0810754554061
0.0259364969158
-0.0110238459033
0.035595840583
0.101844676686
-0.0486091312803
-0.00882401713192
-0.0311869356022
0.120209933091
0.0704672406961
0.00515139644324
0.0193573534083
0.0789099385366
0.0537824737565
0.0476520847974
-0.0139822195832
-0.0252089931077
0.103902801922
-0.00856931785062
-0.00158953756028
0.0262876451679
0.117982562542
0.022930164092
0.0638196123665
0.0267512047852
0.107603255621
0.100916079258
0.0314218671516
0.119765784111
-0.000601574273118
0.0699052254697
0.00573273193618
0.0484898134236
0.0579850536791
0.0466629364702
0.115549477666
0.104554446852
0.0835557187941
0.0241672039713
0.0906205408378
0.029366013422
0.0299750117263
0.0161438409869
0.130321883744
0.0214477151531
0.0495828444649
0.0346747981987
0.00758590201002
0.0111342080017
-0.092450954699
0.0140298886819
-0.0368919525447
0.096348944495
0.0737160121286
0.0207935413642
0.0518967611693
-0.00637862565318
0.0725639455158
0.0400414109145
0.0685900335329
0.00991527642467
0.107716336007
0.0161223501485
0.0497725428794
0.0695872059885
0.0704760879758
0.0589351479052
0.0787087774695
0.0585304194367
0.0295800443862
0.0217717783943
-0.00130553841329
0.0498107363566
0.105229526076
0.138200712465
0.00318533347409
0.0342637590743
0.095691566222
-0.0883140083762
0.110606295666
-0.0322702577199
-0.014168553837
-0.00847925951438
0.0988824799597
-0.0310173919908
0.0331276692524
-0.0181123794012
0.0306458841306
0.0145370766706
0.0439130367768
0.0452756232697
0.0296123293701
0.0523687753536
0.0382105836436
0.0732058699749
0.0143764764246
0.10620380305
0.0797596104041
0.0311847226133
-0.0239100877669
0.0876303142007
0.129052747426
0.0904505054327
0.0513047488963
0.0407805540974
0.109723789036
0.0286403134728
0.138301925533
0.104767782741
-0.0328991962877
0.0136689986141
0.0575290481849
0.0866829398328
0.0198835772367
-0.0530407131603
0.0435087602408
0.110229485289
0.00082397032563
0.0983614426077
-0.106659600327
0.0670568370484
0.133141381923
0.0148877293957
0.0376118240725
0.0792428479598
0.0958536871242
0.0386454353897
-0.0794444400453
0.0917833198162
0.0679743363453
-0.0944347683729
-0.0468048715188
-0.0419504493146
0.109062657399
0.0564406003657
-0.00289344010107
-0.112558270954
0.0800329215521
0.0229156114308
0.123004177676
0.108655071406
0.12895632226
0.0723626813336
0.0512692948254
0.0275245807721
0.092326708412
0.0522361280303
0.0209465655998
0.026948700633
0.0677146765395
0.0933036834233
0.0546784726149
0.0794527266759
0.0802960008254
0.0301876572714
0.0401732814441
0.0810159100997
0.0897457495955
0.0603805412794
-0.0397250539902
0.0774677431347
0.13055305922
0.119227554961
0.0852353726068
-0.00644444464083
0.0337012694872
0.129993690041
0.0512039976229
0.0441875682301
0.0970885314148
-0.0987273236308
-0.0262956689932
-0.00610675035559
0.101248798174
-0.0250922817565
0.0737420015362
0.0540334060203
0.0918351152666
0.068612022386
0.137983030883
0.0203616007195
0.128379411013
0.106258741665
0.0293853741513
0.0622765370717
-0.0323042345102
-0.0374835562941
-0.0254072226108
0.123283656323
0.0291123513408
0.019728762557
-0.0126048025087
0.0672124677941
0.120040761335
-0.055997955281
0.050316622437
0.127867535577
0.0953043763163
-0.00736021204346
0.0597019855124
0.0958151473894
-0.0121520913037
-0.00130624298255
0.0286895350694
0.0702705872874
-0.0122392172085
0.03076539421
0.0963184795918
0.099392496821
0.000605183804357
0.0520022819929
-0.0063623623016
0.0999048418424
0.0992773304479
0.0801522533804
0.041105325336
0.0611645620364
0.0567512187531
0.0666799574412
0.0615644276215
0.0499041106248
0.135268183207
0.135456925507
0.070916175742
0.0975460711563
0.0415086198839
-0.0127823346081
0.0781328246535
0.0150487256518
0.0177629361867
0.10160735213
0.00157606706815
0.020014202831
0.0660770476339
0.120396607993
0.0443324982967
0.0536232603933
-0.0297684069726
0.0962811208823
0.044925498199
0.089839621609
0.0797033650549
0.0867056855826
0.100714038351
0.044875492747
0.00852072465104
0.0588594355466
0.0690867827467
-0.0128504417778
0.023934000762
0.0765956808941
0.0399603083615
0.0749746863162
0.0618530391899
0.0841204921664
0.0160505615013
0.0877059224348
-0.0251060474234
0.0904470330452
0.0469817211575
0.0122642434872
0.108180721926
0.0551872524155
0.0767186165034
0.0603040037736
0.100268845437
0.0777549495001
-0.00973598824378
0.0217944736479
0.0352842802997
-0.0142402905825
0.0306192727818
-0.115220004285
0.0965867166136
0.0933862933856
-0.00648539051578
-0.00330628604156
-0.0184708435778
0.0915201527964
-0.072199461938
0.0804455712475
0.0555271328118
-0.0220207608888
0.0198518571687
0.0352953765139
0.0442588392986
0.0439483945279
0.0520810085259
0.0366080435983
-0.00479607845621
0.0596577093052
0.0746140583441
0.0794543010601
0.0544281761922
0.0943670229578
0.10853285386
0.0334634133988
0.0225696257719
0.0508853981207
0.0746598979186
0.122674560903
-0.0231613790735
0.0023875869525
-0.0446205538862
0.0717260539651
0.111214317349
-0.0583776488455
0.0199712449419
0.0541161653438
0.00731097251404
0.065282659533
0.0628284089697
0.0200167615548
0.0932142494572
0.0697800638798
0.106422579501
0.0765684009796
-0.0835482436326
0.0351231765194
0.0127432445804
-0.0120939302261
0.128919463572
0.097834395703
0.0850630416846
0.14161232031
0.0335785433055
0.0488749898122
-0.0140019481791
0.082647812119
-0.045683570237
0.12647304021
0.019651460971
0.100210344051
-0.0103801545522
-0.0177406400142
0.0274439152265
0.00668602763152
-0.0283827508927
0.093451242002
0.101067538702
0.0758581616538
0.0325870093934
0.0915009283791
0.0803460451682
0.131729574601
0.0318873197139
0.0508975616273
0.0455736367412
0.0532626209932
0.0158658540677
0.0245304088877
0.0458920706949
0.0860956208071
0.114597736105
-0.00531905338248
0.0892114883393
0.0798156620313
-0.0940836614147
0.0903510456448
0.030844675519
0.125269738325
0.0874413050246
-0.03927145103
0.00471229182234
0.123515950634
0.0991465755248
0.0235413845331
0.0832900075863
0.0900199766091
0.132770438808
-0.00893369094148
-0.0260828888361
0.0404954669892
0.0527968860819
0.0756136995145
0.0257899856637
0.110821011616
0.103095470472
0.0104906391146
0.00387277913207
0.0642436737544
0.134689102077
-0.00568584038658
0.0396092482524
0.113423239947
-0.0209400287617
0.103963871081
0.0710828648043
-0.0162966026608
-0.00807464945611
0.119419008994
0.0681881998166
0.0948151046699
0.0553203800001
0.0166965224347
-0.017509959806
0.0880369666063
-0.0422759503899
0.0327404406218
0.0821451076071
0.067834886258
0.0248890566431
0.0669120521698
0.0444809352924
0.0701730104499
0.0327060904973
0.0174223048164
-0.00812731152828
0.0653860294519
0.0713095394335
0.0937900278702
0.116494962425
0.105729278919
0.0238849633573
0.0955682927949
0.0936213014171
0.110888141764
0.00641810921996
0.0862395291035
0.0224779588761
-0.00875703685283
-0.0682037463902
0.066154913884
0.0594236376406
-0.0425377211898
0.0121684949594
0.125749383374
0.0052223090715
-0.00238273486599
0.069580311455
0.0947293564482
0.0787963029062
0.0679918786226
0.134415904357
0.0597229391878
0.0393988222215
0.123181155731
0.0327633853038
0.0723313174187
0.0943135748227
-0.0010734017529
0.105326386502
0.0777982994562
0.0932515924434
0.14019244156
0.0744819146532
0.0578726974885
0.0581903203121
0.0511506492707
0.0790916955615
0.0326519607801
0.0105105409978
-0.0222500297874
0.0921210417448
0.00794628846219
0.0122517550576
0.0823422129441
0.0202593875074
0.0743259202414
0.0737305666606
0.0660512147198
0.0262209097719
-0.0436286943516
-0.00306522161791
-0.0352549626892
-0.0387903317269
0.137717475335
0.0641017017021
0.0156051833925
0.032973779708
0.0862655478393
-0.0162307421773
0.0824916144234
0.135928906217
-0.0520758978255
0.0717716267262
0.00335726417652
0.0476377766508
0.0801252057326
0.0208873723695
0.0458415459155
0.0359179163201
0.0849161229079
0.0346193483961
-0.0374400295934
0.0630973427403
0.000153481829047
-0.0226901801904
0.0337320310108
0.110097717186
-0.00644270219604
0.10467330883
0.0322400764096
0.0020020791707
-0.0154557090762
-0.00389442685947
-0.100485488511
0.0767334041272
0.0780751936552
0.0514895385926
-0.0311023196211
0.105200764939
0.0558652211225
-0.00602093532196
0.126185614433
0.0993711047684
0.076439846386
0.0795965081815
0.0358887654132
0.0327009491645
0.0819508001556
0.0438269205765
0.0986305743256
0.0753968915948
0.0489315707052
0.0271945136047
0.0730970346438
0.124195296439
0.0762815854399
0.0254911913631
0.101425348567
0.0623568522085
-0.0230793193845
-0.0114847513777
0.0688002052302
0.027226729207
0.0655229586689
-0.0120211520649
0.08772252776
0.0108501592524
0.00998761719033
0.0756911441246
0.094442844284
-0.0151397408554
0.0925998425825
0.0928455942348
0.124110034289
0.0707759557881
-0.000354610986134
0.0923350189029
-7.97855816419e-05
-0.0646778385296
0.0805388142082
-0.0730724274396
0.00618150421869
-0.0643301709899
-0.0231467559563
0.0575509218086
0.12603774911
0.0285778114028
0.131708666132
0.00859349266057
0.099577885809
0.109666620916
0.0131370090099
0.0857337190131
0.0736816937455
0.0824476830667
0.0193293141174
0.00125666575677
-0.0167576287555
0.0729005640341
-0.00453480500739
0.0250971721069
0.0496121506567
0.0931347164934
0.0189141845458
-0.013270987291
0.0817336417598
0.0475068489147
0.0738594212151
-0.0390139532666
0.0759330849154
0.0920108972181
-0.0629543013633
0.0818535798933
0.0688789107594
0.0783310899136
-0.0266543347788
0.0465702141381
0.0986575877509
0.0955637241263
-0.0375067038371
0.0155380951062
-0.044774096348
0.0285251438447
0.0124110978975
0.0280063105335
0.0643387396495
0.028120796414
0.135056256554
0.0040406102145
-0.00198743086901
0.11908699056
0.122859180891
0.0680626414354
0.0370558196402
0.00568309650995
-0.0172801032825
0.0286941954901
0.0865663693237
0.00710624672791
0.052581887447
0.000134512547911
-0.0143728925911
-0.0106076906245
-0.000997819996556
0.022547448728
0.050432775175
0.0716809747498
0.105039608374
0.0441911933815
0.0662474880476
0.0865472711039
0.0178934159463
0.121543712874
0.0641311840159
0.0681951897447
-0.00617264858924
0.1069113585
0.119032836129
0.0429153621223
-0.00771220706146
0.0602974781594
0.0430813946309
0.0754145829921
0.0137859159261
0.0596876162408
0.0430018900141
0.0445685699252
0.042467486694
-0.0599932227237
0.0248504663123
0.0497205655267
0.043977214791
0.030638724732
-0.012219308208
0.0497691172356
0.0740489639636
0.0587520179886
-0.0211030007415
0.120351006359
0.0297102961799
0.0218204514024
0.0714569981597
0.0928184383714
0.0597218929505
0.0586451407114
-0.0260751821439
0.0398163452721
0.0725032023198
0.139524726153
-0.0336832227537
-0.139305689678
-0.0304683713758
-0.0454773215676
0.0746652133738
0.0423927693675
0.115837701237
-0.0125397146196
0.0826676038344
0.0916427160328
0.0367483860603
0.0100385841149
-0.0131785733779
0.0339623306506
0.0511457882985
0.110338915071
0.0522947297101
0.00417070055486
0.0857142796432
0.111700202109
0.100027804998
0.0886825453085
0.0961727724361
-0.0136100033117
-0.000947810946649
0.017156000043
0.0956731332488
0.0788131606365
0.0889678087848
0.072193233025
0.0194659999277
0.0671193971142
0.0714200318661
-0.0361615613741
0.0829243920151
-0.0299251314966
0.0151212243976
0.03380794384
-0.00674330111229
0.0348255783785
0.0522253946545
0.0735017046656
0.0300930698116
0.0679693551468
0.0508539751448
-0.0418803326594
0.0304300932276
0.0842499972393
0.0930476852755
0.142004789557
0.0491291268627
0.0889063650962
-0.0214448133847
0.0613109751154
0.0144880344024
0.073984805612
0.0639807693929
-0.00644003153604
-0.00848324620369
0.0585558881265
0.00587690972486
0.0384158397106
-0.0208376579589
-0.0160897107255
0.0483030418886
0.0260722921083
0.0848667182229
0.0569840871938
0.0479536229685
-0.00814486124295
0.00914179311634
0.119193620579
0.0927196043593
0.00357626118725
0.104390730961
0.0398351051722
0.00323093531896
0.0399017402409
-0.0129221675304
0.0625118144379
0.0971781516727
-0.0796593508407
0.0438612981755
-0.0180152422603
0.068632047786
0.0239283654185
0.115123210117
0.066125699593
0.0806533235388
0.037199919017
0.105267301318
-0.0180914312981
-0.01614783956
0.109558108403
0.0181787883619
0.0529490503741
0.135175017679
0.0769830157898
0.0831176864589
0.0448920287571
0.108290037411
0.0107493745591
-0.0359027555999
0.0815945928605
0.10730468001
-0.0138494637278
-0.0611136565077
-0.0283187271132
0.140294292951
0.0665740652038
0.0420352010467
0.103212703185
0.037070962585
0.081426578269
0.0502928032515
-0.00310775349504
0.0436024884167
-0.0530572499656
0.106921717109
0.0697330015581
-0.0839387639088
-0.0510026533484
0.0258685189445
-0.00238983378098
0.117470752256
0.0598347406473
0.0830820816148
0.0423023840167
-0.0111811284647
0.0448716022305
0.0910277692749
0.02716621662
0.0485476755484
0.0799543364251
0.0021298584514
0.069199714436
-0.0794768479113
-0.00191465478136
-0.0273894082666
-0.010511550999
0.00277434439528
0.0431717572119
-0.0116842707011
0.0579227642636
0.033271973576
0.00295671910157
0.111089897388
-0.0225202952577
0.0426684060117
-0.0213726174441
0.0693355107215
0.045843890525
0.0674100742466
0.0313729207013
0.0854720089298
0.0592099208743
0.00684548061691
0.028309291909
0.0657844618288
0.084388659028
0.00350039794504
0.0159261975514
0.0374490767618
0.0920252000967
0.0508656264963
-0.0327223242582
-0.0702760862106
0.0196187740134
0.0233604431765
0.0806574641616
-0.13283552225
0.00646257856406
0.0193514444733
0.037514028685
0.103715166994
0.0777525091643
0.0573852760131
0.09974978987
0.0502653878699
0.0253285419375
0.0574044803221
0.098900688377
-0.0209742284663
0.0470169479513
0.115754982297
0.088584070811
-0.011025071061
0.0401407361268
-0.0823066855005
0.03885154557
0.069204049731
-0.115456123959
-0.0227475350356
0.119308951436
-0.0472468731472
0.0579262270467
0.10693579887
-0.0312577441156
-0.0931588521676
0.0874105679872
0.10106733412
-0.0248492300986
0.0361921875617
0.0750276064909
0.103273300814
0.015432143008
-0.0106794829863
0.0762070789771
0.0410334711162
0.008948196716
0.0486561223625
-0.0121664516525
0.0195649939979
0.0525069158439
0.0148374262486
0.0664332923418
0.00387858413912
-0.0490339483167
0.00987991801027
-0.0244185930289
0.0620331322599
0.0925654425563
-0.00399625372649
0.126046427955
0.101350459638
-0.125846496429
-0.102473397082
0.0530445497142
0.116341742841
-0.0598221502482
0.0468507256607
0.14382479965
-0.00834365538726
0.103273864417
0.0681656320411
-0.15063250265
0.0650144945177
0.100278321049
-0.0185211577132
0.108266845203
0.0550750955596
-0.0167294451935
0.0585246700233
0.0562494759904
0.0245734631583
0.000995891290289
0.0484792272618
-0.0413506938635
-0.0787466302664
0.118279634041
0.0315810865716
0.0130443250984
-0.00145426163971
0.0106544659411
0.0943940368185
0.109298259954
0.00303430389116
-0.0187575331379
-0.00879839101189
-0.0160458586196
0.129736413816
-0.0973182213875
0.0223499262184
0.0582706492316
0.0897991287389
0.00164670369488
0.0942817997748
0.0672771052642
-0.0484436537013
-0.120024549862
0.00991443253871
0.0576964059994
0.073049855718
-0.00271888686113
-0.0360555333016
0.0022908610355
0.127378463736
0.11038244834
-0.000699918860782
0.0363222917117
-0.0349546076347
0.0255002636723
-0.00283816098357
-0.0212338050449
0.115304479093
0.0631110034401
0.0619104411819
0.0438164669476
0.00203845554259
0.00435322081385
0.0905340810155
0.0688432373976
0.0177146515722
0.0844929173309
0.108217288383
0.0425134922732
0.0336780272502
0.0514892872388
0.0230555907853
0.104502183193
0.075189174484
0.039470236432
0.0734873905432
0.0489806507718
0.0236471073896
0.0483987092461
-0.0956604799532
-0.0443380863799
0.0890656437003
0.00897084145337
0.12666203618
-0.010796080334
-0.0428857300605
-0.00200400205289
0.0741795477582
0.0698707915226
0.0298595397103
-0.0135473548393
0.0985093672225
0.0894144598439
0.063086932854
0.0403291412929
-0.0380957873814
-0.0296570581201
-0.136303522683
0.128138535955
0.00351318369454
0.0211960061221
-0.0384978482516
0.104598245829
-0.028812890469
-0.109621420209
0.110418846635
0.0747136070169
0.106042759764
-0.0429352019072
0.0373748157796
0.0992547322611
0.0288829150164
0.0306627605845
0.11484731367
0.000272148591565
-0.00808577410806
-0.0635484158341
0.118389828582
-0.0840369981856
0.0166405777899
0.00241298659664
0.0956663162041
-0.0907345218227
-0.0318371366041
0.120589194522
0.0988567159666
0.0097120211746
-0.00082325351069
0.0706328175829
0.079782100389
-0.0487062945823
-0.0134407890829
0.0949629298967
0.0056963549367
0.0651487282721
0.0628429927107
0.0180495553292
0.064974598827
0.0705444008705
0.106021565905
0.024458187892
0.0674535758133
-0.00311909442418
-0.0817351410517
0.028785411394
0.0660928543255
0.0400739080245
0.0396069102441
-0.00416320093424
0.0323837360844
0.00718430927955
-0.0628328834627
-0.108481851956
0.118350597086
0.0625063730382
0.114770484365
-0.0047078694175
-0.0503024585465
0.0769458562856
0.0168340575813
0.132397821486
0.0402837783758
0.0553285551519
0.029976568172
-0.00997532768704
-0.00898762677513
0.0595256432156
0.0985160079923
0.0373893202366
0.00924048228575
0.0595461674642
0.11737946711
0.0719632105676
0.108966147295
0.0514096073938
0.0295219162565
0.0474702415529
0.0541620065099
0.0686228221854
-0.00894013633319
-0.0630925922346
0.109672643123
-0.0112768356336
0.0431087897511
-0.02752751347
0.0556853395163
0.0817797681213
0.0427182484293
0.0245529675727
-0.127713168442
-0.0310976471037
0.0485175901027
0.0197520279652
0.069618990736
0.000487726107751
0.0604222927338
0.054776288939
0.0204637480425
0.106678729717
0.103363555565
-0.118520761149
0.0710993059906
0.0461925167779
0.11260189435
0.102242094076
0.094729369605
-0.0584985950843
0.101143297121
-0.0892590546611
0.0632963489189
0.104436365238
-0.00686624691851
0.0321736642691
0.0217204629298
-0.0539033407165
0.0826969276327
-0.060960477529
0.0917082256545
-0.0532993953983
-0.0504930034038
0.0445753200913
0.0670016652516
0.0684466276533
0.0904204066123
0.0281903509784
0.0333518555177
-0.0241148201172
0.064899291779
0.0326790582923
0.0868461958823
0.0433112036297
0.050670971735
0.0162560212906
0.0544517954657
0.103128817444
0.0636415622087
0.132259982821
0.0197509939005
0.0248872291406
-0.00735819342961
0.0874312677704
0.0366684224602
0.134947802862
0.0125677846882
0.0959287157945
0.0911195843115
0.0644772454503
-0.00705702618225
0.0354015576772
0.090165614141
0.00520017157595
0.0429586720001
0.0607940533831
0.0397603128022
0.0819083613097
0.0750220255035
0.040418698921
0.0957765263943
0.0563297076159
0.0940934320161
0.0763191503432
0.0415804915063
-0.0437346981631
-0.0421847464067
0.0333307498201
0.00812284187156
0.0682181248773
0.115618319796
0.0401349681711
0.0872404213153
0.00210094979498
0.0308888636974
0.0899162537592
0.085834060136
-0.0503888085398
0.0175040257037
0.0335107501706
0.0660938862817
0.0796538656104
0.0737854323571
0.124541979585
0.104043640168
-0.0629879594141
0.0953390023887
0.0471472105895
0.0202427646645
-0.0144980675197
-0.0121586400004
0.0818224873259
0.0420586317045
0.0177170631955
-0.0262905287761
0.107403354763
-0.0175945885236
0.0526598899427
0.0251146743236
-0.0223150623072
-0.0296675927225
-0.0701459895581
0.0610939181508
0.0612674027681
0.0960848257707
-0.0274993851337
0.077051408226
0.0800102997293
0.0862939648166
0.0868251039021
0.0724450322295
-5.33812903516e-05
0.00908981120304
0.0473091086625
0.0378030596078
0.0470307806046
-0.0037896962901
0.0334950577461
0.100096539797
0.120546482209
-0.0424274226889
0.0465750634287
0.0511062127715
0.016629923884
0.0781748914384
0.0419387869092
0.119797767018
0.0718286938697
0.0449613488283
0.0839389775596
-0.0121550679173
0.0199167178979
0.0906436885702
0.123077853314
-0.0467115750757
0.0878311675897
-0.031163502285
0.0639859184692
0.0117893955683
0.100872007186
0.122120810911
0.0726306368542
0.0892735282148
0.0694745966638
0.131630952836
0.0404116541117
0.0163679538966
0.04931037469
0.134839147169
-0.0231134336132
0.105263363069
0.134779193528
0.08545012817
-0.046304166549
0.125852649805
0.117709793861
0.0195533205868
0.120776326101
0.0959890116244
0.0402459740159
-0.0310874104551
0.100371455881
-0.0502213291258
0.0985445086148
0.0344652930848
0.133328687421
0.0423742400911
-0.0242098136346
0.0295277526661
0.0165176940816
0.0277417525362
0.00280135963848
-0.080764781175
0.0783622723682
0.137894282432
0.0707407651388
0.0502064075419
0.0859492279486
0.0324891493889
0.0904316173499
0.0181446575421
0.122477900044
0.00303615009869
0.0928883248452
-0.0026649862432
0.0289037063757
0.0671152153397
0.0323209790407
0.0810807764918
0.0813160980301
0.0907623019337
0.0166075208928
0.0765037487826
0.0799457516324
0.116651635728
0.0235472362632
0.0215822245962
-0.0325217473265
0.0949815332783
0.0547903177915
0.00947668818804
0.125332199364
-0.0777636016441
0.0153642287782
0.0821067415401
0.00429479644533
-0.0105712037869
-0.0170064840433
0.0703109121614
0.102221754985
0.0358159797623
0.0488275382268
-0.0210225952899
0.009338238774
0.0327283850913
0.129936431419
-0.0534494544542
0.000927542130972
-0.0812910945919
-0.0444981557848
-0.0206981074879
-0.0463513691633
0.0307177388723
-0.00184261752824
0.104813248766
0.106390945861
0.132601173333
0.0899973456865
0.0741368247531
0.0949267373595
-0.0436068328965
0.130455707382
0.0840561262685
0.146184003192
-0.0501762444872
0.0982625011422
0.0509701382395
0.0986400811238
0.0125002814283
0.0352587446575
0.0128514541326
-0.0735069037877
0.0402167162017
-0.0710562371404
0.0100540699679
0.000504197712791
0.076933139218
0.0887496304575
0.0840219423611
-0.119508498434
0.0271273618589
0.000420037029164
-0.00712517763708
-0.0671025663402
0.0918948211643
0.078702545691
0.1375869459
0.0473529284881
0.0651507508852
0.125476716973
0.0574004010844
0.0527113466048
0.0851621553234
0.124941334318
0.00120611800403
-0.0637429135588
0.0549703839208
0.0706199299071
-0.00731043119243
-0.0745198511512
0.0385996667614
0.0659876663656
0.0807217775897
0.0892084836238
-0.015531097718
0.0901756646899
0.0921684926643
-0.0395131705827
0.0406415876504
0.116079684398
0.0398854174622
0.0769275301956
0.00441502745245
0.109579595941
0.111329134675
0.115155280846
0.0995377727318
0.0856326035305
0.133078773577
0.0577926030987
-0.0147829866711
0.00985146657325
0.0175203784404
0.0555916031013
0.0812124400991
0.0975362519393
0.0960947588352
-0.012814819916
0.0825539512866
-0.00162942578674
0.0461441758849
0.0186354149113
0.019143439042
0.0377341193935
0.0388450616416
0.0995321239135
0.018789768747
0.0459502030036
0.0530565330428
0.0635222052117
0.124352041719
-0.00963660231512
0.0367093171281
0.0510808208392
0.0154163526321
-0.00428683951592
-0.0145729617071
0.033034430356
0.107070998842
0.0364055987007
0.00978210644499
0.0719490500772
0.0120773058617
0.0113404777501
0.107642836308
0.123280935162
0.0633713141194
-0.0194848427116
-0.0295435716137
0.00471270173009
0.134169737552
0.000917833021393
0.0962692337973
-0.0271862168485
-0.0422421213999
-0.0631319878168
-0.0378223231321
0.0912492256106
0.0897828931276
-0.0799534135805
0.0134333254198
-0.0233309370149
-0.0720617027467
0.0303804718374
0.012482828419
0.0297427797517
-0.0382128067374
0.0952556200412
0.0998690718939
0.0983891977855
0.0392475131835
0.0608599622013
0.0880668251597
-0.0202332490643
-0.119003172532
0.0900563578341
-0.0422725987262
0.0804334882999
0.103544328444
-0.0228862117812
-0.0283730344349
0.0421458671859
0.101507471655
0.0660184019412
0.0321113065298
0.100030361061
0.00337248339329
0.0783308474384
-0.0631799643757
0.0808959150999
0.0884607134925
0.0719935639372
-0.0147762401025
0.086121470593
0.0685735454727
0.06380289384
0.058230487748
0.0906324002594
0.0802796808798
-0.00289113369295
0.12867455554
0.0291575749075
0.0747217476112
0.0637680236658
-0.0789681647139
0.0094044509505
0.0272061539312
0.0951411270955
0.102464919846
0.0369128538062
-0.0058073480772
0.0845491411735
0.0146646514442
0.0251262314924
0.062509753691
0.0337255406678
0.0672280473322
0.0146224352572
-0.00968491063005
0.0859065475616
0.0824508016464
0.034435084992
0.0802164225818
-0.0492052886997
0.0687128798575
0.0388317240078
0.0460253378938
0.0850522804677
0.0505852630648
0.13276166548
0.00704651520913
-0.0206525414386
0.0326186110714
0.00555996644207
0.0938075806195
0.0456290849532
0.077423021869
0.0767075160253
-0.0413167205508
0.104730650977
0.0279145431907
0.0909045958176
-0.0877957138103
0.0530372332577
0.0565946819111
0.0582640857439
0.125302867444
-0.0184420833399
0.0521938837968
0.0226476879976
0.0871392461674
0.0724509213155
-0.105284766806
0.00259280829344
0.0909347439581
0.0416373227177
0.084143933667
0.00923642454858
-0.0197888148391
0.00471250612762
0.0831894310625
0.0678062740446
0.106376812966
0.070588282362
5.38475276493e-05
-0.0607500477695
0.0213424263784
-0.00493470026425
0.0246948308544
-0.000208549094941
0.0512872815365
0.020328788569
-0.00213641273347
-0.0270417715154
0.0958773221251
-0.0272270727531
0.0506615906896
0.0662399606033
0.121009257262
0.0407221262135
0.101245911304
0.0811709767008
-0.0339457723317
0.0371637908029
0.0361452588164
0.0853699595544
-0.0105279494264
-0.03398692377
0.0855502044234
0.0393256685155
0.0684663411758
0.021189487253
0.0352860362999
0.102379600675
0.0574511934591
0.0453935366406
-0.112913759722
0.123561158269
-0.00316122507759
0.0743600508988
-0.0105058850534
0.0853243944099
0.0561905035552
0.0385475215886
0.00666494036104
0.0960842414936
0.0409164670758
0.113871845941
0.0681080986964
0.0695543522309
0.110024782211
0.00131724599458
0.107299673714
0.0754241854479
0.0951718752249
0.0733109672766
0.0529965557102
-0.0164535547309
0.122819679599
0.134797375528
-0.00275497272634
-2.97958896915e-05
0.0584003930226
0.0202424804287
0.0169931101715
-0.00270297550572
0.0709572088501
0.00047184600891
0.023787467288
0.000992045529989
0.0363717959323
0.0429414048365
0.0458507340247
0.0308652720295
0.0908595840459
0.00588477266287
0.0651675807383
0.0266353678111
0.0748734358934
0.111845669386
0.0465941061453
-0.0723104286466
-0.0209140808751
0.0812393591387
0.0333503379453
0.0205070782913
0.0578953327234
0.0328370853854
0.12685638669
-0.0473871214334
0.0308871549871
0.00818378927567
0.0198416720077
0.122489845145
0.056731588772
0.0727892584917
0.0287384691684
0.120208461673
0.039216274581
0.0851138798503
0.0848842178247
0.0347691129581
0.0451945276859
-0.0470198092947
0.0732712556302
0.0111168834682
0.0631106507504
0.0910477676126
0.00970917079743
0.0727162679017
0.100877427403
-0.000691394847211
0.0666326143162
0.0696287684648
0.0789144866394
0.0725240297432
0.109168829964
0.0430544547202
0.123589707657
0.0857493577626
0.0944871731102
0.054225079964
0.0306214960921
0.0781231158557
-0.052106127368
0.00710538381871
0.0353890509478
-0.00860050113832
0.0645709166109
0.0988323041617
-0.0573231603347
0.0815862677704
0.0209781013808
0.0513807406774
0.0680890085195
0.0958508400862
-0.153618222686
0.129641462743
-0.0270458626575
0.0442591298713
0.0182853051292
0.0884918776661
0.0382084577747
-0.0296710605612
-0.0109073283741
0.117474130095
0.0433874694173
0.0747702654322
-0.00959826439337
0.0123257801478
-0.0154016502652
-0.00450929614714
-0.0199009065756
0.0204528145283
0.0488118772683
-0.0250032377199
0.0954518656703
0.0851719937604
0.0566253947761
0.0991960797626
-0.00634133572674
0.103455702391
0.0021580738204
0.0963012470228
0.113429899424
0.0192392615805
0.106366440068
0.0712526893814
0.103163160892
0.108867531386
0.0309588679265
0.0149987929832
-0.033469294271
0.0950842451812
-0.042876929047
0.00589349419585
0.0036157424435
0.0505401778267
0.0547701359777
-0.0245030566063
0.118330274775
0.0790991268052
-0.080989343839
0.0076799227722
0.0283357538142
-0.00241685261383
0.0971858549863
0.0438358523242
0.0430825543342
0.0900556371977
0.067201553122
-0.00406377939302
0.127761894459
0.0667479212082
0.0915832432572
0.0261866833588
0.108005330081
0.00945593689603
0.0632075195572
0.0424110488555
0.0753281817797
-0.0909229518382
0.0672475457316
-0.0448544401454
0.00147498393454
0.0127405143327
0.0782457224833
0.0283946784856
0.0562808999612
0.0581844800495
0.13253051501
0.0308553897402
0.0849539937362
0.0173423661323
0.101974973606
0.0569454592246
-0.0158676158463
0.0685645749897
0.0261989570907
0.042749872461
0.105527373835
-0.0528623925709
0.0341096216252
0.0266304199694
0.0110667440172
-0.0474994600585
0.0758474198544
0.0361945374827
0.0458068118407
0.0130063332113
0.0870992220083
0.106415418487
0.0838500327124
0.101739221259
-0.0224444953984
0.0485479298843
0.0312442253713
0.0151605029314
0.107714512393
-0.00576595450955
0.0926623566133
0.0532259368556
0.0110988348735
0.0808642240274
0.0884786815086
0.104708411102
0.0666128179077
0.100582055719
0.020984009537
-0.0597111175547
0.067873006014
-0.0464738134186
0.0293765619093
0.000235070913938
0.0556434574079
0.0354018172836
0.112080707362
0.0173648762023
0.0261168778694
-0.0164547786449
0.0426152947574
-0.149235654368
0.0730952314541
0.0250095332486
-0.0193098316364
0.0962362015773
-0.0481068662198
0.116576671732
0.0139547386537
0.0453767790264
-0.140239348016
0.00588340961785
0.00502749016904
0.0694127339234
0.0574360359671
-0.0621259666168
0.108454212826
-0.00288684247365
0.0715898695052
0.0223561980925
0.0044467338381
-0.00472716333589
0.0715946126076
0.0588435529229
-0.01466928628
0.0768765757392
0.0764253548143
0.101997837757
0.0496938911875
-0.0356154407848
0.0766628946026
0.12411894735
0.0619869785086
0.110383832155
-0.0181370042362
-0.0128772295126
0.0226953861334
0.00462236511957
-0.0283206532654
0.0599715494666
-0.0555462065429
0.0378669514295
-0.00340708050967
0.0410406651643
0.0090933086147
0.100215640906
0.021921106356
-0.0128842935175
0.0512146476713
0.0979207863256
0.0839689470182
-0.003618514714
0.0549788497433
-0.0368967318858
0.0274320386524
0.05851006462
0.0117379341483
0.031497233555
0.0246784374435
0.0154299516442
0.0376602761989
0.0442198362826
0.0213694376214
0.0168492596274
0.0925636145052
-0.0629507015391
0.0374568161717
0.0482351056786
0.00505371400435
0.0429150795393
-0.0133714727749
0.0208240542873
0.0327840258589
0.111570029257
-0.0311074273926
-0.0884527393728
0.127164646307
0.114720123233
0.0781625228543
0.133426403227
0.109638773146
-0.0495090518586
-0.010886257991
0.0454583104867
0.094396285924
0.0377308429573
0.0615064806471
0.110861388682
-0.0401539132345
-0.0562463910443
-0.00829148829325
0.0453969093037
0.0788739709869
-0.0146337044982
-0.0205696172721
0.1034921148
0.03556366413
0.0974565824238
0.0782143628304
-0.0271548444053
0.00437712860743
0.0999781687316
0.0426349402746
0.00437860890467
0.0645435936957
-0.0226024371448
-0.0302556862597
0.0863544279343
0.0790879964641
0.0415441631353
0.0880497663357
0.0291393578458
0.0698351207551
0.126445217844
-0.1076080604
0.0896902966739
-0.0679561417082
0.0844655599116
0.0373849202282
0.0389984029698
0.00481582354463
0.0345876086688
0.00373674803004
0.0714695971884
0.125593834402
-0.0334854738488
0.0882915394131
0.0929314563363
0.0740928746044
-0.0325765464154
0.057273761774
0.0103786070245
0.0482401006317
0.0473248809395
0.102867408231
0.0462816523982
0.0295742273214
0.0791799305357
0.0172659630203
0.0366362316297
-0.0724386932583
0.0749076387451
-0.0168864492777
0.107203910973
0.0377955685635
0.0602219606536
0.00529943289053
-0.00178441736384
0.00868981085866
0.102649821671
0.0981107185371
0.0731356190137
0.0148291960482
0.0832167710682
-0.00171339093906
0.0935337396744
0.132836813012
0.081190131366
0.00756940511896
-0.00095809033335
0.00103688027843
-0.0392945684718
0.0505604557933
0.084517243385
0.038912096425
0.0888983687766
0.0824025849445
0.0671970689298
0.104926822711
0.0924140952554
0.00763349925895
-0.126195100123
0.129269743083
0.0272719461217
-0.0012807741585
0.0757497406483
0.0647817932647
0.0545796206571
-0.00163164242011
0.0553619573486
0.0487562740164
0.0732793532303
0.0276284318053
-0.026038347481
-0.0710064951381
0.0494462516902
-0.0332682984171
0.099393578047
0.129347326259
0.108675458234
0.0552134406214
0.0944555805073
-0.0991023575801
0.0678217296762
0.0060214938478
0.0330086360706
0.0989617089669
0.0851349101652
-0.0245238778739
0.113648798914
0.121350282083
0.0444262765879
0.0655222387976
-0.0200897779766
0.088784472152
-0.0477443548554
0.131773731135
0.0289682704233
-0.0203471149835
-0.00647343989759
0.0680596254439
0.0203216661095
0.125437840042
0.0186746673132
-0.0122330454719
-0.0174121631587
-0.0954487884956
-0.00585930695825
0.107432788073
-0.0588312296016
0.0428351518115
0.115768396737
0.0249977404609
0.0700561427527
0.113759498172
0.0438258966761
0.0261430734314
-0.00348378791874
0.0214097820573
0.048655885891
0.0700014519861
0.0692068851668
0.082949646065
-0.0626322120726
0.0556656166978
0.03468671364
0.0649601622874
0.0437031508218
-0.0167912541018
0.0290979813915
0.0670768840069
0.110562861548
0.118292271084
-0.0169620498747
0.0368315569883
0.0215514339758
0.00682104950419
0.0983477751563
0.0780805966705
0.0518974552555
0.0191810420631
0.0953480381883
0.0270348258547
0.0913281968083
0.0452299845487
0.0683783788576
-0.0101515545408
0.0192489707009
0.0638381327276
-0.0594732225698
0.121533892951
0.0586447079889
0.101243076957
0.0421954936356
-0.018128179977
-0.0480129950549
0.0217993302694
0.00713823100908
0.115891871169
0.0625872794623
0.0690285923858
-0.000700981205027
0.0711589916337
0.0512196652208
-0.00676523356887
0.0485559201763
0.111487695583
0.0086514004327
0.0081080921639
0.0804191296069
0.022981915413
0.0599266900573
0.0206108222664
-0.00448445298967
0.127500667885
0.0483491529587
0.0773585252748
0.0483249557212
-0.000448366543868
-0.0200508526355
0.0245096466208
-0.0387922921744
-0.0251343519205
0.0894942629364
0.00461498652308
0.0328947847319
-0.0267777374042
0.112671484008
0.00365016217872
0.100552300322
0.0338562129108
0.0374021905206
0.00814526951757
0.0394553822137
0.0523914050332
0.0585868217808
0.039796021119
-0.118910751451
0.0264831376078
0.0195046514505
0.0213689077615
0.0116043023879
0.0511193276
0.0434180747513
0.13551253489
0.103858202683
0.0732912448444
-0.0051518961238
0.1227519894
0.0240625780242
0.0567238475539
0.0608746655341
0.00966538468076
0.0615251864551
0.094321641049
0.0433069261278
0.025542990815
-0.00752703177493
0.0741104796948
-0.0226087902991
0.0493348703112
0.0126204255182
0.115884899987
0.0950105740145
0.0806967764162
0.11866558312
0.0396245434996
0.0724229902172
0.0125265951191
0.0248169096416
0.0316701092369
0.0820678378459
0.0851196685329
0.0256772719294
0.101897717916
0.0356188451999
0.0759056966738
0.025506504131
-0.0172967692574
-0.00862210687453
0.0355275023925
0.00769660467781
0.0510737039715
-0.0133097116795
-0.0993400659074
0.00297650720348
-0.0270168178724
-0.0590810661074
0.00479324109379
-0.0367399617148
0.00174424152635
0.0547334276396
0.0201600915294
0.0923245473006
0.00917893832169
0.0218854117784
0.0807967299531
0.126971068587
0.0726632187404
0.0750534812706
0.0841843516202
0.113236154745
-0.0228648824673
0.0256518881954
0.0972727292215
0.0413980297885
0.119250723312
0.0126466251854
0.0864664973229
-0.0845040064651
0.0693400259886
-0.053987029857
0.0465554378621
0.0213263984416
0.0918496248585
0.0774675829524
0.0570094287928
0.031330499846
0.0921913139211
0.0321792625134
0.00754662777822
-0.0117205872287
0.0751641908224
0.0512143372948
-0.00726526420994
0.0462736510564
0.0495992503505
0.0371037810646
-0.0689129746338
0.00486030833825
0.0341924775898
-0.0482047280445
0.0199389762254
-0.0261894456077
0.0019798509045
0.0417571826093
0.0667055150508
0.113266676376
0.0997235510632
0.0647173436136
-0.00403940113207
0.060974872964
-0.0589330217742
0.0282740254627
0.051920029659
0.115666966938
0.0634333130649
0.0732054441845
0.0904463980882
0.0778955835257
0.0586706754123
0.0668030040537
0.072225397263
0.00365723580846
0.0163931524075
-0.00628913823636
0.11008851303
0.097667283216
0.0456036481445
-0.0878833089132
0.10262902003
-0.0290116404817
0.0738565252474
-0.0565835814439
0.0858965922865
0.0655265393227
0.0248989686457
0.00599100789029
0.00302047544188
0.114699069502
0.0902689814007
0.103736389296
-0.0669535763904
0.0887059390152
-0.00426310204046
-0.0662963727947
0.0903982691571
0.0952313774183
-0.00419245628209
0.0983103299619
-0.0996084956893
-0.0190260160264
0.0684359040029
0.130024169419
-0.0468679261041
0.0405372854705
0.0475553518706
0.0727274839485
0.0301835011242
0.0998720669309
0.0362133212816
0.120553031822
0.0668481520731
0.00945994511423
0.0602480422978
-0.0143757797401
-0.0418411800984
0.10808974652
-0.0146799607283
-0.0101476323078
0.0929936558103
0.0859151518225
0.0427509071511
0.0702088607604
-0.0252920583336
0.0784552148025
0.11690889667
0.0812173753914
0.105989587738
-0.057695290907
-0.0539317781256
0.0863958965244
0.0365245101931
-0.0381899946824
0.0561437671378
0.00687645280996
0.0704766386153
0.0164045057203
0.0524309687231
0.0540610955699
-0.0181242689445
0.0598477939184
-0.0724144087973
-0.0694092328461
0.0947084776834
-0.0144493660169
0.137067365929
0.0844900713502
0.0821406444357
-0.016447611288
0.0113569380165
0.0940404018567
-0.0198970617693
-0.0295752081511
0.0256136418151
0.0723385964438
0.101630458003
0.0666029276705
0.0795590042614
0.123923304074
-0.0151184621153
0.024474305904
0.0991753588013
0.0217359194478
-0.0396870279546
0.112895552021
-0.010414637129
-0.00566450255228
0.00881771680372
0.0445944519864
0.00557768186616
0.111184642806
0.000912160308902
0.0433315801044
-0.0368123037546
0.0687244676972
0.02746937132
0.077488171341
-0.0193543137447
-0.0334674315836
0.0509876872702
0.0209568894981
-0.0393117058065
-0.0133019575797
0.0464407261456
0.115774428479
0.0351660576355
0.0887037896766
0.0769174488612
-0.0400900451412
-0.0218083994886
0.0777811941866
0.0323371283664
0.0584135900266
0.0508322452882
-0.00636777423196
0.0937431090987
0.123708922484
-0.0472830573626
0.0152037312507
0.0113253780248
0.102094020406
0.0323817105222
0.0868717868917
-0.0987959830634
-0.00553495997045
-0.0548508239321
-0.0214998654209
0.0254881195002
0.0423096056701
0.101679140862
0.0348350924657
0.0807825272992
-0.0363802677036
-0.000442784718743
0.0138274625042
-0.03200625993
-0.0138601911517
-0.0349939472447
0.0876011620078
0.0727058267569
0.0991346649927
0.11475048763
0.0554888393658
0.118249835404
0.00619272421507
0.0199035557553
0.0566816766176
0.0501461650535
0.0187007084074
0.0541588840955
0.00835736341553
0.0335617384512
0.107955345417
-0.00513450417522
-0.00110130460855
0.0982065318291
-0.057681310749
0.0880694806435
0.0535571508874
0.0265744137513
0.0841615759698
0.00743597423058
0.0640100745532
0.0446164587892
0.0177816788215
0.0640727118417
0.0489529403737
0.0297958581459
0.0418550989374
0.0994897986316
0.143277672669
0.0638852641063
0.0232011093059
0.0411914041328
0.129329207178
0.0803044512576
0.0879687313269
0.00827180311998
0.0367841631787
0.0922196104582
0.0269454462345
0.111448486022
0.0279376730203
0.0202212362828
0.0820085286528
-0.0252592906244
0.0180296944132
0.0689963438913
0.099433338161
-0.0843452053204
0.0889211923934
0.0230763993338
0.0838368756155
0.0436073855274
-0.00101298288623
0.0474420159209
-0.0642579172204
-0.00323642719282
-0.0101935268627
0.00983867806862
0.109892267466
0.0315054528624
0.0623546803141
0.0276946806832
0.0511053287332
0.0543509745686
0.08030809029
-0.0220027084141
-0.00673461275008
0.0901880707536
-0.0954017110968
0.103463744564
-0.00803511150145
0.106916918463
-0.0594196420332
0.0814346012162
0.108464787861
-0.0271119943367
0.0160963312936
0.0506039040075
-0.0140520156772
0.0917367465876
0.127274618359
0.0391119210302
0.0810187868047
0.0622851366638
0.0144848121093
0.07304573032
-0.0132887394948
0.117785337642
0.101927743956
0.0443979349698
0.0241353302756
0.0999723766805
-0.0235628987491
0.105541354681
0.0999557776375
-0.00156535001646
0.0273493416465
0.0283386910214
-0.0142425662176
0.0176266386276
0.0610476470574
0.0217488212827
0.0565440899601
0.081391257778
0.044833006502
0.0874893003273
0.0253504648235
0.0739499651978
-0.0144202801329
-0.0142535817882
0.037245338097
0.0265563376937
-0.0498662779318
0.0160457881331
0.0292595772112
0.0511460545507
0.0813411314515
0.124286484844
0.0475897161023
-0.0899466408983
-0.00993484167331
0.0747786017703
0.03735976726
-0.0134170738446
0.011451087256
0.0616918848188
-0.0523059752433
0.13181803293
0.0983301906678
0.048862188337
0.085564553771
0.0901683724998
-0.00222033750076
0.0909449770351
0.0249431117951
0.070019838945
0.00564321733217
0.0597392639
-0.0335474608419
0.0592104969444
-0.00396819766275
0.0552903618384
0.0888816750873
0.0135381598386
0.00315920843887
0.116193765539
0.0869475622116
0.024611905397
-0.0217513192158
-0.0747918483786
0.0360494386616
-0.00279461038818
-0.0351142913301
0.0954229654358
0.032892042052
-0.0132993323393
0.114244968353
-0.0264845752605
0.11957531006
0.0474832560583
0.106891020628
0.10042065431
0.0833924515876
0.0605080301402
0.117577835607
0.0388567095188
0.0420236847048
-0.061671334591
0.0738615141188
-0.0372839997712
0.0893001912525
0.121695025696
0.106271256183
0.0770611337197
0.121285316348
0.0174687825009
0.00133123210052
0.0644139808924
0.0431163733054
0.0825762087761
0.0403569656102
0.0110579776543
0.0675026266551
0.073326141649
0.071496687043
-0.0366398059936
0.0387005993666
0.0263426216549
0.0685148630387
0.0334366426753
0.09260641682
-0.0147748740894
-0.0286333525135
0.0809045607362
0.1361854043
0.115649678204
0.121028441827
-0.13566539877
0.105743534016
0.134429221359
-0.0272402059339
0.0210404024273
-0.0813847601364
0.143568862572
0.00403372270155
0.0803778181864
0.0974494623251
-0.00745040535596
0.0533589010104
0.049200446565
0.0932016301761
0.0966979897277
0.0354728166565
0.123130067155
0.0232041431566
-0.0113122759378
0.0905899580275
-0.109872987741
0.117269130645
0.0675479797624
0.0355464922226
0.123383724339
0.0879899255602
0.0223923468736
0.0600831060649
0.127715095062
0.0187448815106
0.103432677031
0.0465504377069
-0.0327692240963
0.0980708929452
0.0816748374132
0.117368191084
-0.0710041691395
0.0824865195892
0.0867849329413
-0.0155100344564
0.08530373478
0.076710978633
0.00416293320238
0.000834134000826
0.11325109617
0.0637024120616
0.0914807348962
0.0775344127054
0.0704943116741
0.058211614665
-0.024570604714
0.0267243004418
0.00707177020276
-0.0148226105947
0.0285958989344
0.0484694470492
0.0670544503604
0.0527845882544
-0.0401382209559
0.116027599521
-0.0176268396637
0.0849428277357
0.00983570508704
0.0359617574984
0.0790630210423
0.0902397153119
0.0363929081419
0.0404321999257
0.048962837774
-0.00485772939821
-0.0387315721704
0.0453980277087
0.0817344362273
0.0324477096406
0.0510763259824
0.0489509662428
0.0883941191407
0.0764806915071
-0.0798557213103
0.0565421360155
-0.0212360992015
0.0486578521156
0.0764088870782
0.0267405084699
-0.0111738235261
0.0186837975224
-0.096885950064
0.100048362358
0.110140788149
-0.0642671027007
0.0889462251311
-0.0490503323708
0.00499825357397
0.0910788077378
0.104610156839
0.0687212752343
0.0621100895709
0.0473249361933
0.107681429995
0.0966781547996
0.096040723218
0.079256460551
-0.00182846382851
0.0454371467613
-0.0427484900853
0.021139396121
-0.00987581285445
0.0654974361121
0.0915428115886
0.0340594694148
-8.4570365253e-06
0.0292033738412
0.112391439256
-0.00388766891406
0.0290493642144
-0.00673936085727
0.065016341169
-0.0146905058466
0.0956575986931
0.120330206915
-0.0837776773109
0.0686415163068
0.0878475262352
0.0638368395122
0.0487269102822
0.00113243424869
0.0362471589275
-0.0291956444804
0.00140114945045
0.11355499974
0.0807638957176
0.0434470772166
0.0615148579666
0.0384609987302
-0.022091304279
0.105097850943
0.0516041597932
0.0622991982534
-0.043093890227
0.0874990103226
0.0598661258433
0.0999354272064
-0.00578004705025
0.00731039646182
0.0309915763403
0.0607836728696
-0.000262062051926
0.0592882894386
0.0941737787841
0.089082282269
0.103027906521
0.0801526959436
0.0472250332008
0.0424819882025
0.0896657109027
-0.00719651714665
0.0478161187493
-0.00568125551736
0.125885046313
-0.00510035506792
0.0433127900732
0.0338612698047
0.0164662038997
0.0974909796012
0.0209494246018
0.119588548866
0.0755103331586
0.0997637231601
0.00909849604294
0.0708073002607
0.0836560004611
-0.0572497257273
0.0134050172537
0.0946162297203
-0.0112359778096
0.0602259106262
0.027324186173
0.122319188391
0.130880366478
0.0615251331149
0.0720237097768
0.0945906258325
0.000757711909918
0.0157367595154
0.0084793378232
0.0486832693225
0.0692610548766
0.0875059287766
0.0292069038064
0.0980951270851
0.0543490332949
0.0298668325408
-0.0157954262904
0.0544407132221
-0.0308240154683
0.0319893461779
-0.0238369180708
0.0268165788306
0.0633849413819
-0.000176895715056
0.0417516271304
0.0776816318559
-0.00216745629523
-0.0267474489584
0.075533515438
-0.0824760738333
0.0695589794002
-0.0550757925172
0.064160670759
0.0672155094687
0.0404883598483
0.063509973329
0.014195787851
0.0794841619748
0.00289165216375
0.114529855301
-0.00477005355773
0.0366774147734
-0.0268914855373
-0.0150795184719
0.0913794206353
0.067364889825
0.119603173261
0.023099734874
0.0471191271633
-0.0540264034611
-0.069720487345
0.0644137419448
0.0814890726397
-0.0167802268916
-0.10340608144
0.0283424610247
0.0177738343535
0.049706300385
-0.0291320768064
0.00381648720057
0.0156129680996
0.0185715300513
0.0620148206579
0.0282250380502
0.057964357872
0.0351729487837
-0.0160226329408
-0.014264190677
-0.0877082522422
-0.0117420446714
-0.00507615297881
0.100988429071
0.0438505938985
0.119990319007
0.0548049504986
0.0684827439158
-0.0125794230047
0.0299126850078
-0.0421986742517
0.100254179585
0.107218016114
0.0847316955559
-0.038468879128
-0.00697423469175
-0.0337957433429
0.0333392869964
0.0155400124205
-0.0276434187432
0.0120697698688
0.0787278668548
0.0388187873586
-0.011846882802
0.11815422387
0.123938779767
-0.00663441782841
0.064656478115
0.0670202830496
0.122054121018
0.0035718970873
0.0322757054325
0.063404723867
0.123177300651
0.0583640837124
-0.00306798584597
0.116233655436
0.0219952951685
0.117022342026
-0.00578807661473
0.0901872886898
-0.00207672738547
0.121209827614
-0.0055446742054
-0.0185856842487
0.0743812122107
0.0431606897276
0.0254687582871
0.0176608998618
0.0983986815082
0.0625951154623
0.0624950042036
0.0507971242867
0.0396306873446
0.102972309285
0.0916012593072
0.0629699115682
-0.000874221921308
0.0481135227869
0.0746088460325
0.0168684771288
0.101251073435
-0.0574707307137
0.103636445598
0.0662139187797
0.0743738549284
0.0482111096662
0.11561444415
0.00809639149111
0.054899679896
0.0816436525955
0.0561117789252
0.138254889028
0.102609298013
0.0501783382664
0.0647823011788
0.106332299875
-0.033762566702
0.0681073206356
0.0683690998296
0.115040670438
0.106057855194
-0.0205259537082
0.096442683612
0.0721190752505
0.0174664047359
0.0967670999926
-0.0451135616504
-0.033325100995
0.0681798602093
-0.0360342786758
