0.0579012791014
0.0261947214159
0.0726550621406
0.072838777249
0.11031667743
-0.0413799436945
0.0613459676835
0.0154148606571
0.0936416794756
0.0256343023449
0.110190122894
0.0513210444015
0.133127730348
0.0407038257809
-0.0297700989399
0.0654681356156
0.120297044132
0.078847546212
0.0464006673817
0.118325706871
0.0234554448971
0.0779013244253
-0.014314768695
0.00110870037507
0.0483709370566
0.0869242793164
0.0239046854034
0.0692101027396
0.0543386414018
-0.0386498090572
0.0452592080537
0.0156343486494
0.0791868191217
0.0620432782923
0.107785797152
0.0129406204526
0.0167800255123
0.040411956398
0.0561829054062
0.0373512904572
1.9484885696e-05
0.112087545071
0.0977186933133
0.102121896603
0.127395854217
0.0389232945913
-0.00954869329309
0.0500125998557
-0.0575972754786
0.0966206130722
0.0576714926051
0.0114065805645
0.0950157133648
-0.0630042857882
0.0814715630059
0.113114682784
0.109127090825
-0.0049364345572
-0.0158828341824
0.0452075823903
0.0934019223636
0.0156179303451
0.0720536269673
0.130304945015
0.0142280488613
0.1181534936
-0.0302474894882
0.0469849111122
-0.0248866224436
-0.000516028684803
0.0778232974731
0.00272278148267
0.0335618958152
-0.0268960548578
0.0157058926061
0.0273044014443
0.0774093515973
-0.0426499429743
0.019508265634
-0.0223121440598
0.119511657172
-0.00212440269177
0.0636005937791
0.0079078640113
0.0368071204725
0.0501645709001
-0.0285505252489
0.014555337494
0.119628919671
0.00963937348115
0.0856496240701
0.0809035299315
0.091737749381
0.119437067418
0.0305907164859
0.0786262067065
-0.0100054866955
0.109187736029
0.128106671774
0.0698436182186
-0.0431955822224
0.0651547995135
0.0735560341879
0.00958377048425
0.0647810774984
0.0537623094062
0.0244489052422
0.0121463714116
0.104393621624
0.0509854501423
0.0149720328375
0.136262166201
0.0589931388627
0.099962943563
0.0478256604307
0.0744946259521
0.0168827786834
0.123930490618
-0.0515058177368
0.0723362591831
-0.009352912748
0.0430750785335
0.0604592397299
-0.0562398760102
0.113413485466
0.00529329008097
0.0780362343001
0.0805459456942
0.12836340838
0.0470496163074
0.0969176657015
-0.0908372063417
0.054677795187
0.0229685878394
0.0877038543174
0.0183297909521
0.0517065984293
0.0675541589413
0.0177382934654
0.125533257596
0.0819771252023
0.0402291338893
-0.0819958393274
0.132787480633
0.031479574372
-0.0401508423505
0.032562730087
0.08257269335
0.0782564584135
-0.0287470154435
0.0632562271165
0.0133702727975
0.0673779822052
0.00860395988775
0.0282458238024
0.130156557311
0.0224547162891
0.0919380893633
0.100570204344
-0.000337266568328
0.0857033905262
0.0788720146321
0.0432085008857
0.0699485150541
0.102556949713
0.0226919337073
0.11001842954
0.0565253734977
0.0107121532249
0.11208547063
0.0888634635247
0.0676601151773
0.0123838950109
0.0841059173275
0.0733571214684
0.0952463165454
0.131024469977
0.011026848518
0.112394979038
0.0680809314547
0.0271911848164
0.0493446873884
0.0548891505701
0.00351147315335
0.0631671151386
0.00338866908183
0.0157820134276
0.0203873708112
0.0406615078272
0.0181600706034
0.0440492434127
0.0728541584566
0.0864461962187
0.0117148907666
-0.00884688916322
0.100645838642
0.0657696342431
0.0109761089916
0.0490907373525
0.0211634788562
0.0525114720865
0.0886088946709
0.0557113891187
0.117950236788
-0.0129045577091
0.0917988240386
0.0467469355811
0.0233055580571
0.00676646336715
0.0190213945329
-0.00735211140179
0.0683082414874
0.0100999752446
0.0593074105901
-0.0299090533247
0.0530975990733
0.0903400167673
0.0582551273706
0.0516719558815
0.0373958158348
0.0587915769031
0.0429050675536
0.0504774481202
-0.0204260028339
0.0567222210415
0.0917561609797
-0.0171844366982
0.116710375264
-0.00771979667117
0.0421289228243
0.0570281713
0.0185173832588
-0.0167899518725
0.0348043829926
0.0904145284705
-0.0211451216138
0.107625854974
0.000458553612929
0.100613267222
0.0579626410899
0.0635881595875
0.123026588128
0.0866898196088
0.0777417825713
-0.00381045564288
0.0828658279339
0.125560518441
0.0253692011712
0.0963125590464
0.122750968401
0.0722966696854
0.00245926606114
-0.0140306042254
0.119151575917
-0.00469478443236
0.118794031725
0.0380807091385
0.0702267663861
-0.154017525951
0.0532425097037
0.112193729219
-0.0516125233764
0.126510170003
0.0317676953932
0.0469899912535
0.0551926089489
0.13244562868
0.0479765151845
0.117598992191
-0.0558294793211
0.0424413433157
0.103704347905
0.107275581674
-0.0650616186464
0.0851493416975
-0.0116899847094
0.00849248168519
0.0777093997729
0.0285977261337
0.0432027005501
0.0733015883996
0.105932678276
0.0576315214224
-0.0127727044338
0.0804367771812
0.0117591695073
0.0616545352262
0.0300044179868
0.0903651259065
0.0769019491375
0.0026332951872
0.105447562422
0.0727557956299
-0.0241245884054
0.0203064114799
0.0811077707057
0.0770779149303
0.0970285756584
-0.116596767284
0.0423659734828
0.106850396445
0.111775840963
0.0840341396387
0.0855202249135
0.0385970109075
0.0153635893358
0.0787603525295
-0.0110717914226
0.113840516174
0.096957679789
-0.0318287463887
0.0608703164816
0.0207986836871
0.0403349126262
0.0545603736861
-0.0149697890896
0.139866837189
0.0488866683391
0.0729317127904
0.0828165532203
-0.0155653284345
-0.0219057764533
0.0272033888585
0.0695155571068
-0.0117543943281
0.119733380075
0.0493435174816
0.0776123899428
0.102056905739
0.0641248412426
-0.0577504861839
0.0410691344696
0.142187728058
-0.0155555835239
0.100554480074
0.132730674743
0.0737028601537
0.00383390096678
0.0575699653911
0.0490462866698
0.0112217796962
0.0851026329132
-0.108649678683
-0.0362210373981
0.0436427469151
0.111423384442
-0.00798714080324
0.0410649965367
0.0496276870091
-0.00179437436634
-0.0379111290408
0.10835402821
0.000883475976405
0.0300433357407
0.0369157386895
0.113835253213
0.0176626030435
-0.0149857102716
0.123954513813
0.0814890641718
0.055910654388
0.0680093830597
0.0254177884517
0.0723967006691
0.0643687383573
0.117626316403
0.0105399336966
0.0725924800981
0.0377937852386
0.0245491914336
-0.0174358378323
-0.0070840351023
0.0678281222618
0.0242300892457
0.0471619228619
0.0673145100098
-0.113340182353
0.0644782620079
0.0948638336534
0.062892586192
0.0515736118217
-0.110363098358
0.0147043664036
0.101849260826
0.0632174101363
0.126196832065
0.00804815651922
0.0515108806019
0.093308984947
0.0103592080321
0.0732194045526
0.0237609351465
0.033016712525
-0.0185680412313
0.0638291315459
0.0861187608534
-0.00999576826152
0.0804894412586
-0.0133242757063
-0.0188759666029
0.043362035401
0.00786642121593
0.0057789299727
0.0248031578295
0.0307661097908
0.0723293695196
-0.0017159671923
0.0011523356298
0.0374481528392
0.112633591268
0.00226367315312
-0.192943983963
0.0560245055299
0.0878616188879
0.0278225226674
0.094861388003
0.0537984873221
-0.00440401593072
0.0505554625528
0.0687263885271
0.0904416636907
0.0156292696751
0.0525659257951
-0.0611963888205
0.062304082295
0.0901319740923
0.0586678835278
-0.0029452819412
0.00814606447491
-0.0104711003892
-0.00396578980993
0.0814493866434
0.0300091763237
0.105399382451
0.0112531739393
0.116178700184
-0.0515573292987
0.0150559084708
0.0781509544852
0.064507899348
0.117148292533
0.04663376514
0.100246201474
0.115099709177
0.0207463247563
0.0954702569009
0.0389002082917
-0.0329054649337
-0.0238673942499
0.0233013969005
0.0954699558142
0.116270156968
0.120022060223
-0.070138054012
0.0717373935839
0.0686855837046
0.0632889934156
0.0741941359505
0.0401191003698
0.017048014857
0.0438986573672
0.0358072711648
0.0757809908494
-0.0591694913054
0.0752960028895
0.0840959702971
-0.0708940341231
0.0310566666631
0.0516156204759
0.0401008816034
0.127973351268
0.0424833620854
-0.00109864512164
0.0859338553089
-0.0714330564464
0.125872965145
0.115421313279
-0.00955837028799
0.0719639831561
0.00293833700499
0.0348293772292
0.132397219544
0.00803570738426
-0.00569048944415
0.0778783269437
0.0535620463952
-0.00290709415893
0.0231234140446
-0.00319168436961
0.0388309289961
0.114454395082
0.117252293034
0.0881297749764
0.0788604396747
-0.0202150183632
0.140040907941
0.0336115521593
0.0637162185077
0.134289132408
0.0484150764418
0.117093513501
0.0546856652144
-0.0460202834682
0.138886383849
0.0590183405872
-0.0468899675152
0.094056781386
0.0459228082772
0.117577673849
0.0221450788843
0.0282824628776
0.0154149014264
0.0814624065708
-0.0207025167331
0.0213984709483
0.0499029487699
0.0856872173359
-0.020717724449
0.108619357807
0.127626858513
-0.0484205026811
0.0095357874684
0.0389417504659
0.113853648199
-0.0165020958893
0.0578330383795
0.00773999893034
-0.0769835025045
0.0412250844598
0.0538554081885
0.0293840081193
-0.000709573122502
0.0709682826671
0.0117640248709
0.0349165246792
0.102654503655
-0.0234907264108
0.0867828222431
-0.00246561736228
0.0108921512362
0.0522270365425
0.00464190832837
0.0939197653359
0.0724057307507
0.0413670880816
0.0783373692657
0.118634122125
-0.0259873538223
0.0113446264
-0.0403544973645
0.0459177581079
0.0678626093395
0.0745935091135
0.00568763287743
-0.0119482407537
0.0294500492306
0.0662123347866
0.0142376998408
0.0397777714984
0.0647498094103
0.0855759976528
0.0846112480341
0.117409462085
0.0172496460391
0.0926134184966
0.0978568572786
0.102367552465
0.115385049359
0.0127638264663
0.0339171774067
0.0324462566199
0.108824905545
0.00061328378791
0.0787286021914
-0.0977606927022
0.0785934460404
0.0839784610197
-0.00361054394177
0.0619926463074
0.035312846935
0.12439851516
0.0776391645172
-0.0782830928071
0.0219474761237
0.00471019728192
0.0203754644295
0.0521971672343
0.081719794879
0.0209330063444
0.0929664515528
0.0267468194921
0.136123817272
0.0802178670239
0.0357467255505
0.0269662361777
0.0435272820415
0.0775235292775
0.0474605533287
0.112279799387
0.0146046170254
0.0772439952555
-0.0102689129714
0.0292530555472
-0.0100738360071
0.116332855204
0.0866347207985
0.0948998040882
0.0917000196818
0.114323481029
0.105814814234
-0.0346116654982
0.0844635504858
0.0152976173766
0.0826097855331
-0.0257874761545
0.0677430109497
0.0116105325183
0.0272525531746
0.00506640488065
0.0589474703714
0.0420989073663
0.0275992611264
0.0586050826988
0.041550471291
-0.140890780111
0.0693061689992
0.0485895424111
0.0558947231344
0.0849983059942
0.0386159078819
-0.0235781257499
0.0825773690497
0.0337153825612
0.0617082802025
0.0600079990954
0.102864245399
-0.098450700617
0.0274970849809
0.0584272833881
-0.0870950327032
0.0324197073357
0.00970136657159
0.073555459878
0.0208373030022
0.055602181376
0.0419351088043
-0.00326176881012
-0.0800766399053
0.0359098249975
-0.0323597144192
0.018644041435
0.0866675576584
0.074622369664
0.0752341137626
0.118823035532
0.0689784762612
0.0691057344509
0.0303947351879
0.0676073290864
0.000386455205074
0.0208686637637
-0.00130839527787
0.0783550652297
0.13098930192
0.0367321388376
0.144489281267
-0.0234313677292
0.0360821677544
0.0808920552524
0.04612177543
0.0862869291715
0.128123539265
-0.121105142372
0.0616998692206
0.0373498899132
0.114922865541
0.0348725390243
0.0927452865377
0.0397598210445
-0.00709076113944
0.125161713518
0.0835312687306
0.0546676677757
0.0882535435452
0.0802533669955
0.103195162328
0.00315417395758
0.0171430688906
0.0444396302314
0.0693513407693
0.0782110213352
0.028342483866
-0.0545606163527
0.0607320872916
-0.0212687601486
-0.0279827353289
0.0485791324038
-0.0397696797378
0.0327492873708
0.0501124060791
-0.0143582812955
0.119823960262
-0.00593317793821
0.0522637369241
0.0993919428115
0.0586629862756
-0.0500770117184
0.0464792918327
0.00691066631124
0.0217225854573
0.121428234558
0.0902365387118
0.0498245826072
0.0514870034389
0.114522775453
0.070609295458
0.0914895357599
0.0236643894833
-0.0681870977103
0.106368578625
0.0245096899792
0.102925529891
0.05738554173
-0.0166731468295
0.119952605807
0.00311972046711
0.0809960763251
0.0345088743066
-0.0102843854113
-0.00798696215752
0.0964499616546
0.121275194591
0.0182786140813
0.0713763493928
0.0140380293872
0.0731438016949
0.0634335606978
0.106743209925
-0.0200950658517
-0.0448001708077
0.0652142243025
0.00939715028294
0.0682508682652
0.0630663044652
-0.00506893873558
-0.0532236552915
0.023580603551
0.0176502884301
0.0799425654253
-0.0037442768817
-0.0336942828165
0.123228500851
0.0779665665382
0.122437991392
-0.0102509395213
-0.0493788297893
-0.00918655806251
0.0675483610265
0.0550331264412
-0.0106685025478
0.0459615299614
0.123865092785
0.0381947563772
0.122465758026
0.0531409164493
0.0440465400905
-0.00610656000147
0.0561913507133
0.07913360295
-0.0139211677931
-0.0212360573388
0.121850698998
0.0143087043929
0.121479994742
0.0124519090268
-0.0774107404661
0.0148583691289
0.089507937131
0.122400031294
0.0885114183611
0.0845663826136
0.0841780656944
0.0311304359377
0.092050729132
0.0560253077458
0.0725800018618
0.128510065933
0.0245341249181
-0.0133211918289
-0.036753907742
0.0171034278979
0.0423867522873
0.0964836913802
0.0705205615595
-0.0135669406292
0.0484998439256
0.0404442675853
0.0643415452063
0.101979728416
0.0823298043345
0.0239551585608
0.126116551264
0.0214208410802
0.114201575803
-0.0237410834165
0.111259601497
-0.0131103422912
0.0637748916673
0.0307317892828
-0.0417904113848
-0.0492190773058
0.0557756094881
-0.0523603586972
0.0729171885773
0.077089883979
0.00909356530933
0.0843863603039
0.0733073180183
-0.00176776442421
0.00149844916146
0.0214231150437
0.0901423859285
0.00347611842466
0.0525164158207
0.0483327025616
0.0622590944885
0.104338268585
0.121886273057
0.0572723073017
0.0271696910274
0.124380317187
0.105551361744
0.0732919908082
-0.0816335686741
0.103801922257
-0.0454692083884
-0.048711227308
0.0638156858379
0.063265346176
-0.0237333825031
-0.10997606591
-0.028606076155
0.0847440589332
0.0773304269775
0.0254293794142
0.0236189124488
0.0955169132589
-0.110886536599
0.0273522560078
0.0923869520001
-0.0137253515712
0.0445341824385
0.0690505622753
0.0266272390737
0.117930802072
0.0415767433764
0.0512649572556
0.0759708953096
0.14212285197
0.0771451325496
-0.00969532599668
-0.0541722375325
0.0864374056573
0.0489374589522
0.055662767811
0.113802416085
0.0379797698032
-0.00554895102125
0.0844982756173
-0.0625038573285
0.0472635793031
0.114709894849
0.0709866301041
0.0536337621687
0.0477195428447
0.0402974241882
0.00357178765387
0.0556163916443
0.0578801916064
-0.0193040078442
0.0137816904778
-0.00896855087305
-0.124279961753
0.0798820909395
-0.0473067559615
0.101176667119
0.109704197004
-0.013678169402
0.00531257098752
0.0429946639531
-0.03601023138
0.108950550794
-0.0280095654619
-0.0270945950083
0.098905667586
0.021363009501
0.108644492391
0.0292243756075
0.00661664404599
0.0937496415787
0.100000965853
0.014842193827
0.0588678440817
0.0306238120916
0.0606798414889
0.0902988341644
0.0148705618051
-0.0169279373866
-0.000941477059099
0.0864977129266
0.121407379911
0.0425043660241
-0.0112732900662
0.103025837818
0.113021526817
0.0509916748908
0.0965612732072
0.0448270298169
0.0195772613954
0.114194960011
0.123865781782
0.091986426775
0.107423160682
0.0709010802399
0.0403739289798
0.074189067992
-0.00378426839164
0.102011544571
0.0519001496241
-0.0511189191287
0.0636398849816
0.109489383354
0.0763433507544
-0.00966860612675
0.0684788196637
0.122638562593
0.034784382756
0.0533239521064
0.0720962987217
0.0715185826105
-0.125708161649
0.0758242434689
-0.0329674791822
0.0530192460949
0.0503581199462
0.0663785215513
-0.0959309534876
0.029656473491
0.0126805344298
0.144568781535
0.0993992751571
0.106520733327
0.0889832033671
0.0341671140062
0.0740271873057
0.030902258197
-0.0463774694097
0.0495104316238
0.0631259609067
0.0570465660777
0.0524034483084
0.0870165301795
-0.0204412364558
0.118263098092
0.0960784794539
0.0627341074021
0.074692654064
0.101150855509
0.0628176163573
0.0119076245026
0.091694079873
0.110034915973
0.0996075354227
0.0629651798736
0.0909283617429
-0.00261322618199
0.110533665492
0.0485865906471
0.091201876423
0.0511876325953
0.0945903477989
0.0314080480812
0.0482138550465
-0.0192016836558
0.104155271309
0.0935523816329
0.0271591301307
0.0513313068942
0.0868213986068
0.010167168398
0.0598950671273
-0.0463236967495
-0.00101511123382
0.0279923120115
0.0777184100899
0.080592278592
0.04104038763
0.0116282192828
0.0993304104677
0.0691045857954
0.0364978219639
0.0378906175627
0.0330695521505
0.140938412792
0.0271216790985
0.0122336080911
0.109620766088
0.0180972221395
-0.107796765641
0.0550743574138
0.051149522104
0.0701506734862
0.0867579043841
0.052119105903
-0.0041774144002
0.0618102973133
0.00855587322878
0.0180224958479
0.109693782514
0.0319735389219
0.0899728829279
0.0347787487876
0.0723312814963
0.0543231980692
0.108737545698
0.0344585791722
0.0184251059872
0.0778610737603
0.0189802184732
0.0605842842348
0.0484366383887
0.0997021306101
0.0332134689044
0.00763698229092
0.0210340541332
0.0880801469239
0.00784265062711
0.0821277795376
0.119179160006
-0.0531390946577
-0.0208744198602
0.0951325325496
-0.192865269389
-0.0436338622625
0.0077543834511
0.12270379159
-0.0215686539557
0.0665879121496
0.0959593097887
-0.0610922066725
0.0348962304001
0.0502234718214
0.0625984135495
-0.0133905394283
0.034434476317
0.0310931662041
0.07460793995
0.117002623326
0.0434567472985
0.0611098018546
0.0766827489926
0.0338580952182
-0.0404367201417
0.0645826022132
0.0677010330286
0.0247249213492
0.0457346676168
-0.0310155193797
-0.014634213649
0.0406442370157
0.0153954153409
0.00960176337141
0.0642088092779
0.136988406221
-0.0283141636792
0.102599631094
-0.0218056033807
0.00979302495314
0.0849142422994
0.0682388476954
0.0658936857913
0.0774759285063
0.012826674509
-0.0580718642734
0.111052888975
0.0167777172684
0.0649828525108
0.050633760432
-0.169709729023
0.0269867131685
0.0424731795114
0.0521988387189
-0.0165422231956
0.045597449599
0.100155697705
-0.00806447115203
0.0206479432234
-0.014905879024
-0.0126735313149
0.0479972308812
0.0860346856973
0.035394074263
0.131905214407
0.0581735848539
-0.0268083770491
-0.076441753808
-0.0428219616895
-0.0563074806122
-0.018360194697
0.045286949204
0.0325269345133
0.129265384812
0.0696371470102
0.0130986036396
0.108905400786
0.0530004533157
0.0967277951576
0.0689268115068
0.112800526637
0.0170136082005
0.0653137354463
0.0859916374182
0.0406004513843
0.107823182001
0.121454373945
0.117211884974
0.102574544691
-0.0238479634031
0.0213307161021
0.089643712396
0.0394622733249
0.134562249626
0.0829850659163
0.0219415767342
-0.0100552058471
0.108011309702
-0.0195867097502
0.130675459133
0.0308771363755
0.0523427067041
-0.111235896506
0.0164733616039
0.111689292574
0.0681401422668
0.0773661137678
0.0989651157161
-0.0967694008261
-0.005118160178
0.0230129218949
0.0572501937426
0.071543774348
-0.0139440026235
0.0565669768638
0.0357776785394
-0.0270620189559
0.0621882045646
0.084049628771
0.0215658893988
0.0988368314165
0.00413138603204
0.0373257287037
0.0674724080729
0.113716340072
0.0982191147726
0.0465457896277
0.0910892778685
0.0655911977212
-0.0207894601193
0.0450539379091
-0.0167799210724
0.067027190292
0.0707211082827
-0.00103916183123
0.0650253087235
0.0739620846716
-0.0361239254864
0.0535414813417
-0.00173033341666
0.0177844512061
-0.0489741118066
0.0282408002564
0.0354133599221
0.0770500613667
-0.0211140068025
0.0219496671243
0.0379292559227
0.0615499014397
0.120266521141
0.101927329906
-0.0318713569886
0.00255754134674
0.033847971197
-0.0188411389387
-0.0280484060479
-0.0122862143561
0.0959273790259
0.0223900441138
0.126481826013
0.0674348444882
0.060108410664
0.100165897132
0.0592310189144
-0.0528642047062
-0.0407426060761
-0.0239119062002
0.0872824085879
0.0962425308267
0.111581529459
0.0295403149811
0.0653030144157
-0.0372736360811
0.023746735456
0.0276164912074
0.082843372567
0.0813842994636
0.0795491620951
0.0947811907122
0.0268485935214
0.0875606470486
0.0243168122555
0.0793736195208
0.129604214467
0.0463175070711
0.103984870972
0.119019658032
0.0723860134598
0.0348652666771
0.104129362377
0.0353597630136
0.0411711171319
0.0729704512542
0.0236543907217
0.0778752790362
0.0708097567297
0.0337223640638
0.0408930238336
0.00256397722833
0.0463526939423
0.100776649985
0.0928854974332
0.0470453977233
0.082240421423
0.0202026269962
0.0265207608171
0.0766853232862
0.0873072517792
0.0972873524601
0.0959984753255
0.104858068722
-0.00169461874732
0.0652843538761
-0.0188272840973
0.110652361101
0.030587715023
0.00945992128202
0.0404968861703
-0.141044902546
0.040607016117
-0.0307061184395
-0.0542181454423
0.0527307757899
0.0137778576882
0.0230204576904
0.0370804865079
0.0522641625956
0.11136261001
0.0600114773673
-0.00550932170962
-0.0646578486019
0.0646135477158
0.0911698644549
0.0638586764705
0.0230302681429
0.0863144423968
0.0488983538281
0.1075732095
0.100323395173
0.0411530350677
0.137725365725
0.0208860707774
0.0508738873201
-0.0656076747476
0.0709123595525
-0.0319644867271
0.0123522366556
0.00691351717731
-0.0968679861158
0.126034288339
0.0580843115436
0.10322201148
0.0685640884471
0.001910897783
0.0105456548299
0.0560487085807
0.0560489844903
0.0898814670479
0.0937905296041
-0.0519046575102
0.0712727595303
0.0318122000575
0.0586493276804
-0.0231124217017
0.0674716096601
0.0572458667269
-0.0798356795082
0.035943183603
0.0641226483465
0.0749509602855
0.103670570351
0.0766001864884
0.0457667604028
0.0691810349064
0.0113670619336
0.103453363395
0.0183105850341
0.0702261805701
0.0596634042773
0.0530312302187
-0.021369167703
0.0822980340234
0.0777058791157
0.0964689844074
0.0631800099725
0.0912635166939
0.10527438317
0.0171466212425
-0.011899256209
0.113315682092
0.0565537730674
0.0208623822515
0.00794526205738
0.0859297148385
-0.0130826289675
0.0506781025073
0.0813619386132
0.085525161295
0.0706185527587
-0.003533915804
0.114249017093
0.0551933968301
0.0386848215808
0.0336898182002
-0.0116326729579
0.0134427342307
0.0180124202001
0.140254416665
0.059058634954
0.0148738695937
0.12984571927
0.04475851748
0.121164618814
-0.0148043102309
-0.00964513017011
0.111366101747
0.0567528543213
0.0443588814937
0.102574971208
0.0083912293933
0.0169147628209
0.094062852269
0.116053631619
0.0395973489693
0.103622777893
0.0250344888598
0.0760555911421
-0.0295281401861
0.00245546164292
0.0494479129251
0.100205542106
0.0380473198996
0.0208386312447
0.0111699098326
0.00562800024338
0.0874791301783
0.050153314871
-0.0088273577403
0.104448139262
0.0489370034151
-0.0159237189613
-0.0520907097682
-0.0301726121959
0.0279200870438
0.103068638909
-0.0248182132456
0.0472624982934
0.00652075090106
-0.00193314635023
0.0895963549867
0.0575455198611
0.00839696638466
0.0704767316861
0.0718423540078
0.127978673248
0.0381053896227
0.0940693409578
0.0446648012831
0.114948093943
0.0685961025673
-0.143199821065
0.124962227409
-0.0157268101493
-0.0249533210022
-0.00980698431415
0.0356712379672
0.0889515152892
0.0832247260807
0.0170258413395
0.0808893023227
0.117624518083
-0.0293561217776
-0.0288436535983
-0.0398703494645
0.0845573994676
-0.0388843802378
0.0314806221126
0.0601995636987
-0.0421317682715
0.0592294260517
0.0524911421241
0.00964210844357
0.06355785752
-0.021687285921
0.0130889782511
-0.00716270431104
-0.0202867197907
0.0665630482084
0.0475627638555
0.0529043177639
-0.0371154592118
0.0303047289735
0.0845332608903
0.0490749256218
0.0203472047442
0.0246566257252
-0.0027458568969
0.0450462429139
-0.0223640136441
0.0802000516564
0.0475032117549
0.0468855416176
0.0509248265602
0.0471631852588
0.03630944237
-0.0375809459325
0.0611344846522
0.0949032971663
0.0480289478246
0.0363680424679
0.106895430075
0.0730091011174
0.0383931137915
0.0972793629437
0.0333306550924
-0.000122039375182
0.138785240609
0.0538458358711
0.00482217536305
-0.0131822181107
0.00351113159301
0.0198377102237
0.028993365136
-0.059285613046
0.0749975714738
0.0116680190893
0.133905209361
0.0142618377551
0.10243206076
0.102636046827
0.103629047948
-0.0167784487159
0.0165355070118
0.0257592438622
0.0202367677855
0.127447814544
-0.0678640351127
-0.0312154347876
0.0443377783728
-0.152980094455
0.144838273291
0.03088586074
0.0757358014824
0.0605204714008
0.0220798625768
0.112772601728
0.0390756059078
-0.0345129485904
0.106042550899
0.0897159074469
0.0960224624481
0.125485208478
0.0662219779794
0.0494356748358
0.0266178867707
0.00804737338861
-0.0233916448434
0.0215676446189
0.0550485039179
-0.0639633418762
-0.010134592894
0.100879174098
-0.12689315638
0.0787427062263
0.0929423145705
0.107126281176
-0.0627943053148
0.0835947012843
0.0646427423372
0.0958136925456
0.0331912165523
0.0358044111856
0.0326433443904
0.124615969093
0.0469471153698
0.0673705081899
0.0763350850583
0.106574572947
0.085059069504
0.110384471613
0.0276667625646
0.0243410148617
0.0538480200428
-0.0156693667781
0.0864432626659
0.0790312412585
-0.0211197504585
0.00234352561266
0.0805171604271
0.029644322861
0.0952623325814
0.0555232664724
0.0742459209108
-0.000389631875053
0.0867425914099
0.0672122625172
-0.0143377779888
-0.036914670958
0.0677474284193
0.0529808862269
0.0425088132053
0.0674607447726
0.105516641174
-0.0269287758007
0.0662343024335
0.126308620602
0.122426121677
0.0731174233219
0.0865760292765
0.101059830201
0.0562994974875
-0.00219317982263
0.114042361008
0.0162319907525
0.0274375622983
0.0803722102882
0.108796611863
0.12809892811
0.0651986243291
0.0577571582985
0.0152259558005
0.0564853372
0.0636200213714
0.0230206633251
0.110376122601
0.0839256261533
0.0362834087056
0.0966948009926
-0.012091947088
0.0862399610821
0.0208927583089
0.118801355231
0.0279407989646
-0.0470964072994
0.0618115172008
0.00198975837341
0.0439413887053
0.114065267265
0.106626475414
0.0534332021799
0.131534990189
0.0441434677744
-0.0223756791464
0.121522768495
-0.0365712845359
0.0751594246469
-0.055617506095
-0.0277155002402
-0.0454850806401
0.105075694122
0.036263778516
0.114450029841
0.0310193702997
-0.00482671285856
0.000837988125665
0.0270462235227
-0.0125305574995
-0.0504929569862
-0.0115112409769
0.0827268962136
0.0711620307849
0.0881811775281
0.0370942846629
0.0864306095918
-0.00364623603388
0.143738674065
0.0828680668599
0.0913836604355
-0.00358080519893
0.0127833694686
-0.078223060999
0.104665763913
0.0522499218746
0.0505535170907
0.00430591495636
-0.0218561478581
0.11186998029
0.00385563108888
-0.00463104524994
-0.0235374373127
0.121698414437
0.0337812433914
0.0253046128977
0.0751470378612
-0.082415861509
0.0750462530118
0.139691037891
0.0550528686257
-0.04008491657
0.0283755015631
0.0275841888314
0.0220835981428
0.039179833501
0.0609481673322
-0.0154043715863
0.0683602924244
-0.0813148555623
-0.0568208934069
0.00413380345176
0.029437188865
0.0326138399358
0.0210630751908
-0.00506935141329
0.109220076988
0.0698654743453
0.0846484070822
-0.0510871855784
0.0827154466781
0.0206661236796
0.0889273054837
0.0850522850735
0.0121797808307
0.0879160499537
0.0320519006093
0.0542959966396
-0.0330043797819
0.0847276732878
0.040937298757
0.0288741915745
0.0826092250947
-0.116755796189
0.0840300938138
0.130539992427
0.0227600006435
0.0973226311318
-0.137157917503
0.031101625958
0.0609635023329
-0.0336857290552
0.0843704494895
0.0541018835829
-0.0299262160278
0.0559887607521
0.0847881823787
-0.00908300673624
0.0389005410188
0.0666507573898
0.0624711767599
0.0348770754752
0.0107236559084
0.0124160164954
0.101896823064
0.0360328752132
0.00984175940898
-0.0347118653404
-0.00450759847391
-0.0508774907878
0.0311647493145
-0.03583990155
0.080484766878
0.099271583853
0.0747670808797
0.0954415879577
0.0948628782002
-0.0955906846352
-0.0242117421777
0.0386232785071
0.14525585844
0.0780168561498
0.0416638005874
0.032586657571
0.0632816380616
-0.00983826424367
0.0396915089168
0.0136649636174
0.0427925111403
-0.0567481549188
0.060137782001
0.10227735841
0.0210674630536
-0.00329469813114
0.107441764343
-0.0367042616184
0.0235978520993
0.0845400798361
0.11795117604
0.00446659558096
0.0755962523464
0.0306593847655
0.0350090285765
0.120128073669
0.113845349804
0.0396419501823
0.0159883117491
0.0884256934619
0.0317647186593
0.019976301549
0.0714831995304
0.0375790817771
0.0351914383293
0.0696677457277
0.0677061897047
0.00508460867419
0.0362630451522
-0.100472318919
-0.0790814383254
-0.0383917805381
0.0806883827705
0.0114493917766
0.0237379408288
0.0611663783137
-0.0485108993463
0.0054770922675
0.0931264216436
-0.0121120669953
0.087322472598
0.103270822436
0.0527240022956
0.0876406578511
0.0663492525276
0.0638824566589
0.105404268652
0.0939464597089
0.115687338181
-0.0105201641585
0.116933691009
0.112741264884
0.0255656500462
0.0764911964229
0.00763040644158
0.0376474450062
-0.00636107412158
0.129248344922
0.053397982447
0.0761238722209
0.0177510638122
0.133903158697
0.0376876906603
0.0206347034278
0.0693781467736
0.0977834686898
0.0941852840105
-0.0237378727221
0.0792663674921
-0.0317525845271
0.0749633112188
-0.0160646915322
0.0166505704467
0.0407656373504
0.0528556431671
0.0743547120797
0.0609041799738
0.0661412139857
0.0899119855746
0.0243730242666
-0.0386170192591
0.0977283394121
-0.14278869338
0.129583124365
0.00359262334063
0.094210839022
-0.0426576729702
0.0414213405292
0.0948585507189
-0.016776354301
-0.04524540486
0.0612050669511
0.0719117653446
0.0555920824364
0.0464443969581
0.00812050402559
0.0325823073363
0.0886472990577
-0.0240690510262
0.0974969426465
0.110793909197
0.0807267648199
0.028713473487
0.0711428672471
-0.0334302264596
0.0388759552953
0.0489593488985
0.0985048101217
0.0570190175446
0.0476311561698
0.0559149349216
0.133784569549
-0.0233501138875
0.00578970639277
0.0753914380271
0.0447813516475
0.0512922731654
0.0790120306517
0.0283427602386
-0.0131572054102
0.0640216377503
0.00817323231246
-0.00540732904562
-0.0239090020663
0.070650237073
0.0223197121407
-0.0923573976495
0.0863834280403
0.0278410187819
0.117470712508
0.0745534416041
0.0961342771348
0.0708611653135
-0.00232403895964
0.0724612739648
0.0954515115846
0.0171488313513
0.0235196611628
0.0147000092958
-0.0108377796002
0.117338397271
0.0286426311583
0.00828388552669
-0.0572034851111
0.0431604864281
0.0229535726449
0.0373248329569
0.0640166261352
0.0825234394296
0.0649327444076
0.00318596436925
0.0772255163305
0.0150817264966
0.116669771707
-0.0137360314047
0.0510619240609
0.0381444422308
0.0723460724304
-0.104981694482
0.0799017499679
0.073393653883
0.0330648020745
0.11891142803
-0.0193651333961
0.0047742391021
0.0969070204651
0.0419892146427
0.141389167723
0.0416066276962
0.0112865258099
0.121118171598
0.0476717423771
0.00771288222168
0.0379648616662
-0.0144441452263
0.120595687269
0.019949564209
0.058778503667
0.0635726624871
-0.0474180426744
0.00375640386082
0.0798961769085
-0.086876440538
0.067663575411
0.141768987185
0.00910813201802
0.0864763439434
0.0400280871693
-0.046358851259
0.0553083939717
-0.00307140402048
-0.05179828971
0.0821806415031
0.0422344476566
0.00600176384178
0.106986273529
0.0465631102808
0.0693274776324
0.0679107922358
0.0849539058404
-0.00411595774167
0.0491695622103
0.124641122014
0.0294880251883
0.100675650363
0.0873085271971
-0.0159085880702
0.0577907743095
0.101433208266
0.118989148894
0.0376783873035
0.0867043587604
0.0669855616142
0.0827234348549
-0.0198755937609
0.0834722261127
0.0176288624505
0.0719593981082
0.131648801866
0.0141641778206
0.0495921893071
-0.0048218740411
0.00733269091304
0.0465641374285
0.114521564368
0.0923303597689
0.112934286737
-0.0419519721455
-0.0287356483879
0.0626847299063
-0.0460669477098
0.0782921052468
0.0774202215167
-0.00155005379989
0.0886318485271
0.0564911586305
0.0198424761249
0.0951057817064
0.0762991626221
0.0392663735594
0.0651617649222
0.0689622331187
0.0102647641045
-0.0610352492882
0.0120202629346
0.0435343591543
0.0615023221594
0.0647725663492
0.00890330992711
0.0859640325411
0.00308918271903
-0.118146881792
0.131832929293
-0.00859004466975
0.0822222592501
0.0341815283122
0.0383891666762
0.0159852366845
0.12010207363
-0.00872962135508
0.039482937588
-0.00437993167729
0.102235216264
0.0293270102386
0.103394357085
0.0608871710158
0.0253243774733
0.0670582991483
0.00380951420937
0.0620840423757
0.0493063867471
0.0700088190926
0.0244662093689
0.0688160478318
0.10952814959
0.0388444730316
0.0518012904134
0.0479629459284
0.00461257725471
0.0773435080706
0.0572957396112
0.0572506523184
-0.0283672623037
0.0638785751623
0.0745996583028
0.0414629637424
0.0973200448741
0.0767559844891
0.0972725715212
0.101819167558
-0.06395750384
0.0966782184735
-9.96602896777e-05
0.130041747698
0.074906256963
0.00305668709028
0.0727365901219
0.0621454150901
0.090017259872
0.077194562043
0.078139165376
-0.0502647182253
-0.056123871274
-0.0166216138909
0.132377662653
-0.0354602836963
0.0507812399673
-0.038848078292
0.099013117078
0.0942562753409
-0.0174701229931
0.0454346098544
0.0764268471026
0.0950451115007
0.0297920317392
0.128709960189
-0.114859017938
0.0859866335929
0.0841379904114
-0.0477879674391
0.112469859242
0.114671738217
0.0827705945354
-0.108149375923
0.00272997406065
-0.0228330596335
0.0167447727269
0.0212272863236
0.0232548080477
0.101687476088
0.0723852101382
0.00923302439857
0.0364890264965
0.0800312091713
0.0675468113811
0.0532656872641
-0.0978568013649
-0.045548559298
-0.00513567335152
0.0477061627782
-0.00782510920852
-0.0760987857185
0.035256676241
-0.0426765554195
0.0311485198466
-0.000703047370837
0.122109069642
0.0497588090615
0.0937450657989
0.0721547284382
0.117164388518
0.133042892341
-0.06547133059
0.0835415193041
0.0193973759332
-0.0368585961698
0.109204972978
-0.0438137016543
-0.0591281255559
0.0923008609533
-0.026682495343
0.116879414698
0.0498899589664
-0.00926779807294
0.0014286244449
0.0455854032577
0.0251942703129
0.00638498628573
0.038255032678
0.00143800362956
-0.0417953496375
-0.0422019573755
0.0578372032598
0.125662966296
0.00661850449773
-0.0109492762383
-0.004780606611
0.0452544962471
0.116193340871
0.121353847338
0.0311000312651
0.0913821115125
0.11757520451
0.092205768999
-0.0398278085635
0.0159929552352
0.0288846643448
-0.0408007056322
0.0716011218728
0.070314734483
0.104503862492
0.0502748600827
-0.066063896413
0.0140201841725
0.118031336713
0.0807513739345
0.004786614482
0.0231224135031
0.0618977663708
0.0367270460372
0.0802836471011
0.0459041348366
0.0681663981248
0.0975542666322
-0.0159482891085
0.087640835239
-0.0103909014576
0.0245997329785
-0.000653601179279
0.133738084897
0.0629350361872
0.0779972865379
0.0577190709557
0.0253852701702
0.0745223338719
0.0270186761353
0.0231844024913
0.11515227694
0.052047829522
-0.0917724162302
0.0254671603926
0.113190623729
0.0844321856448
-0.029782809687
0.0196536619138
0.0979384490811
0.0760648479218
0.121486960234
0.0634404274058
0.123951112162
-0.0782464023489
0.0104234846313
-0.0205204685493
-0.00213406112573
0.0136656530617
-0.0204652060235
0.00561542436916
0.0714865996022
0.068442176811
-0.007499860471
0.0896238091136
-0.0315664557093
0.094214408109
-0.0397796082429
0.0188867758236
0.0526205658014
0.0842135777331
0.0755020235189
0.0871585114049
0.0844916043365
0.080547557232
0.0728347272376
0.0835526733563
-0.0701567478832
0.0182805861578
0.0598002844883
-0.00397274674207
-0.0851852287068
0.067262068731
0.0479874866382
-0.0407577995109
-0.0548802958916
0.0397723869973
0.0988906569486
0.00128256772973
-0.0307684872048
0.0246613357682
0.00454075400396
0.0948133511973
0.103562587465
0.0709335296022
-0.036870752613
0.0876654840281
0.0112553010662
-0.00735175997155
0.0911198984545
0.0378585132839
0.0461743381758
0.0796179236078
0.0419439870914
-0.0347321076317
-0.0177612157882
0.041824243242
-0.0249877053715
0.0446715844347
0.0185196732855
0.10915871076
0.0588008722944
0.0883221176937
-0.0486970099391
0.0519685170882
0.134345376268
-0.0456450536654
0.0139507495647
0.0733962805162
0.032663900854
-0.0693786735367
0.0476956204598
0.104867441908
0.0513652002986
-0.0312863451491
-0.0295197070583
0.0926061415057
0.129238771325
0.0270008715795
0.104686047863
0.0671434300302
0.0835899841345
-0.000287576194778
0.0409287815898
-0.00718778777932
-0.0403742783713
0.0838166975418
0.08644781417
0.13297939372
0.0420025763587
0.00388521972461
0.0783448434086
0.0404332274906
0.0848246470087
0.0643706934217
0.0414834220652
0.0267196897321
-0.00077059822215
-0.104396366191
0.0899573115915
-0.0351588944546
0.122235684891
0.0209746092903
0.128897935465
-0.013423835513
-0.0245472663008
0.120942487655
-0.00466746894117
0.00155366555479
0.0240885335773
0.12598195178
0.0703549173318
0.121075416489
0.0642287599757
0.0426849059969
0.0676198683179
-0.0514408457571
0.09295007807
-0.0649195770583
0.085299590533
0.0909671609699
-0.00933445487427
0.0054610818023
0.0115524117407
0.029719566687
0.067141065463
-0.00569034685493
-0.0326475136361
-0.0188975883559
0.124416225018
-0.0226834217792
0.0953015680653
0.0956371291036
0.010620269976
0.00192119914414
-0.0105668889125
0.0990943821795
-0.00184371637768
0.0743230805087
0.0513338598686
-0.0124846326477
0.0807685821405
-0.0874949652024
0.0530599339514
0.00086984509485
0.101535804314
-0.0520159139227
0.0131615208972
0.0587146555781
0.0566834111103
0.0459250305731
-0.0372373876624
0.139831796675
-0.0026388339052
-0.039834413084
-0.042918398077
0.0591675899892
0.0210666907205
0.0789720015275
-0.00051218010066
0.065093747299
0.0750744336495
0.0606162909918
0.00428867699168
0.0365674688964
0.0574178712683
0.00859378229098
0.0797533930997
0.0725196783177
-0.0261490514517
-0.0844520023212
0.0860000350882
0.00358312761995
0.0320466923722
0.0596196658942
0.0629517660977
0.109539387346
0.0310526197671
0.101573187201
0.0946653709173
0.0460995919053
0.0730075843014
0.0492159927663
0.0491274165135
0.111525765198
0.114902029442
0.0200397930504
0.0511342563288
0.02413170473
0.0525746628104
0.0137744670417
0.109372203043
0.0647066602537
0.0224854263057
0.0500416901073
0.0402078180825
-0.0993684958306
0.0685089417977
-0.0128519291349
0.0539546752865
0.00305208039333
-0.0314269988743
-0.0991381551314
0.123677671707
-0.0584721348227
0.0446955920634
0.0523876380596
0.0755698453788
-0.00948798523795
-0.00211093313143
-0.00438550399185
0.0880241250044
0.0696130799201
0.13280366702
0.0947892112543
0.10724571766
0.0417852986181
-0.0269132016868
-0.0548235463072
-0.00631602178122
0.0607961586078
0.0537099127001
0.0618971241371
0.0462688481096
0.117988478772
-0.0279947698847
-0.06071686631
-0.0085408048095
0.048475761641
0.0910590262497
0.083111452055
0.0621851823902
0.02241216751
-0.0998541260259
0.0220118837173
0.0372323476482
0.087573103509
-0.0891081580616
0.050631145127
0.0204793478536
0.0890924596854
-0.104840106287
0.0192680008326
0.00763109082753
0.115507759271
0.0961030382406
0.106768625521
0.0983846116266
0.136676654434
0.0764426257493
0.0466338972979
0.0227388697
0.0985507542519
0.114148948473
0.0968999045208
-0.0316722225173
0.059085999657
0.0205226308362
0.03769723674
0.00724132565863
0.142216121934
0.00822579198184
-0.0389681638936
0.108849978193
0.0130097929438
-0.018248268414
0.0685922302278
0.127698696744
0.0491530612269
0.119843841102
0.049928114964
-0.0883817652624
0.0300659569059
0.102977676926
0.0683862060647
0.0060602141113
0.111263559963
0.112243405346
0.0920388368874
0.0850323257514
0.0196904714927
0.00529679219907
0.0720537090398
0.00980256587664
-0.0414833883206
0.0376333349452
0.00439047989864
-0.0252745168408
-0.0044393609701
-0.082530388819
0.10784764326
-0.0253665915277
0.0510429380785
0.0205475256166
0.00201778881788
0.0322643012389
-0.00398537892244
0.108016888963
-0.0478673129721
0.0190005813533
-0.0183666868255
-0.00513075356019
0.0548058042181
0.0506244544495
-0.0090685654975
-0.101142072775
0.103280543682
-0.0661657239676
0.0312710042918
0.0448260071469
0.0339739514667
-0.00273907262936
0.0748152949649
0.0876188917265
0.0917430409774
0.0964805061007
0.125468541005
-0.056910437728
0.0512200675814
0.0621936371043
0.0969243773252
0.0573063556602
0.0419189057944
-0.0452591687493
0.106045662583
0.0222243703814
0.0962720890039
0.02105175634
0.0703607904053
0.118574157474
-0.00167052138553
0.0118554753484
0.0381859490519
-0.00962337699949
0.0704550274592
0.0322326431271
-0.0385445576843
0.0359266411746
0.0580340498555
0.0796489503938
0.0261286914267
-0.0495798709542
-0.0205783885265
0.125594710656
0.0206941895777
0.0493052948494
-0.0267874061611
0.0246321064548
0.0598364211341
0.0935627226486
0.0136666369757
-0.08016898687
0.0425026683092
0.121059941535
0.0468987532021
0.0841711933967
-0.00760577254233
0.00946182262186
0.0286243833817
0.0794149182101
0.127948153812
0.118271892719
0.125140386519
0.0566929425259
0.00831716242302
0.0892875399831
0.0696357491282
0.0466123417051
0.0637734373176
-0.0197936009441
0.0510014962049
0.10376471094
0.0213105624
0.0895473291092
0.137268156151
0.03668302047
0.0691762790208
0.0170940513155
0.00119118586665
0.0745320947694
-0.0301970836117
0.0265823865239
0.0519013895851
0.126801800761
0.0566567128078
0.0248486478554
0.11937182127
0.110133759696
0.0130672115485
-0.0360087168367
0.0687305748271
-0.0310109004572
0.117306413764
0.0528166693883
0.0407590583728
0.10302729042
-0.0470250735256
0.018052306793
0.0997474301177
0.0908651980396
0.0916805260421
0.119920784632
0.125754521946
0.0520909394016
0.0533559995125
0.0302489226138
0.0944643827349
0.098936972975
0.14196260936
0.0261832051348
0.0659971147524
0.100914977972
-0.035163772251
0.103475972454
0.136225372725
-0.0203574167586
0.0646012943559
-0.0248053462133
0.0321078477468
0.117106757633
-0.0282180218569
0.136613353356
-0.0283996486271
0.000312236605987
-0.0241209494162
0.0019558147438
0.0600345854734
0.0437722879184
0.00861173438655
0.0145755021503
-0.0136718971284
0.0514211039206
0.0297530682017
0.0328173826865
0.0534518654001
0.114852332462
0.0126236281301
-0.00453376278288
0.056119249453
0.0403017674985
-0.016727878919
0.0450276172099
0.117637940921
0.0902742488503
0.0810934493271
0.100998060036
0.111498248032
-0.0373554650756
0.0436107100268
0.0998340504279
0.0971779854066
0.0312180351364
-0.0176490523123
0.134656650447
0.0374768486565
0.101449005372
0.0541249692597
-0.0154208750224
0.0430260002269
0.0395311983594
0.102220320042
-0.0040254272202
-0.0138608383099
0.046627640538
0.0564168192508
0.10287141539
0.0319795408414
-0.0448997544075
-0.0422429834949
0.131779058178
0.0856240640106
-0.0112441608233
0.136078380261
0.0114321384656
0.0331390916321
0.0198524212871
-0.0597930410276
-0.0121048608472
0.0655154542056
-0.0190271292319
0.0769698959279
0.123642795032
-0.110090712973
0.0263883038928
0.112651167029
0.0472499677467
0.0961257498926
0.0422221492309
0.080654549473
0.119112874297
-0.0608609748014
0.00233005467772
0.072306268422
-0.000737380096479
0.0368687300128
0.0761643921608
0.0301846954572
0.0992978402029
0.00720062625412
0.0441004196545
-0.00393214545672
0.0430739986769
0.0213476411183
0.0630312074752
-3.61933401258e-05
0.0624093692267
0.112867755548
0.0335049309576
0.0450349467087
0.0501761819949
-0.021624802855
0.0221833140918
0.0858555967117
0.0851200992841
0.0654698129663
0.0292052322877
0.0459558555683
0.0441290561079
0.0426521235344
0.00421423205803
0.13354136086
0.124585662399
-0.00632661555847
0.0386669433715
0.0437372578496
0.0582105655437
0.04468110241
0.0419382057976
0.0647069544288
0.0213266586118
0.0204090866787
-0.0146322242031
0.0295519682113
0.0713539584138
0.0931845987826
0.11948424216
0.0163415673193
0.0275573247438
0.0713242921637
-0.0757731801618
0.0864216051071
0.0312316212119
-0.0158447582052
0.0670117041943
0.0142114371364
0.114376754875
0.0411405624026
0.00350662349886
0.055333612057
0.125304750147
0.00433439682143
-0.0068710898142
-0.0175604221983
0.0810041282482
-0.0366750621406
0.00357505477445
0.0618404994811
0.125605313466
0.0780257966634
0.002553064764
0.044749673419
0.0222220699142
0.0738211990279
0.0781757232941
0.0101638563185
0.0578831635819
0.130788118702
0.0802610212314
-0.0479591454005
-0.050416206051
0.117068823121
-0.0130826253423
0.0201296402318
0.000226717694513
0.0473359446924
-0.0197968608303
0.0215674516188
0.0297707968854
0.04928718828
0.0738124720566
0.0513128268248
0.0424059945861
0.0688171397138
0.0534288752082
0.0741812476373
0.0564801917711
-0.0386624626707
-0.0035708621201
0.0336491929583
0.092655420524
0.0954690198648
0.0848233430549
0.0438230594462
-0.00497829947061
0.0819367793094
0.105341607005
0.0634982780759
-0.00943216531833
0.0127059577993
0.114524663426
0.0884712177011
0.0454327886961
0.0188103482298
-0.123313421663
0.00650278842548
0.0299242642596
0.0449296012528
0.0791789173503
0.02137907669
0.029844352249
0.0713396730038
0.0973085650128
-0.0286910568349
0.0822253079498
0.029193939166
0.0460784902133
0.122498474072
-0.0248922528627
0.0634060873781
-0.0358762652361
0.0943491964649
0.029666694108
-0.0342624502651
0.0916898499827
0.0111115684186
0.0612716300551
0.0327423999668
0.122400338408
0.131143402628
0.118604199768
0.0308153649782
0.0421426028098
0.0768281917901
0.0314984770208
-0.0228604720736
0.0809630106659
0.0952700706994
-0.0063633977276
-0.0494442788808
0.107717430611
0.0644067182766
0.0508972771815
0.0678969576765
0.0989559090348
-0.0384336679902
0.0328423489352
-0.117531327212
0.103254040834
0.0732030513196
0.0564588792786
0.0736210599965
0.0230043945947
0.0819265171148
0.087645101499
0.116763936456
0.0786168883335
0.0184493556317
0.110293394734
0.0352771262628
0.0788555138044
0.036661819639
0.0719071310592
0.0449987174432
-0.0947357244893
-0.00112379073628
0.12593423973
-0.0628433263298
0.119884518987
0.00368348392258
-0.0572289189816
0.0857991199824
0.0369261556905
0.076799663769
0.101149461703
0.0852371891144
0.113704080355
0.0678500692527
0.024433711974
0.0584026613047
0.109525632149
0.106207739235
0.129322460383
0.0512202311708
0.0651911547168
0.0493910480073
0.00364302488136
0.0624352141988
0.0131040879983
0.0993180984342
0.0328828220598
-0.0355777560678
0.016657025838
0.0681308037227
0.0574196896951
-0.106629854405
-0.0812654838091
0.0723760697522
0.0867288853682
0.0369118010298
-0.0630160474769
0.0210160128692
0.0631908744349
-0.0685888008475
0.0580703367445
0.120364509257
0.0960232657844
-0.111315983641
0.0487113967896
0.0725985117708
0.0543352107216
0.0793756985702
0.0133789602345
0.0833211639369
0.0462877242721
0.0463217584722
0.0653817997352
0.12937529171
0.0260049414855
0.0236959124442
0.00395977219793
0.0414981628099
0.0883368542599
0.0837024197453
0.0912915578186
0.0826033817537
-0.0662823074862
0.0520601026968
0.0281387384884
0.117308533452
0.0157983286579
0.0963465926627
0.0655860028078
0.102598505821
0.0670376417172
0.0272890040793
-0.0139903242202
0.00216625025528
0.100388096313
0.0827017822933
0.0369941182411
-0.0145467504312
0.00945880965035
0.0735162818229
-0.0257543664651
0.133759439054
0.00185473766469
0.0714801279763
0.0316788566896
0.0926215530144
0.0815789071606
0.00476747675314
-0.0893701743337
-0.000101431862563
-0.0221274733549
0.0697504962287
-0.105193194849
0.0232010504973
0.00939763772886
0.126785136082
-0.0182226998726
0.0745339015967
0.0397462841591
0.0376614664331
0.072787629001
-0.00334180262529
-0.00187183304006
0.0543971587273
0.108568932203
0.0345238777257
-0.0154614529311
0.0580085274135
0.0759548083732
0.108069337401
-0.01071559901
0.0685516903257
0.111127413353
0.0861770872575
-0.0289737961435
0.0190397661752
0.111769276462
0.0152391903133
0.0361701719565
0.0789778419223
-0.0249961152334
0.0211596978694
0.0761537970229
0.0884724890627
0.00418289746861
-0.0358522680797
0.105019652068
0.0261433969268
0.0137853199634
0.0859489755457
0.108235865276
0.0550597194866
0.0245224334203
-0.0333228927462
0.00336695099132
0.121710728346
-0.036006660852
0.0323047364482
0.109687767404
0.0739358132294
0.0700300818163
0.0268074296525
0.144620729877
0.0664320512983
0.0198805457652
0.0749698655955
0.0658259908847
0.0444601786156
0.143244680337
0.054237552772
-0.00600002920179
0.0950653730056
-0.0402501832877
0.0890564504749
0.0405514031078
0.0587484259943
0.0875728255896
0.0557848562577
0.0249860321922
0.124636283561
-0.0607143624016
0.0474371479421
0.0808141037186
0.110796154452
-0.0335707238789
0.0704490354453
-0.00751426922537
0.0666509776525
-0.0184015453792
0.118283659741
-0.00384983237345
0.0374567120695
0.0624297752365
0.118068345765
-0.115758984931
-0.00845588841338
0.0355933450137
0.0162001883685
0.10314062298
-0.0113317804247
-0.00700092879537
-0.00756768627875
0.040657484239
0.0220426665324
0.053294366295
0.0236718897299
0.0169634077558
-0.00842037317098
0.0727970339269
0.026678948562
0.057209372652
0.02867177872
0.0977361806307
-0.0352403773072
0.0416292997613
0.0439738904548
0.059507829309
0.0106775781359
0.0122395374464
0.029970175497
0.0632778438318
-0.0672065844727
0.0721188405765
0.0244339805367
0.0478720957814
0.0899446410363
0.0607845780362
0.00607689471847
-0.0120709280886
0.0447135793487
0.00357310247815
-0.0189254985448
-0.00597626001938
0.0547767605113
-0.0527820106343
0.0610402223813
0.0767836651345
0.0522239374893
0.0499978776695
0.0297519997385
0.077905811311
0.103150277632
0.10026917382
0.112028808651
0.00610004111011
0.0359213315203
0.100072954728
0.100417652991
0.0193343129584
0.0950464171241
0.0656781805556
0.0819060732207
0.0898692105916
0.0575820011337
0.11856062664
0.0770305434804
0.0172769419688
-0.0349180052151
-0.0588438376497
-0.0232833874681
0.137645706916
0.0392869689003
0.0351403401811
0.0716978939138
0.046890119701
0.108954268038
0.0386196179029
0.0077162002468
0.0831023777328
0.124921530917
0.121596985258
0.0490486505758
0.0580874848459
0.126895116022
0.130356337475
0.0108867442904
0.0732762293836
0.102009819017
0.0841300761357
-0.0910640011957
0.00427315994352
0.0055523524848
0.045034398737
0.015156068375
-0.00345898439526
-0.0471912426783
0.0550520671219
0.0448588726082
0.0843797029837
0.055522614953
0.107318973804
0.0876006567682
0.000118713206152
0.019176993777
0.0899735284083
-0.0842676875811
0.0382811612331
0.105395195193
0.0381130890496
0.00772114975036
-0.0496048256464
0.0842181724002
0.105746261574
0.0523485136347
0.140870218947
0.0707783627424
0.107471762464
0.0583110328674
0.0206204650483
0.00902806690456
0.113626664529
0.0350893966439
0.0980283348967
-0.0287193981223
0.0801680234047
0.103819013276
-0.0110097906567
0.0262013608311
0.0624463642543
0.0302966659717
0.0316668015878
-0.0278215484298
0.00613732640112
-0.034542215817
0.0703518193586
0.0178799282745
0.021236216652
0.0395988199078
0.0389765776377
0.0619976735714
-0.0262801953158
0.11852310475
0.0901672380859
0.0611712894545
0.0280263324789
0.000392884634912
0.0907704567033
0.106580692265
0.0556814438664
0.00413579057368
0.0158777302743
0.120047541292
0.0735214089522
0.0298859462131
0.119751016284
0.0722615075868
0.0154660678487
2.16981593173e-05
0.0820323003948
0.0323463351093
-0.0414400079947
0.125588798998
0.0697336862758
0.0813071002209
0.00360967421149
0.0532528996167
0.109200677831
0.00758558466589
0.0303056540164
0.125532895481
0.0485512581346
0.0487927232566
0.0457049532505
0.118792987703
0.0898176329436
0.0675940674613
0.0812766570347
0.0395265492678
0.0704261173719
-0.0209966858571
0.0398735698615
0.0750992784157
0.056863736638
0.0409532305827
0.0597807322187
0.00906499426975
0.0247708777162
-0.0142781529588
0.0178046610375
0.0732172961799
0.0277759406888
0.0656632635421
0.131202126416
0.0451716930747
0.132435494133
0.06999990194
0.00152849933282
0.0765178296104
0.0342005899454
0.117528895489
-0.00590707148495
0.080889756963
0.0355201160901
0.00562437553675
0.00455580508861
0.0346429535841
-0.00487140303854
0.11033874615
0.0791188752567
0.0614986494246
-0.0224303560748
-0.0947247732067
0.0902828676764
0.134359820872
0.113784527153
-0.00128584892132
-0.0527150006181
0.0128543392557
0.0463508082975
0.0760728363561
-0.11489951056
0.033742995423
-0.0805155808869
0.00658041131597
-0.024952363146
0.109640358217
0.0512539815581
-0.00744867891159
0.0106832668188
0.138692124615
0.0700227770244
-0.0605658315248
0.0230964679101
0.0456970781358
0.0868879070518
0.0783544365329
0.0652196636412
0.0635230741062
0.0464176069684
-0.042234964667
0.00866398808542
-0.0505201155834
0.00805725802602
0.0651306897703
0.0341153155755
0.0624017309244
0.00539657527748
0.0130601404716
0.0105519461977
0.119465545781
0.0597113962538
0.0603966370398
0.135095713796
0.10766532523
0.0654496351565
0.0710088697448
0.0548362779272
-0.0833309134762
0.00428712969974
-0.0534669602094
0.0683209174933
0.0232977356874
0.0553638779024
0.0143314316839
0.0750868050866
-0.0502240813988
0.0843152245893
0.0724386851506
0.00734678170606
-0.144971488182
0.0708348756718
0.107314255948
0.102821557023
-0.00290447282849
0.0457907487848
0.0355703132025
0.102528106806
-0.0825141107705
0.066436034966
0.103706209001
0.0890893075868
-0.00514016074893
0.115296640779
0.0579814789923
0.0811310926611
0.0382444165419
0.0927758065434
0.0662866560655
-0.0449184493266
0.0951066325975
0.0684643517048
0.0581009633235
-0.0116229669356
0.0832820284206
0.0819346774135
0.00756418546458
0.112148904488
0.139287241863
0.102579430779
0.0343226436477
0.119514839017
0.0602003370281
0.0097671388937
0.103288341742
0.140633373301
0.0741735539102
-0.0130274131945
0.065632266187
0.0269822461444
0.0510441069308
0.0612431918006
0.0263387104406
0.0848117137486
0.00531377762999
0.0696755078658
0.06458293391
0.0234870336467
0.0716003480227
-0.0288169257742
0.0380484504622
0.127401251106
0.0874944100815
0.0284866421523
0.0565835690696
0.0244148700598
0.0428694661866
0.0922339763202
0.035594847228
0.0839113591513
0.00847610055153
0.0558802762823
0.00403621259629
0.0659573464686
0.0245882254464
0.0574654314274
0.067462439915
0.0729715721728
0.0536060387087
0.0711015100039
0.0290816003191
0.113550819531
0.0255789806206
0.0590302387405
0.0252337927992
0.0111563107947
0.0747823105804
0.0956567938464
0.0268579375154
0.0484891378198
0.0445135936918
0.0885934404191
0.0211242688304
0.0463531647477
0.0241799808184
-0.0168973314365
0.0618768086587
0.000613746954468
0.136589736365
0.0580810232634
0.0727744258346
0.0994073958419
-0.121628032709
0.044078632838
0.0175724293955
-0.011688395392
0.0869625249086
0.0199200101373
0.0559326147113
-0.0677653636
0.0883498259041
0.0868478959678
-0.0171558403738
0.0526070969666
0.0226027345914
0.083391333296
0.0383087069035
0.0553206476127
0.0740503522864
0.0677617313679
0.0303484720014
0.0499817423244
-0.00731221530088
0.056867162563
-0.0178109592527
0.110621245877
-0.0332557218432
0.00308188993816
-0.0213768657101
0.0782386421868
0.0700932271272
0.106868014984
-0.0139903330443
0.0696241919742
0.0384943207136
0.0667654836904
0.127811402448
0.117721812446
0.0625537607013
-0.0157142767348
0.0731106970343
-0.0427457108045
0.0344782508869
0.0280224580949
-0.0131242425477
-0.0133526823734
0.041662279014
0.00823439658218
0.0860567211904
0.0852404359748
0.062402863871
0.00763596434763
0.00252332560898
0.052953345972
0.0996876164226
-0.0342181038787
0.0978835702549
0.0900793436776
0.0427863771049
0.122947209034
0.0820184108124
-0.0634934608868
-0.0101652231189
0.0117382899662
0.0142301056017
0.0874679224926
0.058460088503
-0.0161434422793
0.0587733305006
0.0580657255452
0.120361008623
0.122318754718
0.0328802305512
0.0606835508474
0.00810082367275
0.0807888715062
0.0977387377888
0.0824260815843
-0.00475970452866
0.0492858008436
0.0417450869767
0.0994583971909
0.0888429579563
-0.0102862790183
0.00473141026976
0.0321711599861
0.0258670563996
-0.0471062361727
0.0241749439319
-0.00690769728189
0.078654497094
-0.0444013114788
0.069127340525
0.0484625450666
0.06151317957
0.0646918603826
0.0759845780946
0.0945481621609
0.0843961005214
0.0560197063147
0.0464962961896
-0.00450028346723
0.0317138469052
0.0353934499338
0.0779250859869
0.0322558072961
0.122552700711
0.0581635276864
0.0306827337742
0.108931756842
-0.00937617410211
0.0749062448826
0.00349770914169
0.114117246661
0.0576436085035
0.0595378323472
-0.00235665883395
0.0617699996231
0.112023605722
-0.051101057537
0.104631688319
0.021084386279
-0.00461389923063
-0.00718210169393
0.0231698629744
0.0565608475974
0.0721515213446
-0.0624224365973
0.0745003041907
0.0827897671883
0.0826553464905
0.0439450755943
0.00849403954506
0.0552214662168
0.112722032187
-0.0942518065484
0.0458152148327
0.0610892089306
0.0172596854195
0.113749737395
0.117198596342
0.0792979761866
0.082965869736
0.0640965069654
0.00188574186814
-0.109279655352
0.0743531170701
0.0781061568457
0.0771010366115
0.0864486216345
0.0690528897706
0.0640154148951
0.00625557744974
0.120893852274
0.105349819791
0.0840937533928
0.109496070444
-0.0671975675955
0.00828465641437
0.00615326958869
-0.0640632271259
0.0322109264105
0.0303337590078
0.088774143707
-0.000216794604214
0.0490649954267
0.0209594157865
0.0145291257699
0.0298200872105
0.124233536065
0.0472868238402
0.0277432910706
-0.0389360507534
0.0667823293299
-0.0164915054704
0.122901117161
0.0242682419165
0.0755952593714
0.0361993170237
0.0445933670856
0.0185469961105
0.00915164123666
0.0957086870134
-0.0153879775911
0.0517417644166
-0.0236118180234
0.0650227498824
0.023990823538
0.0216835385214
0.132990349066
0.069999848001
0.0888389918246
0.0479020120755
-0.0472302711345
0.0831815548977
0.101753076933
-0.0694019028223
0.113198344547
0.0734101515483
0.0408063926922
0.053692854269
-0.072553630193
0.0825745089937
0.000577870378347
0.0811866189745
0.0432905029406
0.0323179507465
0.0940291804761
0.0601247600491
0.0866431678087
-0.0321609207525
0.0715178442809
0.0462927889808
0.0581164630586
0.0373676286061
-0.0590995563559
0.0132407388545
0.0220251065753
-0.0124645852008
0.12045715105
0.0531017005748
0.0750377628248
0.0353718713562
0.0466789042538
0.0925262819664
-0.0121978881982
0.0573434180113
0.144123230112
9.02066770845e-05
0.0922229421639
0.0304015774526
0.0970412911741
0.0280189859427
0.0718247498974
0.128613674119
0.0410014787705
-0.0440414432882
0.00330279483668
0.0346564304398
0.0368170674132
0.0136415369142
0.0691468959698
0.0222886910422
0.0373259388844
0.110600236824
0.0874682314307
0.0811593231227
0.0244536958296
0.0664100424236
0.0729784007555
0.0338486455841
0.0625685822406
0.0505297156046
0.0423379513038
0.0964257909013
0.0944082360032
0.0285276564871
0.0284179381394
0.142334308253
0.0992248675982
-0.0228305772821
-0.0558327895145
-0.00452182966345
0.00535683550198
0.000844359472286
0.0962146906811
0.0391984797224
-0.0138534121285
0.0797150468277
0.0259212706967
0.000766127445029
0.000327400259386
0.077567156143
0.10110216258
0.107582649076
-0.0124705427512
0.092208362453
0.0678513595887
0.0251972896172
0.0618044619117
0.069577415298
0.0900832499625
0.0269361903254
-0.0350251380523
0.0508151513029
0.120661836214
-0.0177174946403
0.0682509050488
0.122564223375
0.0888462437113
-0.00421086956071
0.00959528787653
0.0556960723045
-0.0226202709768
0.0711058725523
0.0224850488
0.0149119647081
0.00812621473682
0.0230749142945
0.0381125702117
0.107067483151
0.106933383023
0.0914792766277
0.107457798398
0.0798689995959
0.0861255245542
0.0320482575348
0.0319075272559
-0.0310005186887
0.0851683552318
0.0560905793288
0.0150157053705
0.0911951669974
0.0141082902176
0.0514704346043
0.0331130564544
0.0607932747645
0.0636609489834
-0.00666705332233
0.0664776885836
0.00690711726842
0.0190326028132
-0.0377388287603
0.0209468771622
0.00233289328512
0.0588918834159
0.0428626253556
0.00986775548204
0.0817548672465
-0.0669991069195
-0.0658845673086
0.112344761763
0.0341254079075
0.0646129400092
0.0348726485996
0.0645250489966
0.0901956469911
-0.0317302827382
0.0992783571751
0.0926343354019
0.0971078590942
0.0627410450563
0.00481622781304
0.0431795937163
-0.021860424353
0.115658816432
0.0710153921182
0.0968300875391
-0.00414743840422
0.0983084531943
-0.0150607463023
0.0693731022756
0.0952103135779
0.104738536471
0.0836962054081
0.122904201665
0.0501587653547
0.0545975913614
0.0467823968397
0.103389461829
0.0819103238977
0.100505796203
0.0517199111077
-0.0384746298785
0.105764253232
-0.0274002318084
0.0160675254378
0.095072769236
-0.044783369743
0.0713758274309
-0.0456882992006
-0.0666730227854
0.0461840833361
0.0477742826236
-0.0323864103637
0.0766116884668
-0.0100002524111
0.0812682653904
0.00302318224477
0.0859714067694
0.0526203764782
0.09960893315
0.0893209707148
0.0108720700239
0.109515316341
0.0665666725283
0.0462648262765
0.0980543836761
-0.00736311641053
-0.00421394811561
0.00450477885659
0.018496856084
0.0452125835039
0.138963363122
0.0406465551309
0.0229871559376
0.0465710178622
0.0912013963644
0.081613764357
0.0426195648036
0.0935015440154
-0.0317078367712
0.0844272183112
-0.0189213630467
0.0790314602537
0.106781113869
0.0728107766452
0.0259328405607
0.0208374267005
0.01971930756
0.0085925271696
0.0903994740524
0.0374451274481
0.0277678748503
0.129748033244
0.0862405004087
0.0427418056594
0.0284017077737
0.0157487614237
0.0395721911501
0.106790945606
0.0471463337698
0.0705378696821
0.098233143698
-0.00237706083924
-0.0497997519801
0.0293047596046
0.111515475329
0.130166272077
-0.0174707530524
0.0381509515849
0.104852669051
0.0546683154362
0.0641507038153
0.0661537140981
0.0912897623482
0.092214755173
-0.0637432515271
0.000473852147593
0.054016114122
-0.00960793812528
0.0974342876504
-0.000695759918546
0.0633006529446
-0.00611885416106
0.0828477714118
0.047761467036
0.029093017786
0.0785990901836
0.0455069966279
0.113721474789
0.0452646464969
0.0155219273254
0.0619502325211
0.0261474407835
-0.0146104266103
0.0919174511501
0.0638817545911
0.104563188136
0.136281505714
-0.0177050030643
0.00665493248562
-0.119534940939
-0.0324050219585
0.0733638737018
-0.0597772401183
0.0842396348005
0.0300867492659
-0.0468972299493
0.0285327534426
0.103686954409
0.0589055558362
0.0625568147037
0.0536581866934
0.0200920747075
-0.00970254133191
0.105929834157
0.024952918393
0.0399094688119
-0.0447199378211
0.00309963154097
0.108411103902
0.0676115656104
0.015873544407
0.0119137418237
0.107850343974
0.120142805061
0.0710767849299
-0.0951371908645
0.0174503825723
0.0941835503835
0.0894519647536
0.0294734921567
0.0239476979038
0.112129050831
0.0493831753789
0.048807604655
0.00767647683236
0.0277254690477
0.09510643427
0.0271258386657
0.0524001539726
-0.0569543728917
0.000957701351274
0.0717064540709
0.0170216703727
0.105014111081
-0.050041137207
0.104925553871
-0.0343690886348
-0.10854360263
0.0510903222714
-0.0239717822771
0.100276437168
0.0417925678222
0.0509114069345
0.0754044176598
0.104896838928
0.0555938797424
-0.00452865086315
0.124333687524
0.0173339821541
0.0704444614131
0.0895941893914
0.0494102841868
0.0941184771513
0.00145638263022
-0.0513569285647
0.061740341515
0.0538341463498
0.0426372461373
-0.00573309936066
-0.0875696107937
0.0576634340799
0.0909252122893
0.0269943099714
0.0418513590339
0.0414141490335
0.0232470038522
-0.0187083490095
0.079548810496
0.00923551746068
0.0458774661572
0.0913885408122
0.0145138781921
0.0241022674511
0.0834971604469
0.0583296906224
0.076167427064
0.0138136960583
0.125815170019
0.051111407227
0.0148260426567
0.0332603291404
0.0212142296611
-0.00651277335579
0.00975785011625
0.102637156289
-0.0341606095167
-0.119216477788
0.104580425252
0.0379445279518
-0.0310491650251
0.101770212847
-0.00871266399046
0.0321681491874
0.10895570732
-0.0252579995966
0.033679113561
0.0592082663434
0.0873907050378
0.0870029808711
0.0766349082653
0.00905413704825
-0.0416634372336
0.0587634764553
0.0803633264782
0.0799676674534
0.0600327570894
0.0813171396933
0.0401545369108
0.0597048921635
0.0245691595198
0.11997888635
-0.00909254135106
0.0311312627451
0.0420785757728
0.126274665521
0.09599205931
0.115712106679
0.0175832177832
0.0381294619174
0.0605957739009
0.0724734506753
0.0804052040744
0.0625408564292
0.0501408782611
0.0203250240837
-0.041701172292
0.0980699169991
0.0980224698455
0.102965422648
-0.0304930390347
0.00308100588531
0.119049108497
0.0904920887499
0.0284714667427
0.0912820881571
-0.0064991982103
0.0101282008314
0.0771239967067
0.136640921269
0.00123204391481
0.10664847572
0.0313885417926
0.044875512703
0.110440750496
0.0434954805876
-0.0870798379304
0.0882457910246
0.0180240011332
0.0489578018564
-0.0186214308964
-0.101936907886
-0.0010505842022
0.0794367016247
0.00519660255909
0.0993161512592
0.0014154352874
-0.140651447986
0.000204767364261
-0.0587003436414
0.0115153730204
0.031888482568
0.0261673703047
0.0254974389762
0.0972950958544
0.0518004089503
0.0519950617131
0.111575888719
0.109245115445
0.0108890426664
0.129669525164
0.123689120652
0.07788892443
0.00328410438573
0.0385697106806
0.11805893717
0.0260983735058
0.0158296760885
0.0315273580293
-0.00161227808327
0.0839811639424
0.0227920238071
0.0557686561985
0.0403049764374
-0.0319323197058
0.1226618056
0.00786795226256
0.108816444058
0.091528418972
0.0193678964693
0.0581625333892
0.0567288288512
-0.194033302831
0.0585706556409
-0.048632196403
0.0933062825058
0.110753706625
0.0969231061106
-0.0309266549805
0.0663210153982
0.0504231178599
0.101174367017
0.111227150894
0.137292723269
-0.0952156312921
0.016179873934
0.104111489817
-0.0192724149917
-0.0109764967783
0.0604640097979
0.0906381239125
0.0300346663781
0.026906534325
-0.0382484896365
0.0759507341388
0.0640763574397
0.0270951204407
0.0614099559424
0.0835367531727
0.00296163143418
-0.0275270503232
0.0966186003175
-0.0337740756895
-0.0215976576986
-0.0600848587536
0.0309032496654
0.13167012779
0.0458951285845
-0.0385583679751
-0.0207365872597
0.132307373144
0.0817719574622
0.0399543700556
0.0463432055326
0.0244862943345
-0.0993537227878
0.0415329045995
0.0971170977517
0.118107464814
0.0797550480608
0.0516246126715
0.0622508477762
0.0989561613096
-0.0683062827725
0.0599985705928
-0.0390984337259
-0.0329956058969
0.0348565850764
0.0505911836235
0.0723232852669
0.0524731762542
0.101704329406
0.0696648666584
0.0913312828743
0.0584615263327
-0.0130177169345
0.0841356066975
0.022558071719
0.0675813013035
0.0735467889763
0.0426366817285
-0.00212731916458
0.0839529824267
0.0535518222059
0.117465466126
0.118318991384
-0.0471761919637
0.0318896968153
-0.0183932059123
0.0417674857037
0.106661498642
0.0301477879821
-0.0698959924782
-0.0285646976314
0.0391523634649
0.0407507381577
0.0375417681906
-0.0120634150687
-0.00770929824882
0.0101415292111
-0.0174718944215
0.0521064972884
0.0803048481045
0.0984701055875
0.0481991195675
0.0825259909493
-0.0499494731903
0.0797736932323
0.0876456309458
0.0052636446319
0.0180011297717
0.0396337194021
0.0596662171738
0.0614925171863
-0.0239318270506
0.0416580870575
0.0907810188761
0.015674799029
0.0817668780205
-0.0361266747649
0.0296623967071
0.0238340832291
0.125067266322
0.0854910371147
0.0639097267366
0.0796072093824
0.0496444449495
0.113333674414
0.0836654698783
-0.000466767949256
0.119203283464
0.0907695795352
-0.0167216041124
-0.00458870564416
0.0638727625442
0.119008426803
0.0752582230941
0.0739579985133
-0.0160563345871
0.0267081887667
0.106867841876
0.117047301748
0.0200020603574
-0.0221255549736
-0.0218566723301
0.0530100726617
-0.0178989605488
0.122847533969
0.0433741759689
0.0682487412922
0.0397583025646
0.0438745001036
0.0687711181838
0.0842425219952
0.0696024386687
0.119493416968
0.13704520067
0.0131987881604
-0.0113511512532
0.0883056591041
0.0243792254752
0.087671813778
-0.107665155305
-0.0212679491774
-0.029914693393
0.0311589361786
0.0738568075067
0.0783635592933
0.0274073293464
0.0927947785471
0.0501997169028
0.0445480174626
-0.0383258990055
0.109457393471
0.103463458006
-0.0410525614697
0.0267586769202
0.0863916888106
0.0445427820839
0.0393310125054
-0.00637111447381
0.107523363475
0.0346150351593
0.0645684402216
-0.0162031431945
-0.0383597089114
0.079232894907
0.0831921648224
0.047951567859
0.0216808249419
0.0363413872046
0.0500022891157
0.00265909186671
0.0744404019334
0.0947238346664
0.0635276591675
0.0101139491714
-0.0127120568865
-0.00209423715585
0.13199410475
0.091804062611
0.056647749864
0.065866464673
0.0682417627058
0.00818734292335
0.0302012778094
0.0688703161552
0.0457590195115
0.120837750897
0.0577872477056
0.0165366241768
0.0567661537455
0.0353229652576
-0.0361869105049
-0.0355982015496
0.0403015220185
0.050545042946
0.0891176553983
0.034903159567
-0.0199055524031
0.137421095817
0.00264264201435
-0.00392749749277
-0.0218020283737
-0.0197021005189
0.0756837471993
0.0126550290727
0.0473975222778
0.0645307924087
0.0412610480763
0.0595509510703
0.0388754348625
-0.0549723964952
-0.0072247954218
-0.0220031921345
-0.00723212815582
0.116795024956
0.118169746645
0.0973389131783
0.0567165279191
0.0710633771239
0.0498073660482
0.0282399579291
-0.0235379651325
-0.133415738289
0.0824459406618
-0.0363735799572
0.0222292983498
-0.00107209325791
0.0822494211268
-0.01576476138
-0.032410929521
-0.105808019119
0.0690790283795
0.111561398161
0.133151121372
-0.00848123822725
0.0357401476772
-0.0691846540142
0.0741920836897
-0.0272227801404
0.0310956284315
-0.0155444596485
0.0611361974157
0.0314733731024
0.0575442448032
0.0873367956944
0.00420834886186
0.00898450402247
0.0181203140801
-0.0189055005903
0.0314257141668
0.0280155498707
0.0817136991792
0.0220870782702
0.0888863917336
0.120229899341
0.0685226365278
0.0680823531923
-0.0128969805376
0.0832268133713
-0.0410755475918
0.103847731385
0.0389184800857
0.0148958828114
0.11233933726
0.0120975309676
0.044422759702
0.106097819095
0.0843355452507
-0.0312541008129
0.0436249746844
0.0504247147845
0.0175886684982
0.104209727726
0.0934047046703
0.121965983902
0.114738671585
0.0214242218458
0.0293349267848
0.0132151300818
-0.0123443363214
0.0328623468712
0.0400241626153
0.14133118929
0.0737051576035
0.00712969046731
-0.0973409383083
0.0612483498771
0.0396150994981
0.0787502720935
0.0580379859459
0.118548078851
-0.00691188582083
0.080911289119
0.0206464520351
0.103266634833
-0.144343632285
0.101914625946
0.0375935785993
0.10801438013
0.00392385830477
0.126457775655
0.0565755495783
-0.012039650231
-0.00892956755572
0.0940118825397
0.0369533907828
0.0247471654701
0.0244012036608
-0.00912526853705
0.022004576506
-0.0735806274309
0.0427437091815
0.0628212450451
0.0323993929006
0.0726269159137
0.0780013379561
-0.0760261062714
0.0411871424712
0.0347097297917
0.0505825727516
0.0782168135602
-0.00551977844288
-0.00894384145842
0.0850969135544
-0.0191548196935
0.0656177231087
0.0247756635415
0.0837638957431
0.0420558105262
0.0581436639477
-0.0998445036234
0.0571772603677
0.0831593600855
0.024233181149
0.11252042103
0.0989562001374
0.0654364079567
0.0690842934218
0.102148077273
0.079107039131
-0.0561530075282
0.0432997213234
0.0404614203636
0.123151085943
0.0774832296779
0.135297639941
-0.00171420301998
0.0628559749392
-0.0118685797769
0.126844675448
0.0857559738182
0.0210730138723
0.0270464171702
0.0141685413506
-0.00270206920016
0.00284408917182
0.0297004569191
0.0520614345006
0.102382876862
0.0930329523126
0.0845135089725
0.105920228379
-0.0170117376914
0.101878690262
0.123971012527
-0.00359413995662
0.0372178970985
-0.00376795343763
0.0394275322901
0.00683839147135
0.04009721728
0.085536408165
0.0877783272183
0.0172073531081
0.0370479466366
0.100238937696
-0.00753087985175
0.0756542697395
-0.165501584301
0.0931861493154
0.00557626847045
0.0194147667614
0.00952135869926
0.122612551543
0.0733542999223
0.0346050549895
-0.00937003672855
0.0313570486158
-0.00693028736332
0.0458830863119
0.046357908899
0.0867551309775
-0.0767492963836
0.0794372366497
0.127462408384
0.0157831385259
0.0268988919363
0.0368833773768
0.0373721101624
-0.00185699076474
0.0716021666043
0.0851265006456
0.0553752550967
0.0122103920817
0.0427925893084
0.0728975584245
0.0852997081098
0.0448142577694
0.0333591497184
0.132445402318
0.114777334475
0.09123601284
0.0783153792531
0.070935309042
0.12395567653
0.0123495553356
0.000768704115893
-0.0790945120369
-0.0433671738555
-0.00753134311006
0.0161337473314
0.0384853493189
-0.0280964946144
0.0363781076311
-0.0126177763153
0.0984071428842
0.102446797561
0.121996637813
0.0228116747191
0.0629999138571
0.0507081882964
0.0683093765772
0.0488682517987
0.122625807259
-0.00649654910128
0.0112267847111
-0.0561535762729
-0.0210814095285
0.0100019298328
0.061936430369
0.08637675891
0.0095091468196
0.0260702659487
0.0808077727995
0.0377887906079
-0.00866236680205
0.0859546116253
-0.041934793572
0.0351347277165
0.0481456942533
0.112580068109
-0.00216587726515
0.0912016219843
-0.000870940274225
0.00741755241927
0.0593741367489
0.0508999104092
0.0815820759539
0.0197085096472
0.0761751664444
0.00981282919952
0.0222179938142
0.0908783063633
-0.00607901325916
0.104615209275
0.0844306707907
0.0761184675349
-0.000846430461427
0.0608219607867
-0.0092808247712
0.030974553057
0.0673170550533
0.120344838511
0.0470498939878
0.00409812062168
-0.0127764268491
0.0876868604014
-0.0122627258263
-0.0133110977655
0.0469278780354
0.0301217630133
0.0781111093268
0.0914334416997
0.0321811514068
0.054168545905
0.0627130614954
0.05034831911
0.0943805476664
0.0157263035107
0.0913942004819
0.124905971758
0.091828085344
0.0916108112117
0.0672757485623
0.125193391534
0.0211350117093
0.139772425987
-0.0131202810137
0.041178452987
0.138737447526
0.11365440576
0.0180804933137
0.0593643106681
0.0415683003916
0.110498997875
0.0584942921064
0.0413142935987
0.0550783980767
-0.0388280208904
0.00781570858337
0.0314245773907
-0.00383070283465
0.0750465977142
0.0476000904861
0.05045644911
0.0136590033733
0.0216729830123
-0.0474713267339
0.045379806565
0.0980399575265
0.0110037603554
0.0853508501373
0.0716951107895
0.107414828907
0.0606018885066
0.0516645361296
-0.00622498384888
0.117853638182
0.031872405408
0.0235473567038
0.0898760389847
-0.0213682290893
0.0262292808213
0.0509920505041
0.0893023454635
0.111044210786
0.0749466173051
0.0535087899098
0.0114274374669
-0.0367874429619
0.118493001393
0.0704609182347
0.0214477334785
-0.0648014238521
0.0898541968132
0.068416726298
0.097666361633
0.0891647191591
0.0346945461027
-0.0492520809844
0.0357243947752
0.00685366209079
0.102965098281
-0.0406740045839
0.106073653213
0.0951362905151
0.0711590027639
-0.0865062082163
0.0076782274367
0.0469947812347
0.0275942017264
0.0869573697699
0.0663509608997
0.107703365976
-0.0349972613192
0.0986133365344
0.102145051378
0.0114471641425
0.135322015266
0.0169082098214
-0.11391354359
0.0235743936798
0.0750391474204
0.0659486729156
-0.00169960375732
0.0884687960138
0.133403740607
0.069137294841
0.0771529352777
-0.0299372627475
0.0776242199128
0.128978229156
0.0971987998065
0.0299170525426
0.0343757293313
0.0835770613015
0.0326785345982
0.0247754805188
0.0725219702798
0.0746750905688
0.0940510724942
0.126292656676
0.0620325137064
0.066136153345
0.0645929873522
0.0735189001656
0.137602217848
0.0936311654123
0.122448457142
0.0956981326676
0.01818383647
0.0466182225349
-0.0271851062011
0.0921550364703
0.0197706800728
0.110343732757
0.079540401183
-0.0510331089435
0.0819788036008
-0.0337359311878
0.00535293370523
0.0457044759752
0.112138210246
0.0586900468287
0.134631453136
0.0831657557715
-0.00779262570528
0.0554607700753
0.000502476419941
0.0900995277609
0.0205195999575
-0.0724893122075
0.0291064820766
0.00881375437849
0.00595719962564
0.11301027678
-0.0369052369721
0.0631915679345
-0.0714848395758
-0.0266787339521
0.124318368321
0.0471350859279
0.0542205262591
0.0644711976573
-0.0167285879221
0.116643372595
0.072176048561
0.0602352633573
0.0652277513758
-0.00924651018604
-0.0193839994595
0.112707384602
0.0406753841144
0.0703826067076
0.0648413704169
0.0370973816261
0.0808586881365
-0.023996657254
0.0238773308836
0.0275707066205
0.129948808313
0.0685699422331
-0.013183735101
0.0624432856267
0.0736102600551
0.0318025978419
0.0113904015481
0.131334434643
-0.0528051982749
0.0993581886168
0.0817879949692
0.0791645872862
-0.0770060291407
-0.055483442631
0.0694116089245
0.102905413625
-0.0401114644464
0.0765623015687
-0.0409273681562
0.0316674618922
0.0693536725226
0.0025164478958
0.00916199708214
0.0834292523048
0.0246314330483
0.0314472221563
0.128222415233
0.0406445738663
0.0319553630142
-0.0256667101361
0.065720409857
0.0162701071518
0.00812464738302
-0.00103053691376
-0.0223605159199
-0.00254236738132
0.0905028810425
0.100775046292
0.121773489681
0.0641252591844
0.0369842065255
-0.00850648154447
0.0666965438307
0.100344902213
0.0706400463482
-0.0313091462718
0.0503181830754
0.0601040957968
-0.000652213618531
0.0806675695038
0.046301512029
-0.0318337974855
-0.012854802125
0.080373065646
0.0936391679649
0.0898868076788
0.120683081721
0.0479238012078
0.0441456418186
0.0539622459626
0.00494857510006
0.103676415698
-0.0343057827127
0.128065494357
-0.00186464890825
0.0196839228298
0.0907066537786
0.0749589379897
0.110880010301
0.059784048699
0.111211924735
0.0334357703535
0.0552999641963
0.0735851308049
0.0603037155032
0.0614012825519
0.0884105253864
0.024484713122
0.0734634485677
0.00669827787296
0.0980200177161
0.0857329546709
0.00450299320208
0.0974829617984
0.0703464123626
0.00739839669803
0.0513964145808
0.0785768130157
0.0369920336375
0.118130798228
0.0955792940156
-0.090089229158
0.036226726583
0.0123767041793
0.0671430956986
0.0224681761146
0.137052723877
-0.0411500767934
0.12962846449
0.0564783856625
0.00516835016627
0.0554340812232
0.0603151076329
0.10978186721
0.0911780592886
0.131492526964
-0.0402223334471
0.0314117921205
0.0657680593332
0.0181114348562
0.0614466668025
0.142912644535
0.0312663850389
0.0884073478199
-0.0742432839904
0.127501341088
0.0717712429671
0.106957426345
0.106117531587
0.0153945698481
0.0245688231025
0.119969063023
0.0505964176143
0.0581060551641
0.056440307682
-0.0278902952749
0.071315978803
0.0976788259348
0.127785268495
0.0235089025078
0.0703385046956
0.0770096273103
-0.0805245030778
0.0409316442001
0.00144032932992
-0.0258561036256
0.0537132533015
0.102250018191
0.0366580399074
0.0293695062847
0.113178158922
0.130778335221
0.0973317184427
0.0984923734783
-0.0146276906379
0.000334886946342
0.0733619195593
0.0902374186981
-0.0248618897317
0.0519312773569
-0.0806413515551
-0.0210568917997
0.0670867434167
0.0150076759979
0.0638191112364
0.0482109646276
-0.0284988707648
0.0663803946865
0.119325883495
0.0470766472731
0.0838308200723
-0.0295869940283
0.0634450183911
-0.0237767592288
0.0700958086375
0.0755757432941
0.00235990396161
-0.00454991473899
0.0856610919693
0.0822499428094
0.0403340649019
-0.0201111038867
-0.0125276725376
-0.00187637637407
0.0249059681897
0.0230541651998
0.0459412900271
-0.00167518877834
-0.00740737816131
0.0897943309382
0.100799350251
0.112744014718
-0.0766966792693
0.0305685114839
0.0927600584664
-0.0335754201919
0.0323684751648
0.0806485810195
0.0581284452366
0.0244811653858
0.047649491335
0.0719966355596
0.0432544869954
0.0815846872123
0.0456231002
0.0735485563962
0.0579289965214
0.0179835171732
-0.0246967778585
0.0876730491199
-0.00855920665116
0.132497447082
0.0486079627269
-0.0385776995786
0.0876901474618
0.0653430792693
0.117011925405
0.030223714487
0.0699960953607
0.11915679496
0.00710875539932
-0.0035366497929
0.0489904919613
0.0435890741484
-0.015181535878
-0.00193381903611
0.0243595823712
0.0341553416449
0.055185233964
0.114085716345
0.0356566022972
-0.00393678709413
-0.00700790861448
0.131695240311
0.0118363463582
0.0556605758056
0.0230495251382
0.130057748386
0.126207369144
-0.0435886699022
0.043326705084
0.055439331042
0.0988019389636
0.0273113943969
0.0934434627453
0.0375389959901
0.129001279835
0.0256069726391
0.0876481481503
0.0341559480101
-0.0425718730622
0.118971164043
0.0846529893967
0.0601959382267
-0.084254397702
0.030472545254
0.00430311959834
0.0364037576892
0.0934040976485
0.0207580979284
0.0161334091762
0.0548179264213
0.0347696002789
0.0522239147956
0.0372048577387
0.0370610097013
0.0863280461345
-0.0278723386563
0.0112597097779
0.034990519316
-0.0159890279848
0.06146885045
0.0501476272161
0.0453641339362
0.0956001115462
0.0965389799737
0.0756732858281
-0.0778146877616
0.0210177012257
-0.14528240619
0.114013177808
0.0375808442963
0.0157788387643
-0.0112006732985
0.00255851810969
0.0581341267963
0.0318699029445
0.116457086842
-0.0199134942063
0.0578117354854
0.0438619278035
0.0887362625145
0.00729137730467
0.0632591080555
0.0928202994727
0.0729123572419
-0.042493337298
-0.119146486184
0.0488663214005
0.107101286515
0.0153537034059
-0.0775940284886
0.106238964835
0.110527746349
0.127459529911
0.0570306476232
0.0639458303048
0.0442799358858
0.0161468059903
0.0770408763061
0.0298858720365
0.0388820378913
0.13193836644
0.0658153604563
0.0738382925353
0.112248327613
0.0524446121974
0.0127260995562
-0.0204407258005
0.0733274356748
0.00739387442373
0.0366125256537
0.0213546138453
0.0167527712885
0.145100233461
-0.0485081616195
0.0500898129388
-0.014523266272
0.100959910785
-0.00480573650826
0.0520693267831
0.0579076518788
0.100969277847
0.106295450151
0.101377913764
0.0978285024982
0.10822571161
0.115561779621
0.132598607926
-0.0869620188865
0.0325464320889
-0.00678457731662
0.102556376462
0.0187683345304
-0.0807792602635
-0.0199182201306
-0.00142808920898
0.0724253182826
0.117663925673
0.0579875126749
0.00100751494434
-0.0198760606122
-0.0270125021202
0.0462826402199
0.0219152720728
0.0122474908328
0.0500985639678
0.11252023177
-0.0140186528415
0.0180761266964
0.0635274826038
0.0712961549751
0.120161040651
0.0620438695574
0.00341094589014
