0.0901833615168
0.106216497502
-0.00648599054757
-0.0264697872455
0.0623160658212
0.0216313500134
0.0547710893553
0.083067575084
-0.00809015708999
0.0805418625555
0.104856514062
-0.00656703591611
0.0748507446093
0.11992535062
0.112616756699
0.108816410453
0.00660801020134
0.0603421152432
0.0136017710613
0.0689991930669
0.00958391159328
0.0848528040296
0.0784767089299
-0.0405157447674
0.123372735921
0.100286926178
0.0382801333869
0.112852948561
0.0554003136762
0.102284945723
-0.0196062408385
0.0762014523296
0.0358355403765
0.0305556762707
-0.0334344449733
-0.02346125944
-0.00312374171747
0.00444678305543
-0.0174994157597
0.119103570714
0.0198502461642
0.0962123084015
-0.0156574105238
0.0374007075361
0.118853194618
-0.0244745194794
-0.000393049588181
0.0647720823402
0.0227991688873
0.0101122869895
0.0342810985466
0.0183754301475
0.00773922831944
0.00224323284185
0.0907133514648
0.0961606244798
0.0299846579506
0.0714973250617
0.0211619501034
0.0770077718673
0.0474498415855
0.0770818569064
-0.0105315349102
0.00488658037418
0.116295748733
-0.0326782488068
0.129419450612
-0.0386513369879
-0.0160746534926
0.0834875754377
0.073464263726
0.0171456665772
-0.0356216788947
0.058659760263
0.0683842948528
0.115049405433
0.0138882388243
0.0667385246503
-0.00862406498961
0.111690123653
0.0250274075018
0.0917266481232
-0.00132667482215
0.00868589551156
0.0136950356907
0.107622654765
0.0682594684529
0.0940540002025
0.0999955490013
0.0751573439871
0.10349239255
0.0837401189879
0.0288093540941
0.0550836918966
0.0167438064045
0.0735042171698
0.0950615556023
0.0426204471134
0.0789169319235
0.0271654091588
0.102842230067
0.0583451731204
-0.0321926181714
-0.0159682416886
0.00558199697658
-0.0181154887831
0.0781859332172
0.0181511806332
-0.0105995013673
-0.0152522750905
0.00502689714505
0.00127936925367
0.00397074279944
0.0505303201632
0.0243620609222
0.109612954393
0.124208722946
-0.0579944036777
0.0800632232707
-0.00202508668924
0.0413039984955
-0.0208085905258
0.0499581615693
-0.00720706840385
0.000273478094691
0.125849411789
0.105462793813
0.0428131190464
-0.00152172946698
0.0493143493493
-0.0231477699032
-0.00343498913708
-0.00535513746652
0.0345312096517
0.0931257074777
0.103586454135
0.00856034886115
-0.0953985229436
0.0629631395892
0.103548926204
0.107040689655
0.0877543199631
0.119262212726
0.0608629532057
-0.012863830024
-0.0191239509311
0.0650257577065
-0.0620133181237
-0.0170055584778
0.034575129609
0.0548214249453
0.0224822508205
0.0831495958031
0.0962576529662
-0.0130430161729
0.0598282377137
0.116672241109
0.109490653867
0.0522627429685
0.0472082050822
0.0791117616369
0.0387160811701
-0.00407665367802
0.0636674574534
0.0488833049107
0.0755061611904
0.0999442525923
0.0324776707743
0.0491745762511
0.0131849020254
-0.000390167882075
-0.0127326591048
0.0887096859061
0.0174717458926
-0.0515791396047
0.0331055585696
0.0533530265271
0.0848071289298
0.0445854773258
0.0726896585024
0.0395257235218
0.0837426293484
0.0222648606497
0.0596763491234
0.109500446669
0.0250493969589
0.0594269458527
0.0763065522484
0.040979202791
0.00525264821884
0.0736126688266
-0.00791939833341
-0.0164384273236
0.0956539538437
0.0718399905328
0.0421890388249
0.0593487692892
0.0725910691235
-0.0550346065712
0.12508135241
-0.0177693642628
0.0465549990782
-0.0257203354673
-0.0139387921054
0.0227312847179
0.0629546979275
-0.0358158375084
0.0419438346672
-0.0159936140242
0.063322390651
0.0863935833923
0.0641952898082
0.107178939643
-0.114739200361
0.133148697849
0.0747236810862
0.00914974210047
-0.0149732466988
-0.0140671922564
-0.0491682853279
0.0106250806084
0.0750193812232
0.0136914146693
0.112117912505
0.0885584275434
0.0760398610143
0.125693521425
0.00133936329676
0.0657297459793
0.0989190454802
-0.0171965869699
-0.0468333014694
0.0428590176392
-0.0373404018332
0.00941765911458
0.0433379068789
0.0184925848671
0.0781728646457
-0.060073615973
0.0898895183993
0.114193906725
-0.0582908336844
-0.0274842041595
0.0899337786544
0.045430180493
-0.0297974335049
0.140413202451
0.0786027337277
0.0489608103849
0.0688517787282
0.0565662845288
0.101234129826
0.0180009883348
0.104868536754
0.104445254375
0.0563017746849
0.01363362125
0.0422309584978
0.0827021368181
0.0418690072129
0.0265896886692
0.0821459255362
-0.0899404189828
0.0654627259712
0.0286814280859
-0.053650998015
0.0485125308311
0.0889073355768
0.0425442080771
0.0829410121566
0.0570537587214
0.133186278749
0.103326698756
0.0187180374352
0.0455121601256
0.00507452695921
0.12609673009
-0.000756790505385
0.121928714046
0.059640952418
0.0493545330866
-0.103000919513
0.0464634285592
0.0133694562219
0.0629481172608
-0.0373380013401
-0.0416719180528
0.0363873307466
-0.0103079215733
0.0711110114741
0.0493288496794
0.0883659102953
-0.00160864338156
0.0385148390731
0.0568672979794
0.116017315222
0.0722402118341
0.102801913386
0.0664704981142
0.0318460096914
0.0712770722469
0.0855361829045
0.050053674388
-0.0263098768779
0.0742400563647
0.0204219730405
0.0336924989908
0.0715749349883
0.0570222840287
0.095412864812
0.0161733760079
0.0445793684407
-0.00572526540005
0.00328477570691
0.0182970088659
0.112609086024
0.0975840683602
0.0356725423178
0.096714981679
-0.118856479345
0.0553248560406
-0.0296343891299
0.00650141248625
0.0940248576289
-0.0251927591333
0.0872151943549
-0.00520623729425
-0.0303885117146
0.0899677460101
0.0858281822093
0.0254947121344
0.0629315155992
0.104838145506
0.0372742359966
0.0553255224576
0.123581413148
-0.00543049095537
0.0183221016845
-0.0143311542382
0.0267500670194
0.00311102810184
0.0712830306536
0.0332889484966
0.0488685677739
0.125771316032
0.0742449277552
0.0471662148931
0.129694148541
0.109136415852
0.0360575673416
-0.0123937080995
0.0557396391297
0.0780508772456
0.00575485718921
0.029679078285
0.110319927809
0.0436362763285
0.116550283995
0.0584965875288
0.034167341596
0.129242164039
0.053443565349
0.0440022243892
0.0943910106398
-0.0116696599011
0.0425106920263
0.0185281043324
0.018729364163
0.0731309453199
-0.0475450857465
0.030491628196
0.034843934373
-0.0217870242682
0.0569087396992
0.0425007327675
0.0585057290102
-0.0905396929095
-0.0465399722916
0.0888021580483
-0.104299669822
0.00742885755919
0.00167668643815
-0.0239932517638
-0.0105261656618
0.0956984727979
0.0454384813568
0.0557343695138
0.100297256431
0.0609188410791
0.076037297311
0.0333719107042
0.0634204671781
0.0299953839888
0.118859574457
0.112878441253
0.105370649547
0.119981453099
0.0695273450332
0.00902476654629
0.0948509808676
0.0859761576815
0.0319084373461
-0.0442416266631
0.105009788051
-0.0252757762908
0.0773005037787
0.0119823859499
0.140502881284
0.0211835525974
0.0256476743245
0.0784460852879
-0.00833662636082
0.0657143210174
0.103816581458
0.0774220189885
0.0302370212134
0.102552089295
0.0968143673019
0.133520530891
0.018319279101
0.00205936489833
0.0633192188363
-0.095663925004
0.0758259186396
0.113078231447
0.0968245533785
-0.0388251013385
0.0506877113592
0.021777218506
0.0378483862948
0.0158532671687
0.103264515027
0.0620316071187
0.0417468556684
-0.0401159710755
0.0668887172463
0.100778460902
-0.0608530659508
0.102047710057
0.0147597587955
0.0669956654347
0.0686031422818
0.00547500121426
0.0274808526681
0.00469722280366
-0.0118498307775
-0.0381739310067
0.0619721272062
0.0487241464301
-0.0185844535013
0.0373839227066
0.0529922904765
0.0696565872834
0.0818259958638
0.0298083858785
0.0908711951259
0.0741484571786
0.0965731610026
0.0836438103035
0.0308857706942
-0.11311465747
0.134519360668
0.0866509913782
0.096091382046
0.0147959531711
-0.0172494971403
-0.0053197289268
0.0487887909862
-0.04335157793
0.0240041947154
0.119933444463
-0.00749839619679
0.0816992077355
0.023691223363
-0.0568520425391
0.0729863030656
0.0671794529744
0.072553051035
0.0185081781208
-0.0571553310223
0.0805805187437
-0.00265647772576
0.107564783492
0.0920291056475
0.0174390426478
0.068733767073
-0.0524013260214
0.129158579637
0.0310761872387
-0.0268317189217
0.0604970752829
-0.0236375335757
0.0100425359105
0.0340402592724
-0.125370667437
0.0600173203053
0.0755655420771
0.0249204459262
0.0763881053097
0.0207135484271
0.0513802136834
0.109950377838
0.0506287698516
-0.0639932574803
0.0493107109216
0.0157615156724
-0.0462888111693
0.0873755673322
-0.0496228265379
0.0993598368628
0.0852902023044
0.0524674769104
0.0859667872657
-0.00638554492486
0.105583541269
0.0067878470056
-0.0393282962321
0.0757971533212
0.114058493152
0.0457704812578
0.0927882572939
0.101793739779
0.088465231217
-0.0344608246337
0.019852013442
0.119348169034
0.115959364518
0.06343360211
0.0147713318742
0.0383371589468
0.00485760476747
0.0853547955409
0.0174938869146
0.0914412169231
0.11232735454
0.079165771264
0.0391388612027
0.0347864454611
0.120008654449
-0.0391684552297
0.0427168079198
0.0555532385496
0.0380948544432
0.0791747541604
0.0115636366057
0.0449434190814
-0.0584620095897
0.0599225573436
0.0378552697131
0.0471277655922
0.053791927513
-0.0477206627346
0.0352455906372
-0.00917801509618
-0.00571175229238
0.0611719147714
0.0390670762427
-0.063781401707
0.0743889771004
0.000425557590192
0.0427460706564
-0.00837094578453
-0.0556118160411
0.0752150799053
-0.0641040899965
0.0556148419958
0.112394538304
0.0778723768456
0.0845838549404
0.109822646303
0.0155817163376
0.012460831979
0.0431307706893
0.0135353953875
0.041871796916
0.116401594603
0.0557251536832
0.0116590100813
-0.0117044356986
0.00809335615297
-0.016017581717
0.0680275020046
0.0761842659652
0.126994498774
0.0927928438782
0.0266069008427
-0.0253114305798
0.085840461357
-0.0128973724261
0.0699530950403
-0.0345559466013
0.0103901833166
0.00638478992995
0.00419005744206
0.0667227673653
-0.0689791254662
0.0262756869395
0.0969492195525
0.0604497193405
0.0690148721852
0.026550847045
0.0458892785071
0.032720866086
-0.0112707726447
0.100644804549
0.0555099476332
0.0234897277906
0.00848396120664
0.0211555172764
0.0811014171686
0.056571133201
0.0596761733984
0.0132227892072
-0.0173293473233
0.114455308954
-0.0778934814923
0.113962735716
0.0888237722653
-0.0112162740847
-0.00211124710738
0.141157538555
0.0898422953684
0.11997604398
0.0103153489062
0.0259414492278
0.0972410353126
0.0950508603629
0.0164131929248
0.00551061685589
0.0497938610205
0.115191705237
-0.0325011307188
-0.00694405844482
0.105271178476
0.0426682754974
-0.0114158140195
0.0797762164005
0.0724991317471
-0.0404207900675
-0.0079435812908
-0.00242429442757
0.0201307535637
0.0233776033641
0.0475744101483
0.07372304299
0.0759830263446
-0.00660724413476
0.0527787704692
0.103053491821
0.139885446146
0.115826912958
0.0414183661956
0.0997395148194
0.04455922407
-0.00636227376356
0.0597150826734
0.0359466326094
0.0205278595816
0.107328096176
-0.082112762591
-0.0271401822852
-0.064424530181
0.0751670419074
0.0618881919662
-0.0808487230346
0.0747605213956
-0.062904362614
0.0801165119138
0.0750351083661
0.0798005293298
0.0419423712045
0.0660665740819
0.0292992719834
-0.00933129069555
0.0554750018281
0.0448702078529
-0.00937083380032
0.0372978395393
-0.00517061026043
0.00870533318025
0.103386269212
-0.0315481612466
0.0515538860202
-0.00859087624775
0.0108495460717
0.0786180532823
-0.0195795514003
0.0679874259612
0.0374284167951
0.0541993895197
0.0054143389944
0.113289708563
0.14701280665
-0.0607908886258
0.0659533518978
-0.00704129519812
0.0576367168907
-0.0164916241878
0.0621044148313
0.0742606114606
0.0718606651612
0.0333697926597
0.0560142908247
-0.0212939091682
-0.0169579821353
0.0237482654075
0.0828685091243
-0.053787085313
0.076042561872
-0.046898779709
0.0652533717909
-0.0141508330721
0.0840751831838
0.032112638134
0.0212990428561
0.0144730775418
0.065111461422
0.0552288156756
-0.000828168847026
0.0236746897886
-0.0163922113894
0.0532637278364
0.0839801155929
0.051676463791
0.122566261664
-0.00197794604085
0.0504405840633
0.0501125357378
0.100565559527
0.0443967839934
0.00683988715748
0.105469863537
0.0530637646219
0.0227866030987
0.0427445078425
0.0345253992394
0.0272310176132
-0.00778304980499
0.0558563516896
-0.0302474684798
0.106414141315
-0.0274687751226
0.0714648022533
0.0550770250852
0.0658853993597
0.0670478430297
0.0339746020608
0.0610024153771
0.00997988753873
0.113247907547
0.0306317698693
-0.02074286862
0.112279310601
-0.103856525601
0.0128937405149
0.0870349022459
0.0276270663722
-0.0577125083061
-0.00868056652939
0.0927600672218
0.0476278883454
-0.00979663062486
0.108071453723
0.127986225139
0.00112014435042
-0.0287240362702
0.0652297332577
0.0952833775118
0.113967912246
0.0595531066469
-0.043575880714
0.0922994033723
0.0534882122176
0.111317288244
0.0430768006239
0.0223363961695
0.0638545476102
0.0364641065936
0.100657774168
0.0125816797935
0.0356813192326
0.0722184594185
0.0308019445662
0.13164433668
0.0258531111342
0.0323095432101
0.0522315245554
0.10485780188
0.122622338617
0.125010599494
0.0581970285508
0.0837774955104
0.00810542987741
0.108449921156
0.0776719626061
0.0965552720757
0.0873441024046
0.0105388028988
0.0225344821179
0.0244061054171
0.0692106495677
0.0738990652113
0.103555985751
0.0112639662236
0.0578928054957
-0.0161279359366
0.028782496613
-0.04974630188
0.081224589875
0.13096029822
0.0856599825734
-0.045120665475
-0.0171022481179
0.0179094216584
-0.0441185676386
0.129281469758
0.0630980398485
0.0547125787385
-0.048650750441
0.0725414536417
-0.0117841137463
0.00371658356624
0.0792242099497
0.0955212088151
-0.0383847743442
0.0130534005124
0.116500334603
0.0284834389637
0.0977257653083
0.0686465969294
0.0186640473424
0.119525992395
0.037800639449
-0.0305690215915
0.0173278735483
-0.0140730611495
0.0114619037922
0.107855532475
-0.0422982817062
0.073745142051
0.0919496401255
-0.00663378314636
-0.0939191596532
0.0618709172115
0.0526464206191
-0.0301964242529
0.0820131430128
0.0942666674577
-0.0413367225766
0.0903741710223
-0.00674450938165
0.126919393255
-0.0298555812236
0.0304225249817
0.00307090118066
0.0266387263942
0.126133025754
0.0737678166651
0.0357606876993
0.0934744307311
0.126848370591
0.0165340569131
-0.024681439734
0.0482650833168
0.0340522532554
0.0323776905172
-0.0107423292799
0.0114479704516
0.0613825198089
0.100388565978
0.0714758303153
0.119978326279
-0.0188841974392
-0.0440292518738
0.104848711023
0.0704018557945
0.0684667703911
0.069411866013
0.12365510059
0.10568711988
0.0531212242784
0.0768683627753
0.100194025497
-0.0111555210476
0.0836495589439
0.127593728145
0.0893060824673
-0.0421348390371
0.104169845652
0.0416319588725
0.000408003866746
0.0277114176958
0.0126688732721
-0.105761427392
0.0934138159691
0.10574963529
0.0220098917017
0.0832522651696
-0.108449124964
0.0507635401531
-0.0318758386815
0.0762306820339
0.0672734926559
0.0340842401414
0.0409726102991
0.0621185679678
-0.0115862970716
0.036616177543
0.0860617287149
0.106783974177
0.0867838524122
0.105025577726
0.0500209224753
0.0524086788459
-0.0213416377605
-0.0322143472502
0.0106974063982
-0.0289744511633
0.0707138525019
0.0384024811883
0.0767240540106
0.0945109543169
0.0811298217818
0.0523799916382
-0.0460220628827
0.126328673207
-0.0800968035226
0.038178651361
0.0700160134045
0.0331113438649
0.0582507135969
0.0139581582337
0.007863821349
0.0333727519209
0.082078234086
0.0702412861398
0.132423483599
0.0872925419178
0.0531255106166
-0.0621075977127
0.0527282773464
0.0478705154062
0.0109390416702
0.0111387074294
-0.00550699166667
0.0178230771492
-0.0153376754573
0.0754365477002
-0.0137362812415
0.102634035037
0.0240464033167
0.113562290979
-0.0582410846019
0.00692803221282
0.0714277716977
0.0170757769442
0.0919604103912
0.0600070233809
0.0742796862092
0.0317004325887
0.0421029700195
-0.124035494831
0.0868335201878
0.0320628259836
0.0288936318065
0.010740086535
0.0417708506768
0.0666799096899
0.116456822017
0.0834032296133
-0.112357016602
0.0866037355853
0.0372532901511
0.101335665155
-0.101014600749
-0.00394875018732
0.089589146327
0.0328414104973
0.0305145010472
0.0422760831745
0.0681765706173
-0.0768895282227
0.0820500679103
-0.0010805234486
0.0508186214236
0.113245159128
0.124728394485
-0.092946250337
0.0397933683774
-0.0292079663651
0.0781119891358
0.0992741910117
0.118765696023
0.114999606505
0.11316884659
0.0825578213036
0.0405783237524
0.0766185917457
0.0735418119954
0.0291322679374
0.0962382758471
0.016602079784
0.0452877996077
0.0928807935707
0.0430437480403
0.0375816074978
0.045891072223
0.0447805838142
0.00364404389987
0.0869748200744
0.0423875610497
0.0209717653231
0.0636350094517
0.0849679708774
0.134828141864
-0.0146424371887
0.141805316236
0.0984159239994
0.0902097719007
-0.0202112930078
-0.0279073761215
-0.0584095532999
0.0800890745275
0.0282911895151
0.0281227411644
-0.0403087574363
0.07675773505
-0.0447300356499
0.0562115439593
0.00185076851056
0.103974929625
0.0570862035062
0.0307657699066
0.0484355164821
0.066409442006
-0.0104281134724
0.0127574449844
0.130813720893
-0.0154212742076
0.059812561727
-0.0448662241291
0.056969423442
0.00204291080607
0.0480729080054
0.0848481347717
0.108831089651
0.0563622153851
0.0855968767819
-0.00756078642542
0.0688556185461
-0.0348410519333
0.102581440485
-0.0114901759599
0.0173438463417
-0.0388864793634
0.127367932244
0.0725838969944
0.0507121809123
0.0686447053056
0.0545785097826
0.0673779882006
0.0501407520986
0.097967042333
0.0550420800647
0.0626036521297
-0.00119368939715
-0.0102252844237
0.0298147557577
0.00105586203442
-0.121066815545
-0.00296518956784
0.0211191237157
-0.00247802123539
0.0317081645208
0.0417141108995
0.0754010399258
0.0536721837747
0.0579226809311
0.0485664304889
0.0271409557515
0.0491772356919
-0.074928344969
0.0561467209141
0.126697509283
-0.028379885049
0.0641024618564
0.047005598551
0.112511381762
0.0734795471576
0.0743112530362
0.0046240301081
0.063345756771
0.115614654924
-0.00978559451013
-0.0139602532666
0.100086276201
0.0268380701058
0.0685337771163
0.0396757588916
0.109974947066
0.10406438461
0.107505147046
0.084083755963
-0.00232811426898
0.0269356536956
-0.0128656068127
0.105718455916
0.081371518932
-0.0204909135293
0.0765712585389
0.0125343016564
0.0410297227049
0.0271820593534
0.120275513474
0.0699069687824
0.0508046776898
0.0656611206313
0.00174420734071
0.102437911756
0.0039422530112
-0.0304692367463
0.105044099408
0.0580780671683
-0.0774173300015
0.0104550442264
0.0852879347767
0.112267518537
0.0805856555585
0.00985984719914
0.0766237204646
0.108632034437
-0.0633669644568
-0.0143602865474
0.0165019863429
0.0248851262486
-0.00283759631751
0.0977784080264
0.0128719396909
0.0265002138993
0.0281534811886
0.0912871242753
0.00923064846666
-0.0452539221282
0.0508820823701
-0.0552123535712
-0.0790818364925
-0.0309978399169
-0.00726216115278
0.0602225449348
-0.00879309930641
0.0512689280707
0.087114644512
0.124801484532
0.00476057308302
0.0135395819721
0.0571507729464
-0.0369337379743
0.137530145914
0.00918261511389
0.0203768886924
0.0986686253467
0.0314572855123
0.0523597857337
0.0391421788947
0.000650420888316
0.0219202536911
-0.0249619002664
0.0345597480276
0.114605698609
0.0607812242983
0.0658864658507
0.0651678125569
0.0454642330414
-0.00596980235982
0.00780012486897
0.0136473474053
0.00352999836393
0.000705378545645
0.0637241420995
0.0578947293842
0.0850657633289
0.056563687435
0.0536186260422
-0.0799489185205
-0.0299383688774
0.0338005297077
0.103180556207
0.00368452083602
0.0371018203726
-0.0439441985064
0.0659453371546
0.111736906231
0.00242637592414
0.0754286721531
-0.00664030356868
0.0931359494915
0.10194922931
0.0607069208178
-0.0401918372549
0.101716588849
0.0651850154845
0.0735944541853
-0.0261781584609
0.0755191735038
0.0650719151113
0.109725062534
0.0205346517836
0.11178738801
-0.0082328848508
0.1088145614
0.0436446872023
0.0797317486816
0.0687138576172
0.0621010646245
0.104155308671
0.0638187677347
0.140494982802
0.0306298488626
0.0509194717772
0.0586476955361
-0.110774137248
-0.0111869394221
0.109990686374
0.118991979972
0.0263421188255
0.00259319118303
0.0728721723049
0.00296460497049
-0.00167560062299
0.0410717156203
0.0514405389438
-0.0244413228779
-0.00411016159784
0.0901490228742
-0.0028046157949
-0.000442022772565
0.0234191231263
-0.0362093928723
0.0927068406959
0.0219525330785
0.0327273238105
0.0662853926129
0.0826939382055
0.0152839935645
0.107188647973
0.0648744999707
0.0689269955229
0.0227728191098
0.0312506282934
0.141514844447
0.0394419590511
0.0273925862519
0.0640564073654
0.0875898295885
0.103856818165
-0.00680682148318
-0.0600073798724
0.0822900961053
0.0354137499655
0.0261624042116
-0.0807006149701
0.0879405018883
0.00303691983684
0.0921565311919
0.0749567867046
0.0819444033462
0.07209686636
-0.00639900296041
0.00723819765508
0.0731868150396
0.0120765798768
0.0951542668929
0.0646402937334
-0.0185573721653
0.052955889499
0.0879966556448
0.0829492971545
0.0939029552321
0.0188188137147
0.00423356570842
0.0429184532435
0.0289699618642
-0.0435080857253
0.0612406944444
0.0372424402227
0.0763643608547
0.0437516803
0.0307579889661
0.0647208067831
0.105922919254
0.026463037928
0.0322247683689
0.125670343519
-0.0110248649832
0.0327034312766
0.0934862987582
0.00807827972467
0.047774848535
0.0880114381047
0.136340498649
0.0234171481183
0.0460233607502
0.0512632314811
0.0160291929318
0.0710190214071
0.0622234361432
0.0995570896826
0.0330348657475
0.014180551983
0.0477996473855
-0.0637064269982
-0.0453843650068
0.0728011829751
0.0779758169348
-0.0120359052604
0.0836103650126
0.0501839584172
0.0409838732924
0.008345896828
-0.0259307503554
0.133971772247
0.121231012789
0.0836074152095
0.0897752567267
-0.0158611449301
0.0640597131911
0.0747184023225
0.0195270266664
0.024230165621
0.0791877261508
0.0229418149095
0.124457520823
-0.0055276093956
0.0812372641884
0.118563801912
-0.0104198268637
0.0338360536312
0.0427922678687
0.0425810305651
0.0556989961523
0.0258670896376
0.0101717040557
0.11030849541
0.0492128939032
0.0159458259366
0.0246834956833
0.0538697867594
0.0360053102264
0.0821856170796
0.0481354764748
0.0143435436116
0.106438140781
0.0244257186064
0.0283815918685
0.00745328799958
-0.0366353757987
-0.00593849418173
0.0789134395756
0.0549479564559
0.0387829608166
0.0918753471786
0.1072234088
0.031568633719
0.0186745632761
0.0858873081429
0.02102734684
0.05856677849
0.045147273652
0.0864479044863
-0.0097177628246
0.104171036145
0.00559963600094
0.064666462976
0.11456009868
0.0135486848319
0.0673398000523
0.050342106066
0.0348318870826
0.00477035534125
0.0657374143815
0.0279831601266
0.122691669251
0.124528430764
-0.0471313398151
0.0782644820572
0.120811800383
0.111895810383
0.0447123301838
0.0867142327136
0.0536709639311
0.110833362532
0.0130420355894
0.0819793139349
0.102098854167
0.0542912071676
0.0912121249563
0.110193956698
0.00216354607317
-0.0362918820618
0.0341740724274
-0.0792431810919
-0.0449791582758
0.0276248532755
0.00424000551094
-0.0350468731974
0.0702932104053
0.0092986856473
0.0929427880966
-0.0388572470204
0.00202084888872
0.0339251903483
0.0623109487897
0.0209526821198
0.0528090836607
0.00309106224928
0.0307293117424
0.101553327977
0.0433519850996
-0.0226752569929
0.069435107113
0.0595177166268
0.0744496153537
0.0386395641965
-0.0482881937809
-0.00502387163095
-0.028646861485
-0.051049104823
0.0676857081068
0.0469485728419
-0.0275680457547
0.089492624604
0.0986930101747
0.00956746223683
0.0120473838196
0.0187013568628
0.0862884991561
0.0758922667975
0.0692915221981
0.136978631718
0.0838652778973
0.0506227209321
-0.040609127412
0.101443390289
0.0622270482982
0.0663276089769
0.00990015437844
0.114620598124
0.126043123902
0.0695206466821
0.000819754129121
0.00261932004116
0.0695600490388
0.0965084352375
0.0543628197087
0.0827791182148
0.101956207937
0.00860881176905
0.0753711759338
0.0620933635378
-0.0152095531682
0.00969840661852
-0.0191673683959
0.050868806594
0.0409521255589
0.0773271739262
0.118171202309
0.111684449275
0.130423782961
0.126725578373
0.0519172996529
-0.0208516062882
-0.0121408836094
0.0273253492667
-0.0321536087121
0.102900076081
-0.0463358909616
0.0391225310947
0.059607675794
-0.0128224576729
-0.0113384428382
0.0718313280893
0.0873929834772
0.0625494699013
-0.0323490106075
0.0714592163503
-0.0105097610301
-0.0390785924914
0.019794268907
0.0593034339893
-0.0411759427904
0.0138076921065
0.0422584003388
0.0215331963561
0.0195933388838
-0.0218883522483
0.00586661216016
0.00626466660473
0.0285475533557
-0.0162655204347
-0.0221142906807
-0.018999380255
0.0755392845498
0.0185810499707
-0.0145593907528
0.0454310996334
0.10363397475
0.0858767340597
0.0320178801638
0.0375525275388
0.0512205037213
0.0786852751888
-0.0809180647653
0.0325782395312
0.0617775951014
0.0454980388776
-0.027257922522
0.0276161996068
-0.0391276493235
0.120398394051
0.049253160908
0.0745798832895
-0.107999944427
0.0873521761264
0.106967396361
0.057947032131
0.0886408546148
-0.0258134336482
0.108854289476
-0.0388740575831
0.0400929426011
-0.0931525322428
0.038340714604
-0.000859689060087
0.0226986611267
0.0775262643356
0.050636395904
0.0436181474982
-0.0137417084877
0.0558121530781
0.0258398297315
0.0862197687208
0.0448100606233
0.0565986168977
-0.0266146246829
0.00281628846431
0.0959071964806
0.0988243322618
0.0913784000984
0.014382254393
0.0711637710075
0.0251155236523
-0.0382751874298
0.00780799554241
0.043140599387
0.00660758270489
-0.0432883240765
-0.0712592346348
0.0957679621183
0.0259664734225
0.0166746253413
0.0613024967493
-0.0443386660273
0.0656919396003
-0.0574226740682
-0.059150158303
0.0120220600652
0.105544353428
0.103429329861
0.0488648011847
0.0780143282881
0.00447542692096
-0.00843270590595
-0.00184102126442
0.0399861641634
0.102873036544
0.0631999471427
0.129913777767
0.0627934929192
0.0378480908976
0.0874582737397
-0.0200480091409
0.0473246859603
0.00869023772812
0.0915021628471
0.0518969628936
0.0533500048754
-0.018028977228
0.000979311337102
-0.0213934871421
0.0447775215892
0.018951633558
-0.0233211726698
0.116637809269
0.00782061968315
0.107463350994
0.0724123628955
0.0443273195865
0.0880815750428
0.0251670399015
-0.0656381739419
0.0776011085041
0.141893931618
0.0790181565374
0.0552486100463
-0.0380122844916
0.0871586771547
0.0854069372022
0.111832661979
0.0199420584352
0.059085333614
-0.0256339810041
0.102116089703
-0.0249755195625
0.0683306083909
-0.0232252902994
0.114875001186
0.0475608811942
0.125050931083
0.0219482323916
0.0936633378324
0.129868587418
-0.0606643378184
-0.0440704971352
0.130082710318
0.0368053979469
0.0826800912394
0.0676686555698
0.0373724287409
0.0578187608835
0.0503732229491
-0.121653195759
0.130381156441
0.00412453070571
0.120461682123
0.114344834759
0.0805541973537
-0.0370818139073
0.0129306201777
-0.00287616506795
0.0433652814008
0.00405838340772
0.0398147982131
-0.0219156750058
0.0944004662114
0.116550180831
-0.113972846695
0.0517129558613
0.0989733667729
0.0198408041593
-0.0256548099151
0.139479999305
-0.0401660897175
0.0791632468827
0.0136966372773
0.0107994482969
0.11965408538
0.0234108436277
-0.0311850430639
0.0788890403359
0.0158575021772
-0.0509112259129
0.0787988359032
0.0103417028913
0.0664841697386
-0.071400676091
0.0253596880016
0.110126072839
-0.00970399439662
-0.0115280982225
0.046957471623
-0.0381140922257
-0.121941920579
0.125431878275
-0.023136135868
0.0987621693905
0.104427354617
0.0491871226735
0.0438278095989
-0.0146568838284
0.0590932598545
-0.0534862329661
0.0271096068174
0.08929821463
0.0233662833814
0.000246085813039
-0.00829206132506
0.107651197902
-0.03445209863
-0.0179995872421
0.0112861924416
0.0420442540992
-7.77642688554e-06
0.014206196053
0.106149786654
0.0750718397285
0.109148259486
0.0298766319535
0.0224239660354
0.0889669033555
0.0442743293577
0.045035081831
0.0618995689717
-0.00551094569135
-0.00844126931326
0.0557670049267
-0.0109155457244
-0.0221420658625
-0.0121536299374
0.030252045863
0.0207448808925
0.00638713179243
0.0362726345666
0.0750948066037
0.0154770822433
0.0861245904583
0.00849133570049
0.0472192129313
0.0532222756745
0.113447806931
0.0650139225898
0.0891999850008
0.0705509706147
0.01672005887
0.110598552261
0.0153043637197
0.0543758974391
0.0245760830295
-0.0189471697505
0.019875144879
0.0861766322334
-0.0398132346877
0.00558366960572
-0.0205225621625
0.00454758949745
0.124793339876
0.0178896594122
0.0255939990281
0.0296928044788
0.107746308145
0.0163879822061
0.0257598699534
0.0226300507047
0.0326276480479
0.0852544975844
0.029996764736
-0.011224121722
0.0186239111744
0.0156625626096
-0.0487899249605
0.0435948450377
0.0658035476272
0.0283079306774
-0.0843986707772
0.0626814883344
0.111306569586
0.107001490399
0.123749331004
0.0559576722
0.076509046344
0.0814956693581
0.0603983212487
0.0201447417738
-0.0229612774818
0.0281856584857
0.0456539555489
0.0185402914829
0.0371650255116
0.0966148495544
0.0337240832871
0.094347430692
0.105295143046
0.117061256324
0.0411657779525
0.0802190252249
0.0557464323617
0.0736384764759
0.0744096108546
0.0821509385861
0.0907682949576
0.0429708936689
0.029909573415
0.0625315447694
0.0321062530522
0.0572585004781
0.0539862299188
-0.000597581456849
-0.0163707944126
0.0453740275342
0.029222324958
0.0882073192979
0.135529213087
0.0773577376543
-0.0997204272393
0.0891517542583
-0.0197162313389
0.0170267286526
0.066941519366
0.00516437422759
0.112810786903
0.0626698360152
0.0514254686853
0.0349091120231
0.0965699815504
0.128424799798
0.0290752911473
0.0538346513951
0.0753500459849
0.073747092849
0.135003730418
0.0145106110455
0.0319478705507
-0.0476543599812
0.0574365469983
0.103345107554
0.0238900773431
0.0951357935261
0.00108961275093
-0.0601974646118
0.0305275064159
0.0828592866993
0.0751802681629
0.0549486597829
0.0873935830407
0.039528805836
0.0864153752252
0.028492153024
0.0426794177899
0.0877668709113
-0.0742264924561
0.0624125896057
-0.115411533949
0.0469644487793
0.0564072245486
-0.0332555123729
0.0232267360135
-0.0331212470747
-0.0189898723064
0.11932534153
0.116656420782
0.0383236193539
0.0461877703983
0.121675724154
0.0503683723825
0.0157818239012
0.109876208025
0.0240354087512
-0.0133624949192
0.0874450755201
0.00125876706737
0.0876172661757
0.0569356725574
-0.00763784823321
0.00447719838285
-0.055122835168
0.0595790793404
0.0532344283141
0.00363297571057
0.0599474761576
0.0578590337746
0.0722274131775
0.123018952021
0.0852155881767
0.00766029108552
0.0961467847239
0.0888721925075
-0.0068497454231
-0.0517607748885
0.107112394177
0.0762916238286
0.0545736739946
0.0560369665972
0.027529217475
0.0389739229177
0.0500087326696
0.0262487466397
0.0181721198108
0.0839665982897
0.0176691414473
0.0137296849077
0.041377876544
0.0175665675249
0.0712542081667
0.0759638765726
0.0750796113193
0.0167778299857
0.0341749436476
0.117573121651
0.0681820945423
0.0922552320625
0.03130307084
0.0252611594261
0.0421237351998
0.00321044146554
0.0260507760937
0.022387576309
-0.029997110421
0.00683827091886
0.0562982336887
0.0292553952459
0.0887894255114
0.00106313789499
0.0810653356166
-0.00690255340726
0.139252536056
-0.0430711043563
0.0725737233865
0.0206847313842
0.120956820135
0.0388518041224
0.0636713080106
-0.0121856667344
-0.0460411163585
0.0201491038566
0.00397225888194
-0.0102328051747
-0.0533240907399
0.0617440978908
0.0110880335307
0.034112011971
0.0953956930784
0.00993927502489
0.0878307874634
0.0703568376993
-0.0652620148813
-0.0312617867351
0.00572768495211
0.101321598938
-0.0156081290621
0.0369307780526
-0.1120361608
-0.0202994220636
0.0919503347564
0.0780823324863
0.110132987798
-0.0674518006427
0.0893104493701
-0.00546705104757
0.024698023427
0.0670547041539
0.0667887221216
0.00696163609053
0.0254070766419
-0.000385204722636
0.0762479024197
0.0344911315528
0.0750014409112
0.00407971319556
0.113885182447
0.0907630620162
0.0972634144349
0.0978851722931
0.0352114344485
0.0380172431125
0.0680159123555
-0.0187058962618
0.0718872740544
0.0307910424118
0.011587919553
0.040795129351
0.142977754598
0.0700511731341
0.0146382179487
0.0422918148202
0.0201336658303
0.0482389855444
0.0397808222105
-5.62097634864e-05
0.0533318105556
0.0495347496221
0.0600758139793
0.0971642441584
0.0208227969669
0.115451933248
0.0276865679334
-0.154784507966
0.068549942523
0.0222293415855
0.0789394809992
0.0774169789494
0.0596366273657
0.110567045255
0.0360667721962
0.0366733889902
0.0509915096644
0.0335607704326
0.0901230587801
0.0716256173018
-0.0686679875226
0.0461534706686
-0.0363173760017
-0.00369296687694
-0.00455999516897
-0.00806550494199
0.0624813005489
-0.14080368179
0.0083467652999
0.0730180057177
0.0836675176635
0.137876773546
0.0705509898797
0.0916752566828
0.0271941140461
0.0621994789245
0.074091943489
0.085770392782
-0.00925442569199
0.0278750397741
0.0498756518065
0.0657348565986
0.0510145760158
0.0173999104734
-0.00820588290001
0.08073427007
0.0276430431441
0.00175620050291
-0.0370644985522
0.0252920595256
-0.00379312056446
0.0609065429201
0.00470426380399
0.0214672597204
-0.00226135028552
-0.0580699808747
0.104491655049
-0.0036764689336
0.0347255195545
-0.02625789875
0.085142529072
0.0855912010746
0.100217539747
0.0557888905117
0.0437491819677
-0.0236425258167
-0.0914851267284
0.0197300259217
0.0734844343364
0.0515813103041
0.0582200276158
0.0321005312312
0.0966132300455
0.119942713706
0.117750232102
0.0844918304851
0.0211468654722
0.00936760241851
0.0423218989415
0.0347862988167
-0.0087733784995
0.0800135080569
0.104071780487
0.0656846680805
0.0208664727786
-0.0402215582147
0.00991823115629
0.117424478521
0.042233707567
-0.0285046909449
0.0453670817081
0.0281753415904
0.127305703863
-0.0425014013586
-0.00245867100567
0.122902585879
-0.0245897540178
-0.0069625667783
0.0650352316819
0.0705533609806
0.0369532964448
0.0471956451491
0.0381756163557
0.0727772629344
0.0897398535263
0.0817343520823
0.0373270970889
0.0176028583215
-0.0693433522925
-0.00894921090774
-0.0718085906117
0.090521422184
0.103819739459
0.0894254321479
0.0493708097081
0.0423287686897
0.0361287180012
0.0686541097189
0.0998260572782
0.0831161643889
0.0715027988467
0.0953417187533
-0.0449690129684
0.0910516540148
0.104124325166
0.0166738263218
-0.0562236703699
0.107425274557
0.0882607665027
0.106101852556
0.0269725543785
-0.0362274204668
0.0848122949774
0.00488841417163
0.0383937123417
0.102429994553
0.100125347812
0.119084871208
-0.00776021496191
0.0128234644839
0.00898884619495
0.123556696067
0.037617932168
0.0802332898049
0.000785005705636
0.0991234754
0.0270961661408
0.0677737623959
0.0979389671763
0.0525275022873
0.0838290544583
0.047917646454
0.0588721082673
0.0753785251337
0.0952188288804
-0.0644040108519
0.00353140301468
-0.0312686728951
0.0591314650507
0.0370620452803
-0.0221290601761
0.0531642676246
0.0348237650392
-0.0584800683596
-0.0179209424716
0.0192189819773
-0.1100879915
0.138729454561
0.0837881868541
0.0351683602008
0.0227773795881
0.0360426984342
0.0288813364232
0.0634255358808
-0.0168243685254
0.10272209998
0.0198448002707
0.0354547845822
0.0677147450167
0.0953722181143
0.0701915279219
-0.0263669019292
0.0677135204555
-0.0158249562197
0.116265624724
0.0293387886467
0.0371062886857
-0.0181376317464
0.0489676269415
0.0550704250965
0.13275428947
0.0685045998674
0.0275745417253
-0.00998307301579
0.0688462765829
0.0740281847173
0.050438798711
0.00016702830719
0.05118048827
0.00407147282752
0.0658149909843
0.066365841465
0.105550574712
0.0828708845231
0.0524952219781
0.129287780957
0.0684530767061
0.146213388262
0.0484351715187
0.0953484424883
0.126873568462
0.0408269834675
0.00265957603606
0.0602499080904
0.0549083638523
0.00819366958494
0.0404293863292
0.0412039070055
-0.076377985374
0.0377237473384
0.0594804660227
0.024153520747
0.110850850328
0.107956647265
-0.0275379672466
0.0444568854154
0.0979123849842
-0.0659371462979
0.0395621913737
-0.0153689165443
0.0795578097763
0.0251333282582
0.0503168364847
0.0715888609784
-0.040007691887
0.00790800576788
0.0871723046435
0.0889228990807
-0.0183349802846
0.00728385224383
-0.0103631909976
0.0487708889469
0.128806377687
0.0412872751707
0.068395049365
0.0726658366411
0.0281564335189
0.0695438394138
0.0603785740568
0.118044770122
-0.0303327206693
0.0201144945491
0.0852002722423
0.064611002568
0.0104728857268
-0.0520781991768
0.0614178651191
0.0912066453379
0.0522830266144
0.0396568786274
0.0786578388291
0.044910496085
0.00285528019602
0.0239069440652
-0.00622156706747
-7.35621047454e-05
0.125934776338
0.0643439824627
0.00609882832079
0.0199640469498
0.0970635027858
0.0484320608849
0.060127932218
0.0292186312203
0.000879111960529
0.0427625234419
0.0382378842034
-0.0273768843239
0.106216549379
0.0531502645719
0.106316227223
-0.0268658842369
-9.63657209114e-05
0.0798949875277
0.089811606915
0.0724778714496
0.0131103844165
0.0813490323863
0.112331058255
0.0174690476727
0.0520235728072
0.0709059092839
0.0627349771853
0.00403066717201
0.0356843328074
0.088468125424
0.116597694942
0.0973304426567
0.0297683764107
0.105124219376
0.000416476629633
-0.00360744916753
0.127138985193
0.107928050977
0.0460495033004
0.0470936884864
-0.0134361324568
0.0128915854233
-0.0379582330138
0.0722577682891
-0.0633256567757
0.145816620266
0.086765721854
-0.0614262789431
0.106171904686
0.144774661249
0.101559908181
0.0022340909093
-0.0687326230606
0.0704975170879
-0.0120809305122
0.0250392669024
0.0560724042241
0.00693689412398
0.100953514076
0.139055487552
0.101656366671
0.072448561248
0.0298246538017
0.0123020847217
0.0861414085684
0.0380736394932
0.130613143167
-0.0292987036307
0.0733080575374
0.0634015059056
0.00635146984474
0.0594018851843
0.0511338826485
0.100668319459
0.0750815341348
0.0588552089227
0.000508386424181
0.0508859607802
0.0552189481057
-0.0262720101925
0.0440618058188
0.0536604923967
0.101921848307
-0.0509112848712
-0.00474122988036
-0.00567997448381
0.0879891884054
0.0582794688113
-0.0411695362609
0.0528815210138
0.0667974605274
0.109252496264
-0.0261469349094
0.10591773711
0.0847382127542
-0.0111378847246
0.0866392425481
0.0407054908806
0.00405927941458
0.0250119665046
0.0419048140673
0.0981779368471
0.0717384954803
0.0301966377282
0.0247406932756
0.0522356849591
0.0767422918724
0.122628799546
0.048752353634
-0.0126911333032
0.104774302451
0.0996275398594
0.0560388421419
0.0894689644189
0.0714017710005
0.0789834212008
0.1205019905
-0.00399347708773
-0.0326315009901
0.0513782135508
0.134032229794
-0.0126579117919
0.0911438300353
0.0764615369433
0.0956661673806
-0.0168182250835
-0.0593117729174
0.020140878158
0.0936429723659
0.0796082711686
0.0769588239895
0.107298745319
0.0459426832658
0.053844727613
0.0629374195647
0.0226129543336
0.0444570924533
0.0868365035411
0.121043175214
0.0706915488368
-0.0476932586458
-0.00671649842882
-0.0618628392333
-0.0184082872781
0.121493568192
0.0515801443321
0.0435812602076
0.0770684139225
0.0482353493626
0.0125530984555
0.118428358211
0.0856595203372
0.0534301278451
0.0871577422493
0.0555150033775
0.0183787728057
0.14246874111
0.0286607964599
0.0888682158978
-0.0127574265134
0.0070739613683
0.108139683867
0.0758337921297
0.0931503057394
-0.018908431015
0.076051076584
-0.0154195655081
0.0169728993276
0.0626709422941
0.106442688328
0.0173154207882
-0.0341518894185
0.0824228393196
0.128447622163
-0.0157606104312
0.127309030523
0.12822228789
0.0947567041485
0.0296555872239
0.0344219910379
-0.00249937048051
0.0141917888235
0.0798907593421
0.0446666548027
0.0312367460908
0.0382315117119
0.127173024278
-0.0553182064265
-0.00910543946305
0.0270004177483
-0.0676449577802
0.0410632799738
0.00348151920723
0.0435794263638
0.0657231975825
0.0242516745798
0.0765957894551
0.0446174706266
0.107417068861
0.0317453958172
0.0806770969457
0.141902344719
0.0560188086966
0.0897680013567
0.00633479888861
0.091980582274
0.118133652348
0.0480654528904
0.0232182784607
0.0725214418001
0.0278322317764
-0.0176049770806
0.11874860124
0.084979707818
0.102033051188
0.00905138705756
0.0432390812631
0.0256620099682
0.0447432540051
0.0484340227994
-0.0177492451131
0.0828107455216
-0.00698700537043
0.107322157788
-0.0435813757954
0.0435028388268
0.0552239291227
0.0100236451359
0.087074463214
0.0520076285863
0.0776240215482
0.0445681057748
-0.0841536100145
0.0574850096756
0.00758731176519
0.0111796861113
-0.00319971142722
0.0954287465145
0.0981658004157
0.00183294950247
0.0437134415473
-0.128561055762
0.0612778958272
0.0313988101685
0.0723331102456
0.0639635448693
0.0104354862537
0.0156321442669
0.140834290494
0.0248678434746
0.0892806469152
0.0839162793462
0.101028375425
-0.00730614032268
0.0183554732081
0.0964046254901
-0.032265361239
0.09988221762
0.0157741575623
0.0144409201522
0.00398363897816
0.0987976351773
0.0263708923716
0.0595267495881
0.0460588819312
0.0798416343209
-0.0349072511845
0.0449067126072
0.0358541747263
0.0769996042042
0.0774036840131
-0.0733326563248
0.048770226974
-0.0224642433128
0.0306271786455
0.0567471308343
0.0549869065327
0.0686090623679
-0.0756164612751
0.0910864801146
-0.0131149147092
0.00332122642241
-0.00173942570556
0.0593258351219
-0.176733095581
0.0324179766212
-0.0626903096713
0.0797843395634
0.026240094655
0.101265898966
0.00927680938175
0.045922441795
0.0625540071035
-0.0383990425014
0.0356621678734
0.029106699535
-0.0491388424668
0.0951261015529
0.0767072128312
0.00768161806373
-0.020326543604
0.0496195915253
0.0223073527518
0.0743467763917
0.0123702588071
-0.0318905034276
0.0423433584037
0.00371255344729
0.0207641156281
0.0366267949121
0.0974344471922
0.0429134284113
0.0595136123547
0.0232763395702
0.0650213321178
0.134567030772
0.0871495215772
-0.0287053955606
0.0379866969705
-0.0311070607947
0.119791841104
0.0960854465376
0.00397030054964
0.0903193387501
0.0911651754748
0.034130248884
0.0385703075596
0.063461677056
0.0973476093883
-0.0554302380055
-0.000507100399298
0.112054761162
0.108878856031
0.0719032866228
0.0210053654554
0.0333196204057
0.0882367830323
0.095641257312
0.099911008247
0.11064946226
0.0520580927543
0.137375228104
-0.013308676779
0.059297733107
0.092191090366
-0.0286332333721
-0.00304804878606
0.0361024326023
0.0951571426068
-0.0414189435806
0.01331545529
-0.0209491479192
0.0730536600789
0.116794253993
0.0896981287376
-0.0186810674338
0.0965215902025
0.0295251686431
0.0522845932991
0.0822389849187
0.0465479095254
-0.00227136785295
0.0229112681155
0.0875947077351
0.0387607203516
0.0284334123773
0.122416505576
0.03819735102
0.060778520896
0.0533523598439
0.0358595624163
0.144996889255
0.057579174222
0.0289335761451
0.0718968652048
0.06602559704
0.0233181066799
0.0276168705655
-0.0318014969318
0.0773146312208
0.0494576391755
0.0818989763385
0.0878118917792
0.0263845269698
0.043199637508
-0.0512882123763
-0.059952436123
-0.0716203605977
0.0286853174377
0.110060336096
0.0771032152721
0.0160695933747
0.000810063169324
-0.0115989509817
-0.0324568307591
0.0579957437838
0.0824163594429
0.078865091931
-0.115517872403
0.0576596273813
0.0513429322471
-0.0639786423058
0.00981312093138
0.0965103935995
0.0435939845451
0.0198529405017
0.139437747637
0.0700403765129
0.125236932235
-0.0137027436945
0.00505519036783
-0.0288876994217
-0.000126135071698
0.0971579002375
0.0530201514969
0.0326100218811
0.0243583371691
0.0719512289057
-0.0373908844581
0.0920630583261
0.0655079818588
0.055724276223
0.0568512870046
0.0186588935111
-0.00614684458379
0.0455587691416
0.00938891852681
-0.033034799955
-0.00456653141392
-0.031664077334
0.0438667169814
0.024882667574
0.0631843677303
0.00194475639317
0.00952716663234
0.0794028043529
-2.97408706906e-05
0.0289717285142
0.106462113047
0.0590870592577
0.00743166522279
0.0408983775149
0.0145239356105
0.0177853476439
0.0103295717012
0.0435880047294
0.0522122191529
-0.0391723045486
0.00997565006736
0.0252200122815
-0.0212987176631
0.0573382242134
0.100879685692
-0.010887024388
0.0201203382231
-0.0144765193984
-0.13329615242
-0.0107346098584
-0.0081167983157
-0.00931748213583
0.0263240003745
0.0970615550908
-0.0764245619982
0.0677175266276
0.114841550598
-0.0136246918821
0.022569551652
0.0792009147588
0.0345865332754
0.0630083515725
0.098438863328
0.0827897031977
0.0325158153656
0.0696005251208
0.0232390979433
0.0452631042914
0.0689222898946
0.0204374823692
-0.0101906195955
0.00616263825734
0.0901351288809
0.0649100172093
0.0825717944817
0.0547978166298
-0.0162874710734
0.056343006952
-0.0140498560102
-0.0195062625379
0.119188023645
0.0980188432081
-0.0322628585363
-0.00436247348243
0.0595604626119
0.0892256559988
-0.0428800142719
0.0469159220514
0.0873489560531
0.0514223107746
0.102864344531
0.117197980415
0.0189068688882
-0.0172985589705
0.1171880869
0.0883243168034
0.0283316638132
0.112669899655
0.00617792227243
0.0321309969488
0.0785298789353
0.00623986941219
0.0542263171558
0.0431573274232
0.083059514482
0.0828906216281
0.092581368945
-0.0271721271385
-0.0278777798165
-0.0494627149639
0.029011602991
0.0274225987914
0.0053143051541
0.0608343635885
0.0905408734304
0.038514112372
0.129847418369
0.057716907177
0.0225494336143
0.0175477288543
0.115403951614
0.0107368134993
0.0958496455724
0.0792441810077
-0.0352294237619
-0.00301519871473
0.00451015023307
-0.0408352257872
0.076605569663
-0.0345933610457
0.0699987836251
0.0957359120369
0.0537123553626
0.0638760646677
0.0702882277181
0.131529621567
0.0478096053923
0.0934069763847
-0.0076329810169
0.0296989135018
0.0417707270003
0.0568483207179
0.0509265483794
-0.0115650858145
0.0113594036117
0.0606210580069
-0.0523315998407
-0.0241730560091
0.092062656334
0.0512237878615
0.125940931285
0.0913897938664
0.069304227723
0.107977078256
0.0922384622045
0.0526115688105
0.0179533355851
-0.0199620163713
0.116629460542
0.0651744235071
0.0213252513341
0.0487235175451
-0.0461872536293
-0.0315648709535
0.0678885729588
0.116222327827
0.11410527473
0.104794051356
0.0363288256301
0.00992650086468
0.024984995554
-0.00492021125828
0.0235209005723
-0.159267083439
0.128019396947
-0.00703055438112
0.0838255494749
0.0289703956357
0.079861268915
0.0879026317083
0.0156304516778
0.112267315546
-0.0681153894697
0.104262800134
0.0503224512583
0.0781555949685
-0.0127541856587
0.0410714552345
0.0299140989004
0.0653406817002
-9.46710427465e-05
0.0258111176477
-0.0320648978558
-0.0465910273306
0.0212302941778
0.00761764362684
0.0790949729711
0.107693831735
0.00484366562866
-0.013419815047
0.012501049959
0.0414244910878
0.0301305996172
0.0183914682053
-0.109655628356
0.0915016973658
-0.00176248195989
0.0934145297811
0.0201210600533
0.0624338906255
-0.0799139254425
-0.0830655340681
0.0479696144117
-0.0521299168677
0.0703797529382
0.0841489738825
-0.00205317337224
0.118027589762
0.0200967480195
-0.0380709398975
-0.109518092155
0.054443602338
-0.0231291801008
0.00899699640321
0.0776541841137
0.00407003792102
0.0570779514124
0.0110500028132
0.113516512616
0.0457608647985
0.0497446227128
0.0560488614127
0.062894207959
0.050084076249
0.0497744827914
0.0564288674755
-0.0129023771633
0.0742721404363
0.0365168718789
0.0247231960035
0.112571979822
0.083438938724
-0.0377957993542
-0.0147061303963
0.00317219192917
-0.0112090508226
-0.0132054929954
0.0289365021812
-0.0527375319088
0.0297491045884
0.0679860236458
0.0684067738961
0.125839612513
0.0381445900427
0.00542029916802
-0.0407758580492
0.0529394717511
0.0670588559435
0.00254371998597
-0.000337343786645
0.108021740258
0.00519725130571
-0.000271433905907
0.0794942613721
0.065764754498
0.0759374514522
0.115856993092
-0.0589605797871
0.0814580530219
-0.0153825903473
0.0764053282344
0.0707488109813
-0.0266467226459
0.0791407702886
0.0417597706235
-0.0506553524784
0.00830864893068
0.0329076086524
0.0151300502941
0.0561899822354
0.0372668086133
0.0777625916534
0.00293567359713
-0.0349414573241
0.0976480103167
0.0865348312312
0.0283526706392
-0.0586945281005
0.0491264201569
0.00328860188376
0.104652788914
-0.0434881633642
-0.0142384997935
0.0485167073105
0.0265926388802
0.0860190581366
0.0367321441146
0.10545991881
0.0700229757498
0.0859105064033
0.0753831371969
-0.0327197241833
0.0200853672991
-0.0301912842828
0.0685874153101
0.030482279271
0.134735198737
0.0972265774134
-0.00114662653697
0.0259764008225
0.114844829249
0.108132662359
0.0304374082691
0.0219104124893
0.0873449496861
0.087060606911
0.0132355836047
0.0197330537688
0.0808962157437
0.0285261068806
0.0364197508042
-0.046014004085
0.0344437071113
0.0469486950279
-0.138429804314
0.130226961441
0.000984980002149
-0.128579703506
-0.0396013477074
-0.0318748183949
-0.0117572589996
-0.055401318771
-0.112698545412
0.104840357893
0.117970034517
0.0554249093939
0.0843695744109
-0.0736304600371
0.0642065029988
0.0585981779851
0.0914532047628
0.0085699477872
0.103613365067
0.0301614949295
0.0934407235134
-0.0197448424052
0.112404991139
0.135239248486
0.0413478112364
0.0945709371904
0.0459424037127
0.0880992637999
0.0865340794648
0.105161732542
-0.03479822996
0.082911516034
0.0681150479467
0.0444005001413
0.0424500717683
0.11780832292
0.0591271204285
0.0325508881919
0.0764273496464
0.0616888218906
0.0309076705161
0.0622562739908
0.0858363384232
0.0356072792344
-0.000374400725461
0.0774718908398
-0.0116589512343
0.105679725075
0.100376067489
0.0985671233342
0.0844227075163
0.0295769039555
-0.00971549900804
0.0588054971341
-0.156588163582
-0.111826575911
0.121265697935
0.14139427852
0.046365036535
0.0202457128403
-0.00246109569983
0.00402474449598
0.0797769557383
0.0560016485477
0.100601404407
0.0815441546108
-0.0311777624515
0.0522335292551
0.0300499841172
0.021808217299
0.0492413515324
0.0625656296444
0.0579861996816
0.0620767123395
0.0296981418586
0.0470925604401
0.106304491219
0.0681988693224
0.110467509248
0.0589561502539
0.0848243989132
0.0233162844227
0.106918661051
0.106434818111
0.0354409190426
0.0926956258281
0.0382664389151
0.0332011483057
-0.0120357064086
0.0199322435162
0.0163112930622
0.0983475692979
-0.00164593720044
0.0792162687944
0.0812448899008
0.0487794292437
0.0313404886071
-0.0107165477547
0.053765657631
0.0301256561574
-0.0226088706444
-0.0623250863332
0.0335093812501
0.111968747251
0.00880586106228
0.129822560387
-0.0468166491261
0.0573030902261
-0.0185977602755
0.0618591479884
0.0491302554627
-0.0777670323932
0.10754334686
0.00299213129075
-0.00546982851712
0.00559189356029
0.0546280675872
0.0681539985154
-0.0220022491045
0.0490015115942
0.0694300725348
0.0931425635913
0.0179428113375
0.0347672173868
0.0230134143496
0.0241124029992
-0.0105321131744
-0.0295375391199
0.0696218844359
-0.00622911681584
0.0769243710993
-0.0843065344429
-0.0560522451468
-0.00363071848213
0.0561972196973
0.075796587197
-0.0753513297349
0.0249750153637
0.0567716689902
-0.0109446153447
0.0399725785054
0.0895814512152
0.0124371417473
0.0869049852429
0.0297296300008
0.0495118952954
0.0958288100696
0.0406277752181
0.115800589866
0.0728770887495
0.0732527821698
0.0466325107462
0.0342085371851
0.0516872403876
0.0673263103506
0.0689699241141
-0.0458630729079
0.0386604294542
0.0956901223071
0.0510151090782
0.106770724452
0.0945603466646
0.0493825046507
0.0162529614523
-0.0128925399574
0.0394726725686
0.00740894598782
0.0888250785599
-0.0625364765942
0.142139573781
-0.0336259003807
0.100275284672
0.0489367621276
0.0807394150464
0.0726631018878
0.0827637441145
0.0337676629971
0.0762597467915
0.104472847052
0.0804972478867
-0.00112289825949
0.097727057345
0.102563540965
-0.0100114921688
-0.0297557787467
0.0516886208139
0.101620962303
0.104574149234
0.00641789237262
0.0212616687877
0.0651073696266
0.0256453349353
0.100496675918
0.107516493263
0.0594164848256
0.128132431331
0.0887033026813
0.0774511298318
0.0463286355384
0.00522930069964
0.0479769580856
0.0765546374453
0.00858733248218
0.147079848161
-0.0810262699818
-0.00175512383815
0.0515591605823
0.108390348144
0.126578706065
0.0211615259133
0.0877615971128
-0.0665679751751
-0.00717399891072
0.034907779074
0.0119982544239
0.0195237637713
-0.0143090166902
0.0100550066543
0.0618218344522
0.043557160224
0.0684108152408
0.0385306195954
-0.00580934353926
0.127097451305
0.0110400243748
-0.025033943419
0.111822482434
0.069211695332
0.108242196628
-0.0381407351072
0.0517192692672
-0.119159137462
-0.0156683591092
0.119539843742
0.044214005575
0.0291017435435
-0.0463878548708
0.0151856541625
0.0778222882586
0.0839836999694
0.0314147045906
0.12020386199
0.0284178661582
0.00693129576595
0.0033238829787
0.036211301279
0.106460724856
0.06911250209
0.0672686447795
0.103890777425
-0.0156028125717
0.0109764448375
-0.00223265303298
0.0813856235424
0.0802130446729
0.0613240694151
-0.0340709818049
0.0705685459276
0.0747836951575
0.0632135256454
0.0414848947849
0.0851934158346
0.064471157147
-0.00363220293577
-0.00742169359762
0.09101933291
0.0854311611294
0.0337168988461
0.0729313786911
0.083317710034
0.0624156279373
0.035656054335
0.0560846771199
-0.0516939292647
0.0478289669453
0.0669297534597
0.0982308576449
0.0876972746892
-0.0476082890598
0.0418628470828
0.123888744894
0.0409210358272
-0.0313566286928
0.051323278753
0.114652164915
0.094420704051
0.0497063762447
0.0948865071962
0.0368831952583
-0.0247530766755
0.0892064781331
0.0255512240276
0.0252025564083
0.0339245874838
0.0163730541207
0.0752021552517
0.0542469449986
0.0182162505181
0.0380258741398
0.0527149439819
0.0964738207347
0.0531300536431
-0.0329743066556
0.0769256627522
0.0472798828067
-0.0488589652055
-0.0217356564096
0.0455160356882
-0.0533615079526
-0.00761067398316
0.0178353556704
0.102532536108
-0.0340192922949
0.0562400743955
-0.0195903390343
0.107420152141
0.0278947887666
-0.0696555555206
0.0517878656147
0.138120707418
0.0444055646629
0.0168084970381
0.051512418825
0.0383700786074
0.048030327754
0.0359876486586
0.0815496722444
-0.0892531014655
0.0239120439638
0.0530967254827
0.00926291368363
-0.0764213305713
0.0557744137852
0.109874577873
-0.0182178896982
0.0619432894046
-0.0392414975786
0.0611957300962
0.0712081297533
0.008972521002
0.0624029481029
0.0525574989099
0.0808833441744
0.0738968777043
0.0499630241548
-0.0123681130028
-0.0198952592265
-0.0140104946953
0.03314131917
0.00100890372271
-0.00885525177298
0.0185112256884
-0.0560816578065
-0.129540172411
0.0230606947505
0.0754083957147
0.0650653113481
0.0749562152403
-0.0216197329855
0.0807126080328
0.0351975384792
0.108501929331
0.0226219453712
0.0822195667368
0.118589907147
0.0483047581085
-0.0409155205316
0.0313228744053
0.0545582335716
0.0918420135741
-0.0621673644347
0.0764489882423
0.14502602071
0.0870366642225
-0.0172132403696
0.0938737975962
0.0209600771005
-0.00270126421072
-0.0259529504346
0.0329457922388
-0.000686960440772
-0.0375587460741
-0.0369196009663
0.0893597329865
0.0963020028096
0.0244719831709
0.0296430669744
0.0121451684415
0.0859410777991
0.0880973882592
-0.00657782036329
0.00658632534559
0.000139522868645
0.090985939836
0.123095163713
-0.0507416922178
0.120556887265
0.0261914153365
0.123193116941
0.0112790326341
-0.00307692300671
0.0690791883491
0.0683623329565
0.0680862137871
0.1176356348
0.0673655664019
0.0860762195942
0.00352140919517
-0.00811014819432
0.0523697081241
0.0578061771492
0.0632142329572
0.0216686403793
0.0828559242723
0.0493962883091
-0.0370807582834
0.0883585492006
0.0522359732927
0.0533334384659
0.0613452787495
0.0658157460229
0.105099276002
0.0453372341778
0.0678426378592
0.000986457121839
0.052186813113
0.0866389000724
-0.0265789750478
0.0045405295749
0.0356788502255
-0.00661551520462
-0.0147544364213
0.106844431195
0.0672894937668
0.0372624570673
0.0457628624718
0.0287307813433
0.122951218809
-0.0416291564036
0.0487060461661
-0.146868404697
0.0335495102558
0.0499578500423
0.121638382642
0.110238834345
0.0266005540674
0.107911117096
-0.0151583155537
0.0607699959452
-0.00651710227519
0.0289753582008
0.00123402638181
0.0842170514536
0.0136844272379
0.027606604856
0.0174299370472
0.0380836774824
-0.0356604397798
0.0606445771844
0.0673237894307
0.0283715742511
0.118308253445
0.0129122961156
0.108453623108
-0.0121459135457
0.0322036058617
0.0108473535285
0.0543062179534
-0.0517866390453
0.0459048215387
0.000538584375973
0.0654948017782
0.0653644265994
0.103349812771
-0.0263521260512
0.0821677172165
0.0512907923516
0.0592412658029
-0.0224033377708
0.0864730098115
0.0681233786081
-0.0164479189329
0.0360448150596
0.0476137604378
-0.0140654088327
0.0750825962977
0.0413687095983
0.0845870299723
0.0957612168704
0.0768772498044
0.0261406077508
0.0954680552878
0.0492487098896
-0.0212649312089
-0.160591938242
-0.0205277167118
-0.0189930819466
0.021508381393
0.0729378493285
0.0112270375362
0.0804914978185
-0.0199143465195
0.0454910189065
0.0387025429113
0.0288100820555
-0.0436210989773
0.0976442990823
0.129562215299
-0.0428203178646
0.0228977036056
0.11437557787
0.0658750734767
0.0803892902772
0.0301255749013
-0.0245604936986
0.0994276076828
0.0365656590679
0.0168150455137
0.00519372560755
0.0381209540364
0.0440762645124
0.0403078286328
-0.0394948600188
-0.0447063629822
0.0804625670129
0.129646713537
0.0980606388674
0.0525515779101
0.0832663448844
-0.0579713535527
0.0197502894435
0.0805798765977
0.0160643400666
0.0497866711856
-0.0305223563928
0.0663038522982
0.128923088512
-0.00960746125009
0.103954028058
0.0131361833617
0.0413886136809
0.0677542370629
0.0256206795363
0.0731604592809
0.00569815668666
0.0759693308979
-0.0221668567138
-0.00437024435417
-0.00335475864706
0.0495282095936
0.00562476038058
-0.0218134863261
0.012083908174
0.00965967125678
0.107292529871
0.0414243978281
0.110043540354
0.136104112738
0.0871036617355
0.0788857918574
0.064675399088
0.0126478795754
-0.0144313295554
-0.0812065942491
-0.00691986045422
0.0226062164378
-0.00501074754114
0.0475018294988
0.0387148034807
0.0283136372797
0.0554670997249
0.0371474301045
0.07290678968
-0.007599885656
0.00233057820134
0.026121248794
0.0486520025211
0.0792527412886
-0.023523358034
0.111111940084
0.0179229343372
-0.0594446068935
-0.0288572852795
0.090476109039
0.0253584704083
0.100491692273
0.10766202203
0.0660013197099
0.0860515214201
-0.0232488500423
0.0346057462314
0.0448623448492
-0.137659367798
0.0166840011153
0.126878297662
0.0790854692963
0.0689518252452
0.11068580567
0.071288495103
0.125096769262
0.0726639507891
0.0681396583156
-0.00858557042939
-0.0423089636638
0.0108859951798
-0.0492118406182
0.038745158395
-0.0462240323713
0.0311795194684
0.100127824161
0.0580924452647
0.0855312158653
-0.052700209397
0.108157008543
-4.74708901184e-05
0.124717611866
-0.060656535737
0.0206323270818
0.0754088475606
0.0979823400403
0.0745391784626
0.137666851792
0.0385833351758
0.104009446093
-0.0681662025626
0.0549026995833
0.0908695557076
0.0908933506114
-0.0342117199435
0.0373837890665
0.0925022703738
0.113288376493
0.0862107374892
0.0573480725312
0.0804414910727
-0.0061762809691
0.0274997807417
-0.0181456102274
-0.0431605019166
0.0520008700195
0.104418414937
-0.0887485532492
0.0720057551271
0.127205863482
0.0382748760024
0.0688997933071
0.0474745129996
0.0312303776351
0.00462293225111
0.0243312330208
0.0671017607554
0.0353582067908
0.0247587351392
0.064413683279
0.0730874799957
0.127880904585
0.139055027074
0.109105325514
-0.00666819559133
-0.0089987039928
0.0332417582064
0.11298085752
0.0485843320715
0.0372007043184
0.0689763730825
0.00583351892857
0.0644518290519
0.0464911076116
0.113255004295
0.0886546971002
-0.0311712407133
0.0550716593346
0.102213998206
0.0740578032736
0.0795375480686
-0.0819058445283
0.1004501255
-0.0518288561345
0.0329509706628
-0.00592931909236
0.115053608472
-0.0527155948885
0.0303566823428
0.105995389483
0.0455854917541
0.0689767816955
0.0392580600169
0.0165434155488
0.0390075600617
0.057000621633
0.0720245905977
0.0302758976222
0.0468328579454
0.0832710177709
0.099370706841
-0.0403959742583
0.0407412265623
-0.0164901055388
0.00142841534564
0.0346897707532
0.0277299898711
0.0226925979755
-0.00833820420147
-0.0397811240365
0.0886828791551
0.0730842363315
0.0425407892922
0.0577811930461
0.0324583697054
0.139661938404
0.113351376516
0.0166954183267
0.0886208775878
-0.0111198175568
0.0696325387115
0.0255514698579
0.114847207004
0.0859281612841
0.074273975968
0.0686966457174
0.0325346308493
0.0583730565702
0.0237952463566
0.11219953591
0.0594753883702
0.0937894448766
0.103244415855
0.00673248995302
0.119747059981
0.0642548187466
0.0630599471828
0.123884264848
-0.0209392270408
0.0667824132039
-0.0347925125386
0.00801879806226
0.108270977205
0.0483321202602
-0.0566630699997
-0.0553319230982
0.0236243918892
0.0063600190946
0.0704713198799
0.0235174412448
0.00965062161312
0.0146212287239
-0.0604807614408
-0.042424607518
0.128274346248
0.0332765935512
0.0698062885747
0.0373943153794
0.00237491184709
0.115267192016
0.0465305713832
0.0146991862738
-0.0377367161386
-0.0113732098322
0.0309919363308
0.0972514057376
0.120716126614
0.0700645755008
0.0820798368775
0.0926844510333
0.0756550148847
0.00387223853715
0.108638494394
0.0415797213096
0.101430791224
-0.0419535566262
0.0398357143317
-0.035129135672
0.0624342895365
0.103273273077
-0.0056237741482
0.0436060021221
0.0660878513991
0.0897896860667
-0.00154193456128
0.0253849096191
0.0351567019063
-0.0205501037881
0.0860271391022
0.0543577657485
-0.113410955478
0.0742779512182
0.103765870422
0.0585594069407
0.0777641116295
0.109118959424
0.094053968689
0.0972839884866
0.0980669623115
0.0385740183019
-0.0174468503132
0.042491841955
0.0336894443908
-0.0925822901823
0.0609746455037
-0.0387883647057
-0.0686044092537
-0.0161225939032
0.0969170742149
0.047874515318
-0.0170462293077
-0.0590656837862
0.0484878634959
-0.00102510002788
0.0253245553505
0.0130698146825
0.0367834707966
-0.0321084043688
0.0244236606314
0.119042916303
0.0685000617668
0.0673223061537
0.00315620377417
0.0598423304095
-0.00130130815547
-0.00885823180453
0.0549846143978
0.0489851858129
0.024033674943
-0.00548178057703
-0.0488197566868
0.0469796529415
0.0612398862774
-0.0525404882902
-0.00368463647165
0.0459319404667
-0.074350488159
-0.00911555580764
0.0135470582671
-0.0158384873138
0.0433304368847
0.121811059818
-0.0131959334348
0.0695653915298
-0.0150660237521
-0.00569902434943
-0.063371290326
0.0353026372016
0.0690051876246
0.0722810356048
-0.0366532952197
0.0654827552518
0.0968794128793
0.0799940953204
0.00377895083644
0.107804607267
0.0442427213981
0.0838005099112
0.0812858442736
0.0736898707208
0.0895780748423
-0.0351998266845
0.0311797419211
0.0396784393915
0.0745573798399
0.0788679980528
-0.0271844552006
0.0411425650455
-0.0534694130861
0.0279814663546
-0.0208098714597
0.0672305430888
-0.0343730580234
0.063121162253
0.0790517487466
0.0884975090102
-0.0329437674116
0.0116191959703
0.0782330532008
0.0823330299752
0.057941184214
0.0860272180617
0.134501087211
-0.0455175745735
0.095399408297
0.0892761746132
0.116677308693
-0.102607589094
-0.00449800160911
-0.0577656558418
-0.0130092845005
0.0494793209251
-0.0159655229798
0.0100766505173
0.0175311504273
0.0293442919515
0.12673453178
0.0809940170558
0.130054719906
0.0570545325953
0.0627748886171
0.0771490632966
0.108488927165
0.0548764574916
0.0971436427365
0.10988839751
0.00176521889842
0.0175772957223
-0.0255845535299
-0.0434775286588
0.0446913927237
0.0238313657677
0.0643017163756
0.0470279265813
-0.0564170863921
-0.0168822369428
0.0451240674106
0.0671933465303
-0.0260392106574
0.137697204651
-0.110772149569
0.0557271926262
-0.0704630628398
0.118502857808
0.0517961778626
0.106606646136
0.0581251233942
-0.010081407852
0.14012941159
0.0631769947057
0.065238662644
0.0570787336169
0.105176628408
0.0919034114771
0.0782235634249
-0.0441376390829
0.0251299972792
-0.0280890529524
-0.0880113970496
0.116095610357
-0.00371624154042
0.139061919796
0.0961099393576
0.0737031629979
0.0854511363025
0.0698642665701
0.0858030854266
0.0248903350151
0.127390678256
0.106492382023
0.0564407086528
-0.0487883475464
-0.0408946794905
0.083512140072
-0.0202943537127
0.0926079730615
0.0802548149458
-0.0186338671008
0.0392804316695
0.0270374174759
0.0675982416977
0.0662572111786
-0.0431517348108
0.0698695455354
0.0937415500659
0.0513567639223
0.0889524001221
0.0202419951404
-0.0321850521826
0.0638365514574
0.0665791414063
0.0255847942161
0.0983817061119
0.0572698361218
0.114628156966
0.0520926858705
0.00287901408302
0.0708877219277
0.0640437005487
0.0955096833064
0.120306055841
0.0311418059225
-0.0190007969018
0.0708956214008
0.00479240450354
0.0194671786572
0.0932366676002
0.0930516871512
0.0621974815139
0.0398762695944
0.12303647033
0.0595101332297
-0.0184704100443
0.0879892813517
0.051813519762
0.0312830476024
0.0782414730094
-0.0442781566832
0.02888372816
-0.0266146196137
0.124879961419
-0.0345976903692
-0.0576055343502
0.0354384342279
0.0484773136806
0.138115370859
0.055228872271
0.0225909283021
0.0942398109981
0.0499699001902
0.115970377156
0.0607639329507
0.00849375629931
0.0494299775508
0.0258410625677
0.136072807015
0.0354248164458
0.0633633354821
0.0718859840318
0.0510190457567
0.114629927874
-0.0520982152463
0.0803736773664
-0.0640175819716
0.0117514340769
0.0907394626165
0.128771370488
0.0368756850272
0.0390887296143
0.103100606826
0.0780632134591
0.102440175988
-0.0519838868903
0.0171574663427
-0.00723083749063
-0.114838046553
0.0629048443538
0.073832251662
0.0501938962516
-0.0975379858735
0.0200864053111
0.0823974205847
0.0421311689674
0.0615645712215
0.101688875277
-0.0279258336281
0.125737656782
-0.0316743724332
0.00859807528698
-0.00348888021116
0.00602631710811
0.0520255679483
0.121567000134
0.0102356905386
0.00275967248206
0.00510146899732
0.0742943285209
0.0729614194133
0.0925498407461
0.0681754491662
0.118978154979
-0.00851551872054
-0.0102980930752
-0.0491573439497
0.0727384456206
0.00149956474501
0.0876407036163
0.0823302385667
0.0536093978538
0.0651239992561
0.088349623941
0.0244059067649
-0.0181794935022
-0.00132770436087
0.127614072154
0.107368825401
0.00958558926714
0.0932787786701
0.0699793817177
0.0111312028118
0.0358035032139
0.0757440695153
0.0879688894763
0.0832452883934
0.0705348618509
0.0736421702379
0.013215371003
0.0977139237689
-0.0576222063236
0.0372357730703
0.0692298954721
0.0565344083541
0.0888128124123
0.0648394766168
0.00324730870508
0.0472178470811
0.107480998424
-0.0164496302735
0.0055084389742
0.0427220483689
-0.0133888067458
0.0370869566391
0.111202644366
-0.00354460843985
-0.0736912965234
0.0096396782539
0.0732036275429
0.144324151078
-0.101452755078
0.0743631600762
0.121103926009
0.114397059262
-0.100246968073
0.133529877381
0.0172102672616
-0.00289379877843
0.0248543832425
0.0844123206422
-0.0164520379602
0.0813076396906
0.0584289029608
-0.0720839028467
0.124282986543
0.0570934981699
0.138690749428
-0.0350626629416
0.09179593952
-0.00481570601363
0.0979433247361
-0.000276595760401
0.137026681165
0.0475248469714
0.128761316962
0.00997060940686
-0.0626763641975
0.0740374671602
0.137321146909
0.0850769803011
0.0222873999784
0.0360450997615
0.0608453597584
0.106538754669
0.104009632602
-0.0176543749648
0.0292639938729
0.0579702800856
0.072758931572
0.0533550817327
0.0278152480429
0.0622907319873
0.0155875813703
0.101577764828
0.082082325096
-0.10677811253
0.00633085141183
0.0197534891555
-0.00226281503953
0.131493122734
0.0706664351667
0.0912693292227
-0.0205062970289
0.0413382761033
0.00973680428493
0.0885185958493
0.00798777706267
0.0335782613084
0.0957239895502
0.0473514998058
-0.0023439507708
0.0999090836999
0.122434494626
0.0491768660614
0.00576981104635
-0.0190917683625
0.0186143626477
0.0963630531604
0.106414314536
0.0106565498969
0.0185054739195
0.0862156679471
0.0883023089701
-0.0350285003261
0.0906985146244
0.0126987908332
0.113631981604
0.100847027328
0.0455802392517
-0.0328030373314
0.0623139781074
0.0822089497133
-0.0104685917309
0.0252252385236
0.0743889458268
0.0625274129012
0.0993356624328
-0.0344053361761
-0.0472314486108
0.0493196520476
-0.0234562451331
0.0949103284992
0.06270252993
0.060212800583
0.0563282609501
-0.0217449819622
0.0352331664032
0.00536986045424
0.0730598100213
0.00627445131863
0.0887826734628
0.00366634012812
0.037340663201
0.141778722647
0.0123841668893
0.093265275909
0.0824743224869
0.128359793249
0.0472204989779
0.0361561393586
-0.0412425524089
0.0127615772337
0.112128021852
0.0827964810667
-0.0437459316826
-0.000509543057095
0.0363462579561
0.0247804901313
0.117591693735
0.125676293981
0.111023858957
0.00298319920229
0.0960859463069
0.0154588119419
-0.0229591343122
0.137648727874
0.0706873553855
-0.0140471792955
0.0377192985099
0.0370415963115
0.00249972285534
-0.0545853368504
0.0913771938277
0.0357478754884
0.138939346619
0.0453451919722
-0.0271528798018
0.0141294861961
-0.0864178988327
0.0747043649237
0.102527794826
0.0762439939405
0.0287888998968
0.0551196739032
-0.0224124311137
0.0407486904494
-0.0340492769797
0.0694868597648
-0.053757071897
0.0481520381539
-0.0141330440523
0.108509945707
2.6288707712e-05
-0.0110673303036
0.0853047222646
0.072353866188
0.0875024254723
0.0945287931904
0.0652250795032
0.0884958334225
0.0322270914826
-0.0109007103602
0.0341392161452
0.0293922880383
0.00483655821217
0.0349745747122
0.0191392388925
0.027321136676
0.0926679627977
0.12049001176
0.00168964264254
0.0273009932574
0.0210966686777
0.0926629607088
0.0179342925965
0.118757381077
-0.00605445599591
0.120555341989
0.0647104466027
0.0366748461997
0.115620496868
0.0337988073561
-0.0245815057516
0.0852526776152
0.0121150853685
0.131680934642
0.0087861955039
0.0250244471323
0.0202757395035
0.0739802404489
0.115080505596
0.0498448101743
0.119820196527
0.00358298576096
0.0112578367006
0.113061632812
0.0675280742453
0.0651934104606
0.0674462879799
0.117447031033
0.0726481588706
-0.0221454816483
0.133035481161
0.11640891906
0.00117441712256
0.0459814680743
0.0597892125403
-0.0158298093963
-0.0221550901499
0.0309289588381
0.0161195754452
0.0368335020791
0.09998838056
0.0522644099592
0.133459454086
0.0722510801051
0.0245361217564
0.116932896053
0.120887625597
0.0840646131691
0.0234770199815
0.0557156000984
0.0459382140918
0.111012793309
0.0284177713469
-0.00572881006298
0.0960449288948
0.0176036481523
0.0713044363577
0.0864019082885
0.0690535127626
0.0197887474483
0.0839576085331
0.0848472014924
0.00923334757135
0.0720187425615
0.136660777956
-0.0248856854833
0.120462607072
0.0862339287857
-0.0265706810284
-0.0119087309057
0.0812651405559
0.106190847303
0.138543659972
0.0863583810878
0.0390074865521
0.0561416511641
0.0461999569346
0.126988240552
0.102815277102
-0.0268086538182
0.00352191637012
-0.0643864664344
0.00119365243119
-0.0179145500662
0.102467075824
-0.037724649933
0.0997598212361
-0.0766660610413
0.0416641865065
-0.00149996629635
-0.0121644338379
0.0816072862778
0.0337811644591
0.0230764439021
0.108248973761
-0.0893053881375
0.105803093365
0.0524708524206
-0.00237777761329
0.0309496940947
0.0757048216059
-0.0336057662775
-0.00170809497689
0.0702999354529
0.0271513007586
0.112379693706
0.0150120059629
-0.0299303748592
0.127555066396
0.0516190360019
0.0256598706884
-0.0171961542276
-0.0926911764078
0.0490148807603
0.116347795539
0.00417659881016
0.0256678045866
-0.0283533626377
0.0010038549221
0.138796150727
-0.0607683386483
0.0693968625937
-0.0110557968961
0.0401686800506
0.0909101177197
0.020187065748
0.087684791913
-0.0193096438372
0.0186310454289
0.0371621932322
0.0188892407431
0.0780051029094
-0.0270496199958
0.0565856554709
0.0696428977202
-0.00496317088632
0.0811834410712
0.0972180457477
0.148102857096
0.00815777247329
0.0879863819296
0.0624695118434
0.0861001049198
0.0461662511667
0.028028139717
0.0774436388982
-0.0458160400175
0.0112862418987
-0.0535663225765
0.00243215873312
0.0670938559846
0.0121528015865
-0.031557669975
-0.0150092888621
0.00172713930476
0.0369805262723
-0.0521211319013
0.0278463608482
0.00742467850756
-0.0753225082346
0.0554916690089
0.0168990269655
0.0935978503514
-0.0605099837169
0.0407973100191
0.00335312059613
0.113637279749
-0.0349248549395
0.0267258582811
0.0556747892079
0.0487742680841
0.0241842634558
-0.0595015651209
0.0246861273056
0.0219985855357
-0.00519706529944
0.124293540911
0.105665764981
0.131313737365
0.0783084155012
0.0211150598641
0.0244650202333
0.0854984402439
0.00836068191747
0.0834941473023
-0.0564228403871
0.103319825817
0.0429340359885
0.117763272142
0.0531575820568
-0.0201286674637
0.0975177892534
-0.034908590469
0.0766119671145
0.0693185190612
0.101543707024
0.0643011668145
0.0147772014672
0.0590625247217
0.0478143214908
0.0869897550967
0.0445483266765
0.0358920491712
0.00120927815103
-0.0510198418306
-0.0292845219255
0.000877934713956
0.0573780405382
-0.00857645582417
0.0771383194695
0.0673016165232
0.0463464481491
0.0188454033521
-0.0568568766483
0.0913686390544
-0.029185825397
0.0130189574555
0.0951662504308
0.108971319214
-0.00401761948163
0.0500809861848
-0.0685736942326
0.0481027912755
-0.030530546142
0.00399220684377
0.0535467009468
0.103380815594
0.055627680949
0.106018223806
-0.116858012858
0.0637654146672
0.0279332522701
0.110896444591
0.0900183395376
0.0200603175577
0.045242938191
-0.0444888678044
0.0372461201104
0.000315006926809
0.0485832217347
0.0180248646201
0.0125037091389
0.0147329911017
-0.0488278756775
0.101424735113
0.095296817308
0.0923926929557
0.0879143293267
-0.0371089764868
-0.0409853577394
-0.0457948974698
-0.0551093256145
-0.0144915706361
0.0229074415166
0.015684952246
-0.080550160065
0.0406591660757
-0.0115146150879
0.0407550523138
0.0753142659617
0.0312455902993
0.0834483923404
0.1151539514
-0.00459773966792
0.062177082857
0.0392395592815
0.0724055787302
0.123421806215
-0.0356573971228
0.0370471433142
-0.0768343068651
-0.0656784337484
-0.0415684242491
-0.0513341628624
0.013752899746
0.121692491598
-0.00800336161761
0.00258944466049
0.00686682314063
0.144903005159
0.029259078674
0.0165146238633
0.0456493921659
0.0694008521464
0.109855471777
0.053068477086
0.120674202515
0.0968304636707
0.013358844762
-0.000518796868484
0.077006305686
-0.048745375373
0.0307581907262
-0.00922819065644
-0.0666315605939
-0.0143851000608
0.0421663832512
0.037416234584
0.0294254619426
0.0940184421707
0.00451805639443
0.100256783031
0.021254880475
-0.0422532491393
0.0888241062921
0.0525704865901
0.0768324044067
0.0270057657837
0.0790428893442
0.100069526835
0.108806102137
0.128805501967
-0.0270944730486
-0.00099524796298
0.09350674015
0.0595877439135
0.0035122004882
0.0316408498237
0.0135437294255
-0.00199493310707
0.0488647214786
0.107674024552
0.0572608365879
-0.00416563810982
-0.0493447125805
0.00724296386097
0.0652949675276
0.0774989121487
0.0534263486011
0.0348483500301
-0.0296418023278
0.121111300075
-0.034519471518
0.0788940288879
0.0328185300814
0.0678525883785
-0.0747254379941
0.018962315056
0.0131743213095
0.0418078337519
-0.0139965629494
0.00134627559418
0.0181433303774
-0.0012525880014
0.0854937816351
0.0218843670688
-0.0475912710972
0.0864983514358
0.0910568926176
0.0486995018005
0.0462292145736
0.0458880590153
0.10904086609
0.0575317641788
0.0485500283256
0.0202293579507
0.0450900937248
0.102011974169
0.064285519927
0.0558662094733
0.00428162682857
0.0340012867874
0.0615057431151
0.0316348043718
-0.0570821379413
0.0223077401268
0.0806574987491
0.054591022551
0.0299903255371
-0.0957583581372
0.0593984572009
0.145691869532
0.0886500884389
-0.0215403688952
-0.019442104328
0.12085559478
0.050293192319
0.0793845816218
0.00959007939207
0.0729547995077
0.0658044699297
0.0501933663889
0.0962872784466
0.0820447799421
0.128720176146
0.0117571741164
0.0668992346672
0.093998394625
0.00400826748006
0.109964130354
0.00689748636098
0.104514948199
0.0962813268379
0.0774502877685
-0.0412311153315
0.124393213655
0.111756794748
-0.00741010061565
0.0442520104557
0.0461495401211
0.0755716837019
-0.11858193252
0.0354986324484
0.0737055464367
0.0739743545644
-0.0469199145376
0.0639993445265
0.0066886374347
0.0520343543399
0.0502655909299
0.0723148609905
0.0980392912835
0.0169485912083
0.0521048733334
0.0574003877286
0.0938731437001
0.0653601888361
-0.0454255149152
0.087101173109
0.108307899801
0.0285286206216
0.0790709961009
0.126113332266
-0.0255951694221
-0.02498372186
0.0347828493268
-0.0229468191668
-0.0609180050705
0.0334191020465
0.0900476265834
0.070429240694
-0.0058340262028
0.131514819311
0.0223889120447
0.0468831514067
0.0288762050089
0.097067058101
0.0640907666896
-0.0558489763356
-0.103020072025
0.122731881846
0.0673033641654
-0.00341376909264
0.102290829561
-0.109351288794
0.0802821618842
-0.113604264502
0.0714581125916
-0.0320795570917
0.0424940106926
-0.000181396193203
-0.0633062370763
-0.0049634424465
-0.0689245708003
0.133791399572
0.00669781409234
0.0632121457863
0.0895227111332
0.0550383093746
-0.0323788205201
0.0723079288642
-0.0171754386327
0.0314688538562
-0.0196280174451
0.0255088174111
-0.00153758186264
0.0663716565236
0.0496326448732
-0.032262548432
0.00270051861202
0.0556928324245
0.0668159830885
0.0648993620653
0.125530783565
0.0176175492204
0.00354463452405
0.10315597292
0.0821793288838
0.0743731607765
0.0988087839237
0.0849771412137
0.0916148263557
0.00189819953319
0.0492292159934
-0.0309656620215
0.069199382673
0.0289433040293
0.0222395442422
0.0961289715467
-0.0505357118727
0.041058156242
0.0669976463183
-0.00870362984082
-0.00256276947517
-0.0393144047
0.108276871178
-0.0284378077869
0.0294220273813
0.083343958693
0.0307289222703
0.0591184625537
0.0552136937171
0.0501696274277
0.0983725988335
-0.0565036539433
-0.0351252693549
-0.0418068832211
-0.0129357064049
0.000234785626507
0.0688550180761
0.0212880366986
0.0990099137175
-0.00524940333322
0.104128728026
-0.0178394960107
-0.077168384619
0.0570275298564
0.123639757853
0.0200601419228
-0.0663252203171
0.0205401240706
0.0937834224956
0.0570571021117
0.0853587461677
0.0354375368544
0.0939263431728
-0.0277437461811
0.0877523810867
0.125571686267
0.0749741690058
-0.0184431903429
0.027034888363
0.0650162697315
0.0206161152596
0.0443755379225
0.0395921035048
0.04309632089
-0.0055713890476
0.0524113929713
0.0313578300673
-0.195546384176
0.086758222904
0.0627095927311
-0.0812194911792
0.128943358611
-0.0251143684963
0.0818798936694
-0.140677356804
-0.00378980025657
0.0827406248305
0.0431051329163
0.0228065716048
0.032643124161
0.120648001208
0.081014762582
0.131109454325
-0.00999961955105
0.0121578986377
0.106161921423
0.139557860683
0.0704566699873
0.0103111205364
-0.0399980462902
0.069779778934
0.0584861079388
0.0053375106911
-0.00855751763978
0.0610259902318
-0.0150830025844
0.0224814066919
0.00389821501334
0.0383657703144
0.0662238778129
0.0407616636294
0.0615142797581
0.0203486330493
0.00192893219897
0.033579412796
-0.0150622558207
0.0667564403101
0.0173786180059
0.054770195593
-0.0653370538277
0.0112582552823
0.0866449034856
0.0247797243407
0.0164676843288
0.0489625777451
0.0303269087584
0.0383809585479
0.0281157554563
0.060653926402
0.09525828859
0.00521771983947
0.0889307863469
0.0700650314102
0.0682604929734
0.0491091843046
0.0197037680925
0.0385214363202
0.0553404361524
0.0548007797168
-0.0572720826005
0.113320728702
0.103353207308
0.113064657674
-0.0362663057956
-0.148181635491
0.112048061762
0.00280506224628
-0.00247909581062
-0.0143208660132
0.0860080518563
0.0703542979844
0.0459052946059
0.0759759125408
0.00381950748939
0.050743737534
0.0394987768296
0.0196723631471
0.0278762643952
0.059492604479
0.0409080125794
0.0335561937869
0.00787289754867
0.034544860702
0.0692770988776
0.0236623294062
0.0686449239891
0.0662384586087
-0.0203537766998
0.0588812701548
0.0934562274354
0.119837878564
0.0882094560772
0.0626666595775
0.112304905837
-0.012054058251
-0.00431140566722
0.0805063537596
0.0307328119752
0.0512172418852
0.0926351694249
0.0644449724516
-0.0279351275281
0.0390388733564
0.112850308811
0.0594986776653
0.0328621008826
0.0522864012139
0.128301720724
-0.0535323500676
0.000327538341449
0.0835762679285
0.101199885487
0.0691303050076
0.0127494425009
0.0140291870671
0.0904893151983
-0.00953644402086
0.0623423593753
0.0154058665001
0.133156482938
0.132696474032
0.0601203139787
0.0977808067605
-0.0592828563086
0.0279315372345
0.0631172322687
0.102074783645
0.0271282240414
0.0794801291752
-0.0144028514631
0.0628938446923
0.105535646771
0.0597683446259
-0.0320269626815
0.0758834385696
0.0954006561987
0.0126534130608
0.0689522845479
0.0603626071498
0.0142350338432
0.0314747754644
0.0522617644386
0.0718211401491
0.0278415197838
0.0258990468663
-0.060076518503
0.00885689897095
0.113297666678
0.0682689573093
-0.0335620383186
0.0267180168348
0.0203668125927
0.0620374893251
0.0877639323829
0.018669489381
0.0258472509171
0.101960582294
0.000325415143409
0.00195201237878
0.140794452013
0.0822803719044
-0.0143143261403
0.0328863101793
0.0279224396254
-0.0371346315459
0.0580988297656
0.047387963473
0.1268147201
0.100248935999
0.0188228177476
0.00597073410161
0.0108355040377
-0.0219003865348
0.000285462894036
0.0369337908139
0.0562618894606
0.0441044771797
0.0541009645574
0.122166952671
-0.0112248616312
0.0888540736894
0.070412475593
0.0644270938216
-0.00384807466126
0.0508661256407
-0.00569498094035
-0.127907375852
-0.0591790411947
0.0835604696057
0.134245029308
-0.00724158914244
0.0299496080521
0.115136724109
0.00434488538171
0.0929889222927
-0.0279047132605
0.00367255225741
0.122458799077
-0.0107242410763
0.0178713353946
-0.0117394036447
0.0712063290883
0.0632055643974
0.0668908965716
-0.014202565948
0.0607658629779
0.0855386783983
0.0905239370461
0.0248871829447
-0.0213040343362
-0.011147233222
-0.0361391705205
0.111598115048
0.0109785340104
0.00417871155375
0.0893691697627
-0.0338198967046
0.0984226724095
