0.121451950977
0.0519953651509
0.0773440935506
-0.0343095028445
0.0635224027044
0.0656423607985
-0.0293295854767
0.0578530284447
-0.0131414563486
0.0723654967992
0.0104586609987
0.0752713657562
0.0471302333657
0.0922997631986
-0.0302918992993
0.102824415353
0.0903569611196
0.133980990315
0.0853667870595
0.102881781864
-0.0563312342385
0.0231135745246
0.00955580990879
0.103795841598
-0.0307778340269
0.0650652487496
-0.0212355336195
-0.0246276625187
0.0738471780156
0.04813044505
-0.0127609351577
0.0096959533874
0.0918498369483
0.0971110137145
0.0147019451149
0.129915598511
0.0407218290584
0.13800755279
0.0942407289777
0.085088920078
0.0347237038236
0.0995139059848
-0.00414369528723
0.0671451446842
0.12630406988
0.096766859773
0.0376485260685
0.0165579543686
0.0651362947636
-0.00726031270903
0.114750215447
-0.0110684426702
0.0309757856266
-0.0314768271915
-0.0559689648788
0.0698170508512
-0.0708242249889
0.0475092917793
0.0198054187665
0.111983088127
0.0283077901299
0.0523226703702
0.0992136686111
0.0824715170809
0.0962842250127
0.0217014667292
0.0262642775134
0.0110351536008
0.140257779739
0.0374093575963
0.0513331557324
-0.0239423530559
-0.0600671794359
0.0293228157953
0.100626004271
-0.0793282281323
-0.114831362965
0.00822877713931
0.0379568633725
0.130596466591
0.0294527648484
0.0312944665995
0.0478689737457
-0.0248737295269
0.0581304502237
0.0329254007655
0.101114961505
0.0978348010824
0.106448985574
0.0650703718032
-0.0171405716682
0.0252217121539
0.0866464060542
0.00571345840303
-0.0169835423743
0.0735041854584
0.00958492635796
0.0155453164733
0.0930761955357
0.0496761390366
0.0253903148734
-0.0575103065486
-0.00231450596362
0.0130881391971
0.139374528631
-0.0380236381421
0.0234564329415
0.0518090502499
0.0658644301023
0.0407715263014
0.0319489605019
0.110169507713
0.0915480330169
0.074405141677
0.0936863081122
0.0242779160339
0.0204717323006
0.137910556017
0.0204713682068
0.0522426783835
0.112436283028
0.0831614754956
0.0621790735961
0.0721084086007
0.0298270853581
-0.0382016864571
-0.0987258986638
0.0686413228739
0.0815236298825
0.0223393265063
0.05456574942
0.0673337902424
-0.0654258639925
0.0770838484062
0.0133911538431
0.0209803685954
0.087748970531
0.0378639092015
0.0161518204129
0.00197866366396
0.100699091544
0.104745860554
0.0993369365768
0.030309001107
0.0328819796218
0.0799693013293
-0.096436908337
0.135550045146
0.0582315724317
0.109989785041
0.0835023795446
0.111351121632
0.0192506450397
0.0844854397113
0.0251125305683
0.0317974210388
0.126259094539
0.0246990097801
0.0328606253151
0.094608538312
0.0708557003811
0.00963650148826
0.0549450616331
0.124664784959
-0.124407668382
-0.0141711240448
0.102750104098
0.0289121323472
0.0880808200401
0.12003422511
0.0684293446166
0.126340337453
0.0106904908201
-0.00440911396417
-0.05469482072
0.0271656158659
-0.0378638483637
0.0429160259769
0.0259334536201
-0.00392009449485
0.0281985185019
0.0676573880515
0.107095820199
-0.0243041111522
0.0211015297515
0.0721020288735
0.0825379127376
-0.0373945378898
0.0678684383358
0.0417498633656
0.0218690810805
0.119768580746
0.0530334555379
0.0967966565372
0.0486335556288
-0.0431530387478
0.122839083642
0.0752074962215
0.0724522214646
0.00978170809886
-0.0193410531965
0.10782142596
0.0371588210677
0.0237957636895
0.0966627400881
0.0801096804753
0.021757849925
0.0414583089313
0.0859420556926
0.0381354743376
0.102059267157
-0.00901936395915
0.0672035495271
0.106711664828
-0.0311614001365
0.108943112408
0.0626969467481
0.0292219348413
-0.0914487273327
0.0106172054886
0.0421199023508
-0.000367371215569
-0.0200901168498
-0.00787628153014
-0.0923230206509
0.0587513019162
0.0128974778399
0.0515239370894
0.121686739809
0.0965624565394
0.0762823527562
-0.0159037945001
0.0474136751512
-0.0810987116071
0.113447445173
0.0474474799327
0.106544576073
-0.0149183651995
0.106508621059
0.125742813144
0.0477688229039
-0.00586392500283
0.032876237553
0.0259904933796
0.0151512518689
0.0313566622971
0.0659698512171
0.0404894201999
-0.0112952428329
-0.020612382017
0.115941095835
0.0245607184908
0.0655797637944
0.0629681910454
0.119719434924
0.0765898804789
0.0822003884977
0.124649946536
0.00795670600712
0.0432102105204
0.0827093894802
0.0862798082979
0.0146331159322
0.0758837489603
0.0208874003837
0.0742920185165
0.116449669258
-0.0586205995559
0.0907108268691
0.0398439677908
0.0684898564919
-0.0200748187701
0.0216955060351
0.0392583400059
0.0882418832055
0.13448991477
0.0342555083369
-0.0144018093456
-0.0237953320662
-0.0367024078524
0.0365476975943
0.0437940582649
0.0445739502325
0.0516273275428
0.0320455253359
0.146467648098
0.128781304122
0.0870799536808
-0.000606476716079
0.129803567614
-0.0140124178391
-0.0963305814908
0.119899851227
0.0411876663368
-0.0322241907854
0.079110572661
0.0776046551779
0.0252011797358
0.01658617752
0.0845349443729
0.0568292415659
-0.0125283809728
-0.11138346531
0.0995662010046
0.0759484055031
0.0255693313853
0.0907686094912
0.129579971864
0.104654506678
-0.0296025380723
0.0566848261149
0.0882403744746
0.0549906330416
0.042622416527
0.054889637814
0.101675742109
0.0386350380757
0.0538285201164
0.0681363396908
0.0845447096188
0.131365498311
0.0466737164957
0.0666945848441
0.0987474486492
0.0592942594807
-0.000842294920401
0.115055677883
-0.00486546637099
0.00089969146876
0.0713394544304
-0.0533319666871
0.0656866562867
0.0194706368889
0.0837172937003
0.0548546625611
0.0279352685447
0.130489114154
0.12896448955
0.0378070885717
0.103463495348
0.0263519177031
0.100021835394
0.0663766569529
0.0645315699098
0.109548032511
0.0170960829658
0.0372487805592
0.0674476830569
-0.0193286657268
0.0682627601803
-0.0225279631632
0.113429982817
0.138062055617
0.125708873094
-0.0220264899791
0.0730298940336
0.110136144951
-0.0701014093907
0.0530663521301
0.00111314887101
-0.0109851767304
-0.0463050171552
0.0173588106561
0.0877980282858
0.0324471498035
0.125081252161
0.0139765898741
0.0912825917461
0.0293620580336
0.030947000197
0.0604460717637
-0.020281576195
0.0464443771537
0.0869452763818
0.112846943509
0.0854722733399
0.0389074963759
0.0233874983682
0.0377214638076
0.0433382207852
0.00712821953182
0.114587177555
0.0609519255985
0.0575808405805
0.0830749829186
0.0386861141719
0.0232447076748
0.0401706256871
0.0153401723249
0.0759229090325
0.0177916515955
0.0509423075852
0.0371310921521
0.0807855515276
-0.0841751766385
0.111416996696
0.11424552261
-0.0451530660413
0.0581334373752
-0.0284749137124
0.0782641895278
-0.0297851944836
-0.0178353324932
0.107730206897
0.000714666004018
0.0766227722355
0.0645384645536
0.0492774489218
0.0980808393397
0.00354850690592
0.0482464189528
0.0176301900212
0.0407435498427
0.136320542854
0.0145590740183
0.0823798270553
-0.0674804775436
0.137427507617
0.0328373196527
-0.00622700704679
0.023203589618
0.0382278834046
0.0548758108475
0.0515056181262
0.0468645831651
0.0805787009822
0.11208506449
-0.0018207731994
0.0912767055543
0.11996242195
0.0239774078767
0.00413342258281
-0.00490203269022
0.0865994316203
0.08759528502
0.0574366819404
0.0157388312669
0.0227351089009
0.0170215074741
0.125184658217
0.00964735630123
-0.102931673818
-0.060005021509
0.119035528413
0.0242907730736
0.00890280578523
0.0279271058662
0.097243116537
0.121019454669
-0.0252412348784
0.0607421406852
0.111743849517
0.0417560803562
0.024146139146
0.00219999567259
0.0198834253935
0.0893503326728
0.131553422029
0.0499650703403
0.058391977553
0.02659245495
0.00765748094293
0.106566216567
-0.0160225298828
0.0713839568725
0.0575531339414
0.0482892174705
0.0934003955683
0.034435880159
-0.00209067569599
-0.10581694581
0.0337595511631
0.0155258951803
0.0341552030075
0.113676724117
0.083211094706
0.0166017909304
0.00667602792911
0.102695676647
0.0323563140802
0.031381695439
0.0402948591192
0.0750378678341
0.130620358041
0.0670936972895
-0.0553052228258
0.119384929538
0.048395492156
0.0381650884427
0.114767273166
-0.00640324998746
0.0477378330192
-0.0191400034791
0.113515850496
0.129885665881
0.0567683695488
0.104318668829
-0.0436134562152
0.0930707371109
0.0469176383451
0.00800690671029
-0.0288483143191
0.058055164742
-0.00456547184085
0.0577072478338
-0.0370006235239
0.107086046977
0.122917661815
0.126390694327
0.063612274369
-0.0328094784312
0.126085413971
0.121680065892
-0.0686789850329
-0.0117709542812
0.0587439218321
0.0573325749846
0.0818780425974
0.096991139524
-0.00559445570808
0.0913949285035
-0.0873785081955
0.0622943227632
0.0843029849636
-0.00615612220559
0.0464912314997
0.0742688950354
0.0351480338666
0.0897694828455
0.0138711649761
0.0519326610048
-0.0193881824058
0.103758905643
0.122225108944
0.0999464124286
0.0584920944264
0.113038227383
0.1284539548
0.0443588497337
0.0395715791787
0.0396388731298
0.0277512837744
0.111435458292
0.0233628995569
0.106092976563
0.0371217828732
0.126028860438
0.00458652011235
0.0967079093972
-0.0069120171198
0.0179535418967
-0.117894433212
0.0647049302425
0.0329793005181
0.0369111194948
0.0245253952819
-0.102204257488
-0.00302960598415
0.089917379336
0.0332193855994
-0.0228509432845
0.0435418970413
0.016196226894
0.0112219826284
0.0507727410135
-0.0334244385149
0.0883747437302
0.0385736573072
0.0525461193757
0.0766387343291
-0.016735722511
0.116630146399
0.114812314788
0.0538500598479
0.0181173073749
0.126019127429
0.0796410898672
0.0147936274348
0.0951920894795
0.0436730674069
0.0940983548758
0.0604147387892
0.0871606960729
-0.00576049549787
0.119067902362
0.0154525801214
0.0463329490431
0.100837086939
0.0538470633216
0.0369282921456
0.0977830102579
0.10403306401
-0.0180802384449
-0.0194728981631
0.0346806911215
0.0253700044477
0.0637090721199
0.115338895832
0.0976165216267
0.0883176401942
0.125514980235
0.123712594751
0.0311449809677
0.090987268235
0.099649620395
-0.0302223108115
-0.0950355133361
0.0435174410094
0.113874279015
0.0237826202997
0.00508008659677
0.112543081545
0.115465625974
-0.0139848996399
0.0373629774962
-0.00847618866466
0.0536550625772
0.0494628750106
0.00173043119476
-0.0283298377347
0.057521260962
0.0595657632603
-0.00154301199381
0.111500720283
0.078518831357
0.00465711912765
-0.0337105212797
0.0185962738698
0.0629891795099
0.0999601820357
0.001320995844
-0.00712705958278
0.0813441939078
0.121326751155
0.00236892618505
0.0931084646507
-0.022152055584
0.0874300026973
0.088945064852
0.136403429803
0.031432396932
0.0548283708793
0.0471708426977
0.0685215264131
0.110074040751
0.0837157531063
0.00907834591376
0.0991235290575
0.0237681809439
0.0925010378518
0.109341454314
0.0628861748007
-0.00977045271222
0.103431766021
0.0602041782037
0.0835154883151
0.0796553728711
0.110634169029
0.0839623879162
0.0854597592028
-0.0216066353896
0.0627288555355
-0.00184127054059
0.0278606888126
0.0862172939124
0.0481479107084
0.0184812585224
0.0504956018298
-0.00723001130533
0.0802903637168
0.0918303787665
0.0109783187579
0.114892625742
0.111739283542
0.143974818357
-0.0557110179673
0.00894585853421
0.0779464274453
0.0268305587775
-0.0164697552996
0.00242613521378
0.0504363155023
-0.180141537509
0.109762653368
0.028841652116
0.0914340903324
0.0923012275748
0.0957918110522
0.0954449887548
0.0385828817861
0.0408907532867
-0.0296231975981
-0.0173805097798
0.0154659518081
0.0456526814963
-0.0179338275783
0.0506376110354
-0.00718751346437
0.0444108413361
0.0727291411166
-0.0484474995577
0.0403561044103
-0.0454489271986
0.0484722177463
0.0138348627051
0.123742440823
0.0211730379585
0.0388349303758
0.0168040866355
0.0445718626129
0.0815268157117
0.0919144015447
0.0679417106947
0.0861234141707
-0.0184937538323
0.0706729847262
0.0568458742195
-0.00138031652126
0.0750909442083
0.0903505158943
0.00884907922692
0.0147586063852
0.0494313844863
-0.0050876746148
0.0792896366028
-0.001289004648
0.0945548338143
0.0465754253016
-0.0765994311061
0.122307331031
0.0453460440806
0.104180904178
0.116078203738
0.0587771894621
0.0486858768773
0.000248744942674
0.0260465038287
0.0922783590525
0.0148398796086
0.0995248652552
0.0446924805119
0.074734633621
-0.0052204612092
-0.0105852366525
-0.0348032637599
0.121097987339
-0.0130144995481
-0.014393117598
0.0927474882371
0.0588110078618
0.0801392499167
0.0911045306134
0.0922472309201
0.0418235605154
0.118079632152
0.0182524368571
0.0680694758609
0.056505166106
0.106095324944
0.0298157118341
-0.030935268578
0.0730914377508
0.0419483440344
-0.0438857199955
-0.0309392504859
0.117134493226
0.0424250086814
0.0227938724505
0.0344519348197
0.079091109001
0.0561974873693
-0.055888781051
-0.0426323581626
-0.0518785097875
0.0996461245964
0.0692854501595
-0.0270404886682
0.0677319667788
0.0136700861474
0.0346080289421
0.0661490427618
0.0755812237486
-0.105330737101
-0.0488812735128
0.00341445992271
0.0728344083148
0.0155154040047
-0.0533685379364
0.0216564919188
0.095350593702
-0.0188741829016
0.0155811246701
0.00901863384801
0.017438713377
0.108054410313
0.097324489325
0.0648807793752
0.0342299050942
0.135832355776
0.0911601496342
0.0136753278084
0.138817851784
0.123507758289
-0.0173129044375
-0.0337393613925
0.0596952579695
0.0123008321276
0.025754129394
-0.0529107960339
0.066925072751
0.105783716553
0.13525489123
0.118320598748
0.00380467363147
-0.013060755251
-0.0256141840463
0.0762497619441
0.083295649565
-0.0195919267648
0.0613192478147
0.0606013764739
0.0628137913787
0.0425652539111
0.0940466845927
0.0182319221198
0.0436082579144
0.0172133073198
0.0246108451232
0.0641708014545
0.0447263434711
0.0621393082074
0.0352165050026
0.115952702334
0.0460248813673
0.0901236283747
0.0847626379821
0.00975293911601
0.00466536149649
0.099928660282
0.0397303485369
-0.0156605430031
-0.00152790503895
0.0309202477259
0.0309544103597
0.0684983237548
-0.0144826306226
0.119906233096
0.0844078279101
0.119212458101
-0.0290815120853
-0.104846219881
0.00486794217419
0.0602901448004
0.00628127429731
0.0918069691236
0.0523211621917
0.07535385705
0.0535620131281
0.0162315781124
0.114699934553
0.0958804714293
0.0569441138818
0.077968314243
0.00153361952006
0.0523649643204
0.0354746369876
0.0171162714508
0.0951094353556
0.0545343476467
-0.0128811847772
0.108036799833
0.0433527110384
0.0107765359484
0.0814515500345
-0.0134758418806
0.0757648022467
0.108456708352
0.0428220194809
0.00177024875423
-0.00740339785791
0.0107499768036
-0.00388594894294
0.0799736636894
0.00407591261752
0.00822578078157
0.0817205995005
0.124533052707
-0.0213791075965
0.0340713369654
0.00523233206707
-0.038047222753
-0.00456585027864
0.0933515957647
0.124038222522
0.0992777769786
0.031288980273
-0.0105506488806
0.0564705381619
-0.00567824272923
0.0398321590139
-0.0251378335402
0.0682655185238
0.0852373677284
0.06702258038
0.0362064140726
0.0667406992338
-0.0146498169456
-0.0167632030709
-0.041209170885
-0.0123664851273
0.0316408592798
0.107407565494
0.0338746573482
0.0475049064545
0.0359058819652
0.0992128348458
0.128227221004
0.102470557837
0.0770271562959
0.0467688211141
0.0317489056972
0.0232764936047
0.0441124377669
0.00907377280197
-0.00102172201309
0.0516497374594
0.0254414038997
0.119295760599
0.0103526722931
0.0815713745622
0.0869676748097
0.0331484476076
0.0884683391403
0.0742789122773
0.100141031202
0.0714715406744
0.112647937163
0.0146023018957
-0.0182254517995
0.107405616048
0.0855515373819
0.027095724687
-0.0365135564714
0.0794514079915
0.0227370977189
-0.0471847615442
-0.0243520134001
-0.023179030723
0.103526736173
0.106827106515
0.0427423097972
-0.0055705335711
0.0957659847613
0.0430932212759
0.11331982293
-0.00543953660197
0.116215804949
0.0531898035941
0.0577654032924
-0.0109764312255
-0.0110858067324
0.0923905597567
0.0528682340342
0.104043475594
-0.00379557623636
0.0751454875737
0.118386589331
0.0718779223178
0.0411543910569
-0.092463781532
0.089027406704
-0.0153175127685
0.0544863256754
0.00964283324609
0.0515924892003
0.0543450111776
0.0520731836947
0.0943813191349
0.0348920672219
0.100118302894
0.0602324844688
0.121690649264
0.0373961851639
-0.0998340729049
0.131602785992
0.0143541616719
0.0254146700548
0.0941960893117
0.0546789621875
0.033471698235
-0.0318030334532
0.0272382453825
0.0419133272275
0.0885550944244
-0.0672157236248
-0.060136467537
0.00822040919657
0.0981213528801
0.0692367910359
0.0954285875794
0.125309059713
0.0521498908874
0.0679408149462
-0.0316415308685
0.0471295637854
-0.02727080515
0.0362069918521
0.0128599309709
0.0116811638905
-0.0333214979872
0.0260431746802
0.036286840702
0.131004908379
-0.110966305026
0.0764134632501
0.0210617629616
0.036020236392
0.0265612410356
0.0190790533716
0.11885062712
0.116019071264
0.013246643747
0.0518627795613
0.0125719644747
0.0524268179498
0.0732169802258
-0.00379120824927
0.0322840819899
0.00227937708065
0.0362888603579
0.0571665886187
0.0348454437539
-0.000281354188684
-0.0100027142072
0.0295424688605
0.0218432436455
0.112439843381
0.0976670951094
-0.0486441480134
0.109152297221
0.113519493021
0.103825969639
-0.00323439718344
0.0584629339055
0.128835752965
0.0542647065415
0.120481756008
0.0396039834374
0.0133404280716
-0.0187226393881
-0.0806299432291
-0.0183319968225
0.0367439046909
-0.029430205292
0.0474134879525
0.109242125901
0.0783421386125
-0.119504572536
-0.0554635927966
0.0760922893527
-0.00881089845676
-0.0552957319734
0.0953205813231
0.0541128323925
0.0382031128548
0.13082527597
-0.0679947131978
0.0545979864377
0.0916752509079
0.0909515662628
0.111521826138
0.00591599028412
0.0332621869593
-0.0359797463439
-0.0154081460207
0.0776255075062
-0.0353602120509
0.050090287619
0.0568907034138
0.0884098942158
0.00372254174086
0.111739143197
0.042081132976
0.0212621759286
0.0464348586747
0.0479364577409
-0.00404030260973
0.0494983918595
0.04659580228
0.0655258934448
0.0186059905108
-0.0342095171198
0.0501206137379
0.0330593730498
0.036394087272
0.0155320357829
0.0673503853693
0.0200447086247
0.0746085425576
0.129190531529
0.0758919343339
0.0433808121836
0.0578076006445
0.0455863898857
0.127160790821
0.10046355411
0.0604635573775
0.0694452952939
0.0401992862403
0.087948236488
0.0724765240631
6.86776786694e-05
0.0410518504827
0.0994199883229
-0.0223257621199
0.0592535262034
0.0520620966888
0.0400987243361
-0.00709829924297
0.109287047338
0.0160250807507
0.13074217829
0.10635082279
0.0309196128789
0.0583713121522
0.120684143296
0.0847645372272
0.015111947836
0.00918044812792
0.100174129392
0.0933446512948
0.0768245203673
0.0505764930423
0.070132110422
-0.0373883215981
0.0198321885257
0.0519359852378
-0.0197065174006
0.128705160943
0.0469271960367
-0.0278740672089
-0.0113261431532
-0.0223602224579
0.100693724337
0.129931183429
0.0874706321698
0.115581341245
0.122102373362
-0.0312846701253
0.0324211237145
0.0866033191445
0.0397343766062
0.0254205326663
0.0421950373325
0.102933019176
0.0176166303456
0.0746130515063
0.0599924007952
-0.0649985590356
0.00627266927139
0.0157825274756
-0.128554802141
0.117514147028
0.132224695414
-0.00888905762092
0.0780635238599
0.0375032066078
0.0669911734848
0.0242107621155
-0.0107639642487
0.1369670759
0.0434311477776
-0.0652046969422
0.11004989643
0.102053028482
0.0300394238207
0.138064103468
0.0236312395049
0.0924837362953
0.0382534953923
0.143561742066
-0.0324545913225
0.00845115983233
0.0580927661069
0.0582047421841
-0.0169186361629
-0.0127955551851
0.0618704363457
-0.00770719585679
-0.0709977295773
-6.78566994328e-05
0.0729147118141
0.124992929471
0.113121140463
0.0549291316047
0.0832420952444
0.0513970126564
-0.0225798798619
0.0110100923405
0.0862832057136
0.0363667422455
0.0679517827345
0.0794440550902
0.0132666892587
0.00178678033223
0.11492724324
0.113958932403
0.0209106016266
0.115933443602
0.039879166733
0.0143409251918
0.0462265586119
0.025618749384
0.0944767404984
0.0880638735602
0.074604367116
0.0628195990135
0.0861994085719
0.0526074561004
0.0814260615906
0.0527475737722
0.00257445645847
0.0843958283669
0.0552127132111
0.0264159386257
-0.00509655058132
0.111665809452
0.00121544744177
0.0685948393081
0.0791626497731
-0.0210696462535
0.0415721652345
0.0478961228999
0.0597892282838
0.0408662795969
0.0879905052681
0.0583805337159
-0.0369697549276
0.096063680814
0.0570065080179
0.0075983575085
0.0248977383988
0.0252431071877
0.129365169678
0.0171471739487
0.0684250779727
0.114995361084
0.00715899372752
-0.0540017266695
-0.00119089930604
0.101633512096
0.0303099347999
0.0322385441852
0.0104264680326
-0.00915109101131
-0.0270757207396
-0.0386119325756
0.0930774657312
0.0750553427656
0.0597657741776
0.00339151861104
0.093937925643
0.101649246233
-0.0349068786758
-0.00597585291918
0.0830474008809
0.0908343083382
0.0799035314676
-0.123269394083
-0.127090328996
0.0444953536082
0.00568225887945
0.0845689439611
0.0884994020583
0.107660133767
0.0948250939513
0.125198304705
0.0709052963742
0.082774756636
0.148188381047
0.107792704783
0.0561748581541
0.094304881502
0.067297484798
0.0249308972614
0.00351825853517
-0.00148294890634
0.0954520967135
-0.0567367600895
0.0463903629903
0.0849488428411
-0.017763467791
0.110304397351
0.0189017713597
0.00913537073473
0.10584620828
-0.00720099920353
0.0354275000656
0.141271716861
0.0128254679266
0.0493488510055
-0.00554118017945
0.0211611187173
0.0782049670005
0.0541982946716
0.0335749116976
0.0993465952263
0.100632258698
0.0864709735809
0.0719597335653
-0.0555031732781
-0.00480785020537
0.0824553597265
0.0448811148309
0.0810286163598
0.121956437498
0.0282947523413
0.0795156913555
0.0545540830088
0.126960770555
0.0670446970206
0.0986832050204
0.0721537089485
-0.0814531039776
0.0176111947517
0.0937549788347
0.0255825677966
0.0876467955977
-0.0235246185025
0.0633473597565
0.0865219049928
0.137577395297
0.0360258068325
0.118527973488
0.0841292486036
0.0444235258609
0.0408199374781
0.0811511474371
0.0287371512236
-0.0219435916742
-0.00989775862482
0.0908374364038
-0.000865602964365
0.0877246177791
0.0903732678626
-0.0539185171037
0.10867717895
0.111051727809
0.11402297732
0.0733087156356
0.0331595367384
0.0704070930019
-0.0155428181662
0.0999667413769
0.0985238234667
0.0976287294955
0.0454376760808
0.0349375047463
0.0989454696719
0.0885889467862
0.0485897910537
0.0799887635061
0.0440651411387
4.74121433545e-05
0.0322351437108
0.0279330454436
0.0439837949135
0.0026889396202
0.0953509299891
0.0660820712684
0.0425452032711
0.0755385516171
0.132213613693
0.0543865751493
-0.06316021846
0.0926084877192
0.0225547420826
0.0747079214603
0.0629029588078
0.0678692641695
0.0101376922785
-0.043076839273
-0.0121048100184
0.054541354757
0.0415270797649
0.0944538720199
-0.0349171598938
0.00468541132175
0.100861767998
0.12298481708
0.0382927064663
0.0140815290005
0.107125283526
0.0298486730663
0.00687297010924
0.0755694136047
0.0441386818089
0.0886289596534
0.0180352727625
0.0025533797539
0.000176071592442
0.0768327813292
0.116059373193
0.00431313060087
0.0682711070838
0.063426837918
0.133113438722
0.102784354308
0.0382624415688
0.0470050150511
0.03593697502
0.0525381117352
0.116396409799
0.0474158024315
0.0772726546595
0.0716427795302
0.0367078353269
0.0200756601406
0.132334385615
0.0276377073344
0.0873269966898
0.118788243414
0.125427177321
0.0617024994292
0.133418903416
0.023400844011
0.118993485703
-0.00974155711373
0.0474548618786
0.0312987095636
0.0743664609878
0.00290671099309
-0.00525932634944
0.0685995291262
0.0205474534903
0.0237222622804
0.0227803555862
-0.024919522198
-0.0359948312748
0.0239610218428
0.0984056485947
0.0666861873849
-0.000792342313122
0.00440995359251
0.00286347376029
0.0669753558797
0.0217382992006
-0.0350291960171
0.137833892872
0.0473678751561
0.0327423174892
0.101694362523
-0.00088979022903
0.0554507836632
0.0653919327516
0.0700409750896
0.0916510962944
0.0090608732185
-0.00483388090453
-0.0937656663924
0.0561742100951
0.033154131579
0.0453629127483
0.0121193723154
0.0663175139508
0.035650214347
0.0480857467734
0.0976541717551
0.0146232060615
-0.00243592303534
0.0750192365732
-0.013701506652
-0.0439995146304
0.060344667616
-0.0678691525111
-0.0128524987378
0.10610841689
0.0265136056996
0.0228063024711
-0.0131086186056
0.049903428318
-0.0117447146454
-0.0605694186183
0.0899781072802
0.0702151465855
0.0332666953457
0.106952702979
0.0643699608046
0.0211569119619
-0.111284324279
0.0321823925903
0.0284140640263
0.030834106506
0.0877748594729
-0.011892996079
0.120756445678
0.0537246295794
0.0660437327953
0.0280150548722
0.113950640786
0.100794236459
0.058176580971
-0.00179589992425
0.00823816623883
0.134370122429
0.0895879350011
0.0388882986532
0.079667418878
0.0720608012727
0.060301775311
0.0761029164537
-0.0479321160857
0.0329043399395
0.108788015987
0.0326782732808
-0.0127743043406
0.0635448455527
0.0109822339388
0.117767620329
0.0478851504516
0.062246467685
0.0673527386638
0.0768029806184
0.0490637423251
0.0573463342974
-0.0185965649497
0.0555053025543
0.114653121669
-0.0703141715646
-0.0445560748592
0.0682933200335
-0.0130373499089
0.042838881445
0.006805674254
-0.0475376205613
0.0820414784918
-0.064256429403
0.0580029608786
0.0901182969492
0.0485163948271
-0.0655540144061
-0.0323482065062
0.0576795267728
0.0301224720567
0.079449221336
-0.01938239019
0.0557120430928
0.0420813770353
0.129337319989
0.0872344548746
-0.00970675739817
-0.00866721891157
0.0433957652842
-0.0012662789731
0.118979742118
0.124639641123
0.0306610586063
-0.00122641332559
0.0340298412839
-0.000265602726198
0.0222469599438
0.0939092249982
-0.0203924404989
0.132482885668
0.132302340502
0.0421051292005
0.00388900810612
-0.00498100757084
0.0704682382932
0.0232115105943
0.116768290087
0.117795425586
0.061967637823
0.0403154470202
0.0630816531505
0.133391928638
0.0147291013515
0.0511429465381
0.0675132572236
0.0429935818976
0.0144383525276
0.0176641896311
0.0198157382447
0.00662336033136
0.0457893446118
0.0349086277771
0.0646691590882
0.0115265396647
0.0857202544541
-0.00841365841367
0.0234448064162
0.100044574252
0.0723000403965
0.0536730388368
-0.0193395536984
0.0744635410233
0.0714538881477
0.139642920324
0.0275644535715
-0.0490315103156
-0.0153375672823
0.0802266534517
0.0916045953286
0.0860229474353
0.113036556356
0.120663230215
0.0219272741531
0.115778802798
0.0379474667204
0.0755560385583
0.0884588964877
-0.00850018384865
0.0889276660401
0.108013661134
0.00170459281447
0.0933315202238
-0.02756620132
0.0514500949299
0.0472052963528
0.0702075227082
-0.00275220626896
0.0994893835714
0.0631072362102
0.0178286553888
0.0429458711014
0.0803185667385
0.0721234791156
0.0298160975288
0.0647281545109
0.0383602205733
0.0397151813143
0.0483094478033
-0.0685693481817
0.0133138790917
0.112006112241
0.0331931617357
-0.00649507769654
0.0552313297893
-0.0290495077467
0.104966742186
0.110989403414
0.123092840608
0.0439004721735
0.0324122558615
0.08559322673
0.0427837097366
0.0102966952778
0.0797189582425
0.0244988781789
-0.0055140988452
0.0837114836246
0.0713476351982
0.0373274253003
0.0283230604217
0.122862794256
0.000433665229195
0.0406223505795
0.0492843229177
0.0175564241952
-0.0252372742966
0.0852414825681
0.0636427589946
0.138426942686
-0.0281309927265
-0.0629863102105
0.112971419869
0.0438535548942
-0.057976028036
0.0184257122141
0.0602474834672
0.0417229538415
-0.0241233684997
-0.0408799682703
0.0432120711126
0.113309328026
0.0694227381997
0.125732603116
-0.0862411673056
0.107910596139
-0.0664990021488
0.0389061049233
0.0319145248252
0.0999620458273
0.0146239104981
0.0879345350143
0.0626092296247
0.0320701055269
0.00390128562008
0.0376211678793
0.022106274422
0.0509344505623
0.0295922371703
0.0254150795206
0.0861379275272
0.0227702891637
0.00501474943598
0.095663763836
0.0418788937221
-0.0214056926913
0.0915422249483
0.0488954136955
0.070964945587
-0.0315640517063
-0.0051325650196
0.0686270917918
0.0873396588827
-0.0303977819881
0.109020720615
0.0454639283484
0.0139622755961
0.0195623441572
0.0837058681054
0.0704358363095
0.0160781255198
0.0749834430864
0.0259080431117
0.00908066188561
0.0846054678774
0.0870509934279
0.0110450534875
0.059374171473
0.118820929275
0.0533983000621
0.123097391856
0.00727973954916
0.0537672210878
0.0797990513017
0.0332407433302
0.0436433434267
0.0536317727532
0.00589426934541
0.000356943746464
0.0890459077146
0.0210379845214
0.0560243076794
-0.00157313377935
0.0162139013805
-0.0923109680969
-0.0491883777757
-0.123686510302
0.0356797722323
0.0593425623126
-0.0342387918386
0.0157308030202
-0.00412562216772
-0.0625077579177
0.0714444975177
0.0751849209646
0.0685860256529
0.0543330605212
-0.00142201232704
-0.0436664875933
0.105167705417
0.132697426256
0.00839732495234
0.051283299607
0.0263040967597
0.0851862129236
0.00356131343976
0.0456798097599
0.0497937115144
-0.0211050876261
-0.0407334143812
0.0209397280796
0.0765473408284
0.0798524421476
0.113663732285
0.0709039377131
0.0631880809261
0.0801946917652
0.0395463899911
0.0202761653982
0.0691921022686
0.0644315163059
0.0172352155545
0.0322437983452
0.0732465581239
-0.0131840458465
0.0514798426305
0.073841723064
0.0934521578313
0.0207088358187
0.102371062464
0.0627669701902
0.0271017363912
0.0330553969997
0.111617248506
0.0725669232138
0.0732186956339
-0.0435202261533
0.0423547005435
0.0165994733588
0.0370259004577
-0.0466517364294
0.0791707128342
0.0331803681917
-0.0046291167771
0.0285497080911
0.0771141505881
0.0652944333337
0.0798176555825
0.00284407301739
-0.0369747644834
0.093944501658
0.0970721222139
0.123992497359
0.109260513738
0.0480249692987
0.0963164139319
0.0199511204242
0.0796728436483
0.0686734910109
0.058913879513
-0.0664519888376
0.11709021855
-0.027678501663
0.0796877210003
0.0150579830931
0.0903907847574
0.0484275775444
0.0121998264961
0.046917468265
-0.0217636704265
-0.0431215156244
0.0465323780598
0.0704207031311
-0.00741013118609
-0.0331171300737
0.0384539957196
-0.0417232158524
0.0193146186458
0.0527976161768
0.0699150057839
0.0182897533199
0.10157375484
0.00806631995277
0.0456493341393
0.0120214798878
0.0732985030574
0.0318623944339
-0.0112011211755
0.118707912906
0.0720235706613
-0.126785154078
0.119414774815
0.00767139079408
0.0184972357728
0.139868359832
0.00837868037814
0.110822443647
0.0950198243391
0.0242408288182
-0.0691523236417
0.0855784154174
-0.0526297498124
0.0834998471522
-0.0136184170884
-0.00513385332759
0.0858012937791
0.143265338663
0.0301415844923
0.0334889782445
0.074481579617
0.0968995632167
0.0734368553826
0.040125828223
-0.0762984380839
0.138145047313
0.00861151331218
0.0327487014992
0.0789879328746
-0.0581701750677
0.090981025938
0.0164275282966
-0.0013972618329
0.111402841197
0.0281645088959
0.0255037400221
-0.0584755097922
0.126096299166
0.133344904679
0.0507092863547
-0.00021744277771
-0.00641500067675
0.0536302414112
0.0454377353211
0.119490896468
0.108703187069
0.076372316731
0.065785545776
0.0239042187594
0.106734580037
0.136118079103
0.111819354805
0.0210654888764
0.0390053814383
0.0456323046656
0.00415793640398
0.0455797508728
0.115079952497
0.022264009482
0.0315988042372
0.00856986707585
0.0973223120289
0.093291181734
-0.0139424369823
0.0883188361588
0.120452545799
-0.0649929351856
0.0842500865925
0.0861296144966
0.0156996795889
0.0559452157247
0.109625825318
0.123251817619
-0.01412532698
0.121503209146
0.0709895187929
0.0560365149155
-0.00711853683471
0.0156149065248
0.0244967057238
0.019845688315
-0.080093796143
0.0711831002209
-0.0110981388886
0.0618283526758
-0.0475245650826
0.101121334992
0.134897691791
0.0612161704798
0.0709009176956
-0.0133448726402
0.0691395507246
-0.0640585962311
0.136983051636
0.0126088421645
0.0802200125129
0.0927453103313
-0.00727903286474
0.032256200936
0.0524892358981
-0.00280369084348
0.0649896068465
0.0513133881009
-0.010626525784
-0.00789589746516
0.0698324401717
0.0808930302732
0.0974688909827
0.0165757017984
0.0797787702174
0.0247153401609
0.10724456432
-0.0310865776753
0.123870075077
0.0575716975035
0.0988842289772
0.0238317274293
-0.0130994979628
-0.0462140477645
0.0643874166292
0.104477915166
0.0911681152585
0.0705537156965
0.0624268875664
0.0796346748663
0.0769952420481
0.0283595467431
-0.0136682020496
0.088873540714
-0.00322076977404
-0.00125896953519
0.123836927831
0.024984958384
0.0920493074794
-0.0330369678443
0.125493138352
0.0340721396477
0.0320077768441
0.0894064391436
0.00681429019353
-0.0555307195663
-0.0193210638952
0.0391012617682
-0.0173358465608
0.0576412597362
0.0791421896451
0.0955426293558
0.0820601016232
-0.0122249478466
-0.0168955987895
-0.00818590514685
-0.0225648761908
0.0796589275943
0.014581182691
0.0403815209127
0.0727430633718
-0.00580825092344
0.0998624596723
0.0018470923234
0.0106480049531
0.0408142262533
0.0484712512216
0.0887192663104
0.0917970659834
-0.00107993238045
0.094412135031
0.0274296761461
0.102456630338
0.0342325529556
0.0920561431155
0.0237207163915
0.0781378671547
0.0495321891268
-0.0130577386872
0.118274278983
0.0651030254375
0.114479433326
0.0646126789063
0.0801367978367
0.114563361391
0.0115018614954
0.103445710544
-0.0703639984121
0.0759349393789
0.112696401141
0.105752820542
0.0646789787263
0.096443433217
0.121660311527
0.0737979793748
0.0408678152288
0.0048172383732
-0.060125282995
0.0842118892695
0.0312668833343
-0.00715189812193
-0.05947943463
0.0966551610861
0.0138284882343
0.0162901284489
0.0649764082711
0.10572824436
0.0558370087525
0.0637428206934
0.0919296274423
0.0882795539145
-0.0215524362048
0.000571988368653
0.0710459730432
0.0422995175903
0.133774728439
0.00509396876066
0.130186681529
0.0432155197066
0.137706469814
-0.123835263464
-0.0266463489704
0.00444158036486
0.0183808094338
0.0132733496479
0.105528348782
-0.000410225934896
-0.0111508356021
0.131695028872
-0.00407980925937
0.11165678218
0.0239832139242
0.0555439196456
-0.000868088248313
0.0401261997579
0.0479081096035
0.0946453023188
-0.0169795387081
0.052418586829
0.0885529421921
0.0293691370093
-0.080012896201
0.106200448206
0.0658473763484
-0.0635776386831
-0.00837074464852
0.0605591792339
0.0836280545521
0.13185472177
0.122043038809
-0.0881618653008
0.0715257512627
0.0312457565392
-0.00171585308675
0.096878067651
0.043642646129
0.0341567784257
-0.00609203210371
0.108662001979
0.0692680790682
0.0304129263263
0.042253567997
0.0155719535704
0.059055878425
0.084151238536
0.110928259526
-0.00295010278002
0.0572315154432
0.0817511045909
0.117458488899
0.0162273522621
-0.0341542059142
0.0897053990568
0.0193321395197
0.121947409533
0.117137095918
-0.00634457135854
0.118264715222
0.0865769796019
0.0710027284201
0.116345219299
-0.00736886397722
0.0173476183357
0.067379789269
0.0898050274566
0.0731291609064
0.0535217257793
0.0907219835457
0.0768874833079
0.0625136429801
0.0319841139236
0.00467804984441
-0.00817494566712
0.0029056640187
0.0364870453144
-0.00994040347287
-0.0740299200656
0.116889712527
0.0483921702444
0.105117677179
0.0110297026096
0.0749962310522
0.0187676149893
0.0152680061936
-0.0275187752423
0.0346812762206
0.107676640146
0.137573703809
-0.0148135320636
-0.0093623023581
0.0615319074574
0.0574127432973
0.0433289997236
0.0241830458034
0.0866140427973
-0.016770763481
0.000171558454699
-0.0187263498269
0.0227139165581
0.134965176364
-0.0786693723928
0.0292799915685
0.0891246911332
-0.0204562565119
0.10572247365
0.114069594631
0.03140903501
0.055096468618
0.037264112468
0.0416931108314
-0.0490906624258
0.0309469010285
0.0949456511473
0.0814102414732
0.0208890626816
0.0179522023921
-0.0183923223304
0.022806982324
0.105803411814
0.0633068116137
0.0668800697992
0.100747044722
0.0247698993853
0.113602758751
0.104209452612
0.0635107564159
0.136473442672
-0.0450974848182
0.0674521665398
0.0444005893669
0.0903632682631
0.0140134627367
0.0920020138122
0.0299752775228
-0.00332092605316
0.0818115060062
0.0130020128344
0.073928749552
0.0777203944218
-0.0258441716978
0.0758957594847
0.0424158729846
-0.0244195115802
0.102193972524
-0.0400332035123
-0.00582646930664
0.00130991346453
-0.0608115757772
0.0267623552621
-0.0311208525352
0.0274766748696
0.102962591399
0.0134858830288
0.0941270931498
0.0963160793646
0.12372729762
0.0978005986746
0.0118609251956
0.118836563056
0.110144841145
0.0679965507071
0.0933685365584
0.0858966231851
0.0963958792095
0.000764472586321
0.0389130751223
0.0691424749944
0.0760231948252
0.129447609854
-0.0200057248176
0.0503338117891
0.107627899361
0.0799887272228
0.111425204007
0.107778448304
0.0480395241744
0.0125454201145
0.0427876787901
0.0169097209719
0.0908782687232
0.139545606784
0.0445334505474
0.10560040781
0.0655640329763
0.0270933596961
0.00264361370042
0.0349769933456
0.0172331741234
0.0434542809029
0.0376734939843
0.0921048322413
0.0830989782389
0.0185428477939
0.049150505754
-0.0441067591737
0.0247863256166
0.0145000505023
-0.0998164530279
0.0165471007689
0.0169075279585
-0.0286934401207
0.0158237674565
0.0294788193835
-0.0134513986389
0.0222028388222
0.0642451474224
0.0539290031349
0.0384106366707
-0.0104996040039
0.12464406828
0.111462811639
0.0798239119049
-0.0248355778039
-0.048954429444
0.109125115413
0.0365856909291
-0.0588815317271
0.10210895066
0.0462494970706
0.0311692734679
0.0502425493342
0.00396421782126
0.100471786944
0.0838870239013
-0.0200390716987
0.123279695225
0.0484638126856
-0.0354062428048
0.0601423733918
0.0551517814053
-0.0207082293147
-0.0132163337354
-0.0158356390505
0.0440859070214
0.0163628123233
-0.0425209891668
-0.0198965618879
-0.0800405615348
0.0656564549444
0.0278248622762
0.0159303016025
0.0934076889897
0.0535171630967
0.125999384505
0.0243819546594
0.103175073664
0.129826635549
0.0362026711537
0.0563237194933
0.0207337986918
0.10151462841
0.104280917463
0.0917599463922
0.102075660527
-0.0123594888899
0.114073837223
0.0462143276884
0.110949471115
0.103587057632
0.139010221425
0.0177682970535
0.089461846449
0.133157171857
0.0584874642728
-0.0190943183019
0.060718613263
0.129011780841
0.0562171632068
0.0797750762397
0.0758087913354
-0.000295704149122
0.0258649497281
0.128841752676
-0.00831025385901
-0.0669648776726
-0.00264600250071
0.0326200795192
0.000613633700842
0.0125970996345
0.0616559810178
-0.0590999852288
0.0571191944956
-0.0143030659825
0.0828974835083
0.132830805757
0.0188417434735
0.113952749096
-0.0309834404198
0.123696819639
0.0743767254719
0.108646047015
0.0712706865755
0.00995132519811
0.097727857941
0.106373182201
0.0408535656617
-0.0141793377887
0.000988781322505
0.089243924319
0.0265479592751
0.116814338746
0.144424105389
0.0400021248593
0.01323489125
0.0994118267065
0.0789087740566
0.0243151873334
0.0412155093313
-0.0314907344013
0.0541144235992
0.0385135832532
0.0912792837215
0.107846328895
0.0745940001426
0.0275819424667
-0.00708251825016
-0.0110021511607
-0.0523556845151
0.0635246774337
0.0961341303791
0.00940173824821
0.0282596720933
0.0801497554927
-0.00371581419082
-0.0525752922248
0.0419090914225
0.0855624959066
-0.00175894883169
0.0829853452056
0.0649582768324
0.0509703711747
-0.0385500456773
0.0393271682156
0.0154257366466
0.0316900079086
-0.0941342166783
0.0768890541047
-0.0204570051003
0.0559501810638
-0.14636471403
0.147616312647
0.118908403497
0.118293269932
0.0218817956174
0.0845151572714
0.0758886834168
0.00271472362151
0.0660170672848
0.0886385394728
-0.0612810830043
0.0646501566525
0.0281022641866
0.0235766475457
-0.00114292876328
0.0089934242196
0.0382407110812
0.0717750612498
0.116490911586
0.0741869609382
0.0652722383099
0.0281323230194
0.0683858103887
0.061540060949
0.119689187366
0.0387832703644
0.0406429020457
0.0325865802547
0.0869726595663
-0.0302591558303
0.0955133607691
0.0264060582261
0.0373769822197
0.00788290333593
0.0309851596835
0.0199060879415
0.0977789327596
0.029992010371
0.0978949467997
0.0285705308538
0.0135468538946
0.030508893648
-0.0267811110393
0.0695920659832
-0.0888411976311
0.0562882643007
0.0959952329415
0.111336901274
-0.0692819064785
-0.00696169534447
0.0695708716027
0.0291159479061
0.0963919582628
0.0352549106448
0.132631298497
0.0331563235392
-0.00976656708733
0.134307429432
0.0824693844053
-0.031520165515
-0.00505328889223
0.0724889516419
-0.040940919287
0.00834658436914
0.065017177035
-0.0207825137335
-0.0179062230995
-0.0099141615037
0.0937729745446
0.0829545837699
0.0831049557107
0.110654351995
0.0851004636514
0.00481021703537
7.44713734928e-05
0.0807000567826
0.0383274973278
0.0699921866341
0.111664924775
0.0717143689733
-0.0231379901545
0.103507510131
0.0990208916154
0.0180591247357
-0.00419629332649
0.05452654143
0.0393980147155
0.0431574212391
-0.0309428843198
0.0460513932256
0.096260750473
0.055627299214
0.065457354592
0.055986024998
0.00914897266685
0.110966703483
0.0277457505796
0.0954088384731
0.0330023016277
0.0976129816503
0.0471588442575
0.0848936699522
0.083396507875
0.0552550780108
0.0427131748132
0.0972378390107
0.0935045990022
0.0653902816902
0.0515858527883
0.0762360496657
0.0103678282026
0.0813999563189
0.0128832723442
0.0789427981825
0.0414648999151
0.090029683227
0.0357227154629
0.0839114555598
0.051037261462
0.0677909330882
-0.00301073373707
0.0733499512746
-0.0202931069186
-0.00291408329971
-0.0260481298901
-0.028789870502
-0.0269028979833
0.00710068390859
0.0590847804057
0.0828245829153
0.0463866156326
0.0394641990157
0.0393377287379
0.127836013836
-0.0105499363806
0.0720091119338
0.0583083864321
0.0375753862379
0.0442688737364
-0.0447041146794
0.040493901538
0.0681922349534
0.0215766669089
0.0628817940869
0.0763148706296
-0.0975420301606
0.046037958062
0.0593328862894
0.135409810562
0.0401399481335
0.0654063427506
-0.0557299168667
-0.0122206741314
-0.0287540255506
0.0286109223119
0.0724221005346
0.0246184873137
0.047472843621
0.122109103704
0.032063351443
-0.00736519115384
-0.00988737958826
0.0500530522236
0.080945288387
0.0604645922331
0.056410236736
0.0596041868178
0.0971830863111
0.124584629165
0.0065185145133
-0.0272729415763
0.0180970741931
0.0803940379113
0.137014626816
0.0496287015356
-0.0164560665715
-0.0117218333974
-0.0456061423691
0.0715369548003
0.0608157015204
0.0661937113572
0.0860888096288
0.0467256921529
0.00407648559727
0.125426830583
0.014029133992
-0.0326336394677
0.0520480112472
0.0120245494498
0.0565278556523
0.14256301366
0.108316266052
0.10255185677
0.0439818259794
0.0627473584311
0.0844564816103
-0.00833502637564
0.0298554531524
0.0688008796876
-0.101699344582
0.0176391359833
0.0160209245408
0.128343362354
0.0639613914749
0.0216679538143
0.0931677149208
-0.0853928597327
0.0358995713476
-0.0225365846292
-0.0087414209969
0.0836470604704
0.0107190224663
0.0546854325641
0.0289654061291
0.0888088416958
0.0536661247975
0.0161223271328
0.00375555010374
0.112256068559
0.014456358011
0.0941270543323
0.0306860248573
-0.0755063210321
0.0468164746616
0.0563095566862
0.0466012906915
0.0506083410735
0.0307583019965
-3.68976501752e-05
-0.0905314429301
0.0981466640022
0.10203308653
0.0970288870152
0.0337394107221
0.123515456138
0.0226066486293
-0.0159658638461
0.0416685123935
0.0661578461397
0.0807235947173
0.128634256894
-0.0147942129052
0.0539692689521
0.0782156016004
0.0714819836527
-0.0241532596745
0.0961719695265
0.0471403605723
0.10180054708
0.0938157008319
0.113483144332
0.0946031547032
0.0474287867991
-0.0698733927246
0.0795872479115
-0.0150620194432
0.0750288965757
0.119032377981
0.0970718669886
-0.0673568775341
0.0372319014005
0.0169946210002
-0.0146553706552
0.0573647588046
-0.00713435713648
0.0153794785621
0.0109756318113
0.0377397652778
0.0918197420882
-0.0141443017378
0.0137624833408
0.0554988754383
-0.0123065048023
0.00480371734525
0.025420674819
0.130423790142
0.0887083541036
0.0430604622826
0.041859456417
-0.0233071824444
0.0869448918981
0.124182827696
0.0922334968357
-0.0442623392008
0.0834986279054
0.0166622024484
0.0368557657823
0.0264129587938
-0.14783532962
-0.045406239749
0.0656024721234
-0.0365095724564
-0.0343543402092
-0.0579128716566
0.0116412860716
-0.0190549392544
0.0243821773846
0.0795651062332
0.0748543123354
0.0995512513657
0.0577391373069
0.040678413053
0.0960865244821
0.056147524634
0.0844146130269
-3.50498119071e-05
0.110589777729
0.0253507006646
0.0253693473666
0.0587806343619
-0.010966895964
0.00753353574217
-0.0752416834536
0.0338668714238
0.0284965862635
0.110107454555
0.0162549042895
0.0586343720738
0.0459362848198
-0.0430602030861
-0.0214190155427
-0.0286703074234
0.0788256088125
0.0354355287521
-0.0556268690116
0.0583362987806
0.0552192116847
0.0767052857596
-0.00486417215539
0.0881059796778
0.0462491653253
-0.0106241807852
0.0189950468164
0.0812320199484
0.103995715289
0.102540801245
0.0535267270439
0.00754906991736
0.0996414775634
0.0633594179118
0.0613360691895
0.0417258408282
0.0022599995095
0.0952152004783
0.07054201848
0.114884252929
0.0288872809809
0.0470095009339
0.108900324592
0.091264668517
-0.00838438675973
0.0725598462044
0.0482851645617
0.0490901905273
-0.0121390179609
0.0942483820572
-0.0146492420369
0.0838197003923
0.0390211343302
-0.022485406391
0.0518826004397
0.0686747746377
0.110568364046
0.0540067432056
0.0204858412643
0.102984191916
-0.0203656799808
0.00998043002614
0.0331103309493
0.0216053104991
-0.00221233413873
0.111662866628
0.0741459944449
-0.0118800461515
0.0175588352121
0.100902335749
0.0465975827132
0.0134917355447
-0.0107678935402
0.0807916658044
-0.0409094434338
0.0543294157692
0.0876985448589
0.117452030874
0.0611608864972
-0.0474223436265
0.054013800564
0.0741779304217
0.0734829625511
0.102810217042
0.0267925182537
0.109164665986
-0.0289612581063
-0.128402464236
-0.0281084013636
0.0356068751351
0.0429074451308
0.0530107747284
0.0211211141535
0.134658820573
-0.036611463124
0.0202706926382
0.0436872777113
0.0267480109418
0.0779015380865
0.00819945624777
0.0450242917355
0.026066943646
-0.0109569102441
0.0936211740247
0.0623186560441
0.125420549609
0.057921709814
0.0347503732629
0.06339980654
0.0177935623181
0.0175618843234
0.112920691084
-0.113198266539
-0.00440173312669
0.04358530826
0.130153098233
0.073127720735
0.0431568124179
0.0890799130398
0.101529423208
0.0550336804583
0.105086767382
0.111772839798
0.0212683757084
0.0573303442469
0.0815859804983
0.0632936584505
0.0213848916165
0.0515400534522
-0.0175858785158
3.66099858038e-05
0.0632470415515
0.0139745525926
0.097809801821
-0.010063554324
0.0543943950996
0.0214870489296
0.0468011707788
0.073316826904
0.0711347654807
-0.0180044911846
0.0600050870253
0.0795792718767
0.0315972784073
0.0523071861274
0.0729525867392
0.0989165309321
-0.0775129317898
0.122714445471
0.107956155913
0.0224451283868
0.0499730894506
0.103175703382
0.0917092903867
0.101372916718
0.00200348050348
0.0681100674409
0.0312650784905
0.0533283045729
0.128069576554
0.0399087130474
0.0580793020666
0.115351778783
0.0544314690212
0.0534917969099
0.00706205660416
0.00386981654088
0.0226070383254
0.0579889896932
0.0129968545548
0.00402787178656
0.0729090303625
0.040258736468
-0.0986586827193
0.0500534754269
0.105031463699
-0.0219684837785
-0.0309971786244
-0.0170844657636
0.0632414153779
-0.00840093174939
0.0403078218323
-0.00569107790642
-0.178973229884
0.033697318732
-0.0822332472659
0.0108563655083
0.00654307706239
0.11457013093
0.019402292334
0.126771245632
0.145641854706
0.0996312909572
-0.00456627829228
0.0473240922577
0.0434234650834
0.0750757152653
0.0523286729462
0.0999539727748
0.134211921055
-0.021452569656
0.118253284114
0.0939767794696
0.0663717556425
0.0609369882235
0.0683174644998
0.0353042263731
0.0592419515273
-0.0805473505236
0.133094822785
-0.0127791187458
0.0552553712349
0.0912228931817
0.0944878324753
0.0847652919147
0.0541541989714
0.113219410976
0.0336069013522
0.0494734246572
0.119922655649
0.065612728109
-0.0641733443981
0.123508950355
0.0385418709146
0.053212205283
0.0949991879212
0.0493087558657
0.0508572869558
0.10014100525
0.0989651638434
0.130753680149
0.0753536600786
0.0396068697693
0.104008446411
0.10180035669
0.057759961987
0.0473765533934
0.0543849462946
0.00971665704551
-0.0216875706238
0.121080186522
0.0163766700446
0.0972150727096
0.0372570023042
0.0397154475582
0.118874898296
0.121658653132
0.0150986414037
-0.034482533766
0.0736453768377
0.0384765261765
0.0796711035903
0.0494522929373
0.0642622656207
-0.0138148923278
-0.00154847351184
0.0118992853988
0.0901808261646
-0.101650277208
0.0396450611958
0.0431821954617
-0.00835864659891
0.0855427766475
-0.0364389904833
0.0182196414178
-0.0482723782116
0.00870836702165
0.121052575385
0.112142776942
0.075099024722
0.0978870761661
0.077077790013
-0.129794373661
0.138674977906
0.00106755982767
0.0545277470591
0.0106083354918
0.0671655423013
0.110652929891
0.0857958621261
-0.0124305604786
0.100400771356
0.0836233512986
0.0786942763479
0.0197489164526
0.029176559217
0.0254087948279
-0.0272098475332
0.080920731126
0.0961247982201
0.07300280392
-0.00521402417871
-0.0603827116742
0.116849411643
0.0184732292523
0.0812319232028
0.0282870170383
-0.0250956500429
0.135033403009
0.143219534277
-0.150793032646
0.102552902193
-0.0242990576999
0.054165742274
-0.0276276236628
0.0396394721253
0.0491569973526
0.00295552465848
0.0872546577888
0.0859833663726
0.0416420271885
-0.0308767612383
0.108047652591
0.0881296701433
0.00329704984367
0.0375155969774
-0.0454721341776
-0.0651998950263
0.0126421543576
0.097563322394
0.0555713578279
0.112417302806
0.0650370350614
0.0627624201161
0.047732348916
0.0783946926388
0.0169716171187
0.0879715738931
0.0101211496961
0.101166577966
-0.0392094455802
0.0387856462837
-0.0125596711036
0.05397296845
0.0956585913296
0.0461919013467
0.0248972845585
0.133860112922
0.0820743627277
0.0254218319853
0.0993922826384
0.0786346300887
0.0591424042832
0.00234617258234
0.0511607956212
0.0218596426242
-0.00979689894796
0.116635247927
-0.0436007163857
0.0580015636332
0.093579577597
0.120017162
0.0530385597606
0.056118424177
0.0414648922654
0.0857443486773
0.142215289487
0.053567994687
0.0349012755866
0.078563749384
0.0907126399055
0.0286236930918
0.10841671627
0.0728399938939
0.107589622153
0.0621983376614
0.0791448384204
0.0407525825271
0.00731373637552
0.00682162142824
-0.0343757727591
0.0126077941081
0.122293303974
-0.0931730378718
-0.00516566026653
0.0669854388714
0.116817860086
0.0851205245972
0.0128849158627
0.0691705425505
0.0874289816069
0.139846860326
0.0931711524549
0.0178694998784
0.0895519999438
0.0423374721181
-0.0286704191008
0.0513420315441
0.0217764932293
0.0104097886913
0.0863121147226
0.0809126009466
0.00440313118434
0.114227641882
0.121336777058
0.122490471298
0.0913122019233
0.0978700617195
0.0580193245977
-0.00457590308245
0.0761981053457
-0.0385829055303
0.0355271085855
0.0887380599424
0.095180084328
0.0423030816073
-0.052802439914
0.0733133960613
0.0467534936363
-0.026535197436
0.0453283096009
0.03999858554
0.106728495918
0.00239359037964
0.106479164744
-0.000442868522947
0.0212186564359
0.0221450187988
0.0622737780631
0.0678674284118
-0.0159256590934
-0.0545295537854
0.0645011658743
0.0873413922984
0.0731733515755
0.000641593347446
0.0559078128773
0.104550643869
-0.00795499140405
-0.0509893255884
-0.0511990114552
0.0519389385488
0.0675823595594
0.0516889114805
0.0677987791777
0.0355208502681
0.0430913991608
0.00547255229827
0.0128965258283
0.0940680609018
-0.00965145073199
0.0342555037078
0.0892747512977
0.0524892821061
-0.0625151263233
0.106959710632
0.100962016812
0.0945855936631
-0.0155389189961
0.0961861355502
0.0932403586101
-0.0168159812704
0.0427359337382
-0.0444638462171
0.0431734423761
0.0765631913726
0.143799452904
0.0801178430554
0.114458512906
0.077181648005
0.0240443277944
0.0990218597607
-0.0718840954367
0.0416541603568
-0.0216606411839
0.0844708117168
0.0546190006987
0.0221062810026
-0.0422112970192
-0.00346735375373
0.120276108883
-0.055617028068
0.0424796164057
0.0618138934087
0.108250226191
0.0894992543106
0.0299014043132
0.0509439080439
0.088248746029
0.020097586365
0.0843408755221
0.0061891117216
0.0688278330073
0.022841866127
0.0679322067226
0.0844595303684
0.0614903308184
0.0871928155268
-0.0240664043143
0.0359891232526
0.0833180471504
-0.00790814927381
0.0879195663574
0.0530621051778
0.0128717884049
0.0579678634252
0.0181717588395
-0.0164119058527
0.0475705731665
0.00156090474399
0.0539459703485
0.0666847947818
0.0968226302793
0.0231402734095
0.0848746223833
0.0627129644663
0.0179730508037
0.0289040139145
0.0659904284091
0.0805616791677
0.102590104945
-0.0559402958379
0.0494908366438
-0.00220965327434
-0.029862901949
-0.0339239381202
0.0890769293913
0.0215550335595
0.0963002984949
0.00836074299914
0.0575027391039
0.06371073951
0.0972444976697
0.11178767854
0.0865500474157
0.0723918485265
-0.00652765924839
0.00374100031354
0.0914169782796
0.0679566915214
0.0578761554124
-0.0330831113052
0.0207378658982
0.112949465275
0.000775950144231
0.0377875623024
0.106932465446
0.0746249205334
0.0311676782019
0.055852807893
0.0135148999754
0.0642254949698
0.0686976071866
0.08721895748
0.0642091616998
0.0620763023495
0.0854962969871
0.0815318528875
0.0909593231306
0.0626270386783
0.0240715594372
-0.0371802852347
0.0222651575447
0.0292512902993
0.109342869106
-0.126944685841
-0.0307401275096
0.0288392483608
0.0692301471931
0.0383524949527
0.080584474735
-0.0521475146386
0.121210703346
0.0688780619246
0.0429870773528
0.0954797292419
0.0224238036829
-0.00558404248009
-0.0231633119683
-0.0348040093541
0.0522283534504
0.0264979372283
0.0432887870977
-0.0720679359036
-0.0836444910241
0.0567014333898
0.112048428808
0.0563318919815
-0.0132770334365
0.0676676429959
0.0411799953522
0.0654198870189
0.0615864072956
0.0405529492851
-0.0669467776464
0.120819529685
0.097338481427
0.0413348825619
-0.0152395705603
0.0205222354392
0.0965736551257
0.095239881178
0.049326643409
0.0655358725541
0.122801180695
0.0588861530358
0.0686789248422
0.122241917887
0.0375887873554
-0.156589188359
0.0415051250818
0.00677116536093
0.0267839625814
0.046080960831
0.0594484178252
0.0638392449806
0.0921699243423
0.0395573814645
0.146824731888
0.116114916034
0.0647987346397
-0.0154550454001
0.0242621658934
0.0982582758709
0.0844785010332
0.00736233598141
0.037492963217
0.0491607463341
-0.00221511648265
-0.0564480155471
0.0113361607848
0.0368651698591
0.0512014418501
-0.00738962582868
0.086280667319
0.0659306879727
-0.0348373634524
0.0366659343926
0.0746344913768
0.0931394771142
0.0595163814418
0.0357404097515
0.0624322521285
0.0437957098251
0.103980302588
0.111754247689
0.093568392948
0.0188845522242
0.124843885548
0.0178857435104
0.088422908603
0.0317501164473
0.0144308016329
0.0587672637941
0.0711961486712
0.11193517106
0.00177986843351
0.0578731076704
0.0483569558228
0.0271140527315
0.0234762251784
0.125970335211
0.0590667963574
0.0496836138493
0.0644580412364
0.107757309037
0.0298071726054
-0.0318291165372
0.00339485177981
0.0944632643823
0.0641637357928
0.0948252856844
0.0855732191292
0.0957463065724
0.0800658284773
0.125550042032
0.0859844619881
0.066605687783
0.0124290383374
0.0980132014295
0.0828733172716
-0.0164349795827
0.0595489062502
-0.000626430074102
0.0852093647437
-0.00843216017045
0.0809471437462
0.0292139463375
-0.00359171126735
0.0522917249173
0.116882182714
-0.0770352954368
0.00116930084433
0.0609713118414
0.0148903076666
0.0888953891641
-0.0127361361921
0.110435786209
0.114417403239
0.0917308711371
0.117059202913
0.0787591143803
0.0486475532596
0.0928815278889
0.0311773162743
0.0163076985748
-0.00196239818896
0.0194272262069
0.0371171714605
-0.00684905125654
0.06738591472
0.0724134735406
0.0175126116821
0.0726287890282
0.104017819234
0.132857127131
-0.0422266460307
0.0735027687789
0.0405198460295
0.0619281697496
0.0494523191673
-0.00551836987957
-0.0263376336984
0.0859394093581
-0.088147618667
0.071049913982
0.00757812578555
0.131351117652
-0.0197398637469
-0.00156888818954
0.0225216062725
0.040586918817
0.0608294039824
0.0659324290364
0.0490454694173
-0.000788895032823
0.0079463257565
0.114049076079
0.111542066743
0.112704609277
0.0354899075863
0.104603391637
0.0347119953541
0.101857156815
0.0493890012037
0.048313030926
0.0582904971199
-0.0139830205631
0.09774898831
0.0504368695266
0.102225391622
0.0505418208679
0.145627697121
0.0525566352314
0.0602515189227
-0.0716208482469
0.0241503107244
-0.0852163544006
0.10976421254
0.0942788751744
0.0172071401372
-0.0101201409663
0.0192454484215
0.0580878464219
-0.0199854477174
0.117200269579
-0.0104149641723
0.077895689789
-0.137999452805
-0.0158971060129
0.10202665951
0.0911679565111
0.0982006258356
0.0172594772207
0.0145189613255
-0.00593273796399
-0.0131485272934
0.108359938756
0.0526012818245
0.0651591398257
0.0056085511813
0.103369221335
0.145543079758
-0.00247885563964
0.0172653855536
0.0846795269534
0.0870844584628
0.0352409435983
0.123356101122
-0.0568663859202
0.0719458490213
0.0293442998343
-0.00913549929564
0.118376590951
0.00985785488125
0.0461152557897
0.126756372725
0.0260404577754
-0.153546397739
0.0287778854445
0.0876304181059
-0.0900165289225
0.0848261686073
0.00589112605639
0.0430486503601
0.100384170924
0.0315030098063
-0.0317857571614
0.0266153747464
0.0402321763019
0.0578574883379
0.0818466139459
0.0776165540165
0.136061381076
0.130951498606
0.102347413247
0.0944255761828
0.0476105094804
0.127386315572
0.00887970469011
-0.054635095602
0.10943989556
0.010324190601
0.110782336176
0.0696480346419
0.0600892312654
0.0169914892335
0.120945485994
0.0295780268445
0.0264381527924
-0.0508238430679
0.0709600172111
0.019999297802
0.000229649235338
0.0661550714554
0.0955999331896
0.0669443117461
0.0682015056474
0.12332772218
0.0923209495526
0.0103936149847
0.0497872996517
0.0743645500534
0.00514779850698
0.0704989563087
-0.0347801889454
0.0762916609624
0.0732169640415
0.068385278611
0.0399195758102
0.146186875445
0.0196944880292
-0.0185710696341
0.0406017118729
0.0690113364304
-0.000402872074338
0.0786881161552
0.09461255653
0.0196910366319
0.0636910051103
-0.0451114252997
-0.047284854647
0.0870098303553
0.119320488318
0.0429598595474
0.0741837044178
-0.0141188261365
0.0399813503533
0.0892872217317
0.114025411849
0.0880702943305
0.0856684739513
-0.0315869025307
0.0608208585683
0.0808380133651
-0.050592490835
0.0697048281049
-0.0256796210494
0.0891019627393
-0.0376311050782
0.0956306403398
-0.0247052129121
-0.00729849605722
0.00868086474041
0.0803862581037
0.0846796009466
0.0733224572661
-0.00470075569331
0.0533051563342
0.0311122112328
0.0599952613358
0.091320790297
0.0205634473691
0.0648905446632
0.0143325833328
0.0492612594381
0.114747802913
-0.00262016756127
0.0841075912588
0.111481215757
0.0217358511848
0.00920045811738
0.00495226685466
0.0235660175482
0.0938345762598
0.0604501759273
0.0933005187345
0.00755239956918
0.0405303245413
0.0589921203587
0.0696901822432
0.0749960424206
0.082882703727
-0.0474656368413
0.0290874983382
0.0155192439628
0.125252285164
0.0506437835088
0.0353011860324
0.00626719591537
0.0963649508795
-0.033972216136
0.0669085779627
0.00535443362441
0.0833293158261
0.0117754586538
0.0966767479085
0.0310393533062
-0.00562990640855
0.0447340518791
0.0307235787564
0.0699248026553
0.0346941881265
0.123589999696
-0.00873514025159
0.0141666729301
0.0310629583567
0.0512953529478
-0.00782060453137
0.1241011294
0.0983183028514
0.0414912940008
0.0394379339898
0.115351141249
0.00728486542633
-0.0704297731493
0.0840877171906
-0.0779069933666
0.0728788921284
0.0102180182131
0.0880551631658
0.10279393795
0.041884554465
0.0351389620743
0.133448485416
0.0673007909702
-0.0150648177231
0.0303475169726
0.0575838434893
-0.00589760014895
0.0698376006835
0.0192177791114
0.0564490472334
0.0457486264399
0.112006509018
0.0190055553709
-0.0667045616113
0.123975115189
0.0310561870745
0.108302304061
0.0275915879116
0.0455446843895
-0.0822589474236
0.0954553835903
-0.0681729761011
0.0497978980573
-0.0182352653967
0.0405469226942
-0.00630457611462
-0.0162041890102
0.117911975492
0.00929484607863
-0.0513985473858
0.0624084422906
0.0402730978244
0.136746837473
0.0889213998444
-0.0180155489142
-0.00280683295918
-0.0390729493034
0.117514894224
0.0334705247311
0.0538084045829
-0.02350149436
0.114633526886
0.0659169649867
0.0912282315429
0.0346779635787
0.0880120369663
0.00984447880686
0.0662658538584
0.038094032248
0.113105342423
-0.0738390909356
0.0732751311545
-0.0262923331151
0.0689103259754
0.126368850091
0.101183253007
0.0458410020225
0.054393565453
0.0310778482398
0.0262069985116
0.129819154413
0.136543510242
0.109395529664
0.0897835977979
0.012827012676
-0.00564052771294
-0.0150914475322
-0.0242568491804
0.0717780177501
0.0737314752588
0.0513173633284
0.0740301384346
0.10935509922
-0.0430399831211
0.0941229035384
0.0516229421088
0.105656934262
-0.0140088237049
0.0542925239386
0.0264135170649
0.0494604917904
0.0542791877675
0.0258826832046
0.0901843255214
0.098539165287
0.0649367033387
-0.0501113586825
0.0290434547931
0.0895140119188
0.0517313214653
-0.0729904278295
0.0655656760663
-0.016069560481
0.0522232148162
0.0693485350697
0.110143877705
0.11369583845
0.0388375984718
0.0849820850128
0.0748585011898
-0.107010347273
0.074576413337
0.023281208953
0.0817834766074
0.00207637417114
-0.0715252041349
0.0847565510106
0.0662890213815
0.0766466382981
-0.00121552920534
0.0479311531028
0.082241006702
-0.0269465886398
0.0575072032957
0.130270239243
0.0986861091724
-0.00531915158267
0.0334196808655
0.0756199038058
0.0153593278994
0.0218200553578
0.0665590159942
0.063508073553
0.0530835618646
0.0488891021992
0.0805217341349
0.082481202254
0.0541970815092
0.143457739867
0.0343136149876
0.00086386935934
0.0817329334417
0.0737043436033
0.0715989711465
0.110969082319
0.101088367017
0.143619001742
-0.0259992316043
0.0987036500693
0.109404677373
0.00391557098067
0.000725952010136
0.0650590186587
-0.0641581509349
0.00153174332575
0.0307679264825
0.0384079044234
0.0659859805988
0.0950305688621
0.0712355794963
0.0279640454302
-0.0176495982779
0.134967412345
-0.0755478558159
-0.0518974184383
0.112505741975
0.0815354422183
0.0609615961151
0.0214134731047
0.0320256720526
0.0540433996553
0.0505254067091
0.084654579058
-0.108677636794
0.036290334391
-0.0334618833036
0.0755304821827
-0.0108196250743
0.051899532381
0.0978690720513
0.0631314433445
0.0366795196344
0.109331498226
0.112636834648
-0.0648458228991
-0.0536077216206
0.0189442502529
0.130554151855
0.0476002094336
-0.019064590159
0.000419545413652
0.144205099268
-0.132541794354
0.0372302686713
0.00849048772783
0.0831897530188
0.0683308982366
-0.068976719779
0.0207513015783
0.0901380038638
0.00401629432177
0.0821391008318
-0.0143295649294
0.00634256332734
0.0463921250613
0.0417359465477
0.0418747736784
-0.0175093185694
0.0397261285219
0.0813535162728
0.0439244853077
0.0423720730724
0.035235551141
0.141524666819
0.00737629758953
0.0542459644254
0.0988485907003
0.101120276986
0.0890864076304
0.00249187130813
0.028603340051
0.0401763082595
0.00831509400542
0.0662958023923
-0.0511877074908
0.0574466944295
0.0223640250447
0.0636836012655
0.0598057686804
0.0793250608019
-0.00181690156145
0.0714495718781
0.0246202974306
0.0534625651041
0.103894412672
0.0146751769144
-0.0677867348718
-0.0260020099472
0.0178924999492
0.0295430527256
0.0431019593842
0.0042217533499
-0.0262025195914
-0.0471773078763
0.0642205728427
0.0482857110387
0.100083710842
-0.178830463095
-0.000303660419016
0.104784939357
0.0747120222507
0.136073694724
0.0309992239295
0.079380075753
0.00485104524971
-0.0155744970169
0.0118391849695
-0.0374034245483
0.0233038989121
-0.0517545010624
0.116726453872
0.0582631410051
0.0604649102938
-0.0579392588241
0.0456537674007
0.000390723192996
0.0691947427963
0.0228947520027
0.0733249166841
0.128237384564
-0.00557991413806
0.0748734613479
0.0729405679954
0.0290803857062
0.0452238531626
-0.00946538963509
0.0415442657328
-0.0289222497917
0.0254365015646
0.00626378717742
0.0827879823664
0.108123568943
-0.0174990340408
0.0261662819088
0.0292887700234
-0.0839684672282
0.0412380323994
0.0904268243173
0.094006516987
0.0896127147011
0.060167694161
0.108588718815
-0.00490566181748
0.0888682017518
0.0455729568417
0.0382662896714
-0.0165208570507
0.0975866192406
0.139655098168
0.0281714294935
-0.00837343809017
0.0800559277896
0.0312372767643
0.0297219824197
0.0104799177757
0.053989118637
0.052635348878
-0.0102871544769
0.100432651512
0.113951437477
0.0308286960716
-0.0037954161487
0.0603274688291
-0.107246619153
0.0542746953468
0.0774967152088
0.0676740352612
0.0427255852919
-0.0914477582809
0.0871671891705
0.070136401635
0.0641032222754
0.0370929179072
0.0998369626705
0.129516968931
0.073215703421
0.0987807099207
0.0652897383719
0.00898763780044
0.0592601369353
0.0186861364617
0.0252957973074
0.0995367120615
0.0356769071047
0.0406885840496
0.0400021169412
0.0592233891059
-0.000526262480667
0.0213476712048
0.0515186372167
0.0637060299392
0.0394388917156
0.000448769195695
0.0986050728277
0.0684211697056
0.0875860366339
0.0542230247419
0.0434574289792
0.00965168569064
0.10308350075
0.106451726837
0.0711267918313
-0.0230672135755
0.0942584819553
0.104971725666
0.00929037507525
0.0933956230776
-0.00231901926118
0.00859114007204
0.0619539116316
0.114287115823
0.0962650360634
-0.0267312914126
0.0619336013275
0.0706550854822
0.0925477862216
0.123279226671
-0.0464886831916
0.00362494931463
0.113964152619
0.0540654573599
0.000872479754503
0.0356809872831
0.0568019969412
0.0341341826601
0.080037345553
0.0387655316586
-0.0398706562538
-0.000325747106918
0.0404807204281
-0.00946126255505
0.130478244265
-0.0515294185071
-0.0441077966376
0.123073000274
0.0564882749268
-0.0397163782088
-0.0288387228595
0.00528477512389
-0.00155960499071
-0.0392787868792
-0.00489429000867
0.0148183315962
0.0664742748261
0.0177112048223
0.0683904733577
-0.131337023038
0.0589047362692
0.128785390014
0.00110206546419
0.0228270377199
-0.0169746016671
0.0939076111484
0.118912426188
0.104860139309
0.109355431285
0.0153549660216
-0.0937514741971
0.0873787572903
-0.0807410241263
0.096955214509
0.0944700826798
-0.10606495686
0.0406393262983
0.00102375502276
0.0398769180961
0.0654201022505
0.00998872417412
0.0644215720516
0.0513518273394
0.0615223757261
0.0260686534727
0.121270641784
0.00963117092066
-0.0289500668817
-0.00722750649517
0.0914390924732
-0.084161856512
0.0630085621888
0.045690870609
0.105260350661
0.109164998138
0.116570024461
0.0958482340018
0.0431107360008
0.0114419557202
0.0699534879428
0.136682017408
-0.0170855739245
-0.130478247545
0.10111150003
0.110268410868
0.0116847088822
0.024525903681
0.0611412372263
-0.0562697583874
0.0940434888826
0.0150868257912
-0.0147687025891
0.0750136491311
0.0840864883935
0.0854031286112
0.0838352885912
0.0176943260901
-0.0163220115974
0.00885560667501
0.0750794882062
0.147783734383
-0.0540166219144
0.0219373288523
0.0871940860717
0.0405109319125
-0.0687047365814
0.0969282187254
0.0813408856349
-0.0127403760582
-0.0522402329556
0.0352990436462
0.132353949522
-0.0351200024828
0.134668398466
0.0773342646856
0.0867805719315
-0.0268295233576
0.103831884372
-0.0183810960511
-0.0202777015682
0.00217988883344
-0.0353904228675
0.120963475731
-0.0435686007237
-0.0692084431488
0.074741905587
-0.0537348646273
0.0129505539905
-0.0585335062853
0.0350497567213
0.0223058484129
-0.00709096930991
0.0173737993532
0.018951614938
0.0610093138699
0.0799949813562
-0.0309875649709
0.0190127200506
-0.0409054990404
-0.0384251599563
0.0200096916533
-0.0162750071542
0.0638395482377
-0.00475326376121
-0.0311854712196
0.0651686690407
0.0749161603766
-0.0359476821728
0.0434819623324
0.0172350014778
0.0326688784575
0.0188566256929
0.114832504772
0.0628698206491
0.0933107244212
0.0530912057139
0.105419754083
-0.0242795314786
0.0939336555552
0.00156387596306
-0.0163484338116
-0.025983693269
0.082380786845
-0.0244455882051
0.0609597822433
0.0855900327501
-0.00159915166662
0.092983217097
0.0246291294198
0.0850124301093
0.117714783939
0.0665565139044
0.0557447031836
0.0177473024307
0.0502263472994
0.0444902184297
-0.0061196744755
-0.0374619423618
0.000353195919469
-0.0069284422522
0.0630170209012
0.0682342792607
0.0915356852187
0.0892930606872
-0.00757600571179
0.0786564812864
0.0453172175992
0.0874763306862
0.0744856498132
0.0319549925316
0.124287301125
0.11436222399
0.0369009108177
0.0599169812097
0.0135772451678
-0.0863193458584
0.105536136708
-0.0657143456392
0.0275470160535
0.0498978963648
0.0861107247755
0.112212704645
0.0409520790516
0.0322595620709
0.0430424336088
0.126591245787
0.0238814730146
0.106006720578
0.037627440689
0.0261279443422
0.0825898172661
0.0241953135754
0.0771568493398
0.0314070325837
-0.00298711026677
0.00806467901705
0.0724649797728
0.068383041927
-0.0932021278555
0.0175080431468
0.0830549291926
0.127350602715
0.0726053383217
0.132259489054
0.0120673317431
0.0307887000418
0.0387755727324
0.0392167055322
0.00550189470199
0.0550062044904
0.0422134112708
0.0586006320995
0.068683380309
0.04225388984
0.0843088066452
0.0085285059107
0.1111942374
0.0739221790134
0.103949896192
0.104932761249
0.0540948936847
0.0695783287217
0.0839512277299
-0.103053151998
0.0502214466118
0.048963328508
0.0697057590624
0.0634578664642
0.0369026144992
0.096782781777
-0.000468436465815
-0.0240474601711
0.116920129276
0.0619367963092
0.0135382165044
0.102059144524
0.0251893978574
0.104119664944
-0.00979921675622
0.090332347863
0.0272783544194
0.00310329813261
0.0374568162251
0.110741542233
0.0735880305338
-0.030660141834
0.0954211948766
0.0574466646525
0.0533322497091
-0.00742879279035
0.0537516607768
0.0569796476311
-0.00543714909104
0.0289647298261
0.0288765196257
0.0883739271149
0.085511690873
0.0111583460692
-0.00287410165069
-0.00118786637018
0.0653702729552
0.0132133702191
0.0926885324617
0.0261875889034
-0.046632313892
0.0950807539107
0.0103172222502
0.00911047032486
-0.0329166991342
0.0558831141424
0.0461672442518
-0.0192786376173
-0.0132671027485
0.042378530808
0.046819821736
0.0437422714787
0.0541962430385
0.0994647716461
-0.039499173856
0.104691310255
-0.00417228515579
0.0453156589809
0.0482969109082
0.0773130610491
0.0918132269967
0.0868866388647
0.051928263363
-0.0589572518896
0.0404579649001
0.0970773285276
0.00729348354632
0.0554817035034
-0.0371121394314
0.084521697431
-0.0380545913622
0.076324021639
0.126120531465
0.111498595384
0.0751422368609
0.0764150822809
0.0243997259424
0.0532731895332
0.0292274754861
0.0951963147661
0.069096027843
-0.0986627285676
0.0233824534127
0.0777837658868
0.12419010636
-0.000269424784341
0.00809652853884
0.065662134463
-0.0327744108518
-0.0123213834488
0.00642005816334
0.0675927019371
0.0354358282762
0.058753869925
-0.0441792359367
0.0118964982391
-0.0734637097367
0.0465959289961
0.0980220087965
0.108453460161
0.1076611768
-0.0498651392603
0.0284699878542
-0.0449102856434
-0.0359669931532
0.0714695080711
0.0680324527013
0.0893940520928
-0.00969599882837
-0.00844165830454
-0.0448857402642
0.0165468699386
0.0203526931958
0.108241685548
-0.0287303298661
-0.0212684946693
0.0366447807518
0.0366161085278
0.00697008231147
-0.0216709844448
0.0920164224791
0.00962158694054
0.0140915606854
0.0725251298189
0.127114574123
0.0831279038169
0.0993693513248
0.0914502765709
0.000798143953003
-0.0175088883975
-0.0786692806344
0.0457632115092
0.0110185108171
0.0532498707853
-0.0412924299494
0.112216957758
0.0950881062921
0.0358067848903
-0.00217022297863
-0.0844793232587
-0.0308706438366
0.00623128115876
0.0874342280054
0.051319152668
0.108679650564
0.0522204782429
0.0836529301945
0.0390547265661
-0.0235697222284
0.0451792267296
0.109071702424
0.0706866395472
0.0447581951265
-0.0507723368025
0.0785791844898
-0.0777268578581
0.0736770272711
0.0583031876126
0.11848755523
-0.00633226978545
0.0242414046173
-0.0151472396008
0.0753765054681
0.0729387669823
0.0673285933196
0.143046636846
0.0970012807985
0.0661034366282
0.00639135913051
0.0402778029514
-0.0339033762506
0.0530092000772
0.0272785466319
0.0880417383177
0.109986610296
0.0263368933441
0.0648429503373
0.0732882180152
0.0478844287987
0.0547284048006
0.00254475855357
0.0968089120391
0.111196795147
-0.0230061982268
0.0548102333497
0.0968770493005
0.08281609205
-0.0247627878218
0.0168611255166
0.0285021246252
0.017884268724
0.0726125425927
0.0896950165087
-0.0511999040479
0.0782054736833
-0.0267895174137
0.117711354115
0.0370766908043
0.00745057439737
-0.0152685578895
-0.0285679339606
0.0998570365276
0.0595097877298
0.00874886225813
0.0753620963298
0.0173141052367
0.118861616253
0.121471263563
0.0957252496672
-0.10018311899
-0.00595200031679
0.0112990511182
0.0462093985089
0.106856958779
0.00117055684094
0.0427934092951
0.022081587277
0.102612325129
0.0962374727979
0.0855676357592
0.0549933868112
-0.094199405967
0.0102692056875
0.0989654871078
0.0790343137398
0.0563080817445
0.00639801741091
0.0970260887524
-0.00222294698778
-0.0020537410233
-0.0295640731594
0.0995206701741
0.105496320445
0.01532600236
0.0992563043498
-0.0387884026204
0.055766933452
-0.0273844125335
0.0400006652137
0.062693185188
0.00337169764581
0.00298892656031
-0.0176479550098
-0.0840008077481
0.0205422729961
0.0998436780057
-0.0542565991896
0.0892635387778
0.028809932271
0.0065978264089
0.0060860944095
0.0781043373581
0.0724222680043
0.0348093725641
0.00126890358881
-0.0254335572368
0.0172176993005
0.0486370773582
-0.0433128121723
0.0629362333434
0.0432123258556
0.0154904501872
0.0480556134782
-0.00822015306072
0.0972762721269
-0.00460722958113
0.0961201466346
-0.0323043703281
0.0137219661353
-0.00328068592101
-0.0143586740079
0.0359299560192
0.0255483177201
-0.00755438808809
0.000160759390532
-0.0216698850779
-0.0260788376868
0.0656708682625
0.0353795758577
0.0170354941973
-0.0809669456701
0.076457998997
0.125617996608
0.0102512180153
0.0695187782638
0.0829452837319
0.0759801492012
0.0844055043812
0.0319039000811
0.0930026609842
0.00554143274053
0.0333819187178
0.0358828498826
0.02562150515
0.0818245869143
0.118341776267
0.0163502092304
0.0649731253546
0.0694414013474
0.0570305511339
-0.0411268350679
-0.0106502717107
0.0341799664824
0.0335178235429
0.0805222965403
0.0130556939433
0.016903877361
-0.0114798677212
0.0380349222809
0.0826089116591
0.0416428836854
0.124991150047
0.0274921501198
0.0790243761703
0.0360269317855
-0.0617317499523
0.0356946101093
-0.0286037604814
-0.0892864180271
0.0265357296911
0.0588307115928
0.019759154807
-0.0307838694801
0.11299834266
0.0222209223753
0.0405963071079
0.00434745284698
0.110013515875
0.0222357772014
0.126265990839
0.0540384324341
0.0129408032558
-0.0132516151181
0.0661321554646
0.0451164201489
0.0355784397826
0.0854713943262
0.105177148883
0.0771157304209
0.0289844202371
0.052635152457
-0.0198190798897
0.047234178197
-0.0725229271163
-0.0405212437365
0.0732399449849
-0.0156878847407
-0.0475677281217
0.0559358325868
0.138826428128
0.0682688910626
-0.0283940757879
0.106144056446
0.00333656905536
0.0343055516382
0.0240803625731
-0.0440135450302
0.0904117607039
0.0927322383832
0.0839328951369
0.0395045909224
0.098643897818
-0.121413653006
0.0378352301978
0.0686295618093
0.0485862603743
0.0273224597818
0.00891746681392
0.0904310112988
0.0112018012243
0.0931266734345
0.0702770845777
0.129414218871
0.108305946299
0.0523903755811
-0.00614326201516
0.112929189393
0.00460806011296
0.0221194386466
0.101038586856
0.0607658399315
0.0337807255306
-0.00333625658844
0.118446064776
0.138407172143
0.0630053533393
0.0728416166227
0.0972551317159
0.0128848027434
0.0595203238853
0.114258879719
0.000225045393783
-0.00335751932082
-0.0225655976871
0.0530263280035
0.0701746931898
0.0746565430664
0.0184169251534
0.00342203306194
0.0920940484211
0.129757720962
-0.0141357658961
-0.0024946469547
-0.0286778136299
0.0514215404659
0.00824445544445
0.112551133888
0.108808756538
0.0347139697523
0.121048324559
-0.133470210565
0.0497131394597
0.0788933912781
-0.012038828358
-0.0344931851294
0.0503859292161
0.0568062417229
0.0998905523555
0.101366867391
0.119402377818
0.0509695747812
0.0990859071797
0.109221675863
0.0426327148091
-0.0710621646141
0.062578813723
0.0670734571481
0.055701482791
0.087154981101
0.0805906809347
-0.0552697251111
0.0510163201172
-0.011036211144
0.00584938841598
0.0771496214
0.0710231104662
0.0504436274901
0.112421491462
0.0370790780975
0.0662599743849
0.0259705323936
0.0535051331135
0.0748571073724
0.0734631869016
0.0232585883698
0.0981262158229
0.0492095161286
0.0853380138816
0.0293892030621
0.0488439545457
0.137157996064
-0.066491170483
0.0414269026377
-0.00496740094217
0.135395897437
0.0180973571256
0.0531068918493
0.0348991098267
0.0452887781933
0.0470687056256
0.112299736438
0.018509070726
0.0133820499085
-0.0197238576656
-0.00649783789486
-0.0446991720595
0.0666449928477
0.0258345825723
0.0880109514137
0.0666515865691
0.0360504166867
0.0628219110284
0.0969664311584
0.0929682952475
0.0224919646995
0.019198314311
0.0663782633313
0.0256781496702
0.00828937727311
-0.00851907674968
-0.04608283299
0.0528707221301
-0.00105198365472
-0.0268295752071
0.0708848949282
0.0500941834919
-0.0240288165507
0.0700685657459
0.0147171066119
-0.0526770349002
0.100604754796
0.051005572674
0.0981189961168
0.0684480227822
0.0193826662518
0.0200605094449
0.0490635294912
0.0664741276635
-0.00713063774691
-0.079578215357
0.0489925834968
0.0903506942041
0.0763401208711
0.0662665828266
0.0011746947475
0.0950016622565
-0.0360077142138
0.00645906970281
0.0225481669924
0.0666768021386
-0.00283802507792
0.0609796310971
0.0431599670415
0.0939910298107
0.120222483652
0.0136489856109
-0.0289261176585
0.0140459735846
0.0608856221916
0.0711813220387
0.101839958301
0.0194281667245
0.0493370757311
-0.0123730602809
0.0289800133551
-0.0255503013728
0.101547989512
0.00294191310832
0.0514604963336
0.03705873063
-0.054911228211
0.00338064963476
0.108578180407
0.0892451619344
0.0500072444182
-0.0280044036684
0.0368339773666
0.100963771119
0.00154185229695
0.011190676968
0.120271625036
0.101561935642
0.0732683670836
0.0113580693365
0.0369127597487
-0.00476363085447
0.0621902768347
0.0601894520939
0.0864750651391
-0.026735468905
-0.0275114931093
0.127880499368
0.0280722941636
-0.00117055178166
0.0990530373018
0.102323079712
0.0193547098734
0.0522907411299
0.126369258888
0.0765101346041
0.0242395938003
0.025589545929
0.0459909191185
0.0893063700044
0.107290759907
0.111224074796
0.0451815056627
0.0110921747957
0.0883684629513
-0.00234481026075
0.0502406715011
0.0329497733168
0.00794177644061
0.0372191055096
0.0528926198784
0.052335024527
0.0421026916213
0.118686401616
0.00212639203554
0.0533010623537
0.105740930154
0.101229939412
0.0214423491903
0.0706112301263
-0.0242664361994
0.0691692632815
0.0674489554073
0.0843644885975
0.0699841976056
0.0556273987304
0.10633115657
0.108601150874
-0.0765685609187
-0.0199575826008
0.055599135718
-0.00247700809537
-0.0248061552129
0.124707736359
0.0451658537094
0.105752930219
0.0495451716205
0.0514088384593
0.108445811365
0.00164409263851
-0.00569764642447
0.0523859183548
-0.0575714932255
0.137115245588
-0.0301592373957
0.0774692008427
0.0651405860306
0.0505157524467
0.0280056684547
0.0404370095649
0.0285262012403
0.0723187795693
0.0382128583099
0.0264525667174
0.0582962321669
-0.00873940620752
0.106974205236
0.0403915589506
0.0203640773669
-0.0651713583777
0.033656542361
0.110289616268
0.0575706352774
0.0713959415652
0.0922536876401
0.0714306188962
0.118821559135
0.051062571737
-0.0174413924459
0.06666594325
0.0665469534555
0.000667762775178
0.0808704321489
0.118337796847
0.105329858024
0.120938110176
0.0776947236959
0.00379894265927
0.038702315387
0.0671603228913
0.0416628706584
0.0569136420421
-0.0386908021095
0.0869897832369
0.0918788877569
0.00212604079678
-0.00205140980968
0.0577319663758
0.0478065556274
0.0644358225335
0.125546722141
0.118065281326
0.115295018731
-0.00305429665256
0.0556325038456
0.0423182027922
0.00564148724346
-0.0663087239332
0.0948937780474
0.0122423629655
0.0757822458709
0.0658267980552
0.08046895081
0.12093669665
-0.00547423082583
0.0758289766743
0.0360974007826
0.0592090357731
-0.0131377869028
0.0486523003909
0.0853913972687
0.0709540015938
0.0146221707446
0.112643135219
0.0754585102706
0.00490875061366
0.126058313442
0.0460955954565
0.0415991937349
-0.00316260114475
0.0344397517982
0.0559007623839
-0.00104578406188
0.073525413375
0.0954964703793
0.0658459509016
0.0448135263062
-0.0107778789929
0.0632667959546
0.0107893907953
-0.0177397679384
-0.00104866380359
-0.0606516877065
-0.0388860521021
0.0640918084162
0.114063781076
0.112056159438
-0.0106871501898
-0.0749057554902
0.0045649292618
0.042300866188
0.0918524029079
-0.0375126278206
-0.0368681614163
0.0320609068562
0.0458398943148
0.0172381139297
0.0946349943758
0.103484731992
0.10887258286
0.0544078749587
-0.00701061515072
-0.00418710836126
-0.036987254404
0.0111570652255
0.0421827875198
0.0110882514134
0.0991251118312
0.0483119674691
0.0361752973484
0.0801317522364
0.0120327599685
0.0438451385828
0.0299345344039
0.107583232592
0.0166377996469
0.0143800446862
0.044858913624
0.00819049070715
0.0307435489191
0.0454313957409
-0.0188302911213
0.00187341014746
0.0336866285341
-0.061721020347
0.0839918934337
0.00691180920705
-0.0117659872882
0.109882313101
0.0435774650168
0.0484949185932
-0.00940240984774
0.0162313372031
0.00989048360769
0.0361721432867
0.0773379751484
0.00687712558259
0.0831333671908
0.12128308301
0.051808825685
-0.125240951859
0.112768627542
0.0224344995361
0.0458832845507
0.0758577276531
-0.0110546918538
0.0425634170496
0.0182639890722
0.0325501610403
-0.0631068919047
