-0.0335873351096
-0.00397490153259
0.0970033481437
0.0901071679831
0.112830090744
0.0941607662724
-0.019237758267
-0.0105568733201
0.072527978245
0.0588141255039
0.0484980824199
0.00812604532235
0.027537427385
0.0759454945661
0.104630063299
0.0247305748082
0.0935949096435
-0.0175893290144
0.0184191155593
0.0361879191209
0.0986222564014
0.0247258101207
0.0313681138931
0.094264965584
0.053863362119
-0.00260118393351
0.0719317380792
0.0825320524095
-0.0135589319032
0.0719159676412
0.0635143207683
-0.00103984468362
0.112286479449
0.104400332251
-0.024965381707
0.0323376447668
-0.12069996711
0.0509219880434
0.091928798536
0.0877470136353
0.104633477335
0.0938644658674
0.0860740490423
0.0983952678766
0.00580404750706
0.110230219826
0.0850615608649
0.0124425225455
-0.0402520357082
0.0788020406335
0.0729859754484
0.0429193824413
0.0167990961922
-0.015784821277
0.0671119472219
0.0883130572655
0.0333784715724
-0.0527005615257
0.0424087605603
0.0573343703497
0.0120701050364
0.0391350750421
0.0112275406021
0.102612819607
0.0409982691914
-0.023213352057
0.00191185699315
-0.0457498367244
0.108699795026
0.0221210793063
0.0921494278834
0.0410491459397
-0.00276380247822
0.0834386279003
0.0237829272249
0.034987200579
0.116867138925
0.0498564974842
0.0622246616907
0.0492566125777
0.0497728838838
-0.0794346423353
-0.0101272463468
0.0679717001504
0.0316058994722
0.0940450456251
0.111852622491
0.0592094268631
0.0627262347712
0.114149521653
0.00572893155278
-0.0850097485298
-0.0224050253271
0.0406299754308
0.0328679783567
0.0708879932756
0.0104919332958
-0.00115689011894
0.0562798027381
-0.034780856471
-0.012812774398
0.0851150685887
0.016972357171
0.0833653430223
0.0327405591144
0.0624059661525
0.0318290394972
-0.0416366278625
0.0294599023318
0.127034580405
-0.0114207444781
0.0642286363188
0.0387963773028
0.01284734726
0.104289158799
0.113357345253
0.0425307628047
-0.0866745066947
-0.0597721485812
-0.0465487587618
0.126323996881
0.0762400881046
-0.0247957237039
0.0427448986259
0.120044806791
-0.0246548932737
0.0206028627744
0.0897260928978
-0.0880976474086
0.0563015424067
-0.114593136186
0.0300353584794
0.0339631611891
-0.0100953931233
0.0715908001372
0.0916068811984
0.0616352329855
0.113340414209
0.0512482205662
0.110007305881
0.0877529365065
0.0378962642222
0.0951270309227
0.0172186847011
0.0220446389816
0.015817717318
-0.0440815666338
0.00589103364139
0.0168364270998
0.0181877085717
0.0453274245354
0.108109287384
0.116350038229
0.0310686570268
0.0347657319131
-0.0139403918134
-0.0357887609001
0.0661189071881
0.122453347423
0.144337011884
0.0564115034286
-0.00322642526454
0.009356885754
-0.0468103965505
-0.022115855748
0.0904758546574
0.0108641333692
0.0175437588846
0.123437732922
-0.0264398362796
0.0509899124686
0.134441440111
-0.123894875638
-0.00377142554392
0.0576960387626
0.0335211114375
0.0544798227687
0.11433903475
0.0493451791218
-0.00452487119187
0.0971813934915
-0.00281943646278
0.0722410216527
0.0758718359901
0.00146475253487
0.107269984088
0.0570860895678
0.0643652405767
0.0452023594245
0.0167046565507
0.057911986156
-0.00764219533765
-0.0677453807865
0.0478504723743
-0.0915756381615
0.0224413322701
0.00935318780972
0.0159254045417
0.0455101525405
0.0181599906881
-0.00469233109886
0.00917181419073
0.0235435160487
0.00184868352143
0.11343691753
-0.0567363066348
-0.00761740190085
0.045362368671
0.057648212535
0.0752173882147
0.0870192063213
-0.0107281046212
0.099938404885
0.0831530764636
-0.0143969989884
0.0913097372042
0.0657091642909
-0.0134488680584
-0.0496123509567
0.0934532632195
0.079690851636
-0.0317405647254
0.0336142391565
0.019825843728
0.092065219203
0.00342299465259
0.0943050816169
0.0261494994585
0.0375753626151
-0.0048397214048
0.0694858175634
-0.00577939602716
-0.00206994839271
0.0377798380992
0.0419839132899
0.0468715826818
0.0589000598904
0.0833300634021
-0.121367315494
0.0310932844323
0.0207300435155
-0.0731395706436
0.0552397408926
0.0915248348467
0.0490682990284
0.0676877657782
0.0100433724601
-0.0087182928869
0.0608385868788
-0.129746053276
-0.0658539678669
-0.0335907603208
-0.0203049324018
0.0299237520175
-0.0132026317655
0.00408955623456
0.0577002804569
0.0773723619695
0.0224443802274
-0.0075482150853
0.0828083526218
0.110451090408
0.0467857128913
-0.0632040812218
0.107153111837
0.0646804944259
0.0763156521967
0.105130702613
0.060906665489
0.0657332113268
0.0042369964759
-0.0161791910275
0.0546164631482
0.0120473252335
-0.0273147671176
0.071535594951
0.0416608465534
-0.036289346798
0.110585665255
0.0704966525453
0.0664570795245
-0.042119342444
0.100613866395
0.0858339303732
0.0559369373742
0.0630051232516
0.0104973173372
0.105904218329
-0.0277076986484
0.0541787481583
0.119317497945
0.11122387421
0.0817830416559
-0.00792340957295
-0.0133327924116
0.117293424845
-0.00508864019198
-0.00182942267394
0.102667558439
0.00289598683775
-0.0666926837985
-0.0298887038652
0.0753467234639
0.0708394894379
-0.0740846718883
0.0965371193498
0.0628799687947
0.0264610122124
0.0183316047725
0.0527929413761
0.0207500167448
0.0859214291851
0.114526641167
0.0558326498836
0.134734997339
-0.118757381326
0.0808284880752
-0.0031060292854
-0.0287321312301
0.11994953319
0.0718244641218
-0.0158889578666
-0.0602045630294
0.0832728602248
0.0941870308089
0.0408074777891
0.0980209674482
0.0469806099282
-0.0817731978237
-0.00271982398933
0.028672569232
0.0932478099616
0.0994639065339
0.0377242351178
-0.0197660861221
-0.0375338974782
0.0311942052716
0.0629155653377
0.0780347240731
0.102250478532
0.0286144634113
0.0456300347859
0.13471997429
0.10067717762
0.00381219202538
0.0112176600397
0.0983538109158
0.11085804547
-0.00522273077354
0.00725849828109
0.0327469935907
-0.0239452351133
0.0690508333755
0.0719267675749
0.126336882175
-0.0833386924185
0.0452343911034
0.0746744226457
0.0347128422764
0.118137908745
0.0798737574471
-0.0505610761922
0.000255401356821
-0.0528751000186
0.079557306894
0.0543737785525
0.0287758801762
-0.0281617438765
0.00592176702885
0.0881577560986
0.116374419357
-0.0704934730901
0.0206086965516
0.135087342718
0.116897796949
-0.0870487889157
0.110578729986
0.129652162412
0.05905719773
-0.0544544925327
0.104262558424
-0.02577779817
0.0203253131643
-0.0106994217112
-0.00605560900982
0.0132532541624
0.116019608003
0.0116946696124
0.101393150179
-0.0523202392369
0.122066347681
0.103514685519
0.100147635417
0.0589789973255
0.0849560242843
-0.0409720423313
0.033449319962
0.0934014442193
0.0315420059672
0.0508455401475
0.0839251523876
0.106067478235
0.105703301789
0.0663680315156
0.06116971579
-0.0152937668132
-0.0562642346604
0.0222119004682
-0.0802638759952
0.0183865182486
0.0875876894289
0.0761815606888
-0.0217467972832
-0.0328779246707
0.0523822634596
0.049384954239
0.0156685601836
0.0207867522544
0.0191311881898
0.0372899182105
-0.0616848152263
0.0950966658619
0.00278607401094
0.0438103520386
0.00344513955473
-0.0333666888111
0.130225681623
0.0396876746237
0.0398402426467
0.0837355331368
0.0658319763478
-0.0440035770803
0.0989597400719
0.0350524185422
0.047008670029
0.0168435938978
0.000115800319819
-0.0258709588563
0.0395247203172
0.100375232957
0.0779622867692
0.0623193599177
0.0414624303403
0.0141979861504
0.0350434107713
0.0112758636837
0.0165109479891
0.110566476793
-0.095820739455
0.111053535863
-0.0388675720845
-0.0138255801972
0.00443113554651
0.0707160433901
0.0169792046875
0.0258537806666
-0.0288394572866
-0.00953442508273
0.0438258401869
0.0234397766487
0.0328391979852
0.0124349124102
-0.0227664383567
0.0339248138483
0.0267278655724
-0.0512012310799
0.0669944773474
0.0151890259698
0.0292340308159
0.014601848809
0.0626862650926
0.0740873505049
-0.0878729423716
0.101058321572
-0.0040350776214
0.0815867067873
0.0229505381044
-0.0144592025095
0.0509268438857
0.107872495265
0.0782184632965
0.109445882265
0.0476184556921
-0.06441504704
0.0654024822238
0.0165324561722
0.0753587602584
0.0678628573138
-0.0632528850008
0.0118772414188
0.075591245639
0.0168907749897
0.0471705744198
-0.051631691828
0.12541860479
0.0394643855815
0.0751464654915
0.104722334473
-0.0104289807419
-0.0460012631191
0.077389421345
0.0455045041508
-0.0235925918048
0.0568202507729
0.0498067751367
0.0366313551759
0.0307009635236
-0.00799722416623
0.0411298761665
-0.0326655476204
0.0761771274885
0.0310743615675
-0.0089027377564
0.0262009148012
0.034633543596
-0.0264711169127
-0.0421880632386
0.0649919666044
0.0626137699521
0.0642291031004
0.0591091118031
0.0250728892684
-0.15615661688
0.0309801228796
0.103682711796
0.048224673806
-0.0482711328718
0.117402819686
-0.00328534897971
0.0613392681528
0.0435699382507
0.0389620094541
-0.0711922222409
-0.0491040042363
0.0579900065524
0.0228931617927
-0.0374898593941
0.111964500525
-0.0121438872291
0.0997970165123
0.0347822137134
0.0864024663939
0.0537396719858
0.00351882723314
0.0194749190511
0.0783720585964
0.0300050489859
0.0616139287392
-0.027195521898
0.071892664186
0.0148458447657
0.0271159794371
-0.0184852744327
0.105371820349
0.0415335415114
0.0182612949247
0.0679765482851
0.0217876765728
0.141551553639
-0.0324995061474
0.101748381894
0.100398655409
-0.0246773568956
0.063175432609
-0.00730722764254
-0.00945507455644
0.0679220003036
0.087137026904
0.0813530908911
-0.00530002019637
-0.0560618927655
0.0565195043332
0.0988607284672
0.0235691502457
-0.0792824169813
0.0125531621971
0.00896059777047
0.0663987426035
0.0822108361156
0.108737524819
0.0267139033176
0.112676059018
-0.00985871751373
-0.00393386804153
0.0768729043743
0.0659018296853
-0.0374941080958
0.0588080132353
0.110854534032
-0.00742993730736
0.0674294739561
0.108072021948
-0.0159500456897
-0.0377966764674
0.0426413020143
0.115083853513
-0.17091400879
0.0561384191101
-0.00651630479901
0.0637383267497
-0.0269336320314
0.0191308349393
-0.0668712200855
0.0541713156267
0.105647179205
0.0620854809054
0.0773763062722
0.0702105251369
0.0856574516338
-0.0448490344881
0.0380409450729
0.0802853397413
-0.0138023063346
0.0367228430979
0.0992070405996
0.0317711471385
0.0191477957603
0.0900162192351
-0.0116921987028
0.120903327383
0.0556791130801
0.0789161557057
0.087549253444
0.0021836519926
0.103168117846
0.0155956889989
-0.00621613633781
-0.0196938644718
0.0986903001886
0.061122552569
0.0266423626688
-0.00670988642696
0.03625259271
0.00713486799907
-0.0598258391869
-0.0263766752564
0.0103766766602
-0.0367836228698
-0.117842917067
-0.00805623172586
0.0103029120446
0.0627077659659
0.11244126448
0.0688944202857
0.039162111034
0.0981149671902
0.0742245460783
0.0611875999772
0.0378540931408
-0.102798333126
-0.0518652679678
0.126394644967
-0.0685023490502
-0.0374062763314
-5.18816698971e-05
-0.0543693150456
0.0564776909028
0.0502163594617
0.0290149285699
0.0281629075298
0.00448026217425
0.0868096472773
-0.0516565643434
0.0713875654062
0.060205060698
0.120581673698
0.0441204796638
-0.0646452443258
0.0136218785686
-0.0172833125551
0.105258909484
0.0422509759765
-0.0244778506811
-0.00694355909743
0.0424012988064
-0.0104619452581
0.0830446115618
0.0562941353733
0.0939214804161
0.0483984982169
0.11855012426
0.121603818319
-0.00704813718608
-0.0217300620171
0.0394745174236
0.109103914517
0.0800769541904
-0.12932200152
0.0695678659664
0.0532320460734
-0.00666674873487
0.000604700577199
-0.000629974746713
0.0186786065336
0.0340319194966
-0.0615135916017
-0.00467957673148
0.0244108271596
0.103063424624
0.0438867239233
0.0296226282699
-0.0781462749125
0.0118931317899
-0.0118969202372
0.000354403281434
0.0526901288946
0.0963738857823
0.0154241512059
0.105572608147
0.04162343557
-0.0621346902857
-0.0131608589106
0.0467752158767
0.0164741470879
0.0967362152265
-0.0327114620754
0.00396841630165
-0.00243483822324
0.0695099527236
0.00108029243533
0.0770547716864
0.0731972772583
0.0531514452862
0.0917729495226
-0.0597513444643
0.099898090545
0.0688198184457
-0.0465665575707
0.0880604367094
0.0438317847937
-0.00105349731126
0.0902189694763
0.111938092507
0.0443025888802
0.0903263963676
0.067479566196
-0.0763654274591
0.00727980755814
0.0256152754415
0.0818375986594
0.128212144391
0.0157879982503
0.00565236898357
-0.0484711630474
-0.00561242651452
0.088772201441
0.0207879168469
0.0512540717387
-0.00833942713584
-0.0311476234913
0.0794354257221
0.0358742857505
0.0820665558575
0.0253752722467
0.0814133915611
-0.0741732402211
0.0271741327376
-0.0364683806623
0.0506022928994
-0.0125115818826
0.0510285016275
-0.0284383919001
0.0325656170446
0.0790456186643
0.102123070714
0.00957937131548
-0.0191635871949
0.038291133566
0.117870910424
-0.000927132357255
-0.0119877107482
-0.00173391177656
0.028080770556
0.0767609641281
0.0321094609553
0.0606994844262
0.0779555089168
0.0124951712338
-0.0687687220893
0.0478067466926
-0.0843890239657
-0.043222585044
0.0452155706222
-0.0396113240136
0.0357891076532
0.0339815444445
0.130707659109
0.0330473683002
0.0285837106109
0.10720312142
0.0149152994143
0.0771412454531
0.0440849463117
0.0862493138377
0.077282017701
0.0491897866636
0.0339170503545
0.0402317224052
0.0323767811198
0.0260378268578
0.0417580258066
0.0950921022192
0.0499540385706
0.0610098222923
0.0201196667875
-0.00447893765511
0.0199175670027
-0.0457782446708
0.0560434016921
0.0645628341724
0.0355205152104
0.0327036045647
0.0680491189285
0.00467088406321
0.0364880454891
0.020909534454
-0.0513614627518
0.00902097335678
0.00849853239334
0.0159772152397
0.0494480718085
0.000101910447888
0.0496239614691
0.0829141624275
0.00741289095674
0.0818890544027
0.107254704951
-0.0281091689213
0.0809302815538
0.0155070949739
0.0309720968527
0.0101629970925
-0.0162974886171
0.0554553793229
0.055780519592
-0.00411365348577
0.0808209515012
0.0743391809807
-0.00976870911633
0.0444721371711
0.0743073186497
0.0122723147774
-0.00950742975917
-0.0749771988571
0.0171549800891
0.00572021786352
0.0131445642882
0.0429756010539
0.0342204558903
0.0668620792334
0.0855734301674
0.0358991072197
0.0199532890369
-0.00852171991955
0.105193508506
0.0336620217582
0.0404893806834
0.0168419028107
0.0693769310956
0.0325193462863
0.0424323443987
-0.027203936905
0.115691406301
0.0444857894056
0.0302483255473
-0.090429532288
0.0469584649424
0.0270486592405
0.0584470261704
-0.0753608510639
-0.00481054482556
0.0157928675554
0.0619559489901
0.103921245627
-0.0626494325764
-0.0147786461072
-0.083370044928
-0.0419048541
-0.0234811201727
0.00527982247878
0.0437488709497
-0.0231930383414
0.0524130829832
-0.0162953001241
-0.104512823229
-0.0096752917783
0.102187766639
0.10446632273
-0.0140816334964
0.0973507703452
0.120013583488
-0.0392654070459
0.0352877232404
0.117721750044
0.0138970814635
0.0691875945145
0.0660443588177
0.0754451138186
0.0424818892802
-0.0829356370097
0.00985603609614
0.0700406529189
0.101604016831
-0.00156943348789
0.0179497275161
-0.0684427998318
0.0455288777808
0.0188447366098
-0.0466295405096
0.0104469609708
-0.0364280435583
0.0137704284218
0.0668183701389
0.0143233266091
0.0026188613774
0.0963195207124
0.0284411658164
-0.0260448434693
0.0289865893445
0.000544694763443
0.0473846803485
0.00480879087644
0.110691744494
0.0438844347297
0.0540173672028
0.0556272572507
0.038093113027
-0.0157841258154
0.110194540062
0.0135129857621
0.136461878781
0.0605099388175
0.0276578982537
0.0510993823713
-0.0427924305658
0.0241556247998
-0.0109923254088
0.0599659115802
0.10455604462
0.0182641582452
0.0491680935473
-0.0560541175605
-0.0213388787978
0.0190463848858
0.0796082127029
0.108566784889
-0.0275996389277
0.06448256823
0.027645419734
-0.00252529531098
0.0736499311929
0.0343685586828
-0.0678127322117
0.00790805516031
0.0846233733337
-0.0150696232632
0.0829232189503
0.0433785756803
0.0406719270829
0.0744264724584
0.0931636319083
0.0252873150167
0.137783007999
-0.0105922383948
0.033819475764
0.0518632248573
0.00163455144843
-0.0628296150712
0.0404565001561
0.0331340648618
0.107486974151
0.0532507827023
0.0222462345388
0.019389816878
0.0261358930026
-0.0665545491665
0.0925217646823
0.00942931028399
0.000930556536561
0.00689620042695
0.051519075772
0.00841203545502
0.0820259734966
-0.0380736173916
0.0844034319789
-0.0116903747936
0.0889226902631
0.0495801800501
0.053719141074
-0.0511656206141
0.0948164633836
0.0150402549788
0.0155581911517
0.0652784084831
0.00360742710609
0.0661652676538
0.0941531108655
0.0653008455733
0.072909804612
-0.0617278339289
-0.051461500325
0.0828523088745
0.106240025518
0.004341423143
0.0377150814419
-0.0909066899881
0.108492511083
-0.0925277519809
0.0704364898375
0.0573817737647
0.0601065151147
0.0251911942176
0.0205796215124
-0.112252538703
-0.0164464685691
0.0221719864052
-0.0106054812331
0.0707140953487
0.0365921363666
0.0808861421038
0.0876706463954
0.0717926216685
0.0671505174142
0.0630763121247
-0.0111126704034
-0.0285813194268
0.0536372900766
0.0513538627941
0.00276578374683
0.0941064765605
-0.0668743839457
0.09930829851
0.0681969287344
0.0121954949376
0.0736130963271
0.0836021888779
0.0584852402564
0.0433669456727
0.11869541515
0.11136262041
0.0836802949967
-0.0179226422717
0.108915153872
-0.0106512313264
0.0646375855354
0.0827551068633
-0.0040168344028
0.0138398094379
0.123140975879
0.0327480904944
0.11841401309
0.0751786283864
0.0186108415084
-0.00258801102084
0.0480846399017
0.0995944090308
0.104816307911
0.00939633700054
0.0932657112135
0.0860917740862
0.0622815931083
0.0619310223142
0.0210112455507
0.0965333859976
0.0275897865343
-0.103360080018
0.0436903608115
0.063188705173
0.0625435227861
0.0160814570673
-0.0838257692185
-0.0048929738748
0.0157722954934
0.0580404530187
0.0193567370833
-0.0142018218678
0.0806016764549
0.0320256885033
-0.0484821453161
0.0448173220224
0.0140794568945
-0.0932452782006
0.0251280962186
0.0466893621492
0.127421563245
0.0948295857717
0.0399537229845
-0.00498751234755
0.0445929160245
0.0622509260757
0.0742437832726
0.0346683718517
-0.0109551479913
0.0809738059096
0.0396307584159
-0.0415435294284
-0.00501026584508
0.0726993891519
-0.0159702574193
-0.00529006190964
0.0220304701166
0.0152091199063
0.00626121620682
0.0436712375354
0.0964220693078
0.093632774915
0.00274804031125
0.0140526374058
0.127162233879
-0.0498422676983
0.129302700812
0.0381998789329
0.00290264286968
0.027775476614
0.0913612541422
0.0126907893988
0.00956893369915
0.0583508523518
0.00156655827565
0.121956152701
0.0773879271562
0.0703217726443
0.00290915714369
0.0150449481608
0.00984919468541
-0.00102400198363
0.0609102024586
0.0367446400858
-0.155212461514
-0.0466953551573
-0.00581492178071
0.0605631462377
0.0521577329659
-0.0297726293116
0.0271925002033
-0.0213440940263
-0.0336211048408
0.0296486530771
-0.0318090475514
0.122456185628
0.00330669068619
0.0266004058903
0.0764602550512
0.0132483932439
0.0737759205175
0.0667157305395
-0.0119791862184
0.0102928834641
-0.0169985583341
0.141058201967
0.117272466568
-0.0449648431065
0.0607072860319
0.0509987784087
0.0140563436947
-0.0220067199777
0.0115697379953
0.00530398779984
0.041408079159
0.114591024405
-0.00482323887776
0.0327167005154
-0.0178639803038
-0.021847324345
0.114099117691
0.0326287852942
0.0465297189078
-0.0422435226445
-0.00176118662074
0.101647327417
-0.0422362231375
-0.0311247647073
0.0961128558863
0.0625785176563
-0.0142824119424
0.0475197555143
0.041945899043
0.10800229712
0.0587368223096
-0.0140720760345
0.0529823584958
-0.0233796006561
0.0423254252701
-0.0192200583755
0.00623136104988
0.0546722020384
0.0580893653447
-0.0240648584305
0.00637954195669
0.0211860292787
-0.0117060994482
0.0827633817373
-0.0112341967352
-0.0177868805354
0.0395257043221
-0.00278368810556
0.0928160415003
-0.0772899761144
0.133559820496
0.0218274927038
0.0618129200507
0.0195617251031
0.121967222051
0.0409292044246
0.00272899186852
0.0674709756681
0.095897806496
-0.0214212547705
-0.0349241389068
-0.0554446389877
-0.00568773081144
-0.0660885077666
0.0771094889634
0.101402976335
0.0485360567829
0.100551040676
0.0519854619316
0.0357117964868
0.0698188737666
0.102574405537
-0.0171392281791
0.0463553327342
-0.0219689396827
0.0748968502811
0.106575493525
-0.00273855929543
0.0505870123811
-0.0672679820863
0.114938032287
0.0929651000327
0.0867667188745
0.0835860460644
0.0475653904453
0.0190403944578
0.0186607887247
0.0786660296613
0.041264811562
0.0906639918196
0.0496015712917
0.0323877444834
0.0561654381048
0.00363261309214
0.00718213260234
0.0185938163292
0.0291106215889
0.0027532286644
0.056133460361
-0.0278586582891
-0.00783803837039
0.0592383057222
0.034443025718
0.069227246515
0.0431312367372
-0.0196131260646
0.0612603496298
0.0619643271614
0.0925045590811
0.123416355407
0.0508503962806
0.124451448831
0.0193852214702
-0.0538258625978
0.0142259641445
0.0183328223777
0.0883232750928
0.0893501885896
-0.00282625663792
0.0354650706936
0.0884591639539
0.00289369440102
-0.0292022991229
0.00691765073358
-0.00214894513922
0.0438577144841
0.0919438252139
0.00163839171562
0.0459808842095
0.0432311332208
0.0965734097168
0.0361166550542
-0.0046573370718
0.0743138088355
0.0259430305982
0.0744753379709
-0.089712262856
0.0840022833938
0.0637610070897
0.0202770223705
0.0949491200648
-0.0584659439314
0.0854203036156
0.0866759541465
0.0768314902667
-0.00136271733482
0.0768646190319
0.0363816449867
0.0770319080302
0.0320426682458
0.0436459620316
0.0529166755011
-0.0136194892969
0.00937285127165
0.088347737129
0.0505162753342
0.0610668277359
0.0160019856448
0.0451630725771
0.0462866188509
0.0633957005383
0.0179694815334
-0.0461867535691
0.0356976603139
0.0806950034466
0.0141260313422
0.0893156772286
0.0621219524871
-0.0883236009823
-0.0288045645289
0.022282822405
-0.0348918942436
0.00990292157969
0.038425066056
0.0956802498311
0.0722634474187
0.0634245149714
0.0862745240657
0.0734493503028
0.000280146626427
0.0215024110346
-0.0344266824726
0.0815645622893
0.0860918366109
-0.12624732299
0.102408132011
0.0889632166799
0.0479362048164
0.0577135822526
0.0944813697803
0.114070161917
0.0470001227842
0.0231336820257
0.0780118036604
0.123380043267
0.0524171342657
0.0147009183408
0.141538784176
0.0645818615429
0.0623924028291
-0.0153183599305
0.0663799424979
0.0389789633818
0.0775534587842
-0.0311840265553
0.0684804711949
0.0530100564014
0.0403643843087
0.103953705786
0.0536362528143
0.0811490191869
0.0930325167865
-0.0809534736899
0.00744727297297
0.121951616869
-0.000384397998102
-0.00121679685908
0.0537945482525
-0.0313304019748
-0.00967211098794
0.135725063488
0.00523809358372
0.10263839201
0.0843617700917
-0.0161812925103
0.0487650712509
0.0920528315193
0.0221736912187
0.0926767401451
0.129480602968
-0.00907901079646
0.0200731654258
-0.0256650240304
0.0884271347554
0.0402207302875
0.13761151306
0.0579274723665
-0.0819239371371
0.099274010514
0.0124046165741
0.00619808238946
0.0771903355224
-0.00547014639682
-0.0542961880551
0.0131117477602
0.0662052414942
0.0860329074913
0.0882006696661
0.0435818863574
0.0885938123984
-0.0487947814321
-0.0021857020656
0.0238647105044
0.0941704173698
-0.0168982859086
0.103269823201
-0.125575425239
0.0664211948877
0.106437724789
-0.0504871083978
0.0634960539633
0.114996148145
0.0786376189529
-0.0302496232799
0.0506572821336
-0.0172998388306
-0.00104767866356
-0.0038129897772
0.0399281102821
0.0966311892736
0.079201792304
0.0139231358726
0.0815871491551
0.0535540770223
0.0963363733252
0.0130110844799
0.0685034179255
0.0727897544244
-0.124381888546
0.0123587649846
0.0332728301792
0.0627311323633
0.0503210608345
0.121592820368
-0.0745908312599
0.00878207569094
0.00479020811858
0.0970269462177
0.0434087146011
0.0560891784317
0.116404517691
0.0351538825249
-0.0443308067179
0.046466351326
0.00739794058203
-0.00206855306174
-0.14100959982
0.1386747691
0.0072338707267
0.0468284130863
-0.0537200180273
0.0122105070192
-0.0558131159847
0.0779549735308
0.00909550017341
-0.0509360663673
0.0313997486068
-0.000938922608531
0.0123341478672
0.0964583824201
-0.0454716370663
0.0899912320714
0.101474188513
-0.0634053526676
0.00773439192959
0.0222831202182
0.060924444824
0.0717487627195
0.103884697694
0.0205082170734
0.0923693442796
0.0802348081029
0.0729608600409
0.12002841304
-0.0196767351504
-0.00254870845205
0.0458807767673
0.00300345183693
0.00488244675219
0.0815562168351
0.0287910511976
-0.0412325978749
0.0320387253032
0.0521572999525
0.121101739567
0.0190618118386
0.137030365519
0.0382761449598
0.122036537642
0.0228831552362
0.0570229509143
-0.0147790304156
0.0386311646125
0.0614737359844
0.0519772311236
0.0521444264047
0.0603749503252
0.0301887271975
-0.0457670645084
0.0933956884249
-0.00588186961114
0.0180534708687
0.0397600601629
-0.083776399539
0.118935389751
-0.0276734433752
-0.0283958307
0.0673920701344
-0.0244347863918
0.000745545940996
0.0670049204925
-0.00803390342047
0.0878589416535
0.0599968429942
0.0847163626339
0.0578906334862
0.0039956372032
0.0219269584011
-0.00334237518116
0.0217947773871
0.0580724514369
0.0452651353843
0.0781210311792
0.0329530998119
-0.0345244072255
0.0121593818084
0.0992196150938
0.0834641597938
0.0760771502808
0.0304712783812
0.0538443728814
0.0362272904261
0.0769073926244
0.133681196584
0.0609048817428
-0.0397423379959
0.0940458081591
0.0330705768507
0.0218271932664
0.023582059915
0.01176411884
0.0860761077174
-0.0806235910454
0.0624762099297
0.00997488060313
0.00505652035349
0.0344055727747
0.117443162196
0.142875848215
0.0160760594423
0.130459116781
0.0505222110481
0.072920108464
-0.00174977050054
0.0124564055214
-0.00685320057232
-0.0711198109433
0.0579917389745
0.104883008285
-0.0128398400774
0.0912426487959
0.0166177472031
0.0853166041101
0.0138444378205
-0.00805032396123
-0.0756199160033
0.00124845043488
0.060263208874
0.0320566203897
0.0138023407437
0.0498986715739
0.0284661316129
-0.0124645378281
-0.00270806508223
0.0947001068032
-0.0891748172018
0.0562132937981
0.0356973549132
-0.0222951722546
0.0542106941519
0.0863592128208
0.0326202456608
-0.0369983661515
0.0958744134813
0.0472739720206
0.0352674271244
0.0547534272285
0.0651197577247
-0.0146889490747
0.0517275962127
0.0306762159552
0.0564143478116
0.00604269773408
-0.0443986880662
-0.0760310004709
0.0676843926149
0.0621686206903
0.0730628880383
0.0806214546156
0.10006339102
0.046681210902
0.128085004255
0.0615977669888
-0.0259401440224
0.0990429718687
0.0671957713308
0.0198849865151
0.113101589412
0.0712124609314
0.0201462905761
0.0523996940604
0.0826424581771
0.0379809795628
-0.00882760563515
0.119762482681
0.0129350990784
0.0989367795442
0.0140605463007
-0.0471549560402
-0.0102435490724
0.0311721757755
-0.0180667695421
0.038750417654
0.0208929216617
0.0417986166585
0.048913528006
0.0636131735653
-0.00837947128882
-0.103888024585
0.103015523303
0.027851668491
-0.0136098767625
-0.014245594501
-0.026064557049
0.0422989528751
0.0406357085038
0.0826301280812
-0.0474789430742
0.034587291651
0.0579261226457
0.0608407262702
0.0404820717351
0.0242687747776
0.0108945245028
0.0545922992724
-0.0226109834128
0.071761705785
0.0345187983024
-0.0526406487851
0.021228302065
0.124376179149
0.076548932094
-0.0451954332596
-0.0507007237904
0.118888962849
-0.00116524999714
-0.045010458324
-0.0139756721041
0.07882815728
0.0860348643843
0.105779602334
0.0462212883534
-0.0226024201866
-0.00359974181011
0.0647814003489
0.0172728659807
0.0815502805495
0.0103122528188
0.0370669803014
-0.0828217366343
0.00296935150036
-0.0102676918471
0.0682693142889
0.0823484529366
-0.0895648993066
-0.0111156761285
0.132085995339
-0.0197339632519
0.00602004889227
0.0762228399583
-0.00534639541962
0.0386765351084
-0.0241208499103
0.0105153100843
0.0930806967717
0.125194915358
0.0274737724511
0.0526603458212
0.0413766533442
0.0925213995028
0.0651436712467
5.5320048892e-05
0.00326321994283
0.0726376962717
0.107561271262
-0.00424134999025
0.0967467086838
-0.0145762751046
-0.0250506814117
0.0888294744959
0.099303452137
-0.00334176638675
-0.0044443350697
0.0373823608715
0.103943725015
-0.0618377073113
0.0614671727734
0.044028647352
-0.0221902375177
0.0691839576488
-0.0717244832093
0.00132153308384
0.142605381374
-0.0949076864468
-0.00648443321171
0.0201677606281
-0.0580346254798
0.104800300981
0.0686569940312
-0.0716500018998
-0.0107565834453
0.0556000676292
0.0675394585564
0.0683809465178
0.0231484644362
0.0971567856559
0.0157138792448
-0.0694761261482
0.0491505237895
-0.119548466012
0.0753316690372
-0.0425012439801
0.0011779673502
0.00883856189446
0.0927716608891
0.0844142335997
-0.0353908313745
0.0555124799305
0.100961568349
0.0206134771088
0.125011211944
0.0495921984819
0.0603878063182
-0.141090265731
-0.2039878847
0.0519561473251
0.0320913301327
0.020068787027
-0.0215562843075
-0.00422673903053
0.0473924572133
0.0308835942195
0.0431760758467
0.0497274404754
0.0176997319935
0.0585468469795
0.0230073337439
-0.0234052194814
0.0550770918897
-0.0831907242903
0.00138305626829
0.0430206706981
0.0462930958053
-0.0860881061405
0.0173377184606
0.0763124479132
0.0260636879294
-0.0162520709123
0.0315509987736
0.0579865986043
0.0638211346137
0.0736023608181
0.0771842547272
0.0680539864282
0.0374593364424
0.0295985644996
0.0112487905856
-0.0437864606412
0.0121961004362
0.040922462726
0.0156748984141
0.0242266870797
0.094735708496
-0.0158294366945
-0.0165684093551
0.116856108316
0.11338027623
0.0820923011252
0.00647675888153
0.0729743317099
0.0475588567752
0.0325507393909
0.0646918618691
0.0652683220694
0.108284949596
0.0229457364143
-0.0790513161415
-0.0166008088184
-0.00867716348049
0.0481652826653
0.120145410474
0.0907901934437
0.081406494065
-0.0972161535973
0.049340631851
-0.0605141836181
0.0185137685496
0.0510349906472
0.0147420043987
0.041055621764
0.028194651657
0.0459776486811
0.0226395566761
-0.104996334901
-0.0012074938737
-0.03468334896
0.064505928531
-0.0265077628261
0.0779006864969
0.0199616375267
0.0550389908612
0.0467107745009
0.0393424755637
-0.0339658018775
0.0445374378906
0.0838277624046
-0.0297274168058
0.0826968938022
-0.0465641090783
-0.0332813231651
0.0542294390591
0.0550064910952
-0.0356040346474
0.108667079402
-0.00067301611641
0.123837549224
0.0398753267244
-0.0578457678717
-0.0852769605247
0.0918267482866
0.103357202996
0.0977513820226
-0.0499764292379
0.0508250602558
0.07147447413
0.119172136191
-0.00260206652043
-0.0395545760027
0.0147988585837
0.088322381588
0.0861137672089
0.0178051281056
0.0077352225971
-0.0753837072626
-0.0297331641725
-0.0223128324319
-0.0581778491623
0.0611685934225
0.0579820453106
0.0907221791109
0.0251029461967
-0.0324886563885
0.0617880691025
0.0738369880608
-0.00546676533523
0.119871253065
0.0907997059795
-0.017108123225
0.00445155191906
-0.00983564618922
0.0771780499615
-0.00442731325671
-0.00808866861892
0.0121394594571
0.0669759281515
-0.030660508771
0.030401087524
-0.0242416820936
0.0457740229143
0.0401741556536
0.0885204376748
0.00913859176854
0.0480926428944
0.109316800431
0.0787134847192
-0.0376301718576
0.0189668701258
-0.00354852754177
0.037341859511
0.0130044744508
-0.00704043414036
0.0539142245184
0.0638030744897
0.0926978211719
0.0824804802537
0.0560234880059
0.0340656030724
0.0259092420533
0.0617948956793
-0.0142874087902
0.124000544152
0.0971956814836
-0.0422512847405
0.0191572683043
0.00772192489325
0.0112664774028
0.108001989444
0.095340924169
0.0312397479837
0.0435228887451
0.0264058110312
0.0723366562441
0.118195203748
-0.00911214303273
0.0316016958231
-0.00443342117881
0.0932182817305
-0.0604914046891
0.0423898933649
0.100507158242
0.112818874488
0.038917372309
0.0270054317515
-0.015720385572
0.0442997245058
0.130533139329
0.10265777513
0.0633287689355
0.0293023509638
-0.0293087048008
0.0782950706115
-0.0678924267349
0.0199431188226
-0.0423455827382
0.0419519227977
0.0297690880304
0.0289103360735
0.0170829866375
0.105191456022
0.0667583706354
0.0520647048497
0.043190970411
-0.0479429926049
0.0742199960945
0.0142552879496
0.0283028942065
0.104739077161
-0.0398946027968
0.0036089162277
0.126609047979
0.102944097831
0.0586234248863
0.123450280827
0.039676305404
0.0393816807513
0.0776221310789
0.00106065350584
0.0498618611206
-0.026270211596
0.134588926043
0.0839750483896
0.0347469379115
0.0205251870462
0.0361426865376
-0.00578704757348
0.0655404207535
0.0247678062427
0.123917352543
0.102289020503
0.051910697483
0.0215939669808
0.111656271438
0.104235890123
0.0281337946989
-0.028174393881
0.0816902140505
0.126991395113
-0.0947402462556
-0.0650337732223
-0.000645018072038
0.049072383097
-0.0242681971754
-0.0797748249899
0.0882270303021
-0.094952199862
0.103880711051
0.0544182834743
0.137566339715
0.121749704988
-0.011401148548
0.0207535346231
0.0793990241014
0.0510738933709
-0.0987866746389
0.0880800029932
0.0792191150063
0.0896259977807
0.00336096288165
0.0181903054254
0.0696697287773
-0.0503995868046
0.0398456998776
-0.0384869058256
0.0721785258452
-0.0103404192815
0.00874080537331
0.0203283854193
-0.00873323268322
0.0473176489113
0.0643868772759
0.0357329379132
0.110387860614
-0.0058704741797
-0.0100799698271
0.024552096902
-0.00947011009621
0.0308441829387
0.0773752264309
0.118351283618
-0.109709665648
0.0803912046479
0.0642255606127
0.0352097189999
0.0916139090309
0.0798643537509
0.0443871184731
0.051337597253
0.0268837004729
0.056030362216
0.0692012005038
0.0989964805093
0.0091054592621
-0.0147146820699
-0.0174081463382
0.0714356816352
0.0149433686225
0.0423670774567
0.015941113241
-0.0152710684921
0.0497367564893
0.0298967519804
-0.027860331964
-0.0556884539484
-0.0247349056649
-0.000938662323509
0.120844312101
-0.0272955040109
0.0504627274303
0.118750102593
0.107613123733
0.0333682364236
-0.00906925636295
0.114512129303
0.0607010460022
0.102626397766
-0.00163357397694
-0.0332232931822
-0.102506439082
0.03634468807
0.0240168021509
0.0568756673185
0.0427814336642
0.0757205113906
0.062624011843
0.0430532286729
0.113761665621
0.0833819568036
0.0915744344971
0.0402269657726
0.0671586411113
0.0475410810474
0.104416365494
0.0152146531445
0.0359042621127
0.101057794163
0.088508007734
0.0994183407441
0.132963863337
-0.0656233467674
0.0138526025598
0.021963693911
-0.00382328492214
-0.0158254092417
0.00398687589595
0.0295724864654
0.0651926259014
0.0289418393183
0.072492914349
0.042718180268
0.111931411301
-0.0324761257465
0.07869500384
0.0195735320332
0.0777008081586
0.0189366928715
0.0994501951254
-0.0227507500308
0.139673045445
0.0107529176943
0.0303649456318
-0.0355740937195
0.0239471223636
0.121253529571
-0.0505877183742
0.103970712014
0.0250675319491
-0.0219082714834
0.0851270227603
0.0685168738974
0.0101874541548
0.0126790101693
0.0275667031568
-0.00265617207868
0.00313548224044
0.128761561451
0.0803392096264
-0.0727053460635
0.0457562227752
0.0638995554119
0.0870907527276
-0.0313856538143
-0.0428921980263
0.106933281625
0.0428092878253
0.0502486552193
-0.0974362204851
0.0627005649546
-0.0990311523914
-0.0737933524264
0.0623255557671
0.0580360774929
0.0395943138653
0.0499438402998
0.0470474117802
-0.0784594563942
0.108853753304
0.0241810600416
0.0350322477591
0.0324311695784
-0.0173362122222
-0.0181779041292
-0.0139392276778
-0.0882086077139
0.0618150329931
0.0959763092252
-0.0254547724111
0.0857657768852
0.099310692798
0.0590336600764
0.0986340065748
0.0349042177972
0.0977108701585
0.0847792620792
-0.0770902725564
-0.00498856982307
0.120726199936
0.0669229488984
0.0425271783935
-0.00807247953222
0.116878429284
0.0208070455763
0.0325120374524
0.0647412109434
0.0573644782948
0.0181285390835
0.0743627164357
0.0150459872518
0.0834706905406
0.112162550973
0.0714428467696
0.0705767498394
0.0631474049385
-0.0116960719705
0.0908756555752
0.0254917257711
0.0860473841052
0.0625103076557
0.0376954270756
0.0709999616324
0.0444841237541
-0.0233624218546
-0.0495293073415
0.0668518954609
0.0825172197133
-0.0592311988222
0.0756755329052
0.0336396826188
0.0975570799451
0.0385412677041
-0.0471934088115
0.0883617218889
0.0287520173302
0.0166020748896
-0.00845817145191
0.0612867141567
0.0642356113955
0.111955757871
0.0561109227785
0.0206433281269
0.0985098197546
0.0872780370781
0.00417807146028
-0.00440813002801
-0.0352227874955
0.0963850722148
0.021673079222
0.00236597365623
0.00741427038424
0.113766627616
-0.0131572198441
0.0878268137501
-0.128859405089
0.00857870201713
0.127860474882
0.0917424204297
0.0387180360201
0.0755209214334
0.0346570676479
-0.00543520868034
0.0390275788235
0.0501157646349
0.05659381222
0.0568156122187
-0.0103727876504
0.0633389519629
-0.0325473747269
0.0524276517628
-0.00672323417485
0.0060047205188
0.129803227318
0.0571840056513
0.012206774908
-0.0235710175132
-0.000331062319584
-0.0274126849072
0.0928551771904
0.00778881277704
-0.031790766919
0.104407229177
0.0777009893196
0.109481542013
0.0193421346879
0.112394539449
0.0729341222032
-0.00767395241191
0.00476001163765
0.0634008560508
0.0677536850712
0.0617866693077
0.0200017526426
0.016275873178
0.000596621147275
0.025265721947
0.0589671676317
0.0207908831359
0.00270295199837
0.0536862446235
0.0159493502996
-0.0156451436987
0.0873076266171
0.0332128867352
0.0765619810219
0.0580562487769
0.0132800586403
0.0596423823592
0.00911579259148
0.119239930469
0.0350897454837
-0.00802989593338
0.0623106233988
0.120445738575
0.0862806506815
0.0784387956232
0.0201076848491
0.103943630347
0.0166039887398
0.0464779578745
-0.0926597353613
0.116693288852
0.0408650445261
0.0470955334931
-0.0508216218863
0.0191970408927
0.0974263381957
0.00692735753345
0.000982289894503
0.0954001468992
-0.0091389220048
0.102472357095
0.0212530558831
0.0420362570886
0.0135994500643
-0.0303639519718
0.0849394484775
0.0751374797266
-0.0954758362843
0.0240487491664
0.0734615616952
0.0727363065373
0.0697717550397
0.0864160237245
-0.0149956183212
0.0486726943155
0.0936903452688
0.132117611759
0.0556224749507
0.0478949386495
-0.0732138854466
0.0171785177036
0.0416509720012
-0.0248206466584
-0.00410582726731
0.0541575339942
0.0491762245382
0.0059324197099
0.0569134151066
0.0758483181824
0.0842238291171
0.00128189695621
0.127254875067
0.0206738731001
0.0759626662203
0.0109326599788
-0.0807194884855
-0.00635754445443
-0.00511750459394
0.0898098008412
0.0368068443327
0.102642133951
-0.0258714814584
0.0723551885569
-0.0862173130383
0.103145181332
0.0607609458117
0.0674830194059
0.0388739333225
0.043818691561
-0.0430923816998
0.0639925386149
0.0325894295329
0.0565667846821
0.13679639715
-0.0189689737677
0.0306364209807
0.102051909751
0.0172194108633
-0.0337003337629
0.13802841486
0.0175284001605
0.0400141574778
0.100463945333
0.0273226918203
0.0123925411266
0.0718393570549
0.0341634798177
-0.031901015681
0.0678153521113
0.0297843247686
0.0690910849109
0.066829356145
-0.00955679194821
0.133132700159
0.0204385903276
0.0791618379016
-0.012706974919
0.0488658771713
0.00352029436818
0.0356512759552
0.014107457763
0.0441931085836
0.00889051580882
0.0905611513545
-0.044078366602
0.0627152410606
0.0468622012685
0.00812205099943
0.0381326853987
0.0827842175633
0.0216723106085
0.00359156802137
0.0323677438921
0.0385523117947
-0.013949290141
0.0108849678224
0.024070486556
0.0364697237129
0.0525101983431
-0.030542555812
0.0127568492834
0.0316003571455
0.0457896976806
-0.0251036681062
0.039571879999
0.091788381261
-0.0538938871869
-0.0354203196105
0.0343833578529
0.0523209176512
0.0454208965327
0.0358956137045
0.00244967129241
0.0137218046515
0.0533116925395
0.0248940021847
-0.0110907381008
0.0777617326068
0.0947661503851
0.0606648144685
-0.0252889298455
0.0778333259016
-0.0219240572128
-0.0457277301885
0.0332607641934
0.0996686326401
0.0059343499945
0.101572660874
0.0168506561808
0.0808339284957
-0.0666605948635
0.0421199452317
-0.0746307460451
0.042657948588
0.0168334746975
-0.0145429194582
0.0938435917696
0.117280504511
0.069538252973
-0.0507315702886
-0.0157078008381
-0.00875125354345
0.0248893530798
0.0668810747005
0.0032700060116
0.112767744123
0.058454780768
-0.00325300530412
0.108153192658
-0.0747396642881
-0.007994196755
0.127972921823
0.0287135123306
0.0358391815313
0.0212098877041
0.123087171292
0.0560546390916
-0.0236450197004
0.102073630105
0.0656636168672
0.0849151634145
0.0199567993964
-0.0517832404542
0.139319568179
0.0387419680549
0.103470303082
0.0441584729515
0.0296037369292
-0.0364159711007
0.104525381092
0.0742169066307
0.114739415856
0.0179593085681
0.085944994875
-0.000932396427952
0.00451145100552
0.0462735501924
-0.0225698793841
0.0653973194618
-0.00491389820654
-0.0480550774952
0.0704272787053
0.0598114048754
0.00502774045202
0.0189903443983
0.0546583070286
0.0659587394212
-0.0423390581886
0.0200307639742
0.0243941546817
0.0012995795376
0.0702323535037
-0.0211526696544
0.0683715091151
0.0460626153628
0.0289044635457
-0.0422020944056
0.066250522388
0.0984056206115
0.0261838900839
0.0814384483092
0.0322055081234
-0.0185267697183
0.0418419515222
0.0225433492158
0.0508802855077
0.020007149594
-0.0419528975959
0.00214083130317
0.113174329938
-0.0404328991945
0.0298090364766
0.0166454317057
0.00983928243863
-0.0129769085766
0.0546791493198
0.00183270871226
0.0251539435984
-0.0374684921277
0.0730082259735
-0.0341067694781
0.0694555506461
-0.0865371574713
0.0178658444291
-0.0572860607571
0.115659694636
-0.0355697311118
0.0278895636651
0.00267841591238
0.104733746943
0.107070730243
-0.0254375178322
0.0587553268464
0.0562730112805
0.0359644630181
0.0558680314741
0.0675197907233
0.0401998644623
-0.0241262450202
0.0934708667198
-0.0570557815209
0.0218495404531
0.0420057242538
0.0853507894942
0.0392371247781
0.00786815050807
-0.0031849799981
0.117717485593
0.0117130957023
0.0356608310474
0.124737057248
0.105556126042
0.0796417330598
0.059115492789
0.0638415092904
0.0994272843292
0.0596838781683
-0.00936764559249
0.0546317834914
0.0460395767412
-0.0175003879938
0.0703515574346
-0.0713548166304
0.0464328416534
0.0395391929401
0.0563784872433
0.0523647232165
0.108405744472
-0.000940600605965
0.0740167650021
0.0729847412079
0.0835816346703
0.0261251535751
0.0437972878707
0.0281865495532
0.0746130494244
-0.0280282367382
0.069830643782
0.0692599480994
0.0288638564877
0.0306833607758
0.101635783652
-0.00701993258175
0.0185367064781
0.114701385177
0.088661013708
0.00671608920854
0.132369605754
0.0992831425094
-0.0559158507684
-0.0432248353062
0.115817327148
0.0111835481154
0.0346420471451
0.100800512295
0.0193127946859
0.0220351287837
0.0976956121475
0.0131147127713
-0.0455185918737
0.0745881992525
0.0089379047521
0.0251901651292
0.0981474793079
0.131149590476
0.0125937959169
-0.114837297366
0.00641463497905
0.0238805943399
0.0928052162189
0.0907638366932
0.0454870105672
0.100462012899
-0.0387260081762
-0.0166898406506
-0.0435868048115
0.0512646587122
-0.0103960200901
0.0904468388992
0.0721986029626
0.0355489113461
0.0692908866113
-0.0639753930789
0.0159372331359
-0.0371098032232
0.0468244011492
0.0568216424223
-0.0623701302601
-0.0547231333006
0.121786588904
0.039768021395
0.0664676956768
0.0976398602211
0.0428982076753
-0.0129751063309
-0.086701455629
-0.0374118873237
0.086277537891
0.0303591140144
0.0665781093194
0.054708799811
0.0554745065313
-0.000517879816056
0.0147629138338
0.0909519425218
0.0889822569758
-0.125149270347
0.0406715278713
0.0151327670158
0.00681453455381
-0.0158861355133
-0.0615103453907
-0.039175217659
0.0163775006716
0.0968788443816
0.0816592207744
0.0944803348757
0.143873602978
0.0570980316159
0.0163145069062
0.117769445719
0.0325582343468
0.0262352026262
0.0263500905554
0.109232620724
0.0113839288277
0.0784453153495
0.094329851943
0.111279407242
-0.0153958851306
-0.0962803815873
-0.00307536792057
-0.00594899836372
0.105459437732
-0.0491119476682
0.0716299719765
-0.140187772859
0.0436286026585
-0.0483939886289
-0.0281556117586
-0.0101268110176
0.0215868662624
0.0826098708899
0.0597927805321
0.0464101218291
0.0704414172941
0.0602567987169
0.120125085216
0.0891610818965
0.0949629587334
0.0848956381259
-0.0293414077765
0.0329602820545
0.0822834004493
0.0705827799054
0.00780282423076
0.106200936797
-0.0429242420617
0.122393824202
0.0311654065064
0.0251813522973
-0.0374001044892
0.0784386414394
0.0127090502917
-0.00323113157168
0.107537347212
0.0422287079271
0.0692687489558
0.00814686425592
0.0783942664971
0.032837469671
0.0762450112688
0.094694088785
-0.0243357482562
0.105969841794
0.0711551533897
0.0403461835587
0.0692478665421
0.0754797434122
0.0408593522508
0.0176649557316
0.131778311158
0.0263095828707
0.0978169018302
0.0373206900239
0.0803634217714
-0.0339618020381
0.0337143881037
0.0918573574693
0.057640926952
0.117811971724
0.0664370584158
0.0460621808267
0.0746390965564
0.0780503797592
-0.058986174339
0.121511896678
0.102191856521
0.0299022941446
-0.00445154769481
-0.0127924581044
0.000472539042188
0.0347433709432
0.0703225120638
0.0278462526532
0.0440546572137
0.0063322827778
0.103320253921
0.0668483019908
0.0560068169413
0.0628655037014
0.0822152063084
-0.0134684294934
0.102400557219
-0.0305102449433
0.0345787544617
0.0400593257416
0.0709055912715
0.0378930129718
-0.0785189113341
0.0498413489018
-0.022243426183
0.0263989282949
-0.00246758643574
0.0408119097715
0.0531019032855
0.0788627970714
0.0455210298349
0.00310810155803
0.0333416704309
0.00814560110145
0.0207764921078
0.0808704534188
0.0695910516754
0.0469893969995
0.0340615368381
0.0838802317883
0.0821795993095
0.0651747146593
-0.00740269414942
0.0463170387363
0.0635284910293
0.10786759874
0.00642092014407
0.0546367139153
0.00565955948881
-0.00886009924348
0.0432000318251
0.0289666276265
0.107837428562
0.0281046905433
0.0518942005903
0.0405017382873
0.0475474930475
0.0917000451336
0.0450222067239
-0.00379124092222
0.0174031617736
0.0847650899906
0.114140188445
0.118479411913
0.101710317742
0.102808201973
0.040355821637
0.0526195025366
0.0099964285302
0.0548447876348
0.0846194413878
0.0408709592677
-0.00715661506839
0.128419799551
0.0239399989888
0.0808401575315
0.0531215281094
0.0647232880669
0.0706797825079
-0.0232309867031
0.0118472396627
0.0691564101866
0.100388847796
0.0261737187654
0.0272944719805
0.0755555878704
0.108701851346
-0.0849030491611
0.0603837232999
0.0111697601645
0.0736244857499
-0.014798044408
0.0347742133214
-0.00431467889861
0.0961145664023
0.106150896638
0.114776837077
0.00325028134493
0.0613292796472
0.10511605645
0.0352121030024
-0.0621942688979
0.0171649942395
0.113079456342
0.0577545733463
0.0277482851988
0.12960127447
-0.0450437273748
0.0245211097661
-0.06491490645
0.0528271185147
0.0340670468828
0.00897795451746
0.0754762239948
0.00234273062291
0.110895243086
0.0767662413339
0.0149696885041
0.049496622553
-0.0822279892842
0.0422382299011
0.109694811041
0.00936512113646
-0.0610289441276
0.0730413317619
0.0975699257471
-0.0387234976029
0.0631551564088
0.0750701006903
0.0117460727165
-0.00924906014136
-0.0958967840753
0.0588588655829
0.0109072179957
0.100673648885
0.0856706052589
0.0218593349688
0.104245118875
0.0520375871336
0.117649930507
0.0353273068512
0.119249790565
0.0698158789881
0.0673688068046
-4.11766118482e-05
-0.116283106007
-0.00425400810131
0.0528662557818
-0.120605426465
0.0425955376454
-0.140211322145
0.112777616586
0.044335562683
-0.00188214784916
-0.0223282140706
-0.0449138319112
0.0409587280979
0.0460079044224
-0.0770539712759
0.0430551234096
0.0928639990254
0.11951387805
0.0618060190944
-0.0399213418546
-0.0944594046761
-0.0482718789039
0.047207628303
0.078918682354
0.031622145056
0.0774343117501
-0.0115505134342
0.0618660493339
-0.0728674519276
0.0537518444501
0.0592452330289
0.0242761410363
-0.0203107273003
0.01508539754
-0.00151791786259
0.0615535056565
0.0209164892159
0.078329324595
0.0466366937349
0.0063471066853
0.0687006827826
0.05298566307
0.0420716591448
0.0344515026951
-0.00569795955565
0.0167371860345
-0.0219525921017
0.0740509761978
0.118736972368
0.0613532711096
0.0469728916626
0.0609569548906
0.0277884960013
-0.0817095226232
-0.0279980127369
0.0276358234504
-0.00551704102331
-0.0665230624896
0.0365290094032
0.00995203532591
-0.118031976896
0.117317536568
-0.0248393219163
0.0107551290492
0.107781728795
0.0813858180117
0.0324105476832
0.0277518246054
0.0786284048318
0.0271057515786
-0.0705042849797
0.0891089949082
0.0414262210671
-0.0313706104004
-0.0193305749455
0.0322884006511
0.0627787176171
0.0142613820537
0.0188901984594
0.0245513634667
0.0108483898607
-0.0222730526845
-0.060214195063
0.0804315476258
0.0212687473838
0.0611984964128
-0.0486094006189
0.0905328414896
-0.0501916803865
-0.00524795976454
-0.0395499826437
0.0818676558968
0.0378291997066
0.0668382123435
-0.0239395612183
0.101342505964
0.0566898042904
0.0224895826131
0.00243626614035
-0.0050471670913
0.00112872693565
0.0100275469111
0.033628095837
0.0952399035955
-0.0305500358475
-0.0675228636865
0.0386270113786
-0.00467835921795
0.102339069333
0.0213011499847
0.0446511240306
0.039240304885
0.00454483714198
-0.0178141697873
-0.0333689718125
-0.100380174325
0.0460588209338
-0.0690691517806
0.076336502545
-0.0591857705421
0.042628406006
0.054522304732
0.00584140788229
0.109551069029
0.054019704439
0.0945363255543
0.02373474299
0.0602278015111
0.0187749742759
0.0299844427108
0.015472306442
0.0658944935447
0.0109383863694
0.104339746765
0.0161252099129
-0.0805472636264
-0.0216187845581
0.00627687788285
-0.14742839335
0.00634109632837
0.0516045258846
0.039217714598
-0.0723576574299
0.000687407768048
0.0736009631112
0.0237964071128
0.0603397501819
0.0545461048884
0.0870419068825
0.0362136835876
0.0653438045712
0.0712231881016
0.04567643605
0.0209048825404
-0.0164798407726
0.00873823183025
0.130574280117
0.0215333982185
0.0442863448938
0.0343768988455
-0.0745592625406
0.0454980545382
-0.00656924581241
0.0454698229731
0.0967568261047
0.00902583343454
-0.00829625325485
0.0882664893542
0.046762935074
0.102158250345
0.0611056666836
0.0502573784228
0.0278714983201
0.108097275129
0.0688807405893
0.0402256855658
0.083654552895
0.0744513982674
0.054584805283
0.0199170069525
0.029080023579
0.0290796756332
0.0800490379212
0.0880931193797
-0.00551830359606
-0.0104762906727
0.0199870590413
-0.0608364241926
-0.000239816316678
0.0985441913584
0.0277048619586
0.0249572880935
0.00144808427824
0.0918825249475
-0.0659290003778
-0.0149749875517
0.00606756463365
0.097346275518
-0.0143281205363
0.0480251514462
0.106126007488
0.0161164790232
0.0465136625798
0.0924453805981
0.113611374043
0.0802475299987
0.122996469771
-0.0579894298471
0.0611119423225
0.056911687468
0.0781232527037
0.0244974870982
0.067867611318
0.0729728713084
0.0603492480198
0.0586067950179
-0.00183396159724
-0.118900011677
0.0958006110025
-0.011819122574
-0.0141972562515
0.0695553654329
-0.130125294488
0.00231471293472
0.0794857137793
0.103268374408
-0.000256950142041
0.00718188611736
0.0162388588053
0.0423568180462
0.0314096056293
-0.110295551896
0.0827582854328
0.133043042869
0.120211398766
0.0451326600873
0.130501301771
0.00522433191314
0.0418056570267
0.00348459496165
0.0594993319572
-0.103054273786
-0.10822005707
0.0545756604995
0.0693731298153
0.107204305879
0.0499932291211
0.0456103760023
0.0870054116333
0.0490253564208
0.0702690644874
0.0504698940028
-0.0253820167806
0.0540951970426
-0.0997442081362
0.00715483333277
0.00598536164699
0.0543810676792
-0.0468408679257
0.0749683816534
-0.0203537985588
0.102315239864
0.023651952567
0.0311060224119
-0.0220214846037
0.11805549257
-0.0316370364943
-0.029086781746
-0.0240456443438
0.0998574524027
0.0619110904379
0.11581410006
0.0558274613545
-0.0351219861658
0.0292159640425
-0.00334755966321
0.0345076488552
0.0127654913205
0.0721166308949
0.0367597587729
-0.0741490043828
-0.0379779168415
0.062629864545
0.0735324178339
0.026423572784
-0.0110971832758
0.0555885250655
-0.104893399179
0.128675291787
0.0335372210977
0.117299802734
0.0821300534832
0.0468167960434
0.0951260670585
0.032948192387
0.0336521506936
0.0638017553506
-0.00780569107172
0.019128140225
-0.0252419593094
-0.0539975252536
0.0221836047598
0.0745690940164
0.0923052438996
0.118511352487
-0.00808401752134
0.012616395787
0.0521311302251
0.0246667576851
0.101548304721
-0.0142371850873
0.110855120998
0.0509028461262
0.0250262688955
-0.0198690780324
0.107250350634
0.0287587579552
0.00721353146274
-0.00892672208319
-0.0677828972695
0.113659720578
0.0103081241606
0.0344550927999
-0.0365990914871
0.0657911055077
-0.00508095275152
-0.0486233259822
0.0529875149664
0.0150184463231
0.0090239223355
0.0821644638924
0.0309116536396
0.0213135387057
0.135190766661
0.111361676232
0.0913608749627
0.0393290883178
-0.00438674604351
-0.0903487087498
0.108516941721
0.00964384115057
0.0167815907915
0.114764675079
0.0230157499443
0.0357376681089
0.0991092252646
0.0884794949523
0.0804157570112
0.0212705346698
0.0597300796973
0.122622931973
-0.0129497272775
0.0396317854299
-0.00670277898648
0.0882729091021
0.0569156100637
-0.104229939256
-0.0528396062317
0.106439435337
0.0811115874213
0.0444026980182
-0.0521007382905
0.0203974437602
0.0747840399762
0.117548644467
0.0395632208084
0.0263245320478
0.118325810909
-0.0271752056
0.130477950929
-0.0377751375998
0.0184733618911
0.0126685056061
0.101761454503
0.110647738452
0.00554594130695
0.0891920568024
0.0409634163435
-0.010408513926
-0.153441277244
-0.0332106207454
0.0490593912553
-0.00370852843708
0.0239611950824
0.0877063728803
0.0223506786602
0.0222085461314
-0.00646910675674
0.0808909175719
-0.0464673691724
0.0519492273504
0.0488421306126
0.0220203447848
0.0916749073777
0.0203037165292
0.0691818671848
0.046106782834
0.0756631723598
0.0483572530202
0.0251605829012
0.0444314768103
-0.00737052771974
0.0905109398979
0.122752160794
0.0704726982034
0.0284246716422
0.0525319661342
0.0173966877788
0.0234098734089
-0.0423594586151
0.00938700271279
0.00189632164299
-0.0421702822936
0.115179612366
0.083445148781
0.0318201227701
0.0528608445025
0.010086642699
0.075318843785
0.121807156165
0.0353379710047
0.0184117408367
0.0227165387292
-0.0890999695671
0.0388342152918
0.0257125305646
0.0017065088423
0.0806808241882
-0.0177518121214
-0.0899871407242
0.0772328104346
-0.0294100863752
0.0895770335945
-0.0142917511141
0.0863527067507
0.0588553595496
0.0218240336616
0.0625366808454
-0.0457334903883
0.0144237341123
0.0577077429807
-0.0832904390055
0.0581996938484
0.0401267857731
0.0601075111558
0.0278235256393
0.0232838249352
0.0452167496718
0.0711296846453
0.0253761388608
0.0402662093866
0.0598407440961
-0.0826867135108
0.0413279566813
0.0104406287704
0.0628774327994
-0.00728216288729
0.048885080341
0.0471133238515
-0.00784394694232
-0.0716142114924
0.0802836826828
0.129642221713
0.0289190108773
0.0188954825586
0.131180448108
-0.00661867175558
0.00452587079916
-0.0877777091893
0.0143940489175
0.0830657021691
0.0963568446253
0.0840328309811
0.0215184789788
0.0865985698017
0.0732432945614
-0.00936767064799
-0.00844428454774
0.142330134058
0.00506112834044
0.0263367211545
0.116062511432
0.0137816414303
0.00718697361657
-0.0446261738446
0.0862763529666
-0.012827629415
0.0922719287023
-0.0552391568844
0.0812470416877
-0.0344679856331
-0.00374236987111
0.119430248851
-0.00197992872954
-0.0313252600853
0.0676816456384
0.0465166301168
0.0147706830864
0.108884349049
0.0382919763448
0.0700701414831
0.0142162462658
0.0547341178576
0.0364022940231
-0.0316634198056
0.0347089678085
-0.0447116280345
0.0763281783722
-0.0396132183819
-0.0530845148578
0.0978041014901
-0.000630772737864
-0.00544894230205
0.0622567636237
-0.00210785382412
0.0528007216103
0.100490468657
0.0833464824582
0.0449280735004
0.0712366960991
0.0505622908279
0.0153243975599
0.000641446759404
0.0543686433285
0.0461559491689
0.134650054972
0.109974030665
0.0629181586573
0.0523666151505
-0.0209036964642
-0.00894479275716
0.0569187268268
0.00834657441417
0.0870821170499
-0.0601969830555
0.0802926145573
0.0976521730867
0.109906291161
0.0281746385952
-0.0150816857057
0.113489694552
0.00921831407328
0.000885496566394
1.57785759942e-05
0.122960240735
0.0522716532366
0.0454253738258
0.118073274111
0.0211222828088
0.0304809807901
0.00805139811681
0.000949085371678
-0.0184503801753
0.00970750734376
0.0865886805633
0.0667497296359
0.106253529342
-0.0436485354131
0.0898367478632
0.0466953214148
-0.00855919969222
0.00737299845376
-0.0507380509117
0.123508876426
0.0605934144052
-0.0482748997588
0.0392493289795
-0.00923086831273
0.0735621321242
-0.0113286061405
0.0770570649914
0.146905261999
0.0370685846182
0.0892992095713
0.0292060592351
0.0448076205869
0.062097486331
0.0464228484587
0.102072180897
0.107075611126
0.0229215040582
0.122886291028
0.0993984827039
-0.041993207266
0.0302440148698
0.0362211358885
-0.0124847767829
0.0316020747479
0.0319033473368
0.0495695696317
0.0863929393508
-0.00681232430034
0.0779300747146
0.0322065917184
-0.0121436442023
-0.0361222226075
0.105895427885
0.0538952691222
0.0289859899495
0.102273697731
-0.0178947410813
0.00186777156772
0.0928818699908
0.0461437342669
-0.0689178673559
-0.00307259622613
0.0828266614344
0.112529536882
0.00448624754182
0.0220757627959
0.0592234372005
0.0406316563886
0.0122744774068
0.024061404366
-0.0482301976951
0.1138145331
0.0665003547041
0.10383274403
0.0201704313673
0.0855832246148
0.0882547680592
0.10850145168
0.060478587391
0.0363410915814
0.0477493990485
0.129345443847
0.00159728937755
0.0155164566259
0.0393848291144
-0.00676341979634
0.101271840287
0.0615584017117
-0.0544077016945
0.0987326324389
0.121129636047
-0.0428011778782
0.0144342637983
0.00162006571254
0.0804252816749
0.0311288639501
0.0176646610526
0.0235504662399
0.0543579699119
0.00439638340962
-0.04099876589
0.0424934103777
-0.0490854865069
0.0668056804146
0.0384611083193
0.0951140127221
-0.0369057330718
0.0212264974073
0.0566297118284
0.0488078450677
0.0629761909158
-0.0372225677033
0.0886010486194
0.027755564337
0.00960676981003
-0.0780884190244
0.00267145482678
-0.0102653044
0.086458219637
0.0757318264182
-0.0117088731037
-0.0906910861373
0.0526299428631
0.100836322788
-0.084895719094
0.0398424855205
0.124483813555
-0.0491088873383
0.0205200398379
0.00838873353183
0.089045098721
0.0281439047638
0.115102745505
-0.112938072976
0.0386771912661
-0.0162988518223
0.0384755817176
0.01174388597
0.128482035916
0.00905526921273
0.0821627150681
0.0860637217969
0.000113602054062
0.0969221918319
0.0654020986055
0.0981729780737
0.0122627210267
-0.0496342956819
0.128265965219
0.0255500687917
0.125406099374
0.037263505718
0.106855222705
0.0958592705536
0.0945896801362
0.0834375739009
0.0620665109067
0.0562765348432
-0.0325217349402
0.0906475255141
0.0655249838932
0.0183797802449
0.0101341617218
0.0135467815046
-0.0379167522062
0.0695471284665
-0.0997679556337
0.0252331220024
0.0327548157495
0.0642596669888
0.018813473298
0.0706249922712
0.047589448516
0.0408172147081
-0.000253514565884
0.0992558036454
0.03289373311
0.000308104761989
-0.00660230951325
0.0609551233344
-0.0435416236687
0.00474071330425
0.0445540333019
-0.115888937799
-0.0292743500383
0.019122635735
0.0933739288462
-0.0409190678322
0.0943080630983
-0.00991831517206
0.0499025602443
0.0175421129824
0.0783599737567
0.0384532769495
0.0296603222484
0.0206930456076
-0.00314880770721
-0.0203982197191
0.0470755940346
0.00392248856837
0.135373385657
-0.0431017333525
-0.0598099438133
0.039967145377
0.106429070581
0.0373169025377
0.0896344999933
0.0472571756572
0.0492715199284
0.0257243461861
0.0886122859795
0.0598828109473
0.0773171543149
-0.010829445009
0.119920061322
-0.0711485466387
0.0494779371351
0.0623171490432
0.0159757863101
0.0876224983175
0.0584118230148
0.0920843107425
0.0756685350454
0.00390430982622
-0.0240700551117
-0.0392541680468
0.111362139123
-0.0797464844591
0.0266157816693
-0.0220669389865
0.010374478849
0.00288936183033
-0.0273335674099
-0.12910184339
0.13040071429
0.0218256540498
0.0357953125814
0.0498721520302
0.083966683175
0.117302793077
-0.0224922423139
-0.0558524288814
0.0603110692505
0.0715908985658
0.00804961024634
0.0315218845225
0.0599543375143
0.0918849386321
0.0425081401797
-0.00182732970126
-0.0574663709147
0.0189877344099
0.0266999486433
0.103294471815
-0.0547261533159
0.00611926989269
0.100012303373
-0.0497090552606
0.0792834079463
0.0234144643273
0.0300938622758
0.00972163925966
-0.0315048068105
-0.0805578837366
-0.0731028010867
-0.00464714651005
0.0197448465607
0.110989774905
0.0477895506527
0.0590285744203
-0.00963264238745
0.0114454208646
0.119215533576
0.0645089790833
0.0854041965506
0.0490713811464
0.00667344830085
0.0944262939425
0.0901370891583
0.00176656246912
-0.00224230480131
-0.0331186086862
0.0482944514581
-0.0649968845217
0.081370728164
-0.0299276280945
0.0402697471969
-0.0503891190308
0.0330353315848
-0.00362182042404
0.0388972885231
0.00697094216813
0.0424671282717
0.0660932069032
0.0181577566491
0.133724968483
0.0159601281846
0.0298102965701
0.0198145179978
0.0577417030067
0.0712306494342
0.106451770034
0.0631867969137
0.033771688651
0.0901769584759
0.0770049586465
0.00150909771448
0.0127445866928
0.102224490562
0.0515649927597
0.0882370005494
0.0646047744907
0.0274106550193
-0.00691136863992
-0.147691264182
0.0254662274395
0.063703949944
0.0568573667472
-0.0116099931292
0.0385248271402
0.134542618365
-0.0122270642799
0.101023656494
0.00883236134578
0.0457225275361
-0.006352557835
0.0643542488822
0.0662364768017
-0.025921889897
0.0971819709849
0.0832102452435
0.0463861398438
0.0965834546597
0.0866037871712
-0.0550222844715
0.0051537678884
0.102008849427
0.0110826503018
-0.0294924410857
0.00764852285071
0.0928476328304
-0.058219784207
0.0241110132055
0.0117906838658
0.051587612932
0.106959061627
0.0485784475156
0.0314865952756
0.0414101950399
-0.0209898600031
0.046609254248
0.00719283271117
0.09304709157
0.0986306887696
0.132361002208
0.083469697782
0.020301642681
0.0250036577771
0.112398859578
0.0298616969002
0.0132544844515
0.0594989741943
0.0866113544031
-0.0377100156474
0.0262016783634
-0.0199574347866
-0.0321069387672
-0.024400425016
0.019207929298
0.0933251186613
-0.00717911634811
0.0621303406079
0.0425065368337
-0.0677847574609
-0.0106863921073
0.104457468651
0.0592781277583
0.00467064862151
0.0815075984935
-0.00398915487151
0.0697956551177
0.0489433458613
0.0983904228894
0.0913199047732
0.10644342764
-0.0170606771505
0.0826825732092
0.110125509572
0.061913524915
0.0077037299048
0.0309174608282
0.0188470925421
0.113842980496
-0.0141884978485
0.0994923182198
0.10865291276
-0.0412837834516
0.0148727657856
0.0516147346897
0.0618359332219
-0.049535554358
0.0194029924567
0.096096757145
0.146098083106
0.105279965192
0.0315010480236
0.0772210826959
0.0552651247558
0.0504731226516
0.0178348466631
0.0826619235828
0.0740232602794
0.084106066149
0.0839974562577
0.00941767104838
0.0592223848019
0.0195302473388
0.074603865523
0.0358013048829
-0.0150867246353
0.104596112076
0.0119856218138
0.0384929609633
0.0694665455505
0.0803123907683
-0.0411252604847
-0.0292623962318
0.0856934313409
0.0616660543007
-0.0369958975693
0.00918780270482
0.107817760269
0.0239472694324
0.0663373475887
0.0626349021266
0.0261213593225
0.0677917367907
0.0968065157774
0.0314762995387
0.00062680317019
0.0492913910418
0.0477169230865
-0.132646232222
0.0657852870632
0.0985032228146
0.0710377171535
0.0604378123867
0.021258626143
0.118574443216
0.00378271189018
-0.0910746019414
0.119277623911
0.0279632703829
0.0917403970687
0.138069779383
0.0526395662107
0.0217611640361
-0.0977302967636
0.0353697265068
0.0751593897962
0.0247599739555
0.116159472956
0.00276741894294
-0.0421064590812
-0.00859446021019
-0.089013786501
0.0235012720121
0.0234545570758
0.0374640948106
0.0819940146354
0.0907592965577
0.0937541310556
0.065793358912
0.0323108914901
-0.0203821130673
0.0321424668859
-0.03374501397
0.0656184130133
0.0491831595549
0.0539806248304
0.049382686135
0.025773887093
0.0295577384934
0.0891421274219
0.063012405004
0.0648367566777
0.00621834675711
0.117092062814
0.0903935565741
0.0360025365641
0.0755683989214
0.035927064731
-0.0108298745986
0.0361756727162
0.0767568798856
0.0515396461564
-0.0252327800263
0.0356179857725
-0.0184224728159
0.069352462036
0.014599551517
-0.0398702754872
0.0711943656257
-0.0596004892345
0.0861496055914
0.0790280459074
0.1120616268
0.0390784869018
0.0477553698693
-0.0516132300099
-0.0524561925774
0.0676580734413
0.0346655385039
0.105207237845
0.0218511203986
0.00905988052808
0.091172701623
-0.0947343299447
0.0729021846935
0.0737793996039
-0.0128776506699
0.0692430829873
0.108063061042
0.00248880506123
-0.0337097898902
0.0574583808567
0.0307534623469
-0.0272189146085
0.0599061852472
0.111863526977
0.00884930799652
0.105646363077
0.0768108733413
-0.00104245423538
-0.0687081804752
-0.0233482976427
0.0216904090328
0.0213789984797
-0.00566000703297
0.0106754714327
0.072127725568
0.0687710422971
0.00584904726807
0.104013771893
0.0533977209092
0.0593355522625
0.00500788539649
0.0107891879233
0.142580720715
-0.0769451238838
0.0189493911593
0.000768743874866
-0.0234689915314
0.0830927893693
0.0146952293065
-0.0654117225938
0.0996604882582
-0.0817940344796
0.0195302249159
-0.105079938183
0.00834838313081
0.0266569646553
0.0807558696652
-0.0606900953101
-0.0222677844984
0.0175271294875
0.0423787460943
0.0914295417308
0.0559802315863
0.0773121308809
0.0233157687905
-0.0232299898581
0.0780095048684
-0.00197020164487
0.10090713123
-0.0162290909198
0.0648569706527
-0.000123711678581
0.11510022509
0.0435187259035
0.0338448534718
-0.0333275564718
-0.024412462178
-0.0134904744969
0.0418390329791
0.0108684880657
0.081423459924
-0.0132756904895
0.00310098618919
0.12311769846
0.00221718964309
-0.0199935256251
0.0683733108139
0.0306441737061
0.109661993717
-0.103532739093
0.00579784318245
0.0925198381605
0.0874841703021
-0.00091245131194
0.0793056652013
0.0553957820015
0.0368948345779
-0.00761837882541
0.0622799002051
-0.00243207732031
-0.0821271185954
0.0887952971116
0.0631298864234
0.0983867157429
0.0122083799034
0.00875919647152
0.0524533148886
0.0765049128498
0.0784101367788
0.0105763664189
0.0622383949713
0.0851099332965
0.121702684308
0.0991327375338
-0.0360476527374
0.025506856359
-0.0285970142411
0.019128302846
0.129471258656
0.0126630604338
0.0762010295839
0.0491914481984
0.113360594041
0.00150219006199
0.0857509106015
0.097807381171
0.0906294573586
0.0012637814151
0.0123413279675
0.130785242458
0.0236614217416
0.100702077581
-0.0263588998929
0.0380696019001
0.0448802226247
0.0272055705762
0.0800112094068
0.025342693596
0.135548294041
-0.0298745599235
0.0294864256817
0.039971268233
0.0302771004026
-0.0071074797911
0.0502096302203
0.0453782752751
-0.0127685900096
0.0162529071326
0.0455916805892
0.0275437809496
0.0709219273128
0.0755768277643
-0.0530106917949
0.138254720762
-0.0404608899904
-0.0433152064932
0.106812263056
-0.000840059041186
0.0801521144365
-0.0608786198571
0.0590868303902
0.00464945514748
-0.0210285386302
0.0477943023586
0.05104613664
0.104345234773
0.0677289266305
-0.0448892102915
0.0161439985825
0.00839016951625
0.0627915934677
-0.10730033182
0.033036531094
0.0149458616047
0.122718835712
0.0435498094009
0.125059947772
-0.00098250105362
0.0168277064424
-0.0403504092466
0.106062751375
-0.0135872405233
-0.0170361400437
0.119134641934
-0.0100229749641
0.0301468509127
-0.0235925137465
0.007097373934
0.117147631557
0.0595664151168
0.0638945100177
0.0163798243266
0.0217482909988
0.0176511582551
-0.0315627318758
0.0549555574784
0.0502536480684
0.0424728114459
0.011743740844
-0.00212021130783
0.0363662670976
0.11438582103
0.0729426458243
0.0183262658065
0.00992052086772
0.121063990061
0.0696020423023
-0.037465393183
0.0313974822322
0.0691901460736
0.108521674499
-0.0460509229273
0.0687214053332
0.0361818043564
-0.0390994281876
0.0122482556095
0.0423249295974
-0.0488219102313
0.104941888767
0.0658912460223
-0.0427942234731
0.0489915060978
0.0569312527914
0.0312674424143
0.0909587721006
-0.0372038304562
-0.0396793811788
0.0842853388978
-0.0252436087978
-0.217880396813
0.0220771051054
-0.045931602803
0.103871362983
-0.0490607325699
-0.0134501839979
0.00242748075483
-0.0241707914663
0.0176534250172
0.0133697583609
-0.000353070649523
-0.0578117151725
0.0556119389016
0.0710006303391
0.107644627969
0.00404533762557
0.0481672692971
0.07354170548
0.0701977871393
0.0691533062587
0.00764886682542
0.0077334519219
0.00499081522067
0.142709831282
0.0643242601569
0.0492001593979
0.0747145524394
0.0139628109283
0.0317373524844
0.0582724066211
0.00115140339944
0.0133224806399
0.00734015680295
-0.034501172476
0.0254374533905
-0.068449706435
0.0273231544056
0.0112358279334
0.0690888453834
0.0158844484516
0.0330062149965
0.00884453193435
0.0395867787308
0.0998619004112
0.029584799722
0.0826906603818
-0.0347827415621
0.0580647632968
0.0791206059675
0.133089895773
0.00522009188221
0.0918468239687
0.0377151835518
0.0058119030863
0.0213077823126
0.0611678941292
0.0285123872068
-0.0198613722106
0.0799675284944
-0.0101382987604
0.00594302967587
0.0584762527348
0.0392132701096
0.115900671172
-0.095803853696
0.0390961212864
0.065903250896
0.0261737279183
0.0724667995944
0.00197433136587
0.00381483705277
-0.0160246403146
0.0278055677769
-0.0162840412634
0.0210866975522
0.0643059446831
0.121547318137
0.034583377265
0.0615745356739
0.0533760339986
0.0898513731236
-0.00713943345418
0.0316391406768
0.125257440924
-0.0218933997424
0.0540907255707
0.021868411984
-0.044159532166
-0.0710997748108
0.0617325968365
-0.0053819042926
0.077411200073
0.0239409228505
0.0689951554615
0.114518574837
0.0623509930603
0.0860331604415
0.0659209375986
0.0569584588824
0.0454077487611
0.0817332340061
0.0104787369776
-0.00400837069376
0.0045510138342
0.0897587182303
0.0775587448863
0.0204198511248
0.0654196748211
0.141026362927
0.0585925749994
0.103887756202
0.0325349006379
0.000111297587428
-0.00940361779028
0.0740164902804
0.0943138046777
-0.0241615338518
-0.00424725114466
0.115588617756
0.0441667389498
0.0253502977734
0.0641566883012
0.0343428428363
-0.0267805257769
0.00762821301644
0.0104221465783
0.0484388761177
0.0165195556118
-0.0169833774774
0.017697030769
0.0578266494824
0.0162383853955
0.122974467677
0.105897858207
-0.036637877418
-0.00157610572717
0.125131306104
0.100831428048
0.0553443361444
0.0880695203401
0.00480941464647
0.120457709004
0.0260531906336
0.0209801077266
0.0609574937933
0.11605815948
0.0584205267843
0.0776520734246
-0.00565776951769
0.0483904859699
0.136059572934
-0.0682020063272
-0.0150641266558
0.086360081517
0.0393635214233
0.0964533589323
0.0530370089646
0.0701608576322
0.0104220444006
-0.00738232881405
0.0948933795411
0.0128181124315
-0.00699617600845
0.0960393641927
0.0120877947634
-0.00558859218309
-0.0273801299442
0.0701172080392
0.123331489152
-0.0531281333483
0.0239539346006
0.026216708776
0.0442391405715
-0.000440709061624
0.0663322872192
-0.0240892723398
0.00176498618873
-0.0304987019672
-0.00773112913677
-0.0180613783879
0.0182092153177
-0.00281541350886
0.0135790034411
0.0745772398584
0.0858629025544
-0.0059757099232
-0.0235927538482
-0.0613283911179
0.123883874549
0.0412024707178
0.096219931762
-0.0622239115097
-0.0401539705213
-0.0751210808695
0.0741157576309
0.0655303510544
0.122930166816
0.0236067341635
-0.0587495603329
0.0114765625451
0.0038834508158
0.0922214056184
-0.0449737294147
0.0465072819421
0.0176275296648
0.0227712109347
0.00886920361118
0.0125371575062
-0.0173496066848
0.0756017063047
0.0498966591942
0.121256839812
0.0882291931151
0.0859077656243
0.0240542156585
-0.0462974535479
0.1260468676
-0.0654717405096
0.0725061256182
0.0319675414693
0.0604178852811
-0.0699785195729
-0.0307988550232
-0.00435353249411
0.0541891949012
0.0916499408174
0.00281711371043
0.0484612268091
0.020625479655
0.0460708347053
0.097858122639
-0.04492742534
-0.00154167173333
0.060617815578
0.10349990364
0.0246912215009
0.121763723996
0.0858499030665
0.00804447257716
0.0322148035741
-0.053371156367
0.0900462674791
0.0985075149594
0.032873288732
0.046860531505
0.0770951042894
-0.0381192068936
0.102453586829
0.0733060656669
-0.0223004881753
0.0594558652377
0.0358323724194
0.122978789066
0.104863069468
0.113929137122
0.0777407551703
0.101987607695
-0.0247564195117
0.00330069646096
0.0391952513817
0.0122969093111
0.0289082892303
0.0431400225862
0.10478707609
0.102008577288
0.116122839149
-0.047928779427
0.0417902015873
0.0320101909025
0.109499888716
0.0395379900164
0.0315753550778
0.0435396562715
0.082433747091
0.116076579321
0.00642456520699
0.0467034157214
0.114162210609
0.0849557565258
0.0582553176293
0.016533855906
0.0104316456632
0.0539585583604
0.10537688468
-0.0468260207393
0.104965380834
-0.0157764233012
-0.0485159669251
0.0582399182912
0.0708683754051
0.107064889067
-0.00470535232455
-0.0114708959615
0.0808341437551
0.0921096187724
0.116018152361
0.0864533402013
-0.058968610404
0.0743655888774
0.0571745399428
0.0730946173987
0.035551386088
0.0721952885433
0.079322953929
0.0210341506578
0.041345084147
0.0541186233296
-0.0375027225787
0.0412047472708
0.0570545627453
0.0124374357727
-0.0713567281826
0.0230201312528
-0.042857270704
0.0303958478056
0.0176715335213
0.0491093888595
0.137926037671
-0.0758610271833
0.0188959041823
-0.00161527748114
-0.0221281254422
0.00523459624057
0.132625914618
-0.0462981096937
-0.0130651679272
0.120411204658
-0.029719883754
0.00228832109618
0.0667718545884
0.071163401024
0.0370708929514
0.10046516606
-0.069566350636
0.0341467955557
-0.0337724922712
-0.0393927200965
0.101378529643
0.0760178861991
0.046829595988
0.00637091358297
-0.0109306233075
-0.0136008806381
0.0651839623276
-0.00107249493932
0.114011527544
0.0648230134845
-0.0409608186927
-0.0331026437385
0.0600354673827
0.0188577273674
0.0992426168783
0.0808054359315
0.060952711384
0.068392368591
0.0434867408362
0.055858011937
0.063458265081
-0.131363568294
0.1194601461
-0.0464084766865
0.0522573390599
-0.0258677621382
0.107110980513
-0.0339363975404
0.01599834125
0.0356407303075
0.065219495699
0.0932215939502
0.0156259199306
0.127294352832
-0.00803256132309
0.11716054388
0.0755185350963
0.0555668733633
0.0104753512211
0.0237266912416
-0.0386340390287
-0.0310975730198
0.0529268635405
0.00862441787831
0.0430048166166
0.00937631399146
-0.075190777099
0.0245800597689
0.0217010294329
0.077584323232
0.0523591556399
0.0590040225557
0.0536754463017
0.104287794686
0.138153937415
-0.0357897580478
0.0525407240527
0.00030084619653
0.0751843596871
0.0753218481009
0.1104807081
0.0652210812881
0.0733196769407
-0.00212310692409
-0.0701230634753
0.0396815126855
0.0232887548521
-0.0703007541345
0.0262877894315
0.130356692092
0.0788605122889
0.00120072410617
0.0680244848421
0.0586583457302
-0.0155138307839
-0.0629492154553
-0.0683194921555
0.0409381007906
6.05975614283e-05
-0.0127891673573
-0.0916936633608
0.0315244246484
0.0329250287941
-0.00392597849239
0.0134156912602
0.0937203836601
-0.0340448614202
-0.176161297037
0.033989842142
0.0153327105715
0.0460519182904
0.0865810684328
0.0271740745249
0.0543745923623
0.0955766613742
-0.108394957886
0.0711545651843
0.0675775115878
-0.0118895098428
-0.00919151939735
-0.015054633597
-0.00123270733016
0.0135381720261
0.00154674052153
0.0447113951363
-0.0828586721291
0.067925038362
0.0381301999171
0.0618628016755
0.120505848169
0.0920410450565
0.07646602241
0.03949252706
0.0459729113245
0.0414695847547
0.0822519701382
0.116323578098
0.115497155607
-0.0595724718894
-0.0316623277391
0.124446187711
0.0393398848222
0.0249576026151
0.0100598171256
0.0440915457164
-0.0452785256275
0.0663051110414
-0.0195952727701
0.0637878144012
0.0483575821401
-0.045558435485
0.119062233064
0.0905603135488
0.0680587179293
0.0500440290263
0.0715782814242
0.0716954767559
0.0328453371843
-0.051124972884
-0.0788185036509
0.146698041724
0.0601258709309
0.0348232278318
0.0106624789833
0.0902325463995
0.141358666787
0.0199185830638
-0.00462292962256
0.0768457871092
0.0138698876645
-0.0470084563605
0.00146364716564
0.0774672829934
8.52531681481e-05
-0.00338558766818
0.0210344623946
0.0880527249682
0.0324459503068
-0.0042594571236
0.054466245126
0.067364686046
0.0569483391584
-0.00348841508986
0.0307576746209
0.0796440495549
-0.0155660672021
-0.0502914043158
0.106244651489
0.0604632230839
0.0714156508849
0.0263242190942
0.116327504386
-0.00858789455954
0.118680052744
0.041959256624
-0.0173383079838
0.0730437536918
0.0768903189079
0.0366582910696
0.0513598135696
0.0958423592378
0.0371250259271
-0.00275168694197
0.022267761007
0.0501699336854
-0.0206702808187
0.0187802554063
-0.0153228701236
0.031951302968
-0.0605887850193
0.090985491505
0.119878610832
0.0810949192075
-0.0475722032287
0.0568158964507
0.0601622169094
0.020096775941
-0.0863407855386
0.0903153842849
0.0696958103395
-0.00104989670678
0.0993719468633
0.0414145860473
0.124357309864
0.00104634925601
0.0432968157578
0.116362734049
-0.0340765327238
0.0810513968087
0.123685420798
0.0979411475113
-0.0169057706297
0.0940657286761
0.0976896877405
0.0504835513459
-0.0568715001272
0.0218372858196
0.0379003197362
0.130237452478
-0.0294289883511
0.116846837359
0.07256591206
0.0744608986292
-0.0194610204997
-0.0384577503011
0.0653288656819
-0.0191776644404
-0.0544745846304
0.0409195354316
0.00341413407941
0.0955099809813
-0.0466602921654
0.0537431677343
-0.0279623782953
0.00182057338568
0.0945219079748
-0.0875759253008
0.0814721716282
0.0142516050511
0.129498810334
0.0438864262593
0.0297890073292
-0.0312095397104
0.0563629901324
-0.0101847116199
-0.0235015298147
0.0378859397801
0.115727104228
0.125707952767
0.0382431374637
-0.0905403291453
0.0870425485365
0.0315494581009
0.0690842244844
0.0910650977944
0.101281619456
0.00320881222661
0.0923431664032
0.13180188766
0.0859234531054
0.0331301492728
-0.0246948203388
0.0619280845164
0.0857721373593
0.0857084976229
0.0561591357924
0.0808759336953
0.0243602638668
0.0566695292567
0.0267556650892
-0.0401593369076
0.11162248462
0.0648101976858
0.0860499918372
0.0758830556594
-0.0113464418162
0.10322876813
-0.109544483339
0.0317920399177
-0.009220702981
-0.122661128833
0.0142276010639
0.0396308200388
0.0946584218155
0.07434292261
0.00512878889618
-0.0339803710369
0.0210041551953
0.0297076829025
0.0124132006729
-0.0611705445156
0.0533160729554
-0.0250847657068
0.040080938593
0.0309906076985
0.0685283645506
0.0655440362475
0.0213073726954
0.055205149826
0.0696020308819
-0.0147068036065
0.0489386538444
0.00323796569348
0.0281179517594
0.0890010069979
0.0480365581866
0.0115391618057
-0.024715388083
0.071442184611
-0.0551199784587
0.113962925601
0.0067097081114
0.123653966207
-0.0107251153324
0.0243394880334
0.093173049859
0.0810108152944
0.0590909879454
-0.00213455721089
-0.0451895345639
0.0773284043792
0.0284592214098
0.131908026726
0.086815674677
0.0899205844539
0.0665931904564
0.116842583307
-0.039517379789
0.0482703230689
-0.134002088413
-0.00859363100661
-0.0160013589709
-0.0444346728171
0.0181419603037
-0.105284737325
0.00280242633031
-0.00155611791478
-0.0370826646713
0.11876625239
-0.00156757977994
0.0166828284347
-0.00234985950207
0.0116529652981
0.106995508344
0.0106057618745
0.0602906198787
0.0568745950877
0.020964150271
0.00506766014981
0.0407730165744
0.0680631414415
0.0665434612214
0.0492695899974
0.0837794934404
0.0733603869326
0.0864738512388
0.0537145316842
0.125304160349
0.0819639557358
0.0725278965477
0.0211639844466
0.125123372222
0.0746309887954
0.0531830128111
0.0425989261315
0.0306821437442
0.0329110273276
-0.0245164064719
0.0165417819643
0.0917488062263
-0.0692455956091
0.0856283742815
0.0106240819699
0.0856368760336
0.0703082840736
-0.033068370823
0.123047702262
0.0180000740763
0.11553580414
0.0180165573426
0.0610290492175
0.0916460624483
0.074035694609
0.0769525534095
-0.0849590067636
0.0908604495811
0.0799411343148
0.000566034782032
0.102094244327
-0.000583555144758
0.0468094550989
0.0607491346819
-0.00710030848673
0.0181558906688
0.0185195766817
0.0369738589939
-0.0236528109128
0.0459378551486
0.0303912034962
0.0854608873297
0.0981715287115
0.0371133817879
-0.050936127584
0.0140150561138
0.0419888531329
0.0144983225255
-0.0669295919128
0.026448545197
0.114220094455
0.0076850842881
0.0806995795114
-0.0552663494598
0.0437294678414
0.0312801962231
0.0917642009846
0.0347868904034
0.0171856508692
0.0260328705337
-0.0408310863337
0.107684140118
0.0894430556722
-0.0513955486775
0.0645765313826
0.0524261109109
0.0351071591598
0.0595690891669
-0.0147197913443
0.0853047855344
0.0304431564515
0.0259163524449
-0.0469337086362
0.0214183509179
0.0622455730479
-0.117952563583
0.0630166035867
0.0846339662635
0.0500483600016
0.109853115342
0.0209772254418
0.0435193174833
0.0329346085712
-0.0672715989146
0.0445547942755
-0.0105076568526
0.0275605200073
0.0240777114422
0.0454028404034
-0.0660632570912
0.0723263247881
-0.00704700757687
0.105687436218
-0.06843161056
0.0280002550614
-0.0336867638878
0.0566811469889
0.0320802035176
0.0740749097138
0.0822808556499
-0.0163746667888
0.0191174323098
-0.0205841318966
0.0780223085523
0.0178992891608
0.0541396418465
-0.0251216800652
0.0204363989018
0.0705348600621
-0.038407931392
0.0111496825249
-0.119583704865
0.00777789729519
-0.00153072371287
0.034340576701
-0.0484005770255
-0.0409194770989
-0.0184036890728
0.10160794786
0.0246764705849
0.0920130364312
0.0558648774739
0.0536138461222
0.0523687873281
0.0963251959328
-0.0166385778312
-0.0211828282646
0.0535123443298
0.0821458120511
0.0206384096511
0.0566804763415
0.00637416677538
0.105512414188
-0.0180347109833
0.0275170333693
0.0275439346233
-0.00535830476545
0.0355671593845
0.0333891902458
0.0443466785013
0.068133442755
-0.154370038043
-0.0822830611613
0.0963750708614
0.0335438917178
0.0892543929305
0.0458181998593
-0.0819258974328
0.0534856597138
-0.0445396389056
0.0898880991543
0.132616257767
0.105796330337
-0.0968278343104
0.0333610423093
-0.00562421027361
0.105518941847
0.00861740629206
0.103586587769
