0.056744064155
-0.019630150138
0.109183998195
-0.0100584823439
0.0247275335503
-0.0587568302892
0.100791465336
0.03751870433
-0.0653373881637
0.0446392017604
0.00490497547275
-0.0249131677758
0.104492316223
0.0687166642627
0.10494083503
0.100129990338
0.068762696097
0.00202110529636
-0.0479169263834
0.105613734098
0.0644127540307
0.00311019091455
0.0639016632918
0.113545876624
0.0600310215455
0.127364797796
0.0313897859848
0.0305344579723
-0.0109108473673
0.0743995674428
0.102797979795
0.0611649271445
0.019130644157
0.0332628538386
0.0852111959137
-0.0155868880208
0.0074439131566
-0.0196903800917
-0.038800527406
0.00207783832991
0.0844221494015
-0.0316730898028
0.0714114782848
-0.0325297942978
0.00344856057376
-0.00398630212079
0.0779208021298
0.00885288422342
0.0723352095025
0.0113488196559
-0.00576364419625
0.0108981024048
0.132971188494
-0.00992747539557
0.0535693303635
0.0686583438966
0.130693574296
0.0395980035614
0.102131897051
0.000669667746635
0.0356530912924
0.0672344617381
0.109402630879
0.14711039133
0.0544521840073
0.0129296719839
0.0374080005552
0.013032237049
0.0352126338685
0.0543601087287
0.0415075315125
0.149339368155
-0.0403222722854
0.039015426952
0.111236338515
0.0263208388638
0.0604887107273
0.111063005812
0.0502998748335
0.0194397455333
0.0813295808565
-0.00526274744424
0.00424205156849
0.0274694909652
0.0544770335186
0.145281445276
-0.0634388795481
0.0275960470542
-0.05104938684
0.0731025429083
0.105904711382
0.049688605672
0.0544601643858
0.077936213233
-0.000457685831006
-0.00558750432696
0.125993150619
0.0929225259843
0.0762278672306
0.137254652954
-0.0179254523485
0.0452521079087
0.0557959771154
0.0655939004196
0.110578943929
-0.0494608097829
0.0194072255158
0.00814087429125
0.0258346769781
0.07307535795
0.0844716648503
0.026093946433
0.0356634659354
0.0528207356505
0.0895896743402
0.0455441307912
-0.00343059380227
0.042053607534
0.0442022776673
0.0339016972124
0.0366773442689
0.0852618190235
0.0679247617429
0.0783305725058
0.00638312902638
0.01489599484
0.0873006993765
0.0978999797374
0.0838531835116
0.086370535021
0.0432865868497
0.104639458443
0.0714759124798
0.0502973663687
0.0585023313388
0.0283243091572
0.00344987186867
-0.0112468483097
0.114620701555
0.0808145192607
-0.0963907498867
0.0300617608721
-0.0519984617334
0.110583427239
-0.0145991268035
-0.0595092440578
0.0795949640221
0.065735552466
0.000388843274431
0.00233224093822
0.0880703402065
0.103318243203
0.00512564587178
-0.042394987354
0.0866757357201
0.0714469587499
0.0313034389402
0.0372585356891
0.0233654905571
-0.0510470422008
-0.00574969503683
0.134025501895
0.0509623633178
0.0539481671678
0.0693368656248
0.0293615830925
0.00403042305305
-0.0189613920055
-0.0224866089507
0.116814545119
0.0282567708687
0.0336772812592
0.0486963912409
0.105470401799
-0.00735567126659
0.0536278691645
0.096224846108
0.0975531615989
-0.0126845084115
0.0703532060894
0.0484487996423
0.0317715927201
0.0206270074843
-0.0124033343633
-0.00734898095381
0.02725483118
0.0899445842421
0.0390260163084
-0.0161179585561
0.0270865431194
0.0794170813716
0.107394324501
0.0180550055388
-0.0934623947204
0.0304526616467
0.112008778614
0.113933495982
0.0657288487148
0.0700760416132
0.0351620929769
-0.0026177403014
-0.0269787910556
-0.000616498986717
0.138935545917
0.10599436496
0.052562313346
0.0539363209283
-0.00702590648702
0.0836890198707
-0.0205862665191
0.0614883508562
-0.0262699633142
0.0475827235008
0.100157338066
-0.0920191631659
-0.0165405674354
0.0894246829753
-0.00160632041927
0.0405481994196
0.0552663656842
0.01599438972
-0.010954484982
0.0188903524042
0.000581411808616
0.0418618585329
0.0871318831546
0.0406239421571
0.00801950093594
0.0451472102307
0.082425574086
0.013535152589
0.0876184716342
0.111111107728
0.0912948330107
-0.00745224517893
0.0420822208028
0.0409279866237
0.0117962063453
0.122703016063
-0.00757757439005
0.052494257148
0.0850798559321
0.0299789781529
0.02194352291
0.0275167752649
0.0522058144377
-0.0114977031854
0.0657527769046
0.113021740014
0.0584090379744
0.118240109264
0.115340506604
-0.00336877812611
0.0172801854037
0.0568159561366
0.0311956962332
-0.0308940348526
0.0278993646595
0.068157634599
-0.00105988503304
0.00657158189304
0.0758198770687
0.0133726679607
0.0489161924061
0.130691188342
0.0144438645184
0.0784358719976
0.00756371967946
0.0478644182746
-0.0182920008069
0.106590409005
0.0730096081772
0.0563525277252
-0.0096921180723
0.05503525886
0.0114822885181
-0.00669490422549
0.104610579541
0.109335379004
0.043870049232
0.0957309895275
0.104492295446
0.0128307741152
0.0802119860625
-0.0349659941106
-0.00634533928
0.00780645635906
0.0963007340916
0.102790892859
0.0426005891783
0.0330198927097
-0.00762436558666
0.0512622853952
0.01348704618
0.0354842355927
0.0546384110668
0.0123721597775
0.0473727623386
0.085464625537
-0.0678354701238
0.0433585659053
0.019635207754
-0.0348120192076
-0.0287052445133
0.121557976698
0.117073568674
-0.0144947936626
-0.0581056087406
0.0843416282487
0.116982880717
0.0546548201155
0.0456144557054
0.0984439249024
-0.0793458257266
0.0567069801008
-0.00259386542389
-0.00457254421934
0.104797651128
-0.0315585881296
0.07026489832
0.0549284577683
0.0449699755282
0.00641653607112
0.0871099459741
-0.0450001947356
-0.0171965052297
0.0826394436107
0.0739277269877
0.0449450147536
0.0246762002113
0.0505720171847
0.0456801014304
-0.0117534909703
0.00935316430985
0.0895735921515
0.0155874587812
0.037315940707
-0.114427710632
0.0349872000429
-0.00877445411619
-0.0151589634576
0.0995942756802
0.0806442126738
0.101881511817
0.0991133062633
0.0444155579954
0.0123877822255
0.0824388411931
-0.0618606194147
0.0662315185868
0.00572229907473
0.0709613304086
0.0801114695858
0.124765808387
-0.0226160921459
0.0787983367278
0.0551367254089
-0.0678357105515
0.101439383134
0.100754654551
0.107330159162
0.0987848150014
0.0338952711964
0.124378094993
-0.0178932127062
-0.0989576132488
0.062271904287
0.0869226346263
0.084328723983
0.0019413588699
0.0535020619253
0.0445711084799
0.0669976573089
-0.0172319300463
0.0566049689669
0.0575358175889
-0.00808691366553
-0.000196391782028
0.053635011856
0.12615427111
0.0985948411592
-0.0121391820982
-0.080517622919
0.0075762274434
-0.000729248805687
0.100633686167
0.0857405784567
-0.0261642737329
0.0614813986111
0.00141441734671
-0.00373901382218
0.0788322165366
0.0438537474465
0.0711775251553
0.131173481118
0.0535534703899
0.00430639386874
-0.0080828818041
0.00178173904224
0.14331371988
0.0811329304517
0.00171021151134
0.0748440417069
-0.0417413390389
0.0636787635342
0.0647148970328
0.0303982810815
0.0706710125625
0.0493602586542
0.0811731932963
0.0919761581304
0.11518732336
0.0425252989509
0.0844108683122
0.0250108792917
0.00158136410441
0.0824378751322
-0.0477071616703
0.048763836045
0.0261276168209
0.107400767945
-0.0111152978553
0.0886218127652
0.0309585809685
0.0584981146922
0.00266161021204
0.00898793988411
0.0917876896253
-0.0455603069242
0.0964824936963
0.052737811034
-0.0595834501342
0.0641436831412
0.000944701663571
-0.0328656462098
0.016996270166
0.019859212066
0.0337034939807
-0.0299104069464
0.0448502470231
0.0284913332665
0.0482724220598
0.0348419197364
0.00450502250864
0.0615997184568
0.0194219759355
0.0146514250851
0.0180557666617
-0.0576461712648
0.0600952324878
0.0726448049362
-0.148937160326
0.0773060301187
0.0991470988198
-0.0273373340023
0.10326879699
0.0429739807577
0.0213668227023
0.0648337687305
0.0347043446884
0.0633603979185
0.0710407426371
0.09427748138
0.122409448957
0.0970256910363
0.0361016494959
-0.0673194941896
0.122159237889
0.107752632565
0.0677052449441
0.0855204940717
0.0170988541145
0.119528055341
-0.0475885283602
0.110947075956
-0.0819740869987
0.123342562617
0.112707598295
0.0507261456502
0.0376041278658
0.0606533477856
0.122201373615
-0.00778797555956
0.000707484685911
0.00221107416719
0.0493927835696
0.0969707139842
0.129283926752
0.0583484517794
0.00934725235481
0.108848940339
0.0155866701936
0.112609309504
0.00117679719099
0.00597003676801
0.0380083480384
0.0561427737296
0.03214526892
0.0338279570344
0.096968127573
0.074868100526
0.0310951732632
0.0927788586006
0.0277946438938
0.0712706222521
0.0510644849401
0.0677645352641
-0.0954649980242
-0.0538773444367
0.0821589915495
0.0147467281301
0.0485545550808
-0.0441940463709
0.0645993702605
-0.0359175419909
0.0756116219777
0.0200451248541
0.0105536660581
0.0391710263128
-0.0959240022852
0.0962506462053
0.0947686993478
0.126086247029
-0.0172867057982
0.0803936436777
0.0621877879107
0.0995450318971
-0.115752340433
0.0122492597256
-0.0139767689428
-0.00889261985306
-0.0338727616234
-0.0899087153719
0.0857575760796
0.101990365694
-0.073339390623
0.0974087307483
0.100031499947
-0.00488062974266
-0.0316285026757
0.0431409756056
0.0664367063226
-0.0281360934184
0.00969447453901
-0.0343516895502
-0.0434318441712
-0.0736197500303
0.0686793838283
0.0250608610195
-0.0273854433055
0.0792431724171
0.00858692506128
0.046949823929
0.100530823652
-0.00122519534409
-0.0288407444037
0.101338334827
0.000435781428893
0.0493478605361
0.0582857710186
0.0869434892617
-0.035587405735
0.0760602845223
0.0263848906056
0.0331391717874
0.10582747381
0.0725164163228
-0.0493333832229
0.062819034855
0.121471377903
0.0736622804667
0.0471555874399
0.0328906070028
0.0979028725995
0.0515901944832
0.126295256779
0.104088600513
0.104236183528
-0.00322678855682
-0.0327906744919
0.0698286111434
0.0055144542439
0.0299985969734
0.10865600307
0.0714173920142
0.084356872202
-0.0393219207435
-0.0227201495197
0.117487772136
0.0476538412899
0.0727374520595
0.0596605962159
0.00433170993754
-0.0727339742648
0.0271735736074
0.0990507607196
-0.0919279146565
-0.0470540389585
0.0237349740436
0.0416789553613
-0.0198119088609
0.046695057613
0.0641501314883
-0.0013407381332
0.0284945971733
0.0193121690784
0.0652903245411
-0.0658903604852
0.0789772173494
0.00624971006371
-0.0175150025916
0.0331576293568
0.0287398433496
0.0510589021
0.0820740201995
0.0156726112191
0.128799825075
0.103458120005
-0.0137169628458
0.0333292109174
0.0343439880451
0.0221774822683
0.0686137222007
0.00943611910627
0.0441694425886
0.0235878266063
0.0140924355179
-0.0156523501834
-0.0123410754798
0.0972631031957
-0.0199029516589
0.101447018426
-0.00165644305507
0.0908547082467
0.000375331394411
-0.0327194520549
0.104017624753
0.0270406184207
0.0710790856617
0.0621777066283
0.0597937560604
-0.0186029953623
0.0767422676715
-0.0392205975716
-0.0140467873868
-0.0244525408551
0.0967928583282
0.0476580235846
0.068764581136
-0.0116777779536
-0.00875888824475
0.0967295627342
0.0340376350359
0.14620826735
0.12828378351
-0.0400167591368
0.0717217733649
0.0626869949137
0.0400082064878
0.0280784009832
0.0164397965019
0.071469136156
-0.0704389944071
0.102647473881
0.0732740642439
0.0815331731482
-0.0142484039713
0.0224427689773
0.0971813350324
-0.00699739947992
0.0432255652187
0.103554984252
-0.00127281460275
0.0225379054985
-0.0244359130382
0.0474385558564
0.0541753648948
0.0668075178007
0.0141268594161
0.072883550506
0.0268893226876
0.00911321570299
-0.0246069482781
0.0319282647923
-0.00733534552366
0.062691252714
-0.108801126158
0.0313374664947
-0.0130635055858
0.0333259544478
0.0388710065705
0.104845608477
0.0871929479546
0.0495366962657
0.0161688510238
0.0492468556525
0.0905956446816
-0.00178825103248
0.031472889196
0.125259053705
-0.0423385534881
-0.00857396826163
0.0731011877606
-0.00361015488924
0.0263887693881
0.0523841923522
0.0679939976357
-0.0670763178912
0.013345286089
-0.0179853054607
0.107011884766
-0.042763366053
0.0379157644993
0.0339469327174
-0.0710044226569
0.0368752214198
-0.0425456716912
0.0205733634277
0.080652617614
0.0149965744562
0.0851890014256
-0.0248614714118
0.10068384342
0.0489032664283
0.0944539634156
-0.055505476961
0.0296954865161
0.0843932246654
0.0328742952488
0.104019474404
0.0963542327684
0.0296211832927
0.0669843487013
-0.00972766771605
0.107732023244
-0.106700492433
0.0589089460742
0.0155410910297
0.0479276270001
0.100500877923
0.0295025786564
0.123463257588
0.0542137362364
0.00315724403631
0.047771456317
0.0694201260214
0.0655127682485
0.0132670764454
0.0683938897814
0.100172527159
0.0923266988433
0.108350459981
0.0179437175398
0.0889508327699
0.0985759869036
-0.047407827133
-0.0771211155033
-0.0916720459444
-0.0439989489118
0.106902130552
0.0580597324586
0.0539834888148
0.093587114604
0.0342103950178
0.0186881089001
0.0301271007572
-0.00802238992228
0.0626086502075
0.067816851157
0.0967970623406
0.0191095901969
0.10587033032
0.0259961821344
0.0806030932044
0.00630372321015
0.0135186446636
-0.0058243379241
-0.0307448690624
0.0639486618299
0.0424614525165
-0.0587304003816
-0.0263465861199
0.0206964993955
0.070962597634
0.0266444464559
0.0763151326022
-0.0244620797745
0.0197413023675
-0.0642805201629
0.0248755140447
0.0411050350718
-0.0264231620879
0.0901177876049
-0.0218927303073
0.0128861024694
0.0527298616072
0.0669264121357
0.00415130552922
0.112041660359
0.0637692983578
0.0289654264442
0.00610873394035
0.0469656852222
0.0806739051669
-0.0476125985517
0.000884319971593
0.00767940336635
0.0932793840936
-0.0308661003516
-0.0118547179495
0.113367612479
0.0516861930161
0.0203715895275
0.0996638447804
0.0941733382699
0.0919648550747
0.0242618124905
0.0790647752455
0.0619006654188
0.0168094753023
-0.0427930040138
0.028355638415
0.0949287789157
0.0934315515043
0.0634325375804
-0.0574987969115
-0.0400308766722
-0.000250036795242
0.00236520777268
0.0238672507977
0.074953083515
0.0573442722301
0.0251105354637
-0.000582211079235
-0.0137878885067
0.0437537439282
0.0700419227645
0.0726069099288
0.0934814293558
0.0782948701951
0.078646745124
0.0592335304896
0.0807877005382
0.0550617565528
-0.0601529279526
-0.00357829667105
0.0220190798106
0.0200707789779
-0.0406628684818
0.11695793529
0.0616128998967
0.0883279431494
0.0529176000554
-0.0319834091527
0.0051008771976
0.107125779826
-0.00541347070225
0.0159727708108
0.00221059687115
0.0104572808483
0.0902501266265
-0.00273468416958
0.0314755139792
0.0221033394223
0.144454209562
0.112102606077
0.0141486872484
0.0281465549963
0.0757471618212
0.0385624134659
0.0727667258869
-0.0188082591207
0.0317925823145
0.0199317090837
0.0234412231882
0.00331288078593
0.0249642323221
0.00499752593959
0.0204018139772
-0.0461442472273
-0.0580339754739
-0.0560939381971
0.0368136042757
0.00726322364064
0.00145643259767
-0.0322376287223
0.0546108413752
0.00939350961362
0.0478263195521
0.0551689461169
0.091713817142
0.0881256949374
0.109753388461
0.0731434934935
0.0605702850519
-0.0349581261989
0.0136805987782
-0.0781754940421
0.00182226253258
0.0429510730917
-0.0133632826527
0.0618272825092
0.0572744142896
0.000913058676144
0.0232645850552
0.134233967791
-0.0884207822623
0.121101353856
0.0669860057954
0.0265296271681
0.0326085410233
0.0157874177004
0.0352541997588
-0.00632511494963
0.0569883972446
0.0565285671935
0.0151188452396
0.0074076601136
0.0784323535352
-0.0241944466642
0.0599800651344
0.0599267052803
0.029392398048
-0.00405176926512
0.0292327367958
0.11076475704
-0.0188017856658
0.0214720207903
-0.028060409179
0.03362188638
0.0367858896182
0.0191675615829
0.0936359649809
0.102450359217
0.0417209926339
0.103322996912
0.0660061548369
0.0192698140181
0.113618378657
0.0872254387902
-0.0808131316496
-0.0313875572826
0.112450775709
0.0696008917226
0.0336153081155
0.101432106448
0.0150910651224
0.0451600480791
0.0336447046372
-0.00278742216689
0.0660753688658
-0.0666654776173
0.0592746843935
0.0726172682359
0.04680011681
0.028717886721
0.115517754563
0.101402639294
0.0284004409524
0.0187159535272
0.135241459654
0.144711609093
0.0758825816443
0.0845441833501
0.0613005636225
0.0887588951543
0.142291777093
-0.0210837872827
-0.00289282228975
0.121422706346
-0.0230692536478
0.0836441121567
-0.00287847672716
0.0351301560496
-0.0520925847052
0.0663372361333
0.020702359784
-0.0636499222508
0.030387791265
0.0674232499646
0.0409125809352
0.0942374793639
0.0840913101708
0.0572691155263
0.115751933282
0.0301789607138
0.105295640784
0.038129094248
0.0760640512843
0.0278655759796
0.0259518144119
0.101703384834
-0.00177766920981
0.0260073957779
0.0458739403774
0.0144217259915
0.0497110246324
0.0673589031076
-0.0272506280508
0.101697828204
0.0240628176724
0.0313539202318
0.104379294284
0.124873887547
0.0720197525107
0.0736875752414
0.0848713686799
0.0679453581817
-0.0619896577138
0.00112541345811
0.135897582016
-0.00764075813039
0.105556119656
-0.036083318381
-0.0459644429898
0.0285223829808
0.07291990885
0.0462398234738
0.0685980142762
0.06391902469
0.0426991463919
0.00510622085593
0.0244726875309
-0.00424642324866
0.0619891929973
-0.0578831536642
0.0374666416284
0.0340315114466
0.0606947278049
0.0570102552951
-0.0611168207609
0.0514295275226
0.0402529584552
0.0773268732394
0.0619105485991
0.0118140597231
0.118287550563
0.0369833685149
-0.00821926055363
-0.0133146684025
0.0790726194828
0.0452765886084
-0.204446791314
0.0509761696764
0.00530121958025
0.0475521680554
0.10198824204
-0.00746004177679
-0.0162372815955
-0.0674309495833
-0.0231403423981
0.0352049546501
0.0671230172298
0.0827670379424
-0.00827883373359
0.0161966363969
0.067080873551
-0.05372662975
0.0240782550488
-0.0109398863512
0.0133864284074
0.111076615505
0.0160920454801
0.108018197684
0.0208133159472
0.0388421795832
-0.0449390170543
0.0306153740117
0.0769554514307
0.0858437696443
0.0204668017195
0.0554630421287
0.104579313193
0.0151402805287
0.0549582882317
0.0305804648897
0.0583698077834
-0.00289855607891
0.0859544212017
0.0701049247267
0.0204228253772
0.0656124265304
0.0428798685411
0.00715841415724
0.120280460269
0.138427324913
0.0348383341928
0.103672348725
0.00684455793977
-0.0854599068281
-0.0293468295148
-0.0104073655872
-0.010114548412
-0.0443436204189
0.0206716815292
-0.0588239248021
0.0636091207038
0.0197191183065
0.0482187039886
0.0581212912121
0.0440895762558
0.0678653109638
-0.0204940207312
-0.00410871389341
0.0285030182148
0.103709306575
0.0628665882035
-0.0364930249233
0.0305959644317
0.0500203542492
0.0337236395657
0.000931046009702
0.119282869517
0.0512927660273
0.119447923393
0.037896369512
-0.00718558939888
0.0416292448278
-0.0591205027705
0.0593291128279
-0.00881518069177
0.0427138658334
-0.0029038417877
-0.0159514056027
0.010503157373
0.032759570278
0.0380428136151
0.0721988827286
0.000651018151843
-0.0319139183186
0.102344856392
0.0525852117445
-0.0212613358803
0.0103965820463
-0.0521294316351
0.00239158709991
-0.0638284145112
0.0365967803717
0.0567935524889
0.104039993896
0.0551578467252
-0.00226688569379
0.0378247189156
0.00911255119175
0.030445288063
0.0582814545939
0.136218844351
0.0893327091867
0.00531007708299
0.0456918024093
0.0435426653499
0.123533523599
0.0677708004526
0.0714071446672
0.0228187566195
-0.00144425845988
0.0401216457453
-0.109273716358
0.0665078448774
0.0190170721216
0.0730369625358
0.00660451930409
-0.0275272174136
0.0925890033881
-0.019676659794
0.0112887569486
0.0620882829033
0.0197276500395
0.118944955387
0.107326909096
-0.00529309358997
0.067825325444
0.0502897686338
-0.0491683570507
0.0545467668237
0.133742781288
0.0693552910696
0.0726474707448
0.0939018340002
0.133432703214
0.0344493032488
0.0876306336967
0.128752910679
0.0790209224958
0.0847317843082
0.0172724874375
0.110369608935
0.0464995751814
0.110140990684
0.126347851777
0.00687946126558
0.0531100468029
0.0312312965645
-0.12298369752
0.0950512659435
0.0761989435728
-0.0232652803996
0.00113429842957
-0.0133382337427
0.052244908045
-0.0231964358421
-0.0800126558167
0.117700455553
0.0442856407548
0.0597491686205
-0.0100501057129
0.0737629867767
0.0995698774424
0.0524334381279
0.0163003144345
0.0883230144791
0.0451580325875
0.109274428591
0.0215123833839
0.024269141598
0.0184871681186
0.0250539328676
0.0472056013704
0.0466369199054
0.0924853376978
0.00258087156846
0.126443635405
0.0967681416235
0.107462578862
0.0791637693137
0.00095580747274
0.069002379478
0.118217948209
0.0386399727614
0.0604622732688
0.0612026625045
0.00869996682148
0.0489951903568
0.0691923131949
-0.000798915499342
-0.0366305663202
-0.0503899999113
0.0329521666605
0.0969817242604
0.116243978794
0.123498662727
-0.0439317964882
0.0137566116625
-0.0155419811322
0.0722261929329
0.0834484896434
0.072404339489
0.0511656423437
0.0423838652565
-0.085533040592
-0.0318209699968
0.10488339372
0.0643214573227
0.0774160666475
0.123071637891
0.142867474713
0.0805709626523
0.0989937500417
0.00380785658406
0.015733633768
-0.0346855260683
0.089646126127
0.0571577265285
0.0490916137268
0.0950323660095
0.119765918187
0.0790798205132
-0.00908013159878
0.136101024195
0.0145652388727
0.0731950950811
0.128799464044
0.0417729845263
-0.0274914300176
-0.01745102119
0.0892959703234
0.0421796435246
-0.0181984490917
0.0937045403577
0.0382398149533
-0.000421714355244
-0.123363997175
-0.051900461741
0.0480128412474
0.0576911119478
0.0972781070486
0.0699888281326
0.12846012681
0.0780337845577
0.00915925084002
-0.0669022029069
0.0307077328496
0.0606149651882
0.0862078058877
-0.0205192113362
-0.0337334048602
0.0399704830691
0.122893754133
-0.0309226412254
0.0449047484263
0.115496828368
0.11796634916
0.0418875551761
-0.0124737063011
-0.0224437839639
0.140636696193
0.0265899438563
0.0965799791754
0.0642849653622
0.0824186178823
0.13012746368
0.0586938560444
0.0814488921002
0.0226365827774
-0.0523687136208
0.070554148195
0.0159631161704
0.0116368944724
0.0844111609469
0.107962169482
0.0754546216771
0.00313216108848
0.115589711175
0.0953260984728
0.0629536840166
0.105885640779
-0.0119204992009
0.0674839170596
-0.0566773614074
0.106682876979
-0.0450567822167
0.0289086952615
0.105977809335
0.0994073539048
0.0137444021421
0.0369910949705
0.0886848548982
-0.0748044107334
-0.00367420108884
0.0510210353977
0.0312431710293
0.0422447225383
0.127643839793
0.100092747156
0.00596354863671
0.0858342555126
0.0711587592006
0.0794990216236
-0.0164470678282
0.028468144022
0.0102698746571
0.110492430724
0.0531767663402
0.0487036638508
0.0487678016146
0.0950480254488
-0.0224276270102
0.0810050235625
0.0190014977396
0.0719340951886
0.0536644631015
0.0688704203243
0.0822080572822
0.0728388857204
0.0743074459115
0.136005977638
-0.0238850510941
0.0101770855223
0.105767358466
-0.00920205419947
0.0440732317354
0.0931487803868
0.0633237163576
0.020408765509
0.100508916433
0.00783951906829
-0.0257686266684
0.104922953239
0.0625250597313
0.0134201000349
0.00316532143344
0.0608589156599
0.0171828588418
0.0202255070906
-0.00297442186125
0.0689210257472
0.0912868304457
0.0971348413607
0.0495995236402
0.0826113268218
0.0232678170771
-0.000997272149483
-0.0116521871064
0.0425868590067
0.0970970297665
-0.0989297807581
0.0295221715075
0.0197989316773
0.12553764737
-0.0101138748673
0.0406540581545
-0.0241869178383
0.104813699517
0.0319466520448
0.0750653047848
0.0348175032559
0.0425711384521
0.0791368642704
0.00479533337381
0.025275296585
0.0498199633559
0.117599383225
-0.032467053523
0.0441545958186
0.0533008505158
0.0170579114951
-0.00833492606059
-0.0335619654308
0.0929170897583
0.127980131302
0.0353964232028
0.0466680404203
0.10326514178
0.0413629929319
0.021329575003
0.0585402590016
0.0846292973664
0.0250245752897
0.0928648768787
0.0275177582346
0.0178837155715
0.07462343002
0.0950693098962
0.0989685769123
0.00440749964302
0.0167012856781
0.0215049593253
0.0616527722255
0.126152546635
0.00613809726993
0.0449300241833
0.0594341365358
-0.0132491368527
0.121303390602
-0.0516312541059
0.0615509823352
0.0141031752302
-0.0965554952776
0.077129651584
0.0827912336853
0.124168140784
0.0263998467218
0.00539103111532
0.106317545486
0.00448618547474
0.0349403109535
0.000289068552893
0.0711751522464
0.110396142203
0.0744258100072
0.0330075941135
-0.00228780608957
0.0917170420428
0.062380890858
0.0775531319571
0.106093533915
0.0361217916752
-0.0589824027202
0.0184464750242
0.00694135568051
0.0922206037449
-0.0531775415402
0.0168962810672
0.0659897036009
0.021114296211
0.0770818490093
0.0604748705242
0.0552403531604
-0.009804700638
-0.000477208720342
-0.000981686991866
0.00746015438875
0.0082700315236
-0.000321251823451
0.0821291187957
0.0101291457309
0.0445874243486
0.0215215688932
0.0233549066996
0.0368387156394
0.0467491893517
-0.000158996620961
0.101207960598
0.0325265587273
0.0501891319076
0.0292448273916
0.101213650135
0.0819957676887
0.0544117784901
0.0947798309441
-0.0740384861693
-0.00356264202861
0.0999315680584
-0.0703595755661
0.0666493579751
0.0225612356255
0.127401531659
0.0647655516196
0.0442569153221
0.0976219147759
-0.0182584634862
-0.0318591089277
-0.00768650379757
-0.0221061063127
0.0647968448755
0.00112673071423
0.0258227276832
0.0385215088275
0.0309254630171
-0.0301126380779
0.0448150947083
-0.0124237622912
0.0588824547095
0.0691148084445
0.107260175798
0.00807393154227
0.0825176237796
0.043802140892
0.00655658683426
0.0730146561594
0.00316809499407
0.11439375973
-0.036154824626
0.0349800774065
0.0652989558473
0.0614640399243
0.114657430678
0.00889880246341
-0.0725123106584
0.103904124464
0.0634475079798
0.0176918770226
0.0602310318726
-0.0725806716822
0.0534572209926
0.102137499825
0.0851255592279
0.0953884401323
0.112873971535
0.108217442066
-0.0587480743754
-0.0446135857133
0.0742180352421
0.11003497225
0.0364279872758
0.0249752392526
0.0199573174029
0.00346648888523
0.022315779542
0.0287303483946
-0.0462186230847
-0.0175704732751
0.0108672813018
0.00289415877359
0.0963058487398
-0.0707305413114
0.0226842511451
0.0950803407434
0.00330815963449
0.123192278731
0.117174635816
0.05220929348
0.00337669659248
0.0855736418052
0.0171881571909
0.024498753867
0.012094293995
0.0671450684281
0.0264171309034
0.0724327309398
-0.0160165270221
0.0223428373771
0.0254843130504
0.0405456940664
-0.00251870768502
0.0629527656242
0.0270893690262
-0.0318824983583
0.0797467686694
0.0182745698806
-0.00736446807086
0.113025837778
0.0597797723719
0.118663478396
-0.0723816045561
-0.0351289722115
0.112645820913
0.0937373056309
-0.00645859541108
0.0268850787766
0.0789910324313
0.108536709037
-0.0302752367267
0.0376303560502
0.0039117635563
-0.00275679757032
-0.00878042393208
0.0495499322058
-0.0188156126432
0.0556976705839
0.0549447848869
0.0933982937984
-0.0165325464195
0.0611339543241
0.120932041667
0.0312982691092
0.0858940622476
0.0275564436693
-0.0125017814809
0.0510731456215
0.056896260149
-0.00255826219717
-0.0202803759577
0.046602461307
0.0916513705184
0.0466870475377
0.0112183379792
0.0358740450995
0.0496282186367
0.107117183245
-0.0188261696606
-0.0293977630367
0.0409951337632
0.0304560240877
0.0955860259939
0.0735866737982
0.0256884267494
0.096624741162
0.057963433197
0.0959838757416
0.0678218202945
0.0307138847222
-0.0753921986753
-0.115726973765
0.0549125408779
0.0490060130307
-0.0400272744572
0.0495667647365
-0.0277200047382
0.00498409822513
0.0520658279522
0.0273463493376
-0.0621871962377
0.111163476074
0.0899442765982
0.0119166354707
0.0329850583329
-0.0841419111454
0.0949695193328
-0.0332876193449
-0.0343661013549
0.0400104084144
-0.0127725944562
-0.0699343791573
0.0269645415451
0.0513503201357
0.0918388935751
0.0386984572915
0.0513504801878
-0.0184007598626
0.0107104691857
0.0895035262456
0.0933365375385
0.0691116171992
0.0944522906654
0.000142492222886
0.0881833037771
0.0719981072969
0.0332790500604
0.0570927038342
0.0956824210119
0.0337038475012
0.0799571420784
0.0509494570888
0.043323885409
-0.00341358224904
-0.0409439011261
-0.0479441096266
0.00785494854509
0.115408622318
0.0721432098115
0.0521599600889
-0.00876142329953
0.0734749036641
0.131077797326
0.135960967945
0.0490267509059
0.0992910540979
0.0220993657968
0.0605771953915
0.0862553960336
0.089176349445
0.033191651395
-0.0260795992273
0.00567601353578
0.015575072535
-0.0522341241055
0.0977357205557
-0.0109056631328
0.0417702255729
0.130705107412
0.0929220725036
0.122184763623
0.132189904311
0.0778534318657
0.06044454898
0.0499061642495
0.0494526345776
0.0550455248087
0.0816982054154
0.0083865118113
0.0968318088041
-0.0689218423882
0.0801635198508
-0.0227978540974
0.0920622140695
0.0735654646937
0.00706227524871
0.105829236713
0.0967482396632
0.0387929158462
0.0609656365922
0.0170581854731
0.0597755372203
0.0569174524376
0.123419799053
-0.0325920454274
0.110976303406
0.104868617604
0.0466540655453
0.0572268916659
0.0386849390895
0.081971505753
0.0418752137751
0.039023748917
-0.00565175556876
0.0567208633741
-0.178454608544
0.134208004423
0.00675662882332
-0.0426113832193
-0.00951293608944
0.0158724927407
0.0171445557201
0.0798894990588
0.049564946309
-0.0574806426405
0.041917548531
0.0866651662148
0.0158937108595
0.0339146045125
0.0334525608147
-0.0101662418793
0.0752220118313
-0.0260270483931
0.0613131944943
0.0707779303257
-0.0102171745954
0.12682075805
-0.00909451182463
0.0417983521025
0.0664011354358
0.0766965948222
0.0216750134228
-0.0173496476084
0.0237511926982
0.0558860795461
0.0767969454825
0.0610921525112
0.0795768740257
0.0252881659524
-0.0526040301698
0.00506051742213
0.000516762759168
-0.0260804842161
0.109656838642
0.0248686072983
0.0776727271897
0.014687722443
-0.0149141652735
0.036531947616
0.0271384825031
0.0235073843134
0.0681820369929
0.0613116224945
0.0225775045222
0.107439109668
0.0136915221741
0.0671787175093
0.0597869035913
0.0181179308856
0.0464143102762
0.0743664556935
0.0331387158765
0.0112761356562
0.0287530749396
0.10127239652
0.111229966628
0.122307331333
0.104968057147
-0.0994736911373
0.0175182273574
0.0422255741662
-0.0910974517015
0.0237592211245
0.0323962655535
0.0287282402151
0.100822112922
-0.0949969717741
-0.115572613058
0.0805695961164
0.0922606978982
0.037055007952
-0.0338699738687
-0.00254523920788
0.103509936681
0.0911806596704
0.0127329097928
0.0410598711507
0.0277787841789
0.0332935148272
0.114254351436
0.107743644525
0.121191921674
0.0204824932995
0.0211967702941
0.106997191249
-0.0159638181664
0.0328703000279
0.11380638192
0.0809672284257
0.020147532619
0.0659640644695
0.124600290642
-0.0062738642125
0.0812584104037
0.0694181894942
0.0728098962387
0.107860743195
0.0823690795709
0.0284550222727
0.117595324283
0.0082694647875
0.12149364985
-0.0413341384123
0.013415059056
-0.0187180025041
-0.0791336803829
0.00639746999103
0.0418084504628
0.0437077107272
0.101230449068
0.0162106392534
0.012624565134
0.0536113725321
0.0619795501976
0.0853944561593
-0.0200329476538
0.0570218616446
0.0966457690274
0.0231596627972
0.0420428431473
-0.0353918352069
0.0592788407071
0.0736900648513
1.31545770099e-06
0.0338675752125
0.0912140089296
0.0608349599005
0.0628873050532
0.0245045705489
0.0912515184407
0.0349917031973
0.0142539710099
0.0231853026518
0.10271888936
0.0743496103531
-0.0218224723253
0.0614725917344
0.0349712705121
0.0128420705359
0.0326987917863
-0.00474758785854
0.0519503344719
0.0441934505672
0.0639660213685
0.0802627470325
-0.0267750918451
0.0795334666216
0.0354611108003
0.000284455242002
0.0271922100569
0.0265693256863
0.119304591109
0.0596015693406
-0.0215445699267
0.00269721820362
0.0684593819551
0.0508318215289
-0.023452358015
0.0410833386649
0.0461294191009
0.122200042384
-0.0798937029613
0.0341586107411
0.00835440242691
0.0444135737525
0.0785662905787
0.0669434147869
0.0603918663451
0.0571933157868
0.0791186001893
-0.0307550719576
-0.020844510457
0.0541695727593
0.0410342011312
0.0829068492399
-0.064629354131
-0.072734400885
0.0796612543637
0.0173783337691
0.0284534662259
0.0416157484032
-0.0291033731893
0.0823854796814
0.00166645372234
0.084755084198
0.0300855345173
-0.0226034089676
0.0349820210976
0.00676597084416
0.0490570289322
0.107052858503
0.0389189797086
0.0910434396598
-0.0359788135972
0.0534125396231
0.0658769260822
0.0602340193151
0.120198592022
0.0583535813179
0.0497187934009
0.00427297015321
0.0496954729404
0.0803004326513
0.0166019126419
0.00216033062383
-0.0215425531652
0.0651544542493
0.0731867368445
-0.0290919282342
0.0979399251383
0.0379690933349
-0.0050538117219
0.0946526212086
0.0654805895567
0.00119504579785
0.045614750819
0.000674988654657
-0.016926758055
0.0231110689179
0.0787410244151
0.00851833215281
0.139119889738
-0.044634266541
-0.0117299755456
0.0362763654677
0.108760845559
0.0745116779076
0.082173922381
0.0871743959645
0.126430856516
0.100309167295
0.0853368735878
-0.0432974935226
-0.0469680575302
0.00105889001139
0.0465351411674
0.00498329809777
-0.0474517952401
0.102870315218
0.0246588438442
0.124023265341
0.0516158968772
0.0043359097827
0.0548154914495
0.0305007177686
-0.0783680654233
0.00350940348837
-0.0525832197758
-0.0340210424796
0.09124510667
-0.0312050920136
-0.0172988776561
0.0881002494874
0.0388542602778
0.0238860750011
0.0677716749939
0.071108160165
0.126115453003
-0.113796800022
0.0700217654561
-0.03574352467
-0.0096614910245
0.0245771516211
0.000311988778761
-0.0415028572164
0.0197476851359
0.0215475888386
0.0821678022007
0.0754316333721
-0.0307694583267
0.0573244491187
0.0193426198236
-0.0872801903709
0.0895434548292
0.0793003536328
0.0869186625411
0.108079644017
-0.0167614038396
0.117298312735
0.0069847651623
0.0376247855025
0.0110560729815
0.0831851630271
-0.0267834757245
0.0902547933711
0.0382583012394
0.100379647723
0.0722338897534
-0.0183307495043
0.0422931237486
-0.0542507307047
0.106535980913
0.0197064426327
0.0403072707876
0.0874028063308
-0.00502991818431
0.00610114797425
-0.0511303865749
-0.00502049394526
0.0251012162203
0.0835897185532
0.00716556075712
0.138517620325
0.0680699422649
0.0861951924029
0.112480731325
-0.00454805108968
0.0612261150039
0.129857926302
0.0784471117776
-0.0675917847026
0.122697169341
0.00425871871664
0.0875619490902
0.0374341926323
0.079064294493
0.0189039358186
-0.000581060095184
0.0957386056007
0.059018074302
0.0564661568857
0.0628854877262
-0.0366948518121
0.0271571672361
0.105406191853
-0.00397083730299
0.134175875713
0.0220988199006
0.0503718449131
0.0484871990712
0.0144134591378
0.113834107206
0.0928354136053
0.0620858352901
0.0688083359636
0.0650358373229
-0.0663214138243
0.0893002131805
0.0400016284608
-0.0471521813485
-0.0456527151436
0.0425018272304
-0.0142518195015
-0.026020261816
0.041892352023
0.0765606022641
0.113470021389
0.0159860519175
0.0277957663463
-0.0150882880042
0.0778322717324
0.00134570571478
0.0932362646432
0.0779336768204
0.0971329599093
-0.0271150447981
0.0767814594818
0.00764677911713
0.0129901471033
-0.0295005716626
0.0218722236545
0.061091492575
0.0189928703517
-0.0174128591367
-0.0522958463234
0.0328310045672
0.0624142862433
0.0320150856013
0.0652715039084
0.0476699664857
0.130053646527
0.0457358167843
0.0460481056753
0.0831707664791
0.0902384099609
0.010018133119
0.0413156148909
0.0797868280148
0.0349386480652
0.0277051371857
0.0347713750254
0.0468188462539
0.093099828835
0.0304377245238
0.0664580701306
0.0105567636474
0.087257389401
0.0107503752124
0.112228821595
0.0515784110207
0.0324688176091
0.0135395886157
0.0686890482441
0.0786356802036
0.0649454005611
0.0323844774883
-0.0511093695168
-0.0359295148126
0.0487304874999
0.0695255980912
-0.0184869536544
-0.0493571321773
0.0567374586078
0.00605664854008
-0.0143248807954
0.121856056652
0.0531696425187
0.0122609104413
0.110547328166
0.00359026525678
0.00952519103716
0.0303263899964
0.0948387356587
-0.0331023760068
0.0221513698957
0.0514127555223
0.0413426527769
0.057667912095
0.0395393996227
0.0434959036675
0.0600880287099
0.0944933402293
0.0763352306429
-0.00166336606829
0.0746494143299
0.112956567042
-0.00362519294481
0.0874660974439
0.0342564993729
-0.133860484628
-0.0577480231949
0.0117896212941
0.0465072961353
-0.0353202068926
0.0242744815023
-0.0532302960477
0.077680055756
0.0614635101655
0.0601257375039
0.0285260655939
-0.0620045391855
0.0434039152089
0.0927258160645
0.0981704766074
0.100194999532
0.0920465786733
0.0740956010978
0.0721543493485
0.0259640635509
0.096798168979
0.063667438278
-0.0807128668111
0.0601624139789
-0.0462055542982
0.0819154357713
0.0624567767761
-0.0109346329713
0.0930830778258
0.0331535199444
-0.0711106883549
0.0517901503196
0.12607525473
0.0419611429089
0.0746790203754
0.023680016133
-0.0216124266499
0.0685253020461
0.0360852095255
-0.041959150133
-0.0221478248162
0.108641809785
0.0146467435201
0.0456874523331
0.0334553122489
-0.0191251480906
-0.0190724771563
0.028798885289
0.0287637358136
0.0754807202167
0.0776584004347
-0.0125453754721
0.081499640383
0.0613191031047
0.0797526119506
0.0577047237535
0.0883390112291
0.0473026542637
-0.00509003590965
0.0432956385992
-0.000989559023441
-0.0188638541888
-0.015961824316
-0.046488715902
-0.0357388565173
-0.00836832651753
0.0928608356332
0.107845180754
0.0581631327374
0.0172654193544
0.0237303540436
0.100239038711
0.0395979342434
0.0168190978818
0.0124894262302
0.0842628670675
0.0701017783999
0.0630752369188
0.016395185273
0.0488286935845
0.0335064595873
-0.0837060722076
0.0466669259608
0.0776636676151
0.0478288805225
-0.0261236452032
0.111928988031
-0.197897535656
0.0263279569788
0.0177357026751
0.0124799503633
0.0961106199767
0.104773096077
-0.0128920658207
0.11410696407
0.0238615463158
0.12228784629
0.112587435805
-0.0164171980139
0.0409674235934
0.0445428937102
0.00783678160909
0.0579900435968
0.0942889818354
-0.0377316727771
0.0536794580514
0.0266301955934
0.100713222222
-0.00248838434032
0.0753709053896
-0.013490426074
0.0657978906799
0.0891552550013
0.0908192311984
-0.0261592750042
0.0596945921409
0.0908752208105
0.0472999483342
0.0032376495208
0.0207872739795
0.0464454569398
0.0298421622329
0.0879629900575
0.0766953680623
-0.00769612419442
0.12912435386
0.00999999827769
0.0236832586798
-0.00514772984989
0.0913220125285
0.0031077001659
0.0935501034943
0.0954141003375
0.0420468094781
0.01614237378
0.116534741347
0.0325168631994
0.00449248759825
-0.0142784053348
-0.0387858881119
0.0451196201764
0.0916442007744
0.112749756834
0.000129653510689
0.0772225444058
0.0284162172693
0.0914161531532
0.0964959621917
0.0459861717256
-0.0350255310695
0.062765466866
-0.0155264139146
-0.0195171326464
0.062709292649
0.132176187635
-0.0458707841893
0.0231497435633
0.0511968273936
-0.055468722202
-0.00439347815533
0.0499959690479
-0.00180751159357
0.0406416521874
-0.00285828473408
0.0338687881
0.0767772326762
0.0785901912648
-0.0238907865516
0.104022436115
0.0113301831905
0.0566399088945
0.106284030054
0.0474146502575
0.0933588041705
0.0866886564526
-0.00153015770663
0.00362123762464
0.0823639176433
0.0716836659676
0.110676291969
-0.0508558727901
0.0283330699088
0.060606856114
0.00506479230957
0.0946891802479
0.0877831205856
0.081843394009
0.136913932077
0.0625470526567
-0.0228217240639
0.0163368628249
0.0121922780163
0.00280982267292
0.0413721697154
-0.0641368963509
0.0712277443543
0.0617100449685
0.0305086304352
0.10194856095
0.00044760161296
-0.0032483654718
-0.0766681827002
0.0531697102016
0.0986267660183
0.00205389467863
0.0283011275939
-0.0214195931415
0.109791313241
0.107185879792
0.0214160096988
0.0229997214357
0.0629814422026
0.0810177575219
0.114015316052
0.0957484697951
0.0721305382478
0.0137151763129
0.0896969198533
-0.026765837869
0.115399400727
-0.0168281687144
0.0410746468907
-0.0530619261557
0.0102220823237
0.0676873342088
-0.00189330617723
-0.0845606703056
0.0261515296299
0.0666203366665
0.0832860594218
0.0280865640815
0.0956268745179
0.0216751157172
0.0173133485315
-0.014056740146
0.118510465929
-0.0440858964668
0.0534944495496
-0.089743717855
-0.000198162551289
-0.0127270188983
0.0458063036523
0.0194937604766
0.039481695064
0.110134941264
0.0345759154388
0.0309222070119
0.0546103982816
0.0889343230531
0.0632809763382
0.0663847708478
-0.0607494479642
-0.0459235685397
0.0847808905414
-0.0170414862051
0.102306548201
0.0150907524499
0.0474284282552
0.106371634026
0.0686106825036
0.0730643383494
0.0398410367978
0.103415258019
0.0604539428481
0.0651673956577
0.0581004021993
-0.00375467552392
0.0317691025931
-0.0984695192263
-0.0262024946856
0.0283210015257
0.0351043863618
0.0941749902138
0.0188718033112
0.0894655722576
0.024068603058
0.0652930735663
-0.00468471595941
0.0518875557351
0.0140038238332
0.0177072221016
0.0213677383734
-0.102218200396
0.0268180137587
0.0129655071983
0.0726086368488
0.053002993722
-0.00726094240064
-0.0413737369315
0.079544798313
0.0483049333446
0.0179022523698
0.0578529994859
0.125849590048
-0.0620392513049
0.0743445065165
0.10030546027
0.0176992167961
0.00819009991368
0.0806437851697
0.108124721897
0.0385920396425
0.0235231653548
0.0327525645613
0.0799069524662
0.0357967543103
0.0914469212561
0.0729665681665
0.0202364632862
-0.0421464641134
0.035100063238
0.115975831755
0.0387289673235
-0.0160113168779
0.0273815692137
0.0994994462957
0.047614305841
0.000420065913351
0.0787159635308
-0.0374537654264
-0.00276623918398
0.0528184865365
0.0564765200414
0.0379747728927
0.0741961857614
0.120138143718
-0.0339417169778
0.0157987045245
0.120049496304
0.092928696245
0.0913718877071
0.0231455478629
0.122148036597
0.0551042285689
-0.0608288733938
-0.0156665357608
-0.015388713606
-0.0402442486839
0.0673508700867
0.066084806249
0.0451119287129
0.107964117242
0.0554859301641
0.0292238329432
0.0490139529922
0.0323542014688
0.0713599048366
0.0526934436316
0.00362001745147
0.0319563830907
0.0302370836265
0.0411339272607
-0.0803860919753
0.0691245766563
0.0734836706284
0.0242139970989
0.110389669506
0.0278548864648
0.100721986366
0.0314792726472
-0.000824235499326
0.0279473828927
0.0728946572721
0.121991862684
0.00549089035573
0.0625028777882
0.12885560905
0.104852901753
-0.0234948409289
0.0736280600983
-0.0596176153363
0.0806409280275
0.0468868303284
-0.00749982997333
0.0195841440285
0.0350297320111
-0.00538516370586
0.0592394452877
-0.0838797553557
0.0357688564788
0.100629038624
0.00134789764812
-0.0223759777463
0.025342873933
0.0615379442931
0.0254986111022
0.0562511107014
-0.000349376394081
0.133628349985
0.0258347676277
-0.0525085194462
-0.0490233763978
-0.0165132574833
-0.0103941418447
0.0672500174477
0.0654568988978
-0.018229491734
-0.00336972722448
0.121298423559
0.00759281517317
0.0229743500514
0.104634850621
-0.027708722201
-0.0157693905928
-0.0319344185732
0.0763318091584
-0.0282139108273
-0.00344127656914
0.112284092557
0.0616701096817
0.0701407209796
-0.0200900920684
0.0185850683377
-0.0504835140237
0.0292599501627
0.0377099717559
0.0275881909824
0.0800841309266
-0.0250505474788
0.12922645768
0.109875594121
-0.0258074393788
-0.0310468098232
0.0805116760684
0.0136918799562
0.0789019387651
0.0622782068439
-0.0261680622135
0.0106786396422
0.0816847647659
-0.082985165219
0.0714674299251
-0.0369037995996
0.0130543627508
-0.0116819749389
0.00512506820596
0.0259739055338
0.0255250831691
0.0181361951966
-0.000212258629238
0.0609426568708
0.0271812859997
0.0415912543751
-0.0147575181235
0.036149903347
0.024293565554
0.0237063722319
0.0361404532728
0.0122304005891
0.0710224125673
0.106985396988
0.0549414807177
0.0552392921566
-0.0856318465114
-0.0131866357481
0.0491887576342
0.0810098531513
0.0889392064608
0.0497843970776
0.0926495654713
-0.0586688394326
-0.00235851704284
0.13914498339
-0.0309827700317
0.0855536694515
0.127189705209
0.0784509712148
0.0552963273945
-0.00252554023031
0.0568992665316
0.0543868275837
0.0338838498161
0.0255221159253
0.00112512969007
-0.0857290664246
0.0327890004535
0.0368404900077
-0.136231801221
0.0157030028277
-0.0593373305851
0.0014323239961
0.0452311324894
0.0771266304425
0.0601454933251
0.0948049918335
0.0730836377699
0.134852305474
0.0594612912632
0.107328438828
0.038333809239
0.011450898316
-0.0585992430163
0.0842711030778
0.0178161395114
0.0791173035597
0.0355824396556
-0.0597191314277
0.0575496547419
0.0889835571655
0.0663409837818
0.0907065807634
0.103558759596
0.00991887557059
0.13138565827
0.0778381572529
-0.0279241564496
-0.0528300185525
0.0112989365851
0.117074005924
-0.0246425725198
0.0911054294731
0.0205264484967
0.0717143457182
0.0385250972895
0.0251613269343
0.0837760884672
0.0419156154825
0.00412303783599
0.101097092235
-0.0429015024364
0.0798906739023
0.0130763564642
0.058926283822
-0.00610615009257
-0.0289275760619
-0.00941291350514
0.107815722445
0.0950644029402
-0.0998075591187
-0.0130028463716
0.00843988131971
-0.00280113195797
0.11536669462
0.00302373186413
0.099787751113
0.0662360398143
0.0829092818677
0.06355636681
-0.0284840088938
0.134936684041
0.0804976427315
0.0164013763933
0.0802672711622
0.0574120940399
0.0172270632483
0.0557566786675
0.0910508594972
-0.0444403077141
0.04813999132
0.123514901915
-0.0681655587574
0.0708253147903
-0.0662814327817
0.0950961775802
0.0552561509789
-0.0258299579182
0.074843133204
-0.00535100988113
0.0611778176007
0.00551751348273
-0.0349752400131
0.106954649294
0.0870220918741
0.0662479580953
0.131115199955
0.0435422080164
0.102426238025
0.0126588421299
0.00114825343672
0.0430225305074
0.0974606565193
0.0500045040346
0.0558592824751
-0.00754766914315
0.00806568034443
-0.0759400522683
-0.0197757880972
0.0206340718902
0.0640983888401
-0.0133119730771
0.0698689432181
0.0326369591646
0.104585864016
0.0953968798742
0.0483148235699
0.0426985703172
0.0720172867011
0.137626716111
-0.0394117188962
0.0956905837122
0.000427985257617
0.074776762962
0.08686712704
-0.00125374012396
0.0692371828831
-0.0172024839665
0.0846562111665
-0.00173420409446
-0.00370406901824
0.0152825441897
0.0354266884737
-0.0711509398281
0.0530794298271
0.00608493327066
0.0717526169556
0.0354653205544
0.107338943643
0.059964596726
0.0846172415159
-0.00467321641732
0.0112521682233
-0.0243360946891
0.0658478504297
0.035341791376
0.0245319654643
-0.100768975112
-0.0136997647142
-0.127206542823
0.125885316501
0.0564677916846
0.111772785649
0.102070484439
0.096730770033
0.0387872110405
0.10684001488
0.0399443090511
-0.0176446118549
0.0545922957124
0.022486936116
0.128126352753
0.0128952867716
0.104575153022
-0.0342556357645
0.017718743405
0.0584367181278
0.050528799643
0.0766857390716
0.115714114743
0.0934035318992
0.0447561368377
0.0497431542127
-0.063049501434
-0.0641829667864
0.0365338004241
0.0789291187989
0.019443243121
0.0492539830083
0.0484019732755
0.0358730165355
0.00230751146339
0.00675371791212
-0.027238092206
0.102663267689
0.0828578502586
-0.0596652623855
0.110385218665
0.0878522077455
0.00769482821005
-0.0062469649532
0.0414380634135
0.000582145322413
-0.0284046219895
0.0898275379552
0.110597583238
0.0864887320406
-0.0502643204217
0.0614958736007
-0.0321959580361
-0.074384062898
0.0209667822435
0.0316391811287
0.0218451198094
0.012839076487
-0.0183152079262
-0.0394234407879
0.0418272442565
0.0266193141067
0.142453041719
0.0424617232417
0.123036658663
0.0705770642268
0.0769949823225
-0.028505561822
0.0504167272436
0.0381672991386
-0.0168126560502
0.0649834093064
0.0701680948026
0.118229459684
0.0018175741332
0.114859782852
0.0353081801492
0.0851765637536
0.0326439501539
0.110710300523
0.0251622067372
-0.0397588220541
0.024842366561
-0.0101591852596
-0.12315273025
0.0825593135484
0.0691243918853
0.0109484129241
0.039747031941
0.00471223541103
-0.0027483389742
0.0882172593505
0.0529517358519
0.00223533218874
0.113322232882
-0.0298104085001
0.0470157392646
0.112706989892
-0.0217230833562
0.0619526515406
-0.0596542570675
-0.0197101824799
0.0546463316031
0.0555814129701
-0.00211108273923
0.115779250788
-0.00911277970803
0.00530371513063
0.0685396698801
0.116493762844
0.0903984196067
0.0596551975724
0.108843064536
0.0464296444069
0.0511165880095
0.0566454746768
0.0326798414228
-0.0913228750463
0.00547879889204
0.0665865511837
0.0723542215973
0.0984339197271
0.0909464090355
0.0323587400227
0.0129035292803
0.0607563419892
-0.107872679693
0.0267409781988
0.0459275190328
0.0115674071309
0.107312253246
-0.114892020707
0.0518750399221
0.115820536237
-2.13470906179e-05
0.0992296079198
0.0510236440817
-0.0321979437724
0.132013920858
0.0551156021737
-0.00474888811191
0.0477019637475
0.105923970194
0.114218104359
0.0612515250633
0.0756176677274
0.126794454091
0.0582356485719
0.0441102777266
0.0956904181965
0.0287791467944
0.117040110622
0.104571623485
-0.00231396006499
0.0546392351734
-0.0604299999784
-0.0289958561173
0.0495869466937
-0.027941081437
0.102131365807
0.0748618666433
0.00377762001948
-0.0155981855932
0.0706558594618
0.037339823786
0.0618916528765
0.0354858026505
0.00423663986872
0.0958678669314
-0.00807987753059
0.0529801150516
-0.00759560237327
0.0633652129867
-0.0802948164721
0.00258357569515
-0.00561472703503
0.0522170781647
0.123260371913
-0.0357437606783
-0.0258233469303
0.0103876630961
0.079337947861
0.0624820291327
0.0614642128557
0.0373008729457
0.00354645003135
0.0475659889089
-0.0336312097597
0.0536658554312
-0.167795028038
0.0734292575113
-0.00917880752493
0.0388805519023
0.0157550841798
0.0209888243094
0.0723815216933
0.0676807589057
0.0110861470226
0.126905107742
-0.0451213114414
0.0507376355468
-0.0033646100372
0.0672780414712
0.102948990832
0.0870889070272
0.0457653023276
-0.000435888561944
0.000511864359988
0.112476207602
0.0431824749667
0.0160040637586
-0.00160274730712
-0.00131993078222
0.0641285492045
0.0638904027819
0.0193983145506
0.0198080587215
0.0177936185143
0.0473307114478
-0.0449434221694
0.0390383130829
0.0362960243895
0.0465749734498
-0.00621734463901
-0.0932823315218
0.0939173365759
0.0543444220355
0.0708864019011
0.0597942467461
0.0555367553659
-0.053266372808
-0.00447214499025
0.0085019910545
0.0171286394243
0.0846132163814
-0.0270471080374
0.0223991324046
0.0162404163081
-0.0615878858973
0.00742652068722
0.0768934265295
0.0890095164147
0.113238943523
-0.0923565808512
0.00214490484693
0.111022878712
0.015506828146
0.0725568645054
0.0208541961023
0.00331092571677
-0.0471726653796
0.0431401260044
0.080724085274
0.0469149772109
0.00605227942978
0.0672633045788
0.102565622718
-0.009170586791
0.115726302633
0.0252255897946
0.120328165976
0.0861554853409
-0.00598338618301
0.051132862825
0.0529826058956
-0.0245031681477
0.0112014940873
-0.028271757128
-0.0244867103858
0.129095968209
-0.0310465831053
0.0714049046679
0.0177455213804
-0.0169123765243
0.121711572227
0.0384406734218
-0.000971194180508
0.0887164448228
0.0180086546809
-0.00588831206125
0.0648853735519
0.0657430689442
0.125600438519
0.0304926490671
0.0833556573463
-0.00543101477569
-0.00790959952457
0.0515167544237
0.0649596981748
-0.0649706501716
0.0542335660054
0.0687861697228
0.0489675630778
0.0915248856765
0.0712267093664
0.0965207281484
0.126831006793
0.07193195383
0.0352972616429
0.0751517049128
0.0386835312034
0.0773239237728
0.143225606416
-0.0505763856988
-0.0137374643958
0.0592528188351
0.0735824690392
0.0137691083967
0.000544060108305
0.0998320852487
0.0422666501862
0.0426546663511
0.0349278281527
0.137932010872
0.0158652922682
-0.157625097794
0.079704588895
0.0455540056421
0.0431486903216
0.0536098551633
0.0178874198621
0.0613307363632
0.0837861258706
0.0766702446392
0.0707550944401
0.0379804204168
0.0938606590942
-0.00533927437481
0.0842893618417
0.0328182918763
-0.107576156383
-0.0125796169008
0.00668588574898
0.0993638680983
0.0353445465796
-0.0365178122781
-0.0367499877429
-0.0527525480542
-0.0103938690535
0.091040568361
0.00702820046533
0.0758365453125
0.0132785967887
0.0125410055003
0.0438291950547
0.0323058949583
-0.138890098155
0.116396444613
0.080164508297
0.0553288405978
0.0589926165778
0.0312669280799
0.0142503896319
0.092503100737
0.0698706055737
0.0690681932631
0.0487234022529
-0.0185350255716
0.131394170688
-0.0230208149651
0.130758759264
0.067094117311
-0.0148792542591
-0.0453891021218
0.0712856786974
0.0809821972663
0.0852087168676
0.0886560084556
0.0545265292405
0.0484054760943
-0.0477260509706
-0.0426682843414
-0.0161760549597
0.121885395423
0.0330423020308
-0.0518253393858
0.00387330558179
-0.0323011744365
0.0184917683529
0.0981219463961
0.0983186319174
0.0570529248149
0.105331447051
-0.00204294631139
0.0651778456158
0.0563733838414
0.066512793393
0.079147723787
0.114619952944
-0.0139746843578
0.11449128028
0.115432639436
0.0318152145967
0.0284072074972
-0.0515160874008
0.107828423381
-0.0585133569811
0.132907498905
0.0639072405775
0.0860610093757
0.0505717039628
0.0587280390334
0.123843761323
-0.0719109579698
0.0675509814661
0.0534934706075
-0.00131600750017
-0.00859386101937
0.0474239752078
0.0925907302226
0.0294432600563
0.0610232938228
-0.0616817711131
0.0447852407895
0.0951431538048
0.102340516739
-0.0696573896672
-0.011015411206
0.0358408822456
0.0223197462799
0.0428993102678
0.100093154857
0.0625165665334
0.0483170436159
-0.0170320788984
0.0862183964007
0.0848641219641
0.0530353423405
0.0696581857744
0.031061319332
0.0162718037064
0.0514526412136
-0.0417155039542
0.0381720830953
0.0573871109873
-0.0563103834373
0.0755255994087
0.00899305925112
0.0839620750036
0.0383870650185
0.0242453534354
0.108533691314
0.00171905301397
-0.0270440840172
0.100967442191
0.128212577896
0.0105594347368
-0.0430710464243
0.0508474548265
0.0744010227116
-0.0173070696217
0.00294276175122
0.111721512966
0.135794038303
0.0999419254506
0.0699561091269
0.0325366305893
0.140246096419
0.126823265046
-0.0877643876725
0.000789665330283
0.0459203670296
-0.0301302845025
0.0282851108673
0.104809318792
0.0833528471097
-0.00661596779457
0.0417533693472
-0.0247777677129
0.107870963417
0.00866555872895
0.0481117363534
0.0877043042166
0.0918230030199
-0.00519908693364
0.0674778891642
0.0349659806605
0.112964189849
0.016576447687
-0.00604285835691
0.00350478915192
0.0362945223086
0.100809053733
-0.0126236293081
0.0132316109157
-0.0107744473296
0.100646965724
0.0506356305988
0.0435295576437
0.141697249926
0.031451137261
0.0510154695429
0.0262495271428
0.131813950015
0.0941352663114
-0.00662739695962
0.0598116583285
0.0875216389039
0.00568027320532
-0.0186417967574
-0.0532263210865
0.0728532647268
0.0658129482152
-0.0160029647849
0.0333864210907
0.10458828474
0.0303434920652
0.00702099297034
-0.00225733930045
0.103002323525
0.0674609813428
0.0929348229574
0.0547685114694
0.0954547566397
0.0176555200044
-0.028845345899
0.0758140564695
0.0749152184311
-0.0325149241039
-0.0227124187974
0.103266648067
0.0254053843895
0.00970043407031
0.0142094132243
-0.0932392994025
0.0664751346043
0.0487683487045
-0.0206464090984
0.0597958834426
-0.00544595615691
0.0962594821283
0.0778749646351
-0.199286260514
0.071584473426
0.0275182243058
0.0750310111563
-0.0288774725221
0.0107108705896
0.0527828428122
0.123573709756
0.0714452465636
-0.00864824024059
0.0157667049411
0.107348033632
0.104091542082
-0.00527471238848
-0.0128502325562
-0.0353534591188
0.0312742648656
-0.0519514454609
0.091564349051
0.118539904391
0.0205399848327
0.0676218514203
0.0107414079247
-0.00355235386654
0.0223388827119
0.0488603524222
0.0177657051959
0.0783294145423
0.00752056801764
0.104544070772
0.137059364806
0.0428335384804
0.0973359072093
-0.0363989939541
0.073653868628
0.10748779816
0.0856900589983
0.0947603708808
0.0497917083286
-0.0179380661636
0.0789983869653
0.0810747507234
-0.000457077327934
0.0670873137696
0.0228222229088
0.0487490414756
-0.00239584750739
0.122821244632
0.0693281915398
0.087003288458
0.10508206565
0.0246028219814
0.0621419387509
0.0409101461609
0.0248141718987
-0.0939050356102
0.0285933060363
0.0897070706929
0.0143216783956
0.0803909793294
-0.00594502737145
0.106596710717
0.102005796736
0.0205646420676
-0.00128300880181
0.0790777358766
0.105761447636
-0.0348666960472
0.0811534021722
0.0942250572532
0.033086177048
0.0793560289771
0.114607021653
0.0373310982626
0.00510339412653
0.0605569170077
-0.0347374860735
0.0380193940264
0.0355485931971
0.0111689200256
-0.0351890319186
0.129480919865
0.000317579329733
-1.82648385225e-05
-0.0184083930804
-0.0794959812146
0.0237514422871
0.0548135061954
0.0478272648051
0.0769133343775
0.116706654228
-0.00727532234407
0.0780944618876
0.0687964656126
0.0792613728723
0.0264801148064
0.0433609612413
-0.00636617657727
0.0778981854349
-0.00800572222954
0.0567748396477
-0.0553255335785
0.10244994595
0.0662033329028
0.0300453992611
0.0230110397258
-0.0436787584008
0.055757529791
0.00706684177975
0.0577462192146
0.00538565068177
0.00228782908067
-0.0352980068458
-0.08533367312
0.101455541764
-0.0330734767987
0.104794766843
0.0489846278781
0.0966659362513
0.00454929646186
0.0633400061917
0.069935668111
-0.0415083527965
-0.0238129966272
0.0799413536012
0.0820236956145
-0.00654227465989
0.0920759271713
0.0242639071517
0.0174043722604
0.0175339138675
0.0804505838933
0.0221460818281
-0.0223478857473
0.120537686571
0.121254939992
0.0438501857132
0.0922117455243
0.0409317086957
-0.014824230702
-0.0327866197394
-0.00860147200874
0.039845619452
-0.0278615598776
-0.0551182674741
0.0677084330234
0.082409937067
0.0757493089352
0.109118068734
0.0929143703232
0.0471137994919
0.0816411958494
0.046047314249
0.109067340201
0.086297738289
0.00949812924057
0.00453921141024
-0.0272793546289
0.0252223753399
0.0714511931528
0.0171960620548
-0.0137390495348
0.0629223147949
0.0552891180384
0.0829364582185
0.0323703046428
0.102539793833
0.111539922212
0.0406032343999
0.0400513956258
-0.0742894140589
0.117971195105
0.0773440267761
0.0232856855195
0.0120950848479
0.071194921597
0.0490052688287
0.0456400540856
0.0306585428015
-0.0835797265709
-0.00444254831614
0.0331326039977
0.013256925331
0.122089492474
0.022821674224
-0.0111529470154
0.0395067147021
0.0188683098916
-0.0855871650679
0.028030285736
0.128195444634
-0.0238003928309
0.0212317968626
0.0559633990161
-0.0146121944484
-0.0565838836795
0.0169236817248
0.0641286546266
0.038642914185
-0.0464656877643
0.00475724702957
0.101726377732
0.0237184755377
0.080855485687
-0.0329024267612
0.0486473726311
-0.0610807233588
-0.0127473839294
-0.0877229095544
0.0634821223849
0.111951228723
-0.0523955208615
-0.00718731015317
-0.0859241130306
0.0251534405944
0.0223848696474
0.0733367115082
0.00529459067931
0.0458803906446
-0.0724718148164
0.111892769755
0.0259333933929
0.110030452125
-0.00105104965639
0.130735681639
0.0135235167939
-0.0204418152147
0.0265578335494
0.0571063283045
0.0639473620094
0.0441658303961
0.0474521071015
0.0520571482614
0.0275959146094
0.0583807390123
-0.0542994018038
0.0303013975506
0.00183529188682
-0.184258262379
0.0993687154786
-0.0507346681967
0.0603449926915
0.0076028544511
0.078112184973
0.0613434427785
0.0669861457465
0.0914185987125
0.0371211156866
0.131123689246
-0.0130692772203
0.0710221434957
0.0725329290013
-0.00544497078028
0.0329177523608
0.111464511122
0.00171497294583
0.0662365449419
0.102671140745
0.0202578410028
0.0372984135
-0.121899194486
0.0109249400368
0.0457977159236
0.0703939953417
-0.00239726980678
0.0751202233754
0.0939673650916
0.0515984446871
0.0323013610426
0.062749919762
0.091972944043
-0.0991476123945
0.0571689089395
-0.0127336659467
-0.126760931842
0.149182727153
0.118923472475
0.0777867650513
-0.0267311654372
-0.00441101427883
-0.025311987654
-0.00253312098859
0.12903453785
0.136022322036
0.0840508593513
-0.0748886144039
0.0900360059855
0.0181669705247
-0.0217717720084
0.033312962291
0.0592926226611
-0.0728653007922
-0.0258093385007
0.059596691997
0.0498782861948
0.0642854863664
0.0928107596304
0.0489063978819
0.0730011795896
0.0851215346656
0.0817186707146
-0.0879739145161
0.070366808206
0.00582413193115
0.0675329553166
0.0891435053386
0.102689234309
0.130568028237
0.0258714475457
0.0800756655385
-0.0785732534761
0.0515157233952
0.043913641704
0.0141969244189
0.112747479007
0.0552020822253
0.0911523528955
0.0845819186593
0.00872851576066
0.0456781123431
0.116764566344
0.0701428419353
0.0387811128012
0.121729037543
0.0482741655998
0.0454881086542
-0.0679176585277
0.067506707359
0.107975737524
0.0583181375078
0.0508162505743
0.105166657664
0.111358405032
0.0722454194961
0.13535967803
0.0432940659437
0.0600855061643
0.00378910792836
0.0472282995136
-0.0118600666678
0.0290084336536
-0.0613021876872
-0.00189715133813
0.0333807179168
0.0574314270408
0.0345214395454
-0.00973188824279
0.0333941383625
-0.0707198591552
0.115742251383
0.0521413007871
0.0508993524935
-0.00377085505345
-0.0273542901441
0.0011533321244
-0.0727617265675
0.0519133629976
-0.00293699721278
0.0550026318868
0.0189897432435
0.0541639234264
0.058325563707
0.0485916933259
0.0763242120173
0.00474338045109
0.0870831140171
0.0294948079693
0.110667291503
0.125549697513
0.0564947359525
-0.0489078843736
-0.0782424688473
0.106415519994
-0.0821824075123
0.0682730563155
0.0207265463733
0.123003711058
0.0439125386319
0.0213849793574
0.100613790407
0.0978781547922
0.0915001515882
-0.00957275967976
0.1285952878
0.0822545278195
-0.00316440569638
0.0796082030152
0.112809895329
0.0663182993333
0.00956109659604
-0.0371433599941
-0.0515087855852
0.00350076723475
0.0558464282029
0.032496473137
0.115249695784
0.0636478782286
0.0285563830527
-0.0596525914222
0.0461219181553
0.0713000978573
-0.0115108660708
0.0488701937342
0.0553208108186
0.0611200857957
0.05763857962
0.0840927729307
-0.0277566134423
-0.00966583798004
0.0164371170779
0.0543098235898
0.118564909059
-0.0386956036425
0.041153893684
0.115359920035
-0.0227427961745
0.0831209170918
-0.0368376679436
0.0387456430606
0.0379939273828
0.042001009813
0.0891488808388
-0.0575606335179
0.135731834671
0.024212707239
0.0266210254188
0.123946665146
0.0557647522018
0.0322699380631
-0.0385840087245
0.0417450129989
0.0564939366999
0.000603392360788
-0.0146165531814
-0.028674573767
0.0553967194556
0.0905884440334
-0.0371472172085
-0.082511392531
0.0691298862259
0.0261493588675
-0.0671671611754
0.0445993907349
0.053271216515
0.132362399724
-0.0696002094564
0.104792240099
0.0188197247657
0.0312281351252
0.0176528978922
0.0710024482968
0.139340899342
0.0227862096839
0.0957098887211
0.0390692641846
-0.093744716059
-0.0766381022105
0.0357478739856
-0.0298602328708
0.0253071558703
0.129917703793
0.0452386303629
0.123458507285
-0.0268433913577
0.0626592030919
0.0506759820247
0.0244505115798
0.117766839919
0.0855909504991
0.0840157586301
0.00801395351231
0.0127435330785
0.0794404769137
0.128153243374
0.0273330066494
-0.00974352950206
0.113264300195
0.104714177826
0.0637536962742
-0.052926115396
0.0805172558621
0.0330127837505
-0.0104313077943
0.00995367507858
0.000112146787432
0.0158463867707
0.0314466516369
0.00335444303905
0.0453087366187
-0.00429733040298
-0.0563992737663
0.048688397104
0.0799618060264
0.0154018976282
0.0547044405276
-0.00797323326506
0.0308480085169
0.114148146883
0.0582232766151
0.137536225746
-0.0830469428959
0.0349204983152
0.130571819452
0.0599485573346
-0.136699677792
0.0758101986615
0.00417392139247
-0.00293116597904
0.0474047504639
0.0245932209497
0.0801505468648
-0.00678733478156
0.0203646502582
0.0733314225736
0.10451931806
0.0179907408566
-0.0311428253136
0.0478142496942
0.0679962082989
0.0968915103394
0.0677947444795
0.112216948882
0.105984819573
0.030778499718
0.128428577041
0.0726710188719
0.0140493809779
0.0498660725256
-0.0195578193134
0.0440792330575
0.087488180044
0.045831130429
-0.08531538035
0.0436870019273
0.0229625151303
0.0651946350148
-0.000543937601428
0.0487713728088
0.10834158878
-0.00988343558026
0.0934238398239
0.0728522803366
0.0247091504258
0.0541323270215
0.00721206687163
0.0295343950107
0.0170309924228
-0.0948504033646
-0.00402748229359
0.0127567967958
0.0368421508022
0.0498392832118
0.0436924342621
0.0834363415521
0.0699257076421
0.0458024044142
0.0189543084415
0.0356358580861
-0.0109043871626
-0.00855205965181
-0.0181601547696
-0.0291577848306
-0.0517262587508
-0.0108924561668
0.0607321671748
0.0150423160716
0.0503605260931
0.0469613376751
0.068671901029
0.00980188744776
0.0563662075453
0.0400266082788
0.0931365429302
0.0606003129911
0.0550803235616
0.0587432718077
0.088963575831
0.117007404084
0.0655442231345
0.0753758355103
0.0286822683287
0.032427392041
0.105647950841
-0.0561028127636
0.135266875014
0.0755037028436
0.0307165256909
0.0688282962189
0.0345085759928
0.0491093249094
-0.0406381486264
0.00167673058953
-0.038855663744
0.024843715084
0.0537459651898
-0.0163045324715
-0.048500785391
0.05381475677
0.099107313575
0.12425165307
0.0983665510428
0.00166613018653
0.0108843266043
-0.0143357366864
-0.037523888855
0.0536912030935
0.0898356596074
0.0628995135046
0.0138838614084
0.082313719582
0.0725601795135
0.0337844965756
0.034595817731
0.0396305207637
-0.00250681878269
0.00961514210971
0.0344049756902
-0.0435007607529
0.00945874562205
0.118306257536
0.119223025067
-0.0207792346743
0.0131863542249
0.110029162543
0.00968406983825
0.0879392984424
-0.0180938453481
-0.010801241088
0.0729139825867
0.0972898445082
0.0555625675443
-0.025010162572
0.0764498681562
-0.111694043309
0.0638101322369
-0.0431979368243
0.10562289614
0.0403539844233
0.13380865185
0.00974076474257
0.041461889212
0.0574627657104
-0.0283962401327
0.0595910587201
0.0219016359254
0.100773052544
0.0559875441361
0.0718636389451
0.121700340214
0.0382554553539
0.00332222993392
0.00764302328747
0.0220272260046
0.112518974393
-0.0416167700136
-0.0625202872567
-0.016722429074
0.0620198080237
0.0476544911533
0.0460722006626
-0.00968251660375
0.0606745308425
0.0467848555572
0.0840198396273
0.0537911221993
0.0827574544681
0.0150734755593
-0.0375043767732
0.121194759654
-0.0471193953711
0.0816075827819
-0.0792867703156
0.0676676500839
8.37704183763e-05
0.0708895832344
0.0790656431202
0.033706198556
0.0510969942372
0.0462978913079
0.12491268902
0.130734496222
-0.00196709370894
0.103105986992
0.0883040221825
0.0889793030341
0.0348695694352
0.0469406625986
0.0743260995874
0.112667954759
0.000985642052034
0.00755593773372
0.0165235701699
-0.154367574441
0.115403924573
-0.00529310225642
0.0964158876771
-0.00314667439911
0.0585001453816
-0.0332070131845
-0.0772907242312
-0.0544184469385
0.0122229971325
0.0208745379211
0.0298689552359
-0.0628074969264
-0.0197134660787
0.0658739016301
0.105677651601
-0.0744100644148
-0.00587737429153
-0.0434077106991
-0.0236426043269
0.0904755268238
0.0571589887294
0.0484238421767
0.101496722854
0.0499420098154
0.0244530702141
0.0201043574815
0.013410723969
0.0698917066937
-0.0972126679867
0.0848025381237
0.077907159376
0.0883921692546
0.0588484128894
0.0499833392586
0.0706571885061
-0.103281801364
0.104299699633
0.0694385109165
0.0863541524115
0.0846341185602
0.105723435128
0.0878962405453
0.0566910133526
0.0903809770084
0.102380341088
0.0495323701404
0.0958233133712
-0.000595185221166
-0.0174208991179
-0.0449975951467
0.0143804763176
0.013540549258
-0.0455923501482
0.0761768480082
0.0102519659313
0.0515935591254
0.0252043877871
-0.041267159647
-0.013525760107
0.0992841306132
0.108547108584
0.0164499569528
0.0912622218711
0.0917610220874
0.088562755349
0.124563698915
-0.00325484738958
0.0100740254735
-0.0749040633816
-0.0790721543152
0.0390639191817
-0.17349396193
0.105799471627
0.108547249724
-0.0531144469382
0.0639286672747
0.0114638429126
0.0243900992151
0.0156291928239
-0.0368073035502
0.0693202144987
0.0753872690456
-0.0144357710158
0.038105404649
0.0275528098315
0.0536698882004
0.114627233908
0.085000586492
0.0109331570042
-0.00435000653862
0.113631275804
0.0487363639088
0.0529355897532
0.0684433345085
0.105865948511
0.0835336744043
0.0700715415167
-0.00305281684694
-0.120362699422
0.000947415120275
0.0150426762064
0.136403011238
0.0380685977916
-0.025969086705
0.0100305901255
0.0642425950768
0.0284592983582
0.0321819605618
-0.0351098824958
0.00444131248141
0.025028989936
0.0739463561279
0.059552846131
0.130520308471
0.0852159169503
0.0887862207784
0.0218633861393
0.017610115114
0.0622020259259
-0.0134479490399
-0.0400624301434
-0.0468734667418
0.0371838258174
0.0522517538942
0.0748159132493
0.016429111043
0.123364905901
-0.0312351847014
0.113882150538
0.115806796331
0.0497168084652
0.135154104125
0.0175315514598
0.11760777948
0.0648858364246
-0.0100728541193
0.0455295368515
-0.062506689826
-0.0197646662798
0.0369029500551
0.131399707795
-0.0200190850009
0.0329158314795
0.0753989146419
0.0826990443854
-0.0422506257788
0.0504163536276
0.03915305592
0.131872070937
0.0754682287425
-0.0188310050972
-0.0447956677821
0.0222655857402
0.0197823111976
0.0735959277919
0.0429732502348
0.0855530090946
-0.0133038254172
0.096848268316
-0.00430022194256
0.0582067519708
0.0222295048771
-0.010656566721
-0.0746094564668
-0.0440944261516
0.124502498953
0.0206435880489
0.0523913077028
-9.36229625186e-05
0.0491336274038
0.0918565951341
0.0706883920053
-0.0054464311371
0.0161967918573
0.0886957436497
0.110496359982
0.0212875048494
-0.0201845780744
-0.0130016414099
0.0916527782992
0.122604151905
0.0467918606193
0.114980907272
0.0591034042746
-0.0277682768428
0.0871443227555
0.0933749005234
-0.0620740346749
0.098210744875
0.0516061359061
-0.0527117799967
-0.0340068007298
0.129458683893
0.0285895862297
0.0395129122537
0.0108000652387
0.0299592343214
-0.0951064554412
0.0488269848162
0.0248140167231
0.0387136135029
-0.074518521603
-0.00103347820778
0.0396728385576
0.0178066464885
0.0454749223099
0.0899888743206
-0.0417910297102
-0.000964832030443
0.0472170707729
0.0080406059587
0.0993246903458
0.0436012911116
0.0267080320364
0.0234248871947
-0.0229171181446
0.0538995487095
0.0310456218662
0.0829983213736
0.111940112
0.0164253008927
0.108556409632
-0.0193352318735
0.0501388601079
-0.0883667244513
0.0286235462834
0.0572111927966
-0.143003455151
0.0857902646059
-0.0136964420322
0.0325258840626
0.04917087451
-0.0302382889202
-0.0120243394381
0.00918044625411
0.0511908639256
0.0400149959475
0.0442451666496
0.0504416443914
0.019724029544
0.0294784032609
0.00376302763512
0.0608034879041
0.028067610798
0.136442432923
-0.00667694649612
0.0891812172851
0.0297636931104
0.0918730834405
0.107496668458
0.0844474702124
-0.088973823348
0.104912896936
0.00313717562812
0.0350666446493
0.0263392679408
0.0536207504323
0.0376920619607
0.0824728640386
0.104117191448
-0.0144203110025
0.0816864078724
0.102733745119
0.0406363482796
-0.0195937905478
-0.0286717921329
0.00591383949904
-0.0219201720799
0.0874726960676
0.0581027315998
0.0458735806941
-0.0827718153042
0.0298977325145
0.0659093128716
-0.0704890242648
0.12415119964
0.0398978721934
0.0280051847805
-0.000726897085544
0.0806042115122
0.0949383239861
0.0318053460839
-0.0201477850446
0.0168775201585
0.0120522508969
0.100834646042
0.1005555953
0.0170107344848
-0.00190490700625
0.0480721812747
0.0439497429918
-0.0275171906259
0.0546122325867
-0.0275594348832
0.0485674527135
-0.0639341275668
0.00555228482626
0.0514656991371
0.0629139881154
0.0142442278875
0.00764908449374
0.0810432971566
-3.95152763719e-05
0.0785920013104
0.00421830028161
0.0707903617446
0.0995024992451
0.0368730033613
0.115649287992
0.0536980679984
-0.0527680895607
-0.0111009187364
0.0703125843242
0.0335473838119
0.0564802286416
0.113312342106
-0.0098480293789
0.0112281964028
0.00964902962394
0.0103774458427
0.0486603865334
0.0660710019247
0.0594859769871
0.0433909918968
0.023154414803
0.0198402421035
0.113004935708
0.103651436462
0.134881562133
0.0408167285095
0.0460662841492
0.0370762476181
0.0389291970468
0.0566038031021
0.115341787381
-0.0233853896943
0.130510487846
-0.0214435530395
-0.0256180961653
0.0800634971702
0.000632100284963
0.0529951770286
0.095563710448
0.0883457737283
0.0256849495089
0.0128403829715
0.0619517515927
0.0301198538471
0.0447108775038
-0.0674388593129
0.036254380666
-0.0350580649064
-0.0693224887553
0.0277459418478
0.077034466883
0.0393015064616
0.0113579336377
-0.00152871875021
0.0954967364198
0.112090038529
-0.0381872999803
-0.00734475641617
-0.0522662655254
0.103220499544
0.00305352256298
0.107052947703
0.0324369898125
-0.033466056834
0.0342110249533
0.00447022727391
-0.0297820408598
0.0282892010199
0.0957436102752
0.108890341251
0.00137407652027
0.0379235057723
-0.0478753701737
-0.0815477914824
0.122561874008
-0.0119127867358
-0.100800144631
0.0460187019475
0.0754596752036
0.0795617396673
-0.0181488338085
-0.00459743347108
0.00818390274893
0.00452663532453
0.0963387586855
0.0120879815498
0.0349738588905
0.00535562068413
0.051806222356
0.068186721651
0.044804546515
0.0719112373854
-0.00383259374451
0.0762561229674
0.0433310310742
-0.0543315664567
0.0203203577224
-0.0162299283601
0.0239160507902
0.0596200396109
-0.0047125864515
0.110193457479
-0.044613358771
0.0023846892376
0.0710032476692
0.0131700675689
0.113931625122
0.0567249369056
0.0846745928065
0.0792957115287
0.000809313774232
0.0477293663574
0.0180105101698
-0.0553932663223
0.0806931254704
0.00961713950819
0.0700110465712
0.0454730995939
-0.022550948925
0.0243139168814
0.0960255595186
-0.0257076180398
0.0227181983028
0.0939216699312
0.0238488873772
0.0853273186946
0.0766794220393
0.0213551432159
-0.169189392843
0.022344462949
0.0824554233874
0.0287329843274
0.0299226423475
0.131317414428
0.0510994661089
-0.0192459758532
0.0911253982295
-0.0212372751997
0.109751393499
0.0717334688231
0.108123310793
0.011977260462
0.0838756894333
0.0260231860799
0.0802462623599
-0.0108720458515
0.112664525534
0.0110917381984
-0.00623723093481
0.0509113129269
0.0477644003379
0.0991124567024
0.0348940842585
0.0326828669794
0.0859493864165
-0.0381154952061
-0.0749236287543
0.0511276991217
0.0980713237842
0.0523871867298
-0.062751835223
-0.00918920644362
0.0209941094004
0.0705841966223
0.0113928235215
0.079735778618
0.0726634637664
0.0736765909072
0.0722315984773
0.104172957294
0.0276828997441
0.0317570672857
0.0972099251886
0.00901378381374
0.0504632971614
0.0955287537553
-0.0582406098179
0.1021541986
0.0590707771629
-0.020265828129
0.0678402366254
0.0108813495851
0.0548529216679
0.112453825822
0.0572577514631
0.110889374792
0.0318044509139
0.0749561460121
0.0513504649059
0.0734790673315
0.0900865342975
0.0204928287655
0.0625985722571
-0.0541965421677
0.131412463308
0.118765599911
0.0307658889402
0.119574546303
-0.0156069362544
0.0670834781307
0.0597061189388
-0.0244630239638
0.0205172667026
-0.000919716960817
0.034668341957
0.0307452007253
0.0657685680789
0.0466464108728
0.0633097649665
0.0802151595588
0.103855481934
0.0141760878921
0.127066471639
0.0644376793788
0.0297613821306
0.0199473362184
0.0232987442562
-0.019230773263
0.0281908524286
0.00404030645864
0.0393204711276
0.0613586548791
0.08655069428
0.0952511034849
0.0558031883588
-0.0726267902884
-0.0269840896982
0.11945676957
0.0110258103291
-0.0494301516689
0.0326352589799
0.0455563407281
0.00695847625378
-0.0524877262095
0.0883988445551
0.0252713144035
0.0124123871227
0.106102737542
0.0702148675048
0.0404088109227
0.00917167003229
0.0908324034172
0.0947389194955
-0.0267294446809
-0.00791368812017
0.0161507801374
0.0327730082747
0.00910712979752
0.0798536742095
0.107829518421
0.0985716659133
0.00602670450724
0.0141928645376
0.00339485521215
0.0559671452629
0.11073934212
0.107136228568
0.0141382403007
0.014409354097
-0.0213336034571
0.10167596319
0.117391136969
0.0231123928333
0.0918397517752
0.0355824074254
0.0144296949318
-0.0276575909606
0.0788790167159
-0.04056721632
0.0664402397455
0.00834717982967
0.113162565167
0.0480542476962
0.00469858517288
-0.0296019606274
0.047505410322
-0.0230487351044
-0.080564805184
0.0656877180891
0.0238177003282
-0.0053686321515
0.0783328329313
0.00388070868629
0.094463628142
-0.0382121821715
0.0959520335413
0.000893147889492
-0.00360422371386
0.013649449263
0.139339910348
0.088356396009
0.0722347948937
-0.0398775947254
0.00308189689955
0.0280948872302
0.094944601657
-0.0133699118552
0.0137411336205
0.0523344829896
0.00976324253111
0.0899064237045
0.0913363224865
0.101701238732
0.0710291601552
0.0401661583506
0.0940961464356
0.0941908842519
0.104878015
0.0200666762207
0.0981479281803
0.0199091884538
0.0750749929176
0.0887400785541
0.0871744836245
-0.0072793604949
-0.0415553651589
-0.0617709780468
0.0390041850344
-0.0392202965312
0.025482438977
0.0521191002297
0.104632832719
-0.0449488225586
-0.00311905236779
-0.0670311300647
0.0872164865297
0.130209533785
0.0190556275283
0.0380576165009
0.0955058405138
-0.0388846265415
-0.00481932347845
0.0748132354371
0.0614680342157
0.073399272161
0.0186580999772
0.0418234488827
-0.000337335112304
-0.105834305417
0.0515145848164
0.00638677452044
0.012889151503
0.035862074978
0.116211883013
0.0145460212559
0.104376694211
-0.0380366400569
0.0465914017222
0.027143106334
0.0634444372696
0.11603168014
0.126540212874
0.0913495989889
0.0909716979678
0.0154190271374
0.118057982237
0.0611075373058
-0.00815625531074
0.114010948744
0.0841369866335
0.0627251054472
0.13779844516
0.0931734182121
0.00676974070864
0.0884128970381
0.0914552268731
-0.0462385032784
0.0741332588336
0.0155194142167
0.0620846428971
-0.00657366124602
0.00167661290512
0.0223121459602
0.0799686666406
0.10701562051
-0.0112917129012
0.0897590477775
0.07404063123
-0.0811050200825
0.066363515156
0.115277377471
0.087774603209
0.0490968014394
-0.0527728031992
0.0367441058667
-0.000564378549949
0.04280372479
-0.00625328481957
0.0824081251742
0.124486613624
0.0567610086998
0.0765736148553
0.0434764722941
0.0286952923665
-0.0282609560784
0.00364063786817
0.0210776428017
0.100472431564
0.0958970901502
0.0128025153604
0.0038517253346
0.0845503489184
0.0853837012781
0.00832685563579
0.0968632923668
-0.0251489102571
0.0257153925826
0.0781530673499
-0.0277901525651
0.10475164735
0.121127857898
0.098830375703
0.0638211634111
-0.0724826384404
0.0598200582277
0.0508396413519
0.043548258924
0.0341002833027
0.0157008638667
0.0656456201302
0.0594179841165
0.0178034701074
0.022738834721
0.0267119222291
0.0252333693421
0.0797251478914
0.00272778635554
-0.0350311825978
-0.0934576442413
0.0580539869642
0.00612100516078
0.115484950354
0.0236407170256
0.084755663874
-0.00820683449056
0.0217986725962
0.12012198776
-0.111068395018
0.126185348277
0.00738038799857
0.103087713713
-0.030775606791
0.101268942502
0.0463444671933
-0.0602001106136
0.0937839833797
0.0516933563631
-0.0169096632135
0.0778083197775
0.0498817760288
0.0535927499041
0.0664788729755
0.018809961452
-0.0171038374665
0.0211065892203
0.0399619039283
-0.0505951762748
0.050243450148
0.0983412453276
-0.0116435456613
0.0875414613697
0.0525267470538
-0.0590004962011
0.0216953405487
-0.0126489490495
0.105816767771
0.000306187340678
0.0838765094183
-0.0753726476374
0.0811719006002
0.0875378799631
0.0215538322212
0.0997006194057
0.00956031853709
0.0579625750427
0.00929348627817
0.0675131463784
0.0161442508093
0.0132534452391
0.0376680281774
0.0262369193207
0.0973393909304
0.0347660826551
0.0374603426089
0.0239436552437
0.0682606607168
0.0875817340093
-0.038980349697
0.0638639998836
0.126006871824
-0.0188018928833
0.117037018317
0.0754275382404
0.109022903769
0.0582551682186
0.114924566693
0.0442284800724
0.0286940885312
0.04125885323
-0.0114926572516
-0.00535495296826
-0.0012179225311
0.0530434544476
0.0203723470111
0.040679642439
0.0217952930869
0.0218898256799
0.0732946278931
0.118940226374
0.0994087543866
-0.0351878829616
0.0552649229543
0.029220270885
0.115385480582
0.0165588666926
0.00772586285602
0.0200876034919
0.0173104268377
0.0665394770053
-0.0237496972509
-0.0383241170354
0.0264648635507
0.0707898111246
0.114313243265
0.0735794371238
-0.0122624709749
0.0732058956134
0.0766102269867
-0.0223179318236
0.00335486201707
0.0177863505288
0.073482723923
0.0479738755415
0.0388249507396
0.078799524278
0.0262625932338
0.0714284816541
0.00126130817326
0.00197754857458
0.0681157539326
-0.0494454645173
0.0644221187103
0.068810084178
0.0154025579076
0.102871471417
-0.0911914801731
0.00728640524162
0.0935010392396
0.107554093697
-0.0217586888501
0.0413786094629
-0.0760905384432
-0.0274180413214
0.0182271646194
-0.0191010407649
-0.0393706804974
0.137914791678
0.0846942512622
0.0268990248144
0.0765356378909
0.0420044678078
0.0154305084221
0.122091341059
-0.0108875720275
-0.018582270872
0.106165158494
0.0156403061295
0.0469622980143
0.0526317613591
-0.0212558467546
0.104506697735
0.0360827683277
0.0367001946302
0.114427552525
-0.0188618013232
0.0307451199368
-0.00578776673577
-0.0613130580673
0.0903825188902
-0.0643507933812
-0.0458856101825
0.00451120914149
0.0946461605701
0.0047365984784
-0.0773327958728
0.0739865754927
0.103831844388
-0.0448296280948
-0.0167133575501
0.110557840609
0.0590572791427
0.0626357082779
0.0834520641487
0.0647594783376
-0.0153873420542
0.129408191583
-0.042146677224
0.0646328259645
0.112488229854
0.0982208129893
0.0549589889518
0.0247381603697
0.0331058214097
0.00241349508008
-0.132822477789
-0.0660348510867
0.103874628431
-0.0647550612553
0.00213668899362
0.0967821234409
-0.0156639762311
-0.0229310343259
0.123678221653
0.0627193532341
-0.00707634349857
0.000684925264568
0.101146059144
0.0572625297738
0.0518819333484
0.0185751547707
-0.0549872663927
0.106606702203
0.106973190257
0.0292295486739
0.114950654568
-0.00657216549105
0.0698460685434
0.0985871209106
-0.00904287419113
0.114160254974
0.0415181787439
0.121697075798
0.0733724623548
0.0644346195486
0.0494953873607
0.0494348313761
0.0947910393251
0.0852833646697
0.102901401652
0.0206236951798
-0.000197703669842
0.044680549163
0.0703809480613
0.105074490784
0.0892169386399
-0.044647037217
0.060050762713
-0.0483183133591
0.0253622227961
0.141034872811
0.0240285577942
0.026729362069
-0.0447005686629
0.0119293720156
0.0269591003804
0.0302574137017
0.0160318339004
0.0686661298199
0.0238678289751
0.115751738908
0.0320389543573
0.101363931959
0.000707930600423
0.0144145294703
0.0108914585273
-0.0276390259206
0.0890619800922
0.0371500838924
0.0119433015224
0.120293358032
0.0339491283301
0.0767389392328
0.0538366344335
0.103727896453
-0.000818079337606
