0.0426845167011
0.0436189531612
-0.016629065862
0.0325440826251
0.0524253094992
0.0688063020502
0.00794273855586
0.12292606458
0.0400508834584
0.0656731749247
-0.12149130601
0.0820667839885
-0.0744553238815
0.00722005260291
-0.00518157376082
0.0367573913738
0.0593385491971
0.0540914410081
-0.036801402097
0.0527622670671
-0.0124663085015
0.0369868914505
-0.0461566338951
0.0163827399786
0.00871583542296
0.0296573037547
-0.0138945450754
0.0700663649823
0.0824843133329
0.065321269861
0.100336011921
0.0428477951267
0.0448872064635
-0.000830930516717
0.102605575955
0.112479946396
0.0143190503427
0.0564725124106
-0.00100431423388
0.0738276526029
0.0230141569099
-0.025629779718
-0.0173145709177
-0.0306158881427
-0.0331304185137
0.0606992073865
0.0766890535724
0.00285606600707
0.107020564184
-0.0024833326401
0.102985421444
-0.00131107873806
-0.120244841238
-0.00505709225262
-0.000576601614673
0.0167177126062
0.0431996086122
0.0584031402302
-0.00639852065775
0.0952352057091
0.0608282055722
0.0791433982502
0.0810668224416
0.0395902392944
0.040786174455
0.0478723808469
0.0688408453069
0.050596046425
0.0178098152757
0.0702289123724
0.0627423641688
0.0455530755619
-0.0364631801044
0.0710335834441
0.0141916848839
0.0673045890749
0.0231025313632
0.122357374419
0.135213906932
-0.0107006869248
0.1227663318
0.0499689635065
0.0353157450358
0.0520029987386
0.102584455735
0.0422240707604
0.0684879980197
0.0880494622339
-0.00392745423092
0.0912632864558
0.06364047435
0.11172792553
0.0726732711512
0.131800339658
0.0405934865052
0.0616769623633
0.0552403161235
0.0644875641448
0.141680212874
-0.0364936076089
0.13361987834
0.0281035528892
-0.0361627269255
-0.0415013807075
-0.0739977443158
0.108529081445
-0.0542376079366
0.0444130737208
-0.00524544383182
-0.0365929368335
-0.0296471001475
0.0420042394483
-0.0345553492653
-0.057541298761
0.0196646557855
0.079948071768
-0.0392656353482
-0.0205869836922
0.0579080865397
0.0953733740152
0.112115136376
0.11735730568
-0.00767440509514
0.0203998424314
0.0426863827407
-0.044227535417
0.0549567204994
0.0344489237266
0.00514618701064
0.0777709179646
-0.0353589946399
0.0637712090178
0.0332019289947
0.101230752948
0.044568004128
0.114656866925
0.132526587087
-0.0375195863754
0.0401784975816
-0.0651774124427
0.0468790073122
0.0763340208338
0.0625392374819
0.0654641260212
-0.000228531524838
0.0119968313755
0.114353274153
0.0122934697124
-0.00525749460128
0.0206387380373
0.0460169618748
0.0987293554885
0.0954571789756
0.0640332595862
0.0125232351349
-0.00437662985298
0.135159354465
0.0723490915508
0.0428351409166
0.0359977746719
0.112245821936
0.037284668026
0.002860039509
0.00775588229496
-0.0015912407621
0.0343012697517
-0.11017036846
0.115236166905
0.0514107147335
-0.0466715653599
0.0159497004141
0.0583699385836
0.00346694242596
0.0534440068985
-0.0221116016631
-0.0984735598682
0.101014838296
0.113267704469
-0.0199032118484
0.00903880919699
0.13497771636
0.0100631110601
-0.112061446827
0.114618089433
0.0723788105723
-0.0586763459
0.0107210134875
0.111661471819
0.110011157115
0.074669258296
0.0671631038034
-0.0172377127658
-0.00408735663907
0.0840808481654
0.0803931405838
0.106472446713
-0.0411236990269
0.0134208210138
0.0457454530959
0.00994373363612
0.0102845800774
-0.0192712008584
0.0259188276574
0.0827923134816
0.053724846484
0.124753069505
-0.00545031719288
0.107515618858
-0.0272843560988
0.125062838218
0.0894846050321
0.0233111495705
-0.061352699067
0.00159982458712
-0.0348637358742
0.0487576188347
-0.0639343561627
-0.0866324068848
0.0639144237045
0.0381720417888
0.0462209693003
-0.0220392563654
0.0593738509302
0.0698169161273
0.0830782206095
-0.0168205873735
0.0866780849134
0.0155861393922
0.0899369161698
0.0841814182974
0.0801527044738
0.0261476965429
0.101523938635
0.0948710723446
0.0592153567059
-0.0162990707464
0.0730921936693
-0.049134667642
0.0197839521428
0.0598748517131
0.105129245364
0.115116196902
-0.0810091274119
0.0163070808801
0.0109541071106
0.0167269473378
0.0200581215746
-0.00746028865918
0.106642231994
0.000603151268697
0.0724582213179
0.00417249879815
0.0631398786813
0.0279400192
0.126421478035
-0.0182416217574
0.0108956380301
0.0470333929757
-0.000591453328481
0.0995441625661
0.0688148888061
-0.0658415754828
-0.172239718953
0.0780994558473
0.0644223680246
0.0228793082018
0.0878201696126
0.0533796855263
0.03399660189
0.0320265380666
-0.0542412916924
0.0490070099347
0.0549969636014
0.0394760699706
-0.0320024865981
-0.0193026518181
-0.064692488846
0.062207857433
0.0176435976584
0.0433990444566
0.0519329861348
0.0626921462142
0.0875852197713
-0.149720273342
-0.0775132314014
-0.0682088055042
0.013234006458
0.075602918084
0.000903542816683
0.124523049893
-0.00768295463576
0.0928907302096
0.0275276707196
-0.101599630214
-0.00536481657371
0.00448820487922
0.0863136933094
-0.0254793019506
0.0517927840679
-0.0387100961564
-0.055032488425
-0.0629593663878
0.0814432330459
0.0393993866104
-0.0235722793596
0.00176361336242
0.00605578481926
0.064413088247
0.00790358009702
0.0205202818684
-0.0102933384087
0.0275829663255
0.118334651956
0.0392318416915
0.0986966006689
0.0410169494439
0.0439789551961
-0.0432111362971
0.00799371853441
-0.0322635153527
0.146871310938
0.0767355550181
0.138617485847
-0.00270919797505
0.0775328244232
0.0323739818375
-0.0402164935454
-0.0104726948827
-0.00171702126466
-0.0455904139218
0.0572479222486
0.111994199846
0.0494695708576
0.00564234586203
0.0761874181778
0.0762276074082
0.0377256165502
0.0983511378905
-0.0452343284742
-0.0382993260649
0.0896967717248
-0.0410154703259
0.00266289063344
0.034477974616
0.102195535043
0.090925367772
0.0314408103848
0.024315708154
-0.0257618080395
0.111804285836
-0.0222512212028
0.0547402238194
0.0131558908605
-0.0114897886677
-0.0238376358263
0.0820640661508
-0.0090895679039
0.114127193514
0.0208519415965
0.0805341780877
0.103579050405
-0.0216682341452
0.0964380454219
0.034570646592
0.0903703873174
0.0527052274095
-0.012046319225
-0.0514163861833
0.103228601306
0.113852196856
0.0858525961214
0.0552961274972
0.0581864645168
0.0179519028575
0.0790196594953
0.118248781185
0.115275481873
0.0832330158582
0.0777200983608
0.0468190602381
0.0440319243921
0.0180005962955
0.0450524581348
-0.00429206579832
-0.0162765806278
0.0904678568478
0.0856387217976
-0.00223923878472
0.0439551295694
0.00641430342913
-0.00349880656709
0.137896997581
0.0242874617887
0.0409470874121
0.0728739202928
-0.0256486415314
0.131087083805
-0.0926329353019
-0.0280957821337
0.103156975021
0.0735158570922
-0.073815615233
-0.043250512594
0.0619247888548
-0.0214577355978
0.0833099801896
0.0150488733893
0.0481116283868
0.0618528623566
0.145979521715
-0.0684758345834
0.0596242463552
0.0687018323307
0.0514199570235
0.108425155028
0.115175838611
0.0663758654848
0.0680794972479
0.0923267482717
0.0996237178381
0.118614121065
0.020175536745
-0.0362472689635
0.0427043663746
0.0399424821264
0.0521649290911
0.113611266863
0.0700186689868
0.043772671882
0.0516751984663
-0.068687036112
0.0957852635646
-0.032046735591
0.0637659918854
0.0158238688247
0.0206321905058
0.0705700357928
0.0464508825877
-0.0173989436434
0.0372864233559
0.0671134764963
0.00923516301348
0.0469173206625
0.0203696131101
-0.0777634475417
-0.0586837868751
0.118423203851
-0.0376326268297
0.110350436641
0.102971846851
-0.00486298134902
-0.0164061406232
0.0123192275603
-0.128826475133
0.09480382458
-0.0753678502472
0.096964103219
0.0139036450193
8.81274970403e-05
-0.0646703861231
-0.00473500881399
0.0625467850848
0.111068937009
0.103876605006
0.0234987648618
-0.0314583618722
0.127374471096
0.0382366902283
-0.0115603930465
0.0153319219315
0.0335060242874
0.0561946494211
-0.0764120632435
0.0840436224817
0.0455455640742
0.0604510852516
-0.0659296157936
0.0982132120724
0.056379681423
0.0233153396282
0.0237049895973
0.0561321385808
-0.0954005193427
-0.00937510242393
0.071876165619
0.0326354260087
0.0299233205922
-0.0321425068282
-0.0565625191541
0.144259028184
0.0827564371792
-0.0477637131466
-0.0409715208082
0.0232014207917
0.0901818695066
0.0006489336317
-0.00735263523064
0.0184129301158
-0.0167512055724
0.0781454592317
0.00691495202774
0.060923482883
0.0977750034903
0.043290568159
0.103746623747
0.0550915362529
0.0661470980124
0.01730413843
-0.0347186797762
-0.0136660663592
0.074254847695
0.0496932624408
0.0266225916505
0.0699053003259
0.0386262974481
0.0702853646753
-0.077672990557
0.0475720342652
0.0663980949939
0.0395043255457
0.124042439426
0.0575001885657
0.0410436018669
0.108715408923
0.0890823287233
-0.0281558848954
0.0253836470904
0.0780434357763
-0.087082788934
-0.00803647174543
0.120420870524
0.0634582337464
0.00669489666138
-0.0254990132942
0.0268749335656
0.0457760836223
0.0316886771771
0.0369210054656
0.089648041624
0.0391548436857
0.0186699013466
0.0480531193692
-0.0289116629345
0.0102065906631
-0.00150277350329
-0.0636811906956
0.016229973236
0.0551260135378
-0.0371892439945
0.0413804106493
0.0657623495974
-0.0346705440706
0.120016353752
-0.00902436574018
0.0266809693185
0.0646295151618
-0.00518167707082
0.0264472309054
0.0637459041695
-0.128349226151
-0.0455589180067
-0.00264061613657
0.0335313017012
-0.0461601732102
0.0160530844513
0.0286106489427
-0.0459623118979
0.0149637839925
0.0195674881489
-0.0100452642124
0.0624429706928
0.0583920542023
0.03130766255
-0.0157432198246
0.0993009950249
0.0719680424366
0.0423592979118
0.00574800239916
-0.0576958834663
0.1243149257
0.0120264041387
-0.0749156488194
0.00656600310841
0.0649329564826
-0.00677335214329
-0.00288473970432
0.0439145685636
0.0155281368691
0.035810541286
0.0684419428212
0.0873032062207
0.126240962528
0.114289239128
0.0138462969726
0.0113899043463
0.0393966325996
0.139741456229
-0.0161905670423
0.119812145995
-0.0366334267107
0.0375664099677
-0.0118118689422
0.0769466347602
0.0833511236069
0.0438968532845
0.00926680307795
0.0128735569589
0.0622200766693
0.0521964915599
0.00781031466054
0.126487068567
-0.0158753906953
0.0239759248455
0.0710093352451
0.0375543379267
0.104102649496
0.0917305318291
-0.0424684876864
0.114480216467
0.0383459888259
0.0340272474219
0.000266712243597
-0.000139990964506
-0.0173444357321
-0.0308339480412
0.106280257268
0.00126002009915
0.113876527385
0.00207012444126
0.130092208424
-0.0512842163858
0.106909643658
0.0334486365586
0.0803549368575
0.0465457651847
0.0511495988186
0.0139267703653
0.0761154304966
0.069279388849
-0.0134940849526
0.105330611548
0.0170573357167
0.0487558199732
0.0901784138371
0.0721722661725
-0.129099103839
-0.0181221807972
0.0559095707492
0.0577308319426
0.0533682556388
0.0587417735651
0.0274550154467
0.0264430341919
0.0649691012489
0.0696419748542
0.017732772671
0.0450042159291
0.0625138307164
-0.00180795011174
0.0447060543111
0.0304134995022
0.0507752796488
0.0566439463774
0.0260924923254
0.053381994334
0.00751261271959
-0.0137835724079
0.044164424459
-5.90709936787e-05
0.0441304992306
0.0440721586494
0.0273497959541
-0.0438328531441
0.0831479079165
0.10313187325
0.0949187563375
0.112240528439
0.040207197625
0.0574379421003
-0.0198396290707
0.135341022246
0.0721314207239
0.0959687372159
0.00611202322292
0.0232429378197
0.099143601605
0.0216817551424
-0.0236881189253
0.0464541435182
0.0896502003949
0.0787941353334
-0.0328278578813
0.0287775576141
-0.0609347699287
-0.0217129014164
0.038191829114
0.0984303270727
-0.041307030481
0.135601686835
0.0255672838776
0.00288691559611
-0.0801039914632
0.126934722961
0.10744273693
0.0274848137769
-0.027002509919
0.0160690227424
-0.00994924223095
0.0680633079404
-0.0582122792246
0.135694887096
-0.0358942171268
0.0271159808485
0.0392484824524
0.117133167634
-0.0741771035499
0.0672796759492
0.0509880072427
-0.0267202029966
0.00108864822343
-0.0175171088167
0.0503927429127
0.0966861134383
0.0593728195345
-0.00912802828461
0.0175799236969
-0.069584224291
0.0278761032778
0.0946814243217
0.0360817303752
0.0550255127679
0.0563851851303
0.0512525658291
-0.0101168629598
0.0619974683065
0.0374576713641
0.0404331783761
0.018165462953
-0.016876499327
0.0818915651678
0.0761283668228
0.0372391375728
-0.0115737367882
0.028825479821
0.0127167279282
0.0556619866857
0.0192591074543
0.0363663414476
-0.00797122735351
-0.0725633408513
0.0431166361633
0.00184665594116
0.00210051174972
0.0613881161134
-0.0490701889283
0.0462022608546
0.0737125549573
0.00629942847009
-0.017980648157
0.0124908602374
0.141173245768
0.069664933639
0.116456420977
0.0891603776164
0.091142528002
0.0615780524482
0.00317188149212
0.0852019981842
0.102031192944
0.0507613423697
0.0244586230435
0.0546625101929
-0.0690419374254
0.0906449609362
0.0826163669163
0.0913954815034
0.0371358578633
-0.0576385224801
0.0174251051374
0.0328880944567
0.109413140315
0.0861886628579
0.0382060407788
0.0301406711348
0.0142877716925
0.0933904076057
0.129042352092
-0.0545687803543
0.132781254593
0.121543465678
0.0916145362917
-0.0393488459078
0.0640492394196
-0.00376791977758
0.135737867427
0.0079847481567
-0.00797520640489
0.0408127885789
0.0806594773811
0.0507816643358
0.126043466217
0.0213735392967
0.0354040638262
0.0614902846751
0.0203459646263
0.0520290914368
-0.0609211553637
0.054540003715
0.121103170179
-0.109012706816
-0.00923717762536
-0.0941541197699
0.0676640310068
0.0433245556863
0.106187212143
0.0115260154528
0.0843406363994
0.0891882684577
0.051833485349
0.0145109959849
-0.0364014256737
0.0827392066564
0.102889078656
-0.0196136742952
0.0380977144649
0.12178164806
-0.0591770000276
0.0988399524106
-0.0335160937486
0.023450473511
0.136894579261
0.0545627190083
0.0673944185923
0.116070209606
0.065670892546
0.0324086204789
0.128491878275
-0.00381360045183
0.0723320671943
0.0807154983879
0.0917563085853
-0.127235800646
-0.0503973695908
-0.0627415499862
-0.0316891102465
0.0845943653026
-0.000458769065839
-0.00701817611039
-0.0123901879477
0.0768020195107
-0.0185862099208
-0.0238838564379
-0.00997285088482
0.0111411196243
-0.0861481375311
-0.0118003516755
0.0264780069505
0.066461678734
0.0949538495944
-0.0808252985098
0.0224051648502
-0.0489123612475
0.0804406346207
-0.0615508669716
0.0974625391744
0.0580692164891
0.0821287551678
0.0550788061971
0.0397561150835
-0.0620161974344
0.0121743375886
-0.047006654266
0.00793623195429
0.100989868047
0.102112183769
-0.0402893415553
-0.00421178032229
0.0569844535157
0.112548189776
0.11569859272
0.018174844196
0.102797421582
0.071831477903
0.0744631250785
0.0944691550595
0.0435553091118
0.0737940910844
-0.0182564745674
0.0680694314181
0.117745690986
0.032309317442
-0.00332347493071
0.0723226261681
0.0343777116961
0.0436338180698
0.0546030907502
0.0352387272534
0.0115339411836
0.0628661678712
0.079258729315
0.0623044247605
0.0774068774358
0.00429831651656
0.0580952984138
0.0867180817699
0.0268557746974
0.0717962499104
0.075337240023
0.0241241446909
0.098136799213
-0.0156899427805
0.00352062423863
-0.00441791952397
0.116178479494
0.00295733535299
-0.0245200582209
0.00433842312647
0.0333863241112
0.00821824957139
0.0846623097104
0.000632262928153
0.0735760753686
0.0780971893616
-0.0223129193083
0.0683240026384
-0.00358048919997
0.0161966317211
0.044835018258
0.0129531107756
0.033207657406
0.0706391709181
-0.0642576893724
0.111597195472
0.0498773653035
0.0759635426061
0.0121692772759
0.116119344241
0.0734475137316
0.0247507290215
-0.00223259922815
0.0658255127754
0.0835620021251
0.039284328525
0.126058921374
0.115873117662
0.0817674424252
-0.00920206618163
0.110072397973
0.0655983027595
-0.0875871489124
-0.0838637303653
-0.0284743944603
-0.0441414387894
0.118091518244
0.0610849895794
0.108837771938
-0.0202473535844
0.105316081694
0.0784300279999
0.0717189760954
0.0530857751029
0.0466416967267
0.0181084868652
-0.00646767391529
0.0337150492834
0.0586609615199
0.0876672136747
-0.0437787902535
0.0876096088169
-0.0110424798922
-0.0125406476021
-0.0759454515999
0.0843998629925
0.058905299401
0.0921454258436
0.0239291937328
-0.00373781315749
0.0189039096205
-0.0234357237409
0.128135803567
0.0589078118112
0.122522895975
0.0859996306034
0.108771621152
0.0622882990324
0.0917412191026
0.04547759349
0.120820452197
0.0105173111211
-0.0367138846993
0.0184827804884
0.112144765864
0.0123755935999
-0.0190124545993
0.0423914100381
-0.0244292547894
0.0114582855653
0.121197904931
0.0478321535691
0.0989923604988
0.0213613583611
0.0708397510756
0.142875319824
-0.0331031941729
0.0613737067315
0.0870169478391
0.0355755491972
0.0232655700657
0.0115422714833
0.0168423451187
0.0128354259834
-0.0902731163348
0.0935056905874
0.110179659244
-0.0500189211014
0.100474159763
0.143340554273
-0.0205678894919
-0.0410084926939
0.0417475397425
0.0835256312926
0.00408101031497
0.113326723466
-0.0572691009065
0.0772647145606
0.0724116948167
0.00768178760009
-0.0647916482153
0.0886365368584
0.097312232066
0.0253700940019
0.103232366785
-0.0130080286525
0.049356514879
0.136156668816
0.0814321389391
0.0540698098086
0.0549383614869
0.042142077601
0.00536939657347
-0.00830048412164
0.0587280488007
0.0144702755362
0.141890570826
0.0365159613343
0.00911093782613
0.091786689618
0.0321344581711
0.00486415742581
0.0747226084629
0.00955912136816
0.0902255066129
0.00171119647889
-0.0465879832193
0.0730768062028
0.133142102485
-0.0210852359379
0.0909194892128
0.063594868705
0.045699733718
0.00659739373315
0.0756604845444
0.0738875217671
-0.0897270682925
0.110652808963
0.0449915531274
-0.0515919034109
0.0226190865616
0.0385511511297
-0.00804480566011
0.019917112573
-0.00929019180796
0.085680249093
-0.0266318284415
0.0685285586509
-0.0320366611917
0.00980764740518
0.08578285653
0.127087961961
-0.0103826493725
0.0531408301934
0.141932009422
0.109299677251
-0.0373068732423
0.0102540705967
-0.0543489323078
-0.0197264312053
0.0343709088232
-0.00530842763739
0.0272918037013
0.0393471076401
0.0599936546757
0.0380097483231
-0.0547311592719
0.0111449601296
-0.00161926295537
0.0625623586748
0.0371643739666
0.109113169167
0.0158505928875
-0.00199529074531
0.132844970863
0.0755923610376
0.117597748163
-0.0184279106447
-0.0341004855669
0.0436357505992
0.028340471623
0.0220649183125
0.100215441293
0.00242912166164
0.0815502174006
0.0199100526557
0.0702750823594
0.0417727784896
0.102688656969
0.0304788639294
0.0194036045146
0.0996936784685
0.0822279794616
0.0301035862664
0.0197820129828
0.000265193060132
-0.0620229898342
0.00600422009347
0.00237633022379
0.0154788466745
0.0377269605909
0.0317589193128
0.030807856001
0.0380994114971
0.0241783810223
-0.03095434353
0.0906018800136
-0.0218476378386
0.0738153703372
0.0822247743454
-0.00429481311273
0.052810014431
0.0188516885396
0.0350326150959
0.057237079484
0.0851976340004
0.098234810199
0.0113183453839
0.049270129233
-0.0396317431702
-0.0416581496314
0.0771719576799
0.084144380994
-0.0263124948455
0.108033108025
0.0309033660286
0.0928048334117
0.0548651744268
0.0589810999427
0.0880336833171
-0.0233913958148
0.0591122147494
0.13453364399
0.0260173642572
-0.0117899513517
-0.0292302192737
0.0809295045228
0.104621529733
-0.119243003432
0.102340686403
-0.00291782226463
0.0914238809657
0.007439160592
-0.00332570346271
0.102513029208
0.00837790619368
0.0803723210315
0.08197305138
-0.0716380953059
0.0553283157196
-0.0992199187614
-0.0280346303514
0.0088143174384
-0.0259311809266
0.0137530799286
-0.00624548020679
-0.0349158312265
0.0489990931688
0.0211294649373
0.0866136000736
-0.107592600899
0.0461547937638
0.0817379691453
0.0558351395555
-0.0662650750434
0.0543847325137
-0.0543238686172
0.054762760062
0.0773239737816
0.122173635219
0.130561818741
-0.00364636083217
0.100629055732
0.0507472835174
0.0400122322648
0.12326724757
-0.0141595588332
0.0133054458724
0.00676534265093
0.126164738924
0.0698250443415
0.0273712773758
0.063642250639
0.077315539023
-0.0611572372483
0.0785928334062
0.0444054071399
-0.0808277501718
0.00460706423954
0.0491072902632
-0.0413037232396
0.0655932655832
0.0117759993744
0.0620590817126
0.0185692229821
0.0391624571586
0.116562249098
0.0487857460909
-0.00532889963372
-0.0257496300637
0.103806385312
0.00343751577788
0.103590239622
0.0425264746674
0.114794504564
-0.0464611462881
0.0521167316794
0.0064962407261
0.0688063574133
-0.0216274603476
-0.0381313939347
0.00562481372023
-0.00360198170971
-0.0257097072186
0.00681091284635
0.00343000324626
0.0662331715643
0.0765803098071
-0.0505629413591
0.144614857537
0.0324405055439
0.0643998253207
0.0314139697605
0.106100370467
0.0466062915479
0.139847340401
-0.0161443734459
0.00464749944216
0.0499110985139
0.0697723523012
0.0454418033838
0.0205751694539
0.103983029178
0.107904218464
-0.0123175811692
0.0872459130911
0.0206191077223
0.0592194239486
0.0644958990731
-0.0367377390256
-0.061401282982
-0.0642697915442
-0.00929205531214
0.00789868596993
0.114142337082
0.0523432186652
-0.000815795450386
0.00285058995156
0.0649810710142
0.0789186298457
0.0411380880806
-0.0169827294864
0.0342458391775
-0.0404227348049
0.012054288726
0.0175401170639
0.0373617314874
0.04045353407
-0.0836858321116
0.0460734295841
0.0749629240861
0.0581596834753
0.0499619442984
0.137687076279
-0.0306983790236
0.0678054005552
0.060388347862
0.091718850496
0.113216518232
0.0433222049734
0.0705397389401
0.0548163476938
-0.0372576568326
0.0454379735539
0.0468661115845
-0.010758693796
0.00769973529975
0.0204259509286
0.0371545914088
0.0481281940913
-0.0201153957079
0.00278447483529
-0.0348273332608
-0.227187831555
-0.0284653220734
0.0201199056125
0.0192776403716
0.090729311147
0.0558065067647
0.0870604469456
0.001473256695
0.0183952072102
0.103229064079
0.0346982675887
0.0346197899097
0.0627580604401
0.0292343936332
0.0686980223329
-0.0597795810663
0.0259724518234
0.0388333589412
-0.0375696034965
0.0516863738899
0.0900793076591
-0.0812745966704
0.0959814896063
0.0607157880583
-0.0301359851491
0.0880584013687
0.0758618444505
0.00695538548908
0.0691583615887
0.0672868491439
-0.0652810815129
-0.00201774189037
0.132747275245
0.0410884372793
0.0628893555208
0.0538489277717
0.00585631443244
0.043824431877
0.0737184047677
0.107416376755
0.0531324432476
-0.00320185034835
-0.00818707185136
0.0760200092404
0.0215197399157
0.0224903062501
0.0100989172224
-0.00717579779711
0.138527706358
0.00340066797721
0.00182132090299
-0.00885766685805
-0.0194997637451
0.107742038588
0.116054963315
-0.022449707049
0.00736859910018
0.0850825719812
-0.00755218364192
-0.0184728200553
-0.0684993587124
0.053106100748
-0.0859580258318
0.0340165320971
0.0467071369185
0.0159459186961
0.0249426862806
-0.0116639313523
0.0254102900225
0.0657245153658
0.0669484283527
-0.0594724834334
0.0339459888422
0.119845037261
0.077298109523
0.0758705433178
0.0835688205452
0.0512295623226
0.099194025674
0.0656873295677
0.108048621204
0.0188236668082
0.0609205427651
-0.0641745348446
0.0325810651672
0.088978598557
0.042384910421
-0.0138431005263
0.0819343029982
0.062052685493
0.0183721311661
0.0208351835096
0.0576631922706
-0.0111413622958
0.0812145452024
0.0164818353932
-0.105234307868
0.0460206840086
-0.0639639653472
0.0456030003378
0.0632472200124
0.121695300967
0.0578928310056
-0.0540271334329
-0.0120653709368
-0.116911953871
0.0778382150937
0.00110416556417
0.0990670607328
0.00754276870214
0.0296450226986
0.0363648560928
0.00925217033222
-0.0272690260068
0.00622402450118
-0.000986430632111
0.0579366421085
0.0594970763913
0.0425863370812
0.0808758263678
-0.00394184500929
-0.0812858966817
0.0338613826141
0.0184516822647
0.0616723455971
0.0523746901412
0.0549799483798
0.057288519518
-0.0255530517434
0.0451840562224
0.10815306413
0.0983339121421
0.0775901266868
0.057836741451
0.0481535559456
-0.0174710047318
-0.0466804208743
-0.0094332878623
0.0405104316647
-0.0829666656164
0.0273438118667
-0.0282942271148
-0.0650328167306
0.131845955032
0.0338851279569
0.111363366676
0.0318359828731
0.00390402624168
0.118928518498
0.0696624222084
0.0588543395898
0.0324295385255
0.120739874297
0.0634790084322
0.0606813441387
0.051159068398
0.0932585052243
0.0568013544299
0.0723915012505
0.05065260289
0.0414918055714
0.117037440443
0.0706717956648
0.0199464530065
0.07092343897
0.0885070990979
0.0315117187726
-0.0497147728843
-0.0505962788226
0.0149915318734
0.133685847119
0.0730426985599
0.0329906272078
0.0169352532507
0.095646958686
-0.00598139510158
0.0648122181778
0.0369588696898
0.0600054791518
-0.0292461218148
0.033857935296
0.00224542519819
-0.0542052325047
0.000298672988569
0.0589285720459
0.0379205639361
-0.00563944787698
0.0767460059424
-0.0818606319399
0.101636760413
0.115928263998
0.0774470966277
-0.0885127490653
-0.0288395222696
0.0476207479745
0.0784581887072
0.0651528631678
-0.0207575545968
0.0946522905457
0.140645004239
0.0572997876998
0.126228620912
-0.0681338838917
0.0153671517515
0.00326401960749
0.0348896437453
0.00496068017422
0.0391019725357
-0.0245342042269
0.130253449124
0.0718709623073
0.0258435173948
0.110790037801
0.100145042783
-0.0057046562546
-0.0795458806462
0.0552156737081
0.0622197862821
0.00205090448324
0.0862086820312
0.00599257419294
0.00419090593143
-0.00186972061177
0.0121963019415
0.102507965148
-0.0100625159089
-0.00585954595401
0.0645229207891
0.0501037887651
0.0031968660356
0.000352532476695
0.118486946938
0.0442122452613
0.0563178390839
0.0556737095188
-0.00156442849987
0.0705914401642
0.107003068637
0.124583617063
0.0751149100335
0.078919731541
0.0012275984903
0.12299074538
0.0750144132828
0.131739582284
0.0166961282283
0.0838335954262
0.0674498756334
-0.102734868022
0.111354993189
0.0840874439885
-0.0222122689372
0.0628666828788
0.0363271818025
-0.0306210649528
0.0883053880587
0.122163126508
0.0145000155276
0.0259235248155
0.0184536179188
0.0801855204268
0.141806205245
-0.0570989920851
0.000187829801339
-0.00858600231213
0.012329869064
0.0875418475801
-0.0221984617203
0.0898389699012
0.0282775772462
0.0193156486548
0.0554418297725
0.00640015568654
0.044813361405
-0.124990258899
-0.086059612261
-0.0678823847357
0.0684225509272
0.012136413647
0.0470198834154
-0.0555373427826
-0.020505407807
0.00624249439578
0.108652773647
0.0838058093372
0.0413075596872
-0.0303378598087
-0.0535609184342
0.0127039850462
0.025777080875
0.00923172477313
0.082686661345
0.10536486752
-0.0119984623691
0.0707938299623
0.0176536348278
0.00884110924071
0.0559758677666
0.0459965421428
-0.0134212818133
0.00354983089535
0.0803355929348
-0.0674017887762
0.0663500788329
0.0216579191324
0.0497747804608
0.0301555076656
0.0569911616639
0.0574428715244
0.0169227196927
0.0164454656792
-0.0198555868393
0.0537527170613
0.0709794136555
0.0911211508144
0.00909708633611
0.0320883590686
-0.0298697571668
-0.00601501292404
0.0673376894898
-0.0288086728972
0.0864489142376
0.0676170269228
-0.00286619311144
0.0755206778147
0.0713747997484
-0.0929286083302
0.0951591395019
-0.00385586950382
0.0710186993312
0.0362952518995
0.0355230788921
0.0271917421506
0.0328747993623
0.0851223709549
-0.0650226118109
0.0288886100181
-0.0195091028245
-0.0405705692398
-0.0122933355965
0.0125143195199
0.0319793967859
0.0373390754391
0.111755956693
-0.00176514364244
0.0340114941149
-0.00803510885167
0.0626385811023
0.0797919493322
0.0751966508021
0.116467409634
-0.00881911236896
-0.0716467878042
0.101196796833
0.037052347385
0.0460875903806
0.0476194489401
0.116836376977
0.0108691058298
0.0410867020924
0.107575017792
0.0279592833214
0.0463060549974
0.0353771553568
-0.0319126114624
0.0920788654616
0.0552641874425
0.106345796681
-0.0232700992766
-0.0150720557547
-0.0771840015809
0.0583732067456
0.0938451968389
0.0982437248803
0.0832940543122
0.0587568453251
0.0250066081828
-0.0389877786559
0.0735541852153
-0.0986614642359
0.0764684273557
0.0551208725168
0.0372885507578
0.117232100779
0.0453930696462
0.0915382994541
0.034204514778
0.0834241284923
0.10350996576
0.0858920445958
-0.00268181077596
0.0141770113676
0.128419380219
0.0569749064315
0.0583649626505
-0.0427784459983
0.116943469412
0.0444507273577
-0.0948325306228
0.0456147705923
0.0724319054281
-0.0294490836664
-0.0522626903366
-0.058454327488
0.0855595116755
-0.00757948888795
0.0681883408702
0.034249449989
0.0450510894629
0.0696390470466
0.060942517998
0.0840146512302
0.109630824468
0.0165026138919
0.0421472612523
0.0777117562712
-0.0351062521794
0.0287526825606
0.109427968384
-0.0232328837159
0.0494638321871
0.0136243771254
0.0287047740589
0.0185190094246
0.0395091807953
-0.0401575150113
0.0940598972472
-0.0227475065846
0.106479263761
0.0611671274626
0.0536003197878
0.0100982047983
-0.0153001453013
0.00244026277856
0.107011047429
0.0429568197738
0.0820977053915
-0.0156253866194
0.0523887810655
0.109282762478
0.0963919035093
0.101297593905
0.0492449774957
0.00944275156459
0.0468477920606
-0.0376184012636
0.0219303452485
-0.0773592278423
0.013465236762
-0.0324747248221
0.0570081671927
0.00936602649163
0.0340161867003
-0.0479866911078
-0.00932687424369
0.0145913500386
0.00399466315608
0.0867406621439
-0.0925070090704
0.0892690875239
0.0536081611564
0.0366827278323
0.0737846812155
0.066627606479
0.050583695021
-0.0091992120751
0.0463179712596
-0.128708384937
0.135264954407
0.0347762360289
0.00880276550087
0.0508985100659
0.0986723492636
0.0769864989924
0.0615347654486
-0.0079098350662
0.0570183682693
0.0215261022094
0.00825982530305
0.0912056275381
0.0526483092852
-0.00933766194714
0.0106532301188
0.0745962461586
0.0222422074045
0.0734967951166
0.0760914822364
-0.0295990802603
0.0193198079231
0.131436510745
-0.00486511200636
0.0333740435293
0.106634606842
0.0163168331839
0.112966430004
0.0738864246215
0.0794086929654
0.0144024764349
0.02925982855
-0.0252956316504
0.0538678034936
0.0382223281857
-0.0588983406925
0.0539817900905
0.0971734428131
0.0234017940189
0.106641919397
0.00110868773186
-0.0377416849998
0.0531704361528
-0.124504742162
0.0549942166643
0.0962317799187
0.0477450993698
0.104778557787
0.0246086036348
0.0303475317665
0.0685009973313
-0.00550520520447
0.0385336355072
0.117332269116
0.0952669156158
-0.138056973042
-0.0504140613436
0.0592111987954
0.0443555204813
5.48706787793e-05
0.00477546011921
-0.0143033539321
0.0236466246197
0.0720024274077
0.0845560781539
-0.00144953815222
-0.0202512826279
0.0107862343615
0.0872282354272
0.0207934095406
0.0145124959432
0.122020039598
0.0284980749172
-0.106200202568
0.00692713727379
0.0559737555666
0.0866852547985
0.0733198920937
0.0703033831156
0.0805326635642
0.0338660030767
0.0160808959588
0.00599752490239
0.0261002941589
0.0308086901521
-0.0134198486927
0.114596624271
-0.0151724962677
0.0176216486103
0.05928370591
0.0974619881224
0.00950903735015
0.00983008381113
-0.0359665336235
0.0454213421977
0.00149813786166
0.0551733276863
-0.0605707639617
-0.113746781151
-0.032321523638
0.0511274730495
0.0708726595967
0.0735572024401
0.0973465853516
0.132821735527
-0.0549194510908
0.0336830715174
0.0521275299306
0.0934640500174
0.00275394621812
0.047163498894
0.0467336697524
0.0618417841784
-0.00276113165649
0.000317638831513
0.0759144841703
0.0293006768053
0.0824074464666
0.0686973007554
0.0223709656091
0.0196775689132
0.0137789935841
0.0599604758296
0.0455450615995
0.107845931713
0.0925185026202
-0.000898109720113
0.0630621557562
0.0814236102189
0.104376843616
0.105790709117
0.00621965644392
-0.0431137063403
0.108070813186
0.105866070665
0.0137482794679
0.0688203733267
0.140658614688
0.0419964100872
0.0108368211226
0.0984398295144
0.0166529349937
0.01547382818
0.0716392073757
-0.0100323967861
-0.0296531092353
-0.0854333556853
0.120170509942
-0.0180350104884
0.0658597903228
0.0272064463265
0.0508770485696
-0.0294012233486
0.104062910691
0.00511418190512
-0.0395010018962
0.0184552494636
0.0593626417842
0.0525950631072
0.041034326024
-0.031038764287
-0.0192421743448
-0.0290115330087
0.0750252723544
0.0380386335498
0.0925482426634
0.044348708935
0.00456130178838
0.0686445002359
-0.0234402556479
-0.0596381219893
-0.050327752171
0.0565042678453
0.0689187173404
0.0434389361229
0.0677779659687
0.0638074532682
0.117488085873
-0.0224706007973
-0.0499101557699
-0.00319301336095
0.128722205619
0.0161608483666
-0.00787666808263
0.00376090478469
0.0303639289986
0.06684210737
0.00743858048945
0.0763778680269
0.116208849589
0.0363208086048
0.0286606773076
0.0633620047215
0.033824904039
0.0261664345305
0.0580208631007
0.0534281584356
-0.0360347752678
0.0373235128239
0.0136782691477
-0.0706017662555
0.0610667241222
0.102755306632
0.0524186933429
-0.0587403558451
0.108553566667
-0.0281883124823
0.0132526739826
0.00444018712725
0.0383817610621
0.0781216788325
0.0933266035247
0.0190546937847
0.0475787882581
0.0512519719269
0.0135112302745
-0.022474566939
0.036042078266
-0.00352258516625
0.00112361141295
0.0555357923575
-0.00341277970404
0.041727171903
0.107938169773
0.0213884847681
0.0794890473949
0.0495439848518
-0.0268205439518
0.0033544735116
0.0193608989389
-0.015577493717
0.0446226377023
0.09819937303
-0.0262768942304
0.0197600056856
0.0695035705518
0.118568066742
-0.0330488115133
0.0958556331568
-0.0166366271869
0.0165662352017
0.0683370895971
-0.0632831012237
-0.0724492788274
0.0112215939255
0.120667732828
0.0133370922995
0.111382395269
0.0189116111314
0.0910229168613
0.025810513185
-0.0130433967567
0.0717721004151
0.032764500048
0.058768065841
0.0194657744243
-0.0171840794656
0.0485152445655
-0.0323170779064
0.0434499067009
-0.133790225361
0.0982389672659
0.0423604256966
0.0536428116553
0.0198989655742
-0.00481849767958
-0.018877324951
0.0742909917074
-0.0171358472188
0.0608214917219
0.0304894143774
0.0917766750934
-0.0163882900369
0.0618898184833
0.0023304422839
0.0925707624913
0.017619531295
0.091761349543
0.0634395972589
0.0598963597361
0.0465777261008
0.0465071401888
0.0184020714302
0.0994886358703
0.131961320684
0.0120918457531
0.102487539887
-0.00113261561642
0.0925671145514
0.0555053781463
0.100507873894
-0.013341921599
-0.0341977595464
0.0809876568051
-0.00581898644763
0.053731555163
-0.00848298907234
0.0598189385396
-0.1016111569
0.0453206586136
-0.00754568196623
0.031181375471
0.0624741699501
-0.0700314317744
0.0217819720002
0.0494445970282
0.00357358731103
0.0300325168499
0.113446384247
0.00197655006928
0.037749618302
0.0495308088171
0.075858552773
-0.0220844433644
0.0261004454484
0.0859742336525
0.0737776996172
-0.0137041026783
0.0166263213922
0.0255532881159
0.0705457704879
0.0323738822304
0.12781320342
-0.0203813695433
0.0890287963241
0.132524622303
0.0616506200203
0.0291588598321
0.0653824237784
0.0532451533438
-0.117614709676
0.0672113434173
-0.00425321414873
-0.0505097683843
-0.0459197588632
-0.110018611121
0.0916558528657
0.00321236575916
-0.045069409468
0.0530569054034
0.112488882763
-0.0675635306639
-0.0360990859969
-0.00471509826606
-0.0142872683382
0.0585519777024
0.0296345038403
-0.100134529886
0.0857091629196
0.120228627517
0.137043117333
-0.0156081018964
0.0764393426672
-0.0647777244446
0.0138140285486
0.0936623783505
0.112522397138
0.00126711371317
0.0511362442427
0.0146718334295
0.0098387770826
0.0125363520083
0.0941245403303
0.0269584141658
0.0801835435862
0.145855929033
0.0914058374456
0.0103846245166
0.0315767646347
0.0207260896384
0.085889450745
0.0723707873312
0.0218930748061
0.119734442009
-0.00517141030606
0.124000125092
0.0214249836476
0.0353985401488
0.0250815975762
-0.0457611352499
0.113088529108
0.135038695049
0.0770264270203
-0.0478136792357
0.0282162294154
0.0937890399561
-0.0241010572532
-0.0156175832139
0.0387199811577
0.076991803956
0.0804120592491
0.0232342812189
0.0997861621268
0.0584143948178
-0.00576406249356
0.123716806535
0.043284590745
0.0623256385579
0.076681705734
-0.00309079821588
0.00234720438986
0.072733842472
0.00743643034769
-0.0780761632183
0.0525670047423
-0.0527523930353
0.0309975947196
0.0384820872601
0.0511675339937
0.0978387874551
-0.0295118792497
-0.0449496001864
-0.0448107183398
0.0731520541138
0.0279750644864
0.0379525874138
0.0901648536772
0.00449926857775
-0.0217526160211
0.0697630215635
0.0094349806928
-0.0279580233126
-0.0381690089165
0.0879754730495
0.0967423134581
0.0374268191028
0.0659830937638
0.0321417468055
0.0971214629377
0.0416587398982
0.0251291534502
0.049307838244
-0.0319119793274
-0.0213802832828
0.0700788450152
0.048944967166
-0.0315953732758
0.015414576289
0.099512119539
0.0677119421025
0.133985688147
-0.034859539153
0.0726382814055
0.100149556956
0.0177604495981
0.0895061742936
0.113894277557
0.0908730903931
0.0372471121993
0.00632398902714
-0.0902034223444
0.0944483345236
0.0428597260365
0.0254059745084
0.0677755782541
0.0873130989886
0.00590722523575
0.0421194675937
0.0119525325103
-0.00589816364261
0.012199269849
-0.0329414806184
-0.0205107817888
0.0861472796263
0.070973429128
0.0289723553559
-0.00171693529376
0.0969674367473
0.076861408688
-0.00504740452693
0.100797296826
0.0687599294436
0.02299221332
0.0206947906444
0.0175418327235
-0.00180331327293
0.0560623673979
0.0676666785538
0.122174029164
-0.0296592917842
0.0029477910056
-0.011893593819
-0.0100414354188
0.0412734805405
0.046667516547
0.0609756392848
0.0373165548929
0.0614706906069
0.0101174830525
0.0519846805889
0.118269084715
0.0253301434423
0.062042227578
-0.00906586084871
0.0364585159269
0.12226752296
-0.0207759563666
-0.0389680234695
0.0493665484718
0.0789338463369
0.123917286574
0.0496839809748
-0.0573134005255
0.0514794957827
-0.0273860864156
0.0504785499388
0.0854334223542
-0.0249809082381
-0.0826390631593
0.0975756243802
0.0350946576172
0.0892768095091
-0.00769041542889
-0.234468164978
0.00661812090175
-0.04885646311
0.0188070657874
0.00935949168293
0.0557023858553
0.0299378646784
0.0226865830818
0.0190642830656
0.037506720363
0.0252541396274
-0.0108708974508
0.0462899870641
0.0431575764492
0.0416531918123
-0.0404210856747
0.108168590377
-0.0467325456631
0.0887874162976
0.08052771739
-0.0783473727993
0.0932953193044
-0.00547831092314
0.0966182902651
0.0901053070539
-0.0643318117628
0.00948171437903
0.016832547675
0.0350193661947
-0.00417730407173
-0.0174676680526
-0.0128447273874
-0.0145970443457
0.0430589261277
0.092897084109
0.0732217139526
-0.0132980188443
-0.0552252397138
0.0394241852865
-0.0266277854464
-0.0188528027906
0.0418320797197
-0.00464308342057
0.0281224219053
0.0423876630997
0.110057176725
0.0598910557822
0.072989442462
0.0334881045238
-0.0065128025224
0.0137850379979
0.0790553141621
0.0661420223197
0.0449901470288
0.0266411204787
0.0903151643295
-0.00329413709227
0.00570477268906
-0.121325014849
0.122172031103
0.0498359944906
-0.0172462311726
0.0555339788747
0.0342586090635
-0.06653835688
0.000600576499046
0.0187261263982
-0.0896062548452
-0.0465135442973
-0.102165480804
-0.0112346098545
0.0573245278907
-0.0363368607729
-0.0256871715764
0.00698652429363
0.00543462476305
-0.0535192955832
-0.0208975154556
0.0287744269511
0.00473188295283
-0.0887475098976
-0.0385204609144
0.0994062204408
0.0232696748383
0.0832209067837
0.12193873892
-0.0640898668578
0.119767786983
0.128545624212
0.0668231042852
0.0288940682958
0.0494780815155
0.0215936762557
0.0321964635822
0.0256766525572
-0.0233358796103
0.115190475182
0.0053690263337
0.101234723827
0.131771188863
0.131485580647
0.0404298069044
-0.00623171435665
0.0569339468156
0.0776170838169
0.00885113798858
-0.00265012792286
-0.00989263924972
0.0719098375792
0.0234298620309
0.0829413549529
0.00984209476009
0.13754113637
0.0377348099177
0.0767037090222
-0.00513097350892
0.0817582070929
0.0385601876369
0.00766085134768
-0.0212100143185
0.0369361475514
0.0961780016528
0.0763871266087
-0.0320105697429
0.0398632159311
0.0396414673369
0.029250089842
-0.0060076012391
0.0140274262385
0.0690332602277
-0.0631972697922
0.0705372483493
0.1075888349
0.0545633457981
-0.0471002555218
0.0433751451704
0.0218189316855
0.128491401413
0.017683449567
0.0221659887401
0.0948713137637
0.00123011356568
0.0353998084359
0.0730908820346
0.0997621914799
0.0877263280326
0.00567600394517
0.00971737134186
0.0815764322419
0.0735534200722
0.0303354582769
-0.0664998148246
0.0816894960663
0.0734958617339
0.00401621164161
0.0810869155566
0.0516869470667
-0.000557793724919
-0.0145038002469
0.0679305778111
0.0639654521247
0.0381897989564
0.0560055750713
0.0769497261116
0.0748790719877
-0.0529474548939
0.0422827405974
0.0448575342455
0.0849751880029
0.120553472182
0.0745032808743
0.049399220053
-0.031893201638
0.0183224323451
-0.0410704683306
0.118114457685
0.0439529334145
0.110591878918
-0.013248854377
0.0393517578558
0.0678660360126
0.0358334592768
-0.0494028266552
-0.025059787476
0.117531727678
-0.0369778861081
-0.0368444050007
-0.00802021991095
-0.0101781078456
0.0913307239604
0.0339647853643
0.0216568812438
0.0526897206257
0.0369926316516
0.0422760574394
0.0357299154018
0.0713463999615
0.0264733530017
0.00560794020857
0.0778097234436
-0.0425014642135
-0.027137228675
0.13435905596
0.117394840137
0.0295680884867
0.0568758764193
-0.0236959639852
-0.0221289759349
0.0377385201909
0.0251595975406
0.0616983874923
0.0450990781593
0.0505804472746
-0.0243225482952
0.104420738308
0.128104269176
-0.0538796138668
0.0896139347221
-0.105192022051
-0.00365176283734
0.0326794431291
0.0864541087234
0.036114069862
-0.0202782664455
0.0466152771879
0.0127727181535
0.10962795962
-0.100738624752
0.0542255329847
0.0706675140066
0.060191028866
0.00201885960573
0.0956387163532
-0.0473935282694
0.0316967465319
0.0882848057964
-0.0398237978391
-0.0854621251589
0.00935154472753
0.024499378885
0.0548094176456
0.1228664509
-0.0131632348641
0.0480979253903
0.0803639865087
0.0315468500869
0.0144412592503
0.00622543800794
0.0357791356192
0.00712802761683
0.133396098132
0.111698697579
0.105435359069
-0.00584596191867
0.016785525376
0.000852077661264
-0.0231487930271
-0.024576383727
0.0766818406751
0.0327012635114
0.0371690685264
0.0127771692661
0.0605713192325
0.116868236217
0.0851478915722
-0.00433541505404
0.10640529002
0.0288228257933
0.0873661290627
-0.0266445224499
0.102022383408
0.00672019947139
0.0865145693625
0.0236925270726
-0.0161387679539
0.12336808147
0.101869596668
-0.0425068058394
-0.0103572673065
0.0822250891492
0.103928596058
-0.00389042639027
0.0575805459368
0.0753889922953
0.109742480535
0.135179006504
0.0834682173271
0.0619276291397
0.0654532739382
-0.0259283372484
-0.00845803479344
-0.00214097725058
0.0963168713389
0.122243242034
-0.0298062396143
-0.0169690310912
-0.0718491661752
0.0270385470088
0.0499209181343
0.0455914419848
0.0623885709503
0.00261688546237
0.0655750555441
0.0170224976558
-0.0405744219918
0.0269899967173
0.00462256417344
0.0734652239248
-0.0472049298974
0.0923673768889
0.111055613745
-0.0705897459494
0.135801465843
0.0269525160838
-0.0238043048823
0.0789253586474
-0.00556808072934
0.0772069804251
-0.02249976922
-0.00594686960284
0.000762765509338
0.0402969463128
-0.02587190957
0.0155997122838
0.0362324945829
0.0831860290071
-0.028740203624
0.0372981368125
-0.0800329412021
0.0286764858707
0.0485478680356
0.0603506209836
-0.0146601884578
0.0587258313177
0.0946484344838
0.113831718281
0.0911983513619
-0.00177295218564
-0.00779689274277
0.0337529825183
-0.0250115325619
0.102592991974
-0.0270857417407
-0.0254677427352
0.0239581795008
-0.021299313914
-0.0315592285868
-0.0333878800559
0.0737450128596
0.0909694223957
0.00498400855196
0.0211723431638
0.0453350200069
0.00268810759278
0.0649113377576
0.0403083505505
0.0866925078934
-0.0321634475662
0.061213932866
0.0224188435419
-0.00726867977685
0.120788588696
-0.0680680709274
0.0217901494604
-0.0287169448772
0.0309638304146
0.102797922065
0.042069665315
0.128461063922
0.0212666487907
0.126677450422
0.038434706786
0.0761584734163
0.0487477162355
-0.0877173355719
0.0080370763964
0.0114930830899
0.0817865793657
-0.00497176883665
0.142890265032
0.0191191825131
0.127839450907
0.0215967247118
0.0172893148315
0.137422850602
0.0887111422096
0.141136033484
0.00720633681059
0.0923196704556
-0.090998134818
-0.0854770034538
0.0650228246483
-0.0660706619475
0.0379807370258
0.0891944432539
-0.00517145839767
0.00812816895684
-0.00147962825834
0.0121286981551
0.0908566622713
0.0144417998327
0.095586124171
0.0656612242761
0.0495579822274
0.0945658303927
0.0136792389064
-0.0534847712415
-0.0133129359019
0.058677322049
0.0172838550374
0.103175720325
-0.0131278467242
0.0281598634147
0.0370831590136
-0.0221981321753
-0.00859252825401
-0.047004865605
0.0628363172782
0.0965878070601
0.127760618435
-0.0603010138537
0.0999346408404
0.067395427611
0.0722699523903
0.0917486577166
0.0379815487365
-0.0103066935738
0.118485891237
0.132119115449
0.0379228942186
0.106117740718
-0.0136757981907
0.0422852277277
0.0454525754778
0.0951560192079
0.0968036026721
-0.0963982527338
0.0397385415734
0.0518422392015
0.0650758164273
0.0741361079219
0.105187520318
0.00543566044623
0.050753304104
-0.0359015443884
0.00936927338419
0.0518214168968
0.0619424468013
0.0311492524006
0.134219688499
0.0978671249362
0.00352567140408
0.0746133115109
0.0819019531846
0.00367787431414
0.0477217648277
-0.00466658367874
0.0735062466504
-0.106336666361
0.080713620428
0.0389238750841
-0.0409289399455
0.122267124378
0.0267752933873
0.00860573420894
0.0248250397825
-0.0104643738447
0.0875005486193
-0.0503998329279
-0.0118377294468
0.0545950637614
0.0543560960635
0.115163582513
0.0436625294988
0.0855432338946
0.0280827113015
0.0224347382086
0.0495660082685
-0.0397631294843
0.0850896273971
0.118306142343
-0.00708529628784
0.094870628659
-0.0331448695525
0.0217506774816
0.00384034879614
0.0422267376139
-0.035741291566
-0.113335325889
0.0783985128411
0.104249254682
0.0246629375824
-0.0257398517122
-0.0280925838479
0.0553750953482
0.0113069584406
0.0484629532116
0.0174568039479
0.069951905366
0.00489734061339
0.0999546825167
0.0820847589874
0.0425287719907
0.0440278836077
0.00324741992126
0.00870431461623
0.0193381914904
0.00311671239773
0.0287376322223
-0.0209237412627
-0.0352304015033
-0.144253068197
0.0934344887872
-0.0494172241037
0.0644796177004
-0.000172719265857
0.0907557277685
0.0304248512783
0.0325460011786
0.0602137329543
0.0679741631597
0.01322873008
0.0125570679168
0.0571453365328
0.0700594137379
0.0357436076456
0.0718059845788
0.118236430557
0.00513505157201
0.0930941886114
0.0311069981325
-0.0114840123056
-0.0316322349227
0.107160763651
0.0201908306002
0.109893977555
0.0159025187085
0.103894575194
0.0287352565832
0.0434044540907
-0.0286234357897
0.0471247307948
0.0550494649861
0.0717819592328
-0.0283997844307
-0.0232838810689
0.0943308737461
-0.0081814424357
0.0177559867871
0.0102744142293
0.0480951442775
0.120705304205
0.0800731496954
0.0200030218085
0.0754866038017
0.0507054785442
-0.000579907608614
0.0736510337201
0.0924909384481
0.0414246198041
0.0289839322976
0.0857860888264
0.0604995827539
-0.097161353676
-0.0183360754989
0.11292203014
0.011761978472
0.0638391225815
0.0469502039936
0.0808735804876
-0.019155137566
-0.00711107243497
0.0295502227525
0.0660219936425
0.047747330519
-0.0213021021251
-0.0200459721239
0.00211904785481
0.0559642738952
0.0789055174741
0.0230319528964
0.0765033794656
0.0728735683517
0.12869467177
0.025587502714
0.0348329377364
-0.0264288291699
-0.0356268442097
0.00746497541312
0.109700985227
0.0517860102504
0.0903716881421
0.00505494532899
-0.000478068821772
0.00784346029569
-0.0167128710203
-0.0439246755487
0.125937378677
0.0264801999162
0.0697491762511
0.0936138292863
0.0375582921045
0.0208979580514
0.035166383467
0.0896397220481
0.0302450817819
0.0816173973492
0.0379180543747
0.100450682546
-0.0249786221463
0.116332317983
0.0794409404607
0.133111178532
0.0829135092915
-0.0991538516719
0.105769654263
0.0248946280045
0.0794359054509
0.0216104846397
0.0709424322581
0.0519059703991
0.118034476635
0.0338189688166
-0.0414001035383
0.0146027740322
-0.0612498184208
0.087150271936
-0.0441529629167
0.0434542467864
0.0500783868773
0.0903126287635
0.00714033281803
0.00522785589214
0.0642426656725
0.00714978723233
0.139266890161
0.0513493027908
0.034499254519
0.0265336992834
0.0140144033591
0.114252199481
-0.0934883757838
0.103861299815
0.0617525903256
-0.0206307277909
-0.0367616674107
0.116593959827
0.0530493908467
0.00207799746651
-0.0151096431231
0.11727952926
0.0509028008001
0.0132586561943
0.0660238554405
0.047526446526
-0.0582785446738
0.022754059021
0.098025150529
0.0167700931202
0.0262036805954
-0.0101357134382
-0.00760970063881
0.0408033544743
-0.038267657802
-0.0328167804571
0.0333280164167
-0.0182219512245
0.0244469948526
0.0159553963902
0.0210051047621
0.0280494535147
0.0667722990734
-0.0396592816305
0.11911754049
0.0798642704158
0.0609269970509
-0.0476525520347
0.0183170545216
0.0952353789867
0.087295628417
0.0477953216952
-0.0713678659679
0.0127460169121
-0.0129069165472
0.0082658260706
0.00812800299841
0.0298704320531
0.0164896797173
0.0808044123877
0.0275028523385
-0.104841135102
0.0511609876229
0.0665449298225
0.110262210331
-0.0271189506344
0.0299673790662
0.121456240347
0.0160346599683
0.0104777686202
0.0425391992698
0.0449080654807
0.0161355537007
0.0622674147023
-0.00888034825106
0.0202898302301
0.0526594687443
-0.0705844887878
0.00457334774721
0.0959856773951
0.0686978927444
0.067732238341
0.0223915664059
-0.0268446313244
0.0189580344437
0.0413358219145
0.123669791337
0.0694532075908
0.0908097989455
0.00942744339939
0.0319953346662
0.0061705397673
0.0756101908538
0.0401738514113
0.0137444171372
-0.00670069781216
0.0703096199934
0.000900104929888
0.128021469264
0.0697727879929
0.080698272443
0.0440435812023
0.00513961027387
0.0716072266348
-0.00981099633105
0.0853569196761
-0.0291510784603
0.0579886125217
0.113129190656
-0.011950568667
0.0196227779474
0.101478864297
-0.0788048029624
0.0945994504107
0.0478357783025
0.0698373032782
0.0225611374902
0.00785933833676
0.13353843936
0.0734649536273
0.0287054955963
0.0263311604622
0.135852538807
0.0292036917335
0.0882419957978
-0.0112658422632
0.0807429295109
0.0675921885629
-0.1141608179
0.0378504548997
0.00993159934104
0.0320651523431
-0.0158452016808
0.0828924114183
0.0431882556744
0.00683892357142
0.0848905284255
0.0871693396768
-0.103533213335
0.0268706716596
0.0208636310721
0.0670508955269
0.053622202954
0.067769065887
0.0595916073889
-0.0143801926953
0.0269177508794
0.12176430876
-0.0133176770964
0.0342385687592
0.137908897704
0.10778362514
0.0612631678659
-0.0231975330671
0.0334747194251
-0.0689785020212
0.0192418909354
0.0782673317995
-0.000811107935768
0.110135584285
-0.0110857304657
0.0932732914671
0.105821541934
0.0444378147409
0.0667900789007
0.108815435027
0.076877989658
0.0204765952197
0.0237514008311
-0.0709226203398
0.0986073189286
0.0170219791079
0.1107725156
0.0057381250065
0.077460094636
0.10040587757
0.00599754088213
0.0179605081791
0.114984018194
0.0198468040925
0.0497296289473
0.0070540655144
0.078866432477
0.106633498061
0.133516715624
0.00158911016997
0.0166817551362
0.0761754030504
0.0963228167741
-0.0134219078149
-0.00529025349931
0.0686509043065
0.104224446675
0.0591719483205
0.116642845854
0.027002831289
0.0174121364922
0.0765953199218
-0.019383011949
-0.0804161558179
-0.046030595509
0.0960616218009
0.00590116482635
0.0253431515059
-0.0337772981241
0.0720576283458
0.0703587053148
0.00950424786308
0.0948291295139
0.0172240456075
-0.0272036597164
0.0808466873603
0.0237587696363
0.058150638524
0.0509773941777
0.0325493291036
0.120205388587
0.0930862519939
0.103979569677
0.0133737460825
-0.111736437442
0.0134488609083
-0.0189598860604
0.0414385377784
-0.00116493866128
-0.0110687423047
0.0559121866653
0.0283692292303
0.0198097820442
0.0685955635189
0.0948762439654
0.0299768508329
0.114336259119
0.0604243038544
0.079508803729
0.0520503000988
0.0529689921896
0.0906868236748
0.0910425975202
-0.0160322732676
0.110100055147
0.045150471971
-0.0091085729001
0.115592841824
-0.0521376022503
0.0410379521492
0.0283865522127
0.0192442619043
0.043858628687
-0.164774596248
0.0633787905793
-0.0864284790781
0.0543912341617
0.0522702077891
-0.0680794566237
0.0767288942141
0.105826680387
0.00616991099132
0.0464061276367
-0.112329830105
0.0474083997981
0.0426529527399
2.58582627666e-06
0.0643050840504
0.0972427433855
0.0543233980974
0.0602740888264
-0.0693229449305
0.101234137364
0.0451699389436
0.0432085334106
0.0792271610576
0.00513600254998
0.0701936369631
-0.0433360505501
0.0523274594831
0.0584972908835
0.0317348010174
-0.00539048482939
0.0506285740271
0.102520910674
0.124054545013
-0.00892579516259
0.0871153488943
0.0280399353403
0.120868798849
0.00771573851245
0.0631440031406
0.0523749923682
-0.0339190864933
0.00597741626984
0.000841331955462
0.146180035158
-0.0303455254999
-0.0094082309256
-0.00235712409515
0.123901591685
0.00711362928141
-0.0105346803003
0.0740765895883
0.0342779437039
-0.0928925427776
0.0283862958638
0.0218300603634
0.0804490732909
0.123691173619
0.0911665752636
0.0430598017923
0.0974175592605
0.000824547919949
-0.0489919921215
0.0968217030941
0.0461189421373
0.022980227968
0.11905566094
0.107347486051
0.0095717334237
-0.0112478996967
-0.0321740637314
-0.0484381059598
0.0212973244527
0.0388015756515
0.0441102234505
-0.00974107874326
0.0349080507164
0.0456923141902
-0.00457917013962
0.0841996436201
0.0879676955804
0.124678011154
0.108519484361
0.0848564076874
0.0447446479441
0.0409195303899
0.0813609203053
0.13143095027
0.117644383899
0.110855591284
0.0810407922256
-0.00453754015346
0.0217974606126
-0.0819104227172
-0.0767410911064
0.0477801352874
0.120342683385
0.0573626201095
-0.00506409799628
0.0591024299509
0.00939592604775
0.0267432425992
0.106658024667
-0.000101777586123
0.024451033044
-0.0533751703649
-0.0401143047334
0.0304921361979
-0.0109380016966
0.0954558582347
0.0311751698671
0.129748923888
0.0399467400243
0.0994534800759
-0.0842883416385
0.0327635733436
-0.0141279938428
0.0409388570731
0.114219721151
0.0384714105419
0.0608608737784
0.0375977553939
0.112473342157
0.0541992726635
-0.000191521169237
0.016920490024
-0.0115986331154
0.130957379956
0.00777781556579
-0.0353501429705
0.100663626014
0.0591377085753
-0.00333044731302
0.00766632350302
0.113411465926
0.0343392643659
0.0899496542615
0.0243439977371
0.109626790726
-0.0359098673749
0.04782099875
0.046119972381
-0.017901462517
0.051502893818
0.0398407232467
-0.0245535435142
0.0213938730825
0.00779129933049
0.0487094527362
0.102144507875
0.0592675974375
0.00427923627423
-0.10018695565
-0.131224258511
0.0743712403625
0.0181216069676
0.0830155507771
0.141454159655
-0.0112274556938
0.0581837224119
0.0209822626754
0.0330101449861
0.0717066833028
0.0187747593726
-0.102065301413
-0.0214561576958
0.12867439259
0.124270822996
-0.00493236200996
0.0833308360482
0.0490355275179
0.0622260419114
0.0167737614381
0.0505599015605
0.0196715109005
0.12206762497
0.0484613978096
0.000724452806978
0.0953799109075
0.0928046918836
0.0454353764099
-0.032472946408
-0.0152747110306
0.073445213683
0.0649777990663
0.00219613099694
0.0907999140187
0.110411102579
0.11204373394
0.0626650846774
0.0846874345282
0.0955067374427
-0.0159843033272
0.0148705018527
0.11671496508
-0.0339035237365
0.0169041972829
0.064307377334
0.0465745241851
0.0461948498505
0.0789296764977
0.0676976285725
-0.0242139230534
0.0857865743634
0.0833158584524
-0.0138240777624
-0.0251700449216
0.10422086918
0.096635163307
0.0773204160142
-0.0549369075782
0.129904558928
-0.0512570474268
0.0677350572679
0.0292042253064
0.0447978511561
0.0563945630282
-0.0378364580931
0.045010016008
-0.0213027844412
0.0621969219234
0.106020690112
-0.0174996914793
-0.00365389596473
0.101082193386
0.0528782633859
0.0194647332031
-0.0776783894176
0.027050283305
0.117325834808
0.103051826798
0.0353793609726
0.0860621347481
-0.0207475610682
0.0511808388663
-0.00284187508367
0.0488444422442
0.0172973014239
-0.011472170441
0.107858495596
0.0866461031485
-0.0533422637175
0.076438378435
0.0146592293593
-0.013766876381
0.0336403632468
0.0564798953876
0.0209520429641
0.0263669720905
0.0483216669197
0.0446704877796
0.0722758030607
0.0230982171974
0.0622213371732
0.0355488194723
0.104557996154
0.00522125784523
0.13547904915
0.112163774746
0.0613560866296
0.0776961435787
0.108577150007
0.108257239427
0.0795206682739
0.0343300284284
0.0906417225095
0.04742120297
0.0439395346596
-0.0388806534609
0.0793973770349
-0.00147154100406
0.0719657724933
-0.0276338550209
0.0509854126971
-0.00340125633048
0.0778152953965
-0.0415722876699
0.102867107937
0.127995622403
-0.0368604317974
-0.087951791848
0.0603589924511
-0.00727455603094
0.0979519442041
0.0669419584775
0.0633444300056
0.0248189809073
0.103059033561
0.0943897202946
0.0419188877542
0.0802905053494
0.0720263895046
0.0681264149649
0.0857628097186
0.0281827428512
-0.00483445545496
0.0135466784913
0.013710637825
0.0723260816241
0.0327259026819
0.0128346586228
0.0486575432979
0.0497317065594
0.000655721543096
0.0159891751895
0.0693777294268
-0.0165541504921
0.107425103465
0.0947431387144
0.022904755723
0.0602032516458
0.0937959848757
0.0324157202254
0.110290327365
0.0109966541512
-0.0137626817007
0.0428922547268
0.0314704377228
0.0515924717242
0.0238292913214
0.0656967317518
-0.00625146886399
0.0552144223257
0.0553823277209
0.0349788106066
0.0731475051415
-0.068952296924
0.0289812562779
0.0610787941002
0.111687455727
0.114746299365
0.0365840139634
0.0523867633353
0.0614220424938
0.0718985365564
0.122514667141
0.0988558401232
0.0733401429816
0.0708980313775
0.144770677405
0.00047518144776
0.0965522810071
0.035845137598
0.116249992229
0.0769408356371
-0.0211850633473
-0.0581379483024
0.0758393070181
0.0539894788327
0.113523165222
0.0458608705008
0.050352506178
0.00845177129749
0.110395984892
-0.00859335763776
0.112558597318
0.0706360202589
0.0134979922739
-0.0209045078886
0.026384930073
-0.0262218214766
0.0643068673491
0.0217198626129
0.118444389515
0.0799963741401
0.0718008196683
0.0628828156554
0.0555161883893
0.0376995301947
0.0551035921605
0.0953255727727
0.0153774671388
0.128482925332
0.0157626995911
0.0367705651205
0.12977754858
0.0673515247613
-0.138357268172
-0.0194381756831
-0.0242408161023
0.0991941589765
0.0922375455219
0.0521237861664
0.0123562678606
-0.000151735147924
0.0550371794454
-0.0528213195791
0.121846831272
0.114220019462
0.096483663667
0.101819747555
0.0123521953888
0.0451063659233
0.0239741574315
0.0514656633199
0.0557920167413
-0.0302799681377
0.0229526065727
0.0580411306427
0.0574322737097
0.0542262371084
0.0390139875452
0.0982259268219
-0.0093993963996
0.10811517451
0.00611147971333
0.0199889826398
0.0112065714737
-0.107311028496
-0.00358880817548
0.0970474256952
0.120872837248
0.0124918297777
0.0765039099306
0.0847055097604
0.0231486977261
-0.063397852195
0.0971892609798
0.0573502654723
-0.0304032626146
0.0463920740924
0.0638777628703
0.000772585781384
-0.0109859879459
0.092495443457
0.0262321126952
-0.030629934604
0.0475817455474
-0.0353739777127
0.0692804832519
0.0912941360198
0.00541372154792
0.0852869355238
0.091818009152
0.0882714497755
0.00601467961066
0.000604237096091
0.0191712552755
0.0390156900666
0.0239078753208
0.0966001815315
-0.038643307552
0.0196333911225
0.0868929115192
-0.129737665613
-0.0050268052833
0.0228980833885
0.055768678979
-0.149988795717
-0.136397402651
-0.0184762590706
0.085791063304
0.0384102751811
0.0726666346444
0.0125184199598
0.0199435414191
0.047223886701
0.123748321986
0.0689579082193
0.0663383565519
0.0633937823926
0.0793017163824
0.0925451352994
0.0371948552217
0.0153760689273
-0.00329856345821
-0.0808890950475
0.0823851538827
0.0519998933728
0.0836174749894
0.00340032199662
-0.00718885465548
0.0550992650438
0.0298011075345
-0.0323212544795
-0.0501295824201
0.0722152532082
0.0525048305736
0.0243358604746
-0.0081976328966
0.126465938933
0.00223666336605
0.0301988596937
-0.105912059097
0.106716097548
0.0330973290101
0.0789726396622
0.0363561090697
0.138498601502
0.0604305000533
0.0188294569364
-0.024501082066
0.0940303251643
0.0681186544408
0.0183246191233
0.026943364338
0.10891073247
-0.0210537183838
0.0652460829827
-0.0218732281528
0.0340144076603
0.0909731849236
0.0964743147798
0.0361527426204
0.0304376375264
-0.0374501969235
0.0991685666912
0.00932105126321
0.0746621398235
-0.0709406113303
0.0653914342759
0.106655875174
0.000995111216964
0.0262028428104
0.123162249671
0.0849455672034
0.0589783090062
0.0327847472649
-0.0796997781005
0.0763684796565
0.0468467013236
0.0443408896888
-0.0695111930265
0.0826235788422
0.0318006111471
0.106140021019
0.0889530177643
0.110314351075
0.0353171256916
-0.0141961270439
0.0262024489704
0.0267187719854
0.0800670341315
-0.0771359645534
0.10310740485
0.1207099885
0.0163158584732
0.023780497458
-0.064727889374
0.0353489325945
0.117562061476
0.0507884650434
0.109145578561
0.122665191118
-0.0138176751216
0.0434044042847
0.0782361194334
0.0856366211564
0.0767782004227
0.100136886784
0.0479655517029
-0.0086832489964
0.108717973158
0.062352936175
0.110967137255
0.040742002983
0.0104207926079
0.0251524601146
0.0700186040116
0.00449618775579
0.134688140119
0.135623332889
0.0517817209277
-0.0110855142011
0.102923539892
0.0515869175236
0.0352364410287
0.0447741619047
-0.0237930052743
0.0314364438856
0.0111864894404
0.045638509394
0.103318571599
0.0386961119658
0.0814262169742
-0.0961596963228
0.0143216149151
0.102868751044
0.0437619875528
0.0959716504986
0.0589921482783
-0.0231586717709
0.0665393327901
0.00167613509443
0.0354451532773
0.00460732769323
0.0289832449041
0.0545527173183
-0.0781923853488
0.0714617462025
0.099480208642
0.0423076794063
0.0521735676322
0.0814701845692
0.0438974471353
-0.0515553486819
0.0661438469295
0.050229298279
0.00986929278551
0.0283388255109
0.0146399558277
0.0737504607201
-0.0123119805835
0.029764100093
0.0679179369966
0.0671707582848
0.0921514347667
0.0101996795013
0.0616814403578
0.00337592921584
0.0846018713991
0.0736194254544
-0.017091757138
0.0908276190749
0.026760973178
-0.0651700782823
0.0510248668915
0.0699261949141
-0.00452876964115
-0.00726051221213
-0.0347312902167
0.0902302864682
-0.0596230532229
-0.0579633132594
-0.0592013646194
0.105387691748
0.0648010813974
0.0645802548451
0.0337329706418
0.04447177404
-0.0133081164865
0.0704810090307
0.076958600553
0.0752334986797
0.10558586788
-0.0304750901869
0.00282017451457
0.0616882137928
0.0758227320209
0.0543636510906
0.0826241215667
-0.0186695377281
0.0987811416593
0.0225874614389
0.0271386337359
0.0850426134468
0.071471105881
0.0610141182293
-0.0250018348246
0.0331182628192
0.0283609820595
0.0888156085809
-0.0174780636767
0.056518880842
0.116832562959
0.0594004548479
-0.00862766121335
0.0304775952419
-0.0367741395199
0.106067610841
0.0653351106813
0.0331647856425
0.0744926414034
0.12096427419
0.0783034823034
0.0169816421124
0.0185337036412
0.114631630656
-0.0251318191838
0.0278154183313
0.0441921050472
-0.00413511080879
-0.00360903679271
0.0950257338076
0.0798813729317
0.101408498587
0.100226880349
0.111077601364
0.0431467627839
0.0182720748088
0.0745017712235
-0.00235029916073
-0.0223956286254
-0.0679615842159
0.064006764416
-0.10182888533
0.0497125999465
-0.00921681166783
0.110087298403
0.0828840190568
0.0834458239006
0.0981879158113
0.01214938002
-0.0655996559709
0.0840624726671
0.0450804552
-0.0986644181718
-0.0399142978693
0.0264652945465
0.0796958728907
0.0642943174627
0.0174093853672
0.0102278816988
-0.0896278044674
0.0980001141279
0.084001233701
0.0287128636285
0.0119867756454
0.0929085863742
0.0537666492226
0.0176538846111
0.005839112573
0.0410004370245
0.0810052554855
0.0110904848879
0.00779011458796
0.0225143900163
-0.0601937440987
0.0317159359453
0.0315108217647
0.0660884309476
-0.00448457520248
0.115917486645
0.0845246463747
-0.0284708229633
0.089683513169
0.0550183585886
0.0715795478249
-0.0120958135456
0.0724523560072
0.0829257423501
0.0342566112685
0.0469591621763
-0.0153033469686
0.0853138617118
0.109772645276
0.0991277912689
0.115578108289
0.015012719064
0.00335727936501
-0.0399930790796
0.0919254665707
0.0080573197088
-0.0129041403279
0.0331993199264
-0.0342679617793
0.0884944502092
-0.00702476184988
0.0415328258624
-0.0134002967958
0.0335693497735
-0.0827530998312
0.0305886771932
0.0955583104504
0.109838421554
-0.080894090809
-0.0251554925535
0.0750555248296
0.0952280640303
0.00390416690034
0.0404919698122
0.0960659473023
0.0321235880988
0.120414835839
-0.0501392170534
-0.114393130884
-0.0316012159474
0.00622042692434
0.00817350604589
0.0092301084394
0.0473100718607
0.0382842704673
0.00138600771021
0.0179520025726
0.0930661016108
0.102715822329
-0.0415093599562
0.0429498291861
0.0574930146396
0.0166134447529
0.00223711605477
0.0633570489943
-0.0434804489735
0.0984513905907
0.0781157855732
0.00939168546608
0.0733232157584
0.0986548257112
0.0580491434079
-0.0750572289104
0.0210688634742
0.040894518667
-0.00907872050626
0.016044229676
-0.0506193787667
0.0422797412692
-0.074191733729
0.0392366735482
0.0842715965108
-0.1227958318
-0.0549125170305
0.0395947067249
-0.0310777106845
0.0544876131375
-0.0275274839508
0.0901810441831
-0.0175329877323
0.0737136135563
-0.00461140952123
0.0371549778057
0.0500151054771
0.0576788252394
0.0777671254338
0.0254775816851
0.100190022465
0.089672670379
0.0546181385703
0.103793513763
0.0353865206978
0.107546316272
0.0402378069732
0.0393918070755
0.0856983159572
0.11046985738
0.0470669608642
0.117123524586
0.0427800910254
0.0363250195344
0.0325315339588
-0.000838786273144
-0.0293620279918
0.0227634118518
-0.0423002729111
0.0861129816602
0.0820930173846
0.0137543902381
-0.00420451522135
-0.0349514664773
0.020608590873
-0.0334332895918
0.100190789262
0.0831971288344
0.0602261681719
0.139717424948
-0.0290194885977
0.0850466817165
0.00424342284115
0.039161485534
0.0551218819701
0.0316484822435
0.0642494910035
0.11125760266
0.0283929225452
0.0695276716651
0.0122801065801
0.0758302360769
0.0290280831921
0.0783620400836
0.0881112345236
-0.0617005742647
0.0180001927233
0.0430316716643
-0.0858141077681
0.11173716086
0.105722170046
0.0691168440485
0.0961971702422
0.0388503028186
-0.0253366118126
0.0784085800451
0.0971033238933
0.0232013901089
0.0366044727581
0.0310009443141
-0.0839995254822
0.00421099175479
0.0646528231158
0.0570549420538
0.0222186617323
-0.0108892363055
0.013310973352
-0.0249690682595
-0.00756508455368
0.0977663806489
-0.0773377126476
0.0372909809747
0.116677889136
-0.0139092390022
0.128598491546
-0.0994315620138
-0.0273508627722
0.025335570855
0.0707886387695
-0.00810986228459
0.0838174664726
0.0570267769773
0.0422573640713
0.0606315547658
0.0712782363654
0.0809991892357
0.0728283146474
0.0755214719771
-0.0826121623425
-0.014538932025
0.00480675331943
-0.06088239361
-0.0121647973871
-0.0261634499378
-0.0500577562808
0.0873949966648
0.0465733415704
0.0889800662561
0.137314777102
0.0680034380506
0.00414906317346
0.000328371227706
-0.00361650945075
-0.0967879997726
0.071282251052
0.098933772745
0.102026559984
-0.0720309664379
0.0681812645535
-0.0321293111006
0.026820652715
0.0401321884998
-0.0193656276764
0.0627797045102
0.0229191429262
0.0346260190421
0.000975562984932
-0.0459339659319
-0.0614402595178
-0.0476120486728
0.105198119991
-0.086412878389
-0.00829134996784
-0.0236597281394
0.0562898851117
0.0255277765774
-0.0525860783231
0.00413631204537
0.0841635139374
0.0637795515576
-0.0154748244857
0.0152124147727
-0.0128985969912
0.0616573328813
-0.0449685928011
0.0770007224589
-0.0104318506611
-0.110970783978
0.101846719462
0.0623708555922
0.105214516413
0.0169753619844
0.0407020251876
0.116912898123
0.11560470422
0.0385598322167
-0.0236137186468
-0.0556974491384
-0.0367687736592
-0.00119577083736
-0.0140872182423
-0.0376264233737
0.0538779862072
0.0366780401695
0.0548082585767
0.0475996146559
0.0200087434687
0.069019202044
0.0482142644362
0.069523722194
0.134991662883
0.0398549249099
0.0773875329866
0.0777581968626
-0.0392342914627
-0.0874098810696
0.0967169553828
0.114089147621
0.108358420938
0.0181520392679
0.0224117558195
0.000275620166132
0.0434763439491
0.0815917941571
0.0738744462005
0.082839914459
-0.0272289511029
0.0291672687388
0.100270382226
0.0715523567636
0.141808887376
0.0771601998765
-0.0409027451738
0.0698261392437
0.0275451543552
0.00144341253704
0.00790981550051
0.0397521690093
0.0210006918283
0.0428760957835
-0.0554596523096
-0.00390314511174
0.0616265723806
0.0562076023915
0.130349048791
0.0124824324269
0.0788270218837
0.115986857184
0.0354555824673
0.053263579056
-0.00245763177344
-0.0536787578906
-0.023247292255
0.0519451830078
0.0275404599459
0.0463432599106
0.126673462664
-0.00108527711136
0.0950713353103
0.056046612697
-0.0127125605047
0.0930652309974
0.0752667725276
-0.0627996766963
0.039898136133
0.0423795810313
0.0411995995404
-0.00445428646371
0.0250247418925
-0.000554877166085
0.0573778441239
0.0698131382209
0.0333951787689
0.0409232677856
0.0483593166908
0.103788646415
0.0138730029617
0.0394780330621
0.0220879630124
-0.0463354577093
0.113129861627
0.0821123546841
0.125677441424
-0.023631648029
0.0307445459317
0.0189363043808
-0.00561856462586
0.0581516017833
-0.0186558126934
0.125568915567
0.0752881205167
0.0238677685281
0.0500482262778
0.0628209460068
0.0507621242294
0.0246248879797
0.00584086717593
0.000482581293669
0.0725582059192
0.0250311234425
0.0907033855099
0.00300277457145
-0.111485694588
0.112871432086
-0.0298214377111
0.0706043022837
0.0612434103404
-0.0895326674904
0.0964534365717
0.0700380263469
-0.0283286808679
0.0234377000997
-0.0245342364099
0.0668632418266
0.0231201867904
-0.00585576378147
0.130531508393
0.082875235537
0.0516775478318
-0.0599948513557
0.111362063387
0.0789846101742
0.0839150424572
0.0354046131902
0.0345058586522
0.0235062306678
-0.0212676575437
0.0295756225907
-0.168355128942
-0.01133529546
0.0292712323233
0.0248194921618
-0.0382341606116
-0.0757534808089
0.0520162248798
0.0229603832823
0.105678153316
0.00345021133588
-0.0176265300931
0.0865118668531
0.135098802829
0.0132136031746
0.0810624730381
0.035371953954
-0.0666167373078
0.0153747828105
0.0930902204546
0.0573767615611
0.0805370639468
-0.00873363782184
0.136700268934
0.0107084553708
0.13720963158
0.0424304354154
0.0113554837269
-0.021358011143
-0.0038884517942
-0.0133416776725
0.0387120846982
0.070106963937
0.00828307858608
0.000688650631021
0.0347228473093
0.0327217082862
0.104062757428
0.0591216405121
0.0350148406219
-0.0447776702553
-0.0577392715439
0.102672931414
0.0430000838054
0.0709133966268
0.0600502516262
-0.0034184405678
-0.0515769550378
-0.0504292192453
0.0323666553749
-0.0269016021238
0.0748603803729
0.0867453030827
0.0381634748008
0.0933949830127
-0.0016511517836
0.0888295234792
-0.0207846994435
0.132728331444
0.0976592343774
0.0461313914528
0.0211089573473
-0.133150254431
0.0821622605476
-0.0293906282551
0.0467794318407
-0.0215554763176
-0.00890511742668
0.0772054123763
0.0683639075346
0.0508039856903
0.0967313902136
0.102277947933
0.0754570544142
0.123344782271
0.0655047520765
-0.0233503480013
0.0128880296327
0.0958545299487
-0.00140548984211
0.0908469701835
0.107024155643
-0.0498446827126
0.0439265366314
0.0711114765896
0.00760852920671
0.0785947708815
-0.101205047867
0.0627540941144
0.0630375182292
0.0460205864639
0.0261984166351
-0.0238953058765
0.0258421597184
0.0822252459133
0.0958495644858
-0.0299991629427
0.0825605844337
0.102767894838
0.0585042874387
0.0117321039812
0.0460941553571
-0.0435170001947
0.0437023865431
0.0523914208076
0.0953115931513
0.0455179341508
-0.0358558354628
-0.119906760227
0.0325121139561
-0.0472398226154
0.100853244221
0.07593073098
0.0698020098549
0.0674942037247
-0.128291079445
-0.0149114611321
0.00672472394634
0.018962023955
-0.0464055347023
0.0228912807228
0.0250681762655
0.00440790460608
-0.104230227722
-0.0261250145605
-0.0371032785851
0.0692599317697
-0.00595294256317
0.00639344044895
0.0571133316943
-0.0578550408576
0.099810158749
0.06195820646
0.0744315732701
-0.0045195274017
-0.0186717047341
0.1166036117
0.0693036926418
0.094677138946
-0.0171570519707
0.0675069806958
0.107675653392
0.102452665545
0.1116403957
0.083978063977
-0.125510662357
0.051354032888
0.000517303712867
0.0957112488505
0.120481258822
0.090373378169
0.061967226996
0.0749033147751
0.0922382004297
0.0395269692971
0.0206165020394
0.00218503319784
0.0659211315691
-0.0369686022605
0.0393609091288
0.0411317599571
-0.00142998661824
0.0618991281972
0.0878482740342
0.0111985808657
-0.00833936064549
-0.00503331687432
-0.0639113371794
0.0704159048127
-0.139827152588
0.123166962563
-0.0563152265974
0.0528752011515
0.0512186645501
0.0890400531763
0.0340430544747
-0.0601141550645
0.0427539505261
-0.000748335473808
-0.0294746404878
0.055504293766
0.0953894610044
0.0635619973091
-0.00862764204748
0.0839758622095
0.0124260192958
0.0778322207329
0.123439878435
0.02850200605
0.0847384989307
0.0435968687666
0.00699131024611
0.0913688421979
0.00634492716101
0.0998855783676
0.0477815045299
0.025816467905
0.025830887267
0.0828792514089
-0.034720078412
0.0925956966704
0.0572899848968
0.0650657131917
0.0452058724804
0.11927970766
0.0770294503709
0.0257208229879
-0.0240533168083
0.104097100887
-0.0584857953601
0.0260623670349
0.0864039923172
0.0578463775121
-0.00128207084823
0.0589005600328
0.0464556128251
0.065672272807
-0.0261358119494
-0.038359303762
0.113523529047
-0.0122994248453
0.0146029235176
-0.00635282208023
0.0617860370028
0.0982601100632
0.0582362393668
0.0869058897399
0.114294811412
0.0421977434659
0.0530532642995
-0.00986379946758
-0.0712326506939
-0.0498077857028
0.115581231556
0.03462357243
0.00166674436447
0.0573279833087
0.0123782199236
0.0496232766024
-0.0950960306754
0.123164786947
-0.0115005423786
0.0602296456002
0.0106713661655
0.0406348466123
-0.058076961802
0.125312435007
0.044278381217
0.07182604504
-0.0327357466895
-0.0335583108624
-0.084031349208
-0.0690421367566
0.0507061858917
0.0800339844077
0.0964677905975
0.0167757337872
0.0313969335727
-0.0532743080634
0.0595290754506
-0.0517133720109
0.0547196353845
-0.00241601023673
0.0967053039747
0.0354437597306
-0.0645418730224
0.0702082691314
0.139245832722
0.0252435013373
0.0487430542621
0.0484844382619
0.0972037152861
-0.0100097931763
0.037648484295
-0.00524770172087
-0.0452592183303
0.0516242832942
-0.00698346618855
-0.0286919172319
0.132656490232
0.0243216856042
0.0656943485665
0.108461125993
0.033475834731
0.00128092125796
0.0849500314874
0.0463837214532
0.0481578929272
0.12159583467
0.0903218269854
0.0516625375277
0.127029187085
0.0574523575755
0.0272274802437
-0.0220334458273
0.0365140312638
0.0173883996135
-0.036429759425
0.105705939243
0.0799339038441
0.0717469118786
-0.0276566018138
0.0680536745805
0.0497063489542
0.0848985002723
-0.132372270137
0.115373403517
-0.0150567785319
0.0990865424293
0.0883998661529
0.0878604370883
0.00663277390173
0.0325729229311
0.0975433825127
0.020849198461
0.0803773773947
0.0901935252918
0.0631090717256
0.0291078204658
0.0790811762083
0.0446420928198
-0.00959488832841
0.099489953138
0.0384526362885
0.0779811207924
0.0114656702702
0.103833592754
-0.00478060607995
0.0590854949753
-0.0457156055405
0.00211436527281
0.0906858745063
0.0173187778441
-0.0558708108279
-0.109162516917
0.0653106039701
0.127689855192
0.128370126499
-0.00185811664693
0.0600884405148
-0.0216086725919
-0.00446286327663
-0.0644931741554
-0.00911954485178
-0.00128810895007
0.0355809532707
-0.0223934293907
-0.0376935035402
0.00933756998188
0.0179578263877
-0.0243378413839
0.134597890388
0.0647220942376
0.00103240377418
0.0977476582048
0.0247474141052
0.0830182445124
0.117252980692
0.0380652269754
0.039288997565
-0.0909769061247
-0.025897657172
-0.00759448670743
0.0147224748091
0.0137809006723
-0.0850117217301
-0.0670667573191
0.0600225139887
0.072569260719
0.0539838544551
-0.0169939626817
0.0622224417417
0.0593938170213
0.0215027636077
-0.00919100941539
-0.00593532439351
0.0736033139849
0.133645921623
0.0363398195812
0.0999691028305
0.0848729181748
0.0823775763128
0.114759460346
-0.0198167823351
0.117166613645
0.11385810667
0.00278873935506
0.0829818367919
-0.00477936451583
0.00421469693948
0.0689577637343
0.0775030985683
-0.0541589500673
0.0810123201398
0.103411688424
0.0828335094931
0.0250789007702
-0.0219445599925
0.122158339741
-0.0806877460754
0.0593282204358
0.100166952602
0.0450252416512
0.0739385632734
0.00177516400797
-0.0102010733667
0.0561728600653
0.0591468418724
0.0546399905623
0.0473171271231
-0.022223005142
0.0611113998097
0.00878218713252
0.00971514364598
-0.0439975057537
0.00280842850773
-0.0302272949571
0.0565997079883
0.0366243437132
0.0567308017608
-0.0665733637815
0.0383014929984
0.0230962496547
0.104344070743
-0.00101465590866
0.114272537241
0.00624483672295
0.0637156169592
-0.00110513829162
0.078572362612
-0.000790327532155
0.0684696407762
0.0884091756341
0.0693829051241
0.0287112249787
0.0525407045022
0.0542127024547
0.0816118165713
0.074302430736
-0.00307481495021
-0.0509018359669
0.088888515405
-0.00676166249548
0.0469622269174
0.0848240579394
0.0772538305898
-0.0567863646362
-0.0770285448683
-0.100924821786
0.0501364560309
0.0076639910102
0.0199228635355
0.0109467154129
-0.207335952236
0.0876976185242
-0.0541879868909
-0.012524659177
0.082748151473
0.0869673669146
0.00188148554256
0.0269299180101
-0.0334214795382
0.0157894160225
0.0281488714698
-0.0156298927709
0.0613685572098
0.0787018446723
0.0249330916966
0.0111505825716
-0.0163116102735
0.0686102811756
0.0704083498642
0.0192826824872
0.0651759980437
0.0860528692769
0.0649644344976
0.0939126439615
-0.0458437326012
0.0942143248653
0.0112909413701
0.0443076302027
-0.00857254944806
0.0941876585875
0.124954944104
0.00387533366225
0.0711111760984
0.0788452048146
0.0635758423803
0.00823630728378
-0.0066416317853
-0.00921484101541
0.109572606226
0.0502288038712
0.104139702104
0.0734399304966
0.0524124016734
-0.0173132840976
0.0977286395613
0.0283548357454
-0.00198154634226
-0.014595618992
0.0937707100594
0.0289785238272
-0.0110296357374
0.0954131149122
-0.0169975667131
0.112131884641
-0.0637493614427
0.112708064819
0.104036035564
0.0105010370895
0.0754417212737
0.0025385103605
-0.0550596990944
0.00536868219626
-0.0746494655823
0.106873263511
-0.00792557574446
0.0531299972305
0.0308529258631
-0.0276005310056
0.13213366208
0.0166806357325
-0.0373389326484
0.0776982951721
0.109474954212
0.0226305161754
0.0577181670665
0.0203010736325
0.029615653292
0.0986973676529
-0.0236990218102
0.0495332256464
0.0757573318465
0.0211745474581
0.000669891400092
0.047853374116
0.0366515634947
0.0172999075135
-0.0281419728343
0.00511256754012
0.0684104709815
0.0309512957112
0.115251115667
-0.0761668993508
-0.0424630773948
0.110904806455
0.0936035115228
0.0449723085201
0.00296540897931
0.00132003586268
0.0508591172723
0.065352049167
-0.00793819230613
0.0489531066807
-0.0598617047544
0.0481886782944
0.0452133410201
0.120607550108
-0.0228764464146
0.061706749579
0.0448104256904
-0.0317498566789
0.0231291211724
0.105234885115
-0.0377931883673
0.0880868955173
-0.033533630116
0.0708929546542
0.120074658264
0.0721695053956
0.0652353068454
-0.0280592765629
0.0456974248106
-0.0180623109329
-0.0492005073242
0.00615117713654
-0.0595014846872
-0.0606258907909
0.00950550552738
0.0698790744815
0.0478466610136
0.0892310214057
0.0320019627505
-0.0206056189103
0.0132179701685
0.0200897507478
0.0210537482246
-0.0121822391785
0.0155093046663
0.128312282552
-0.0285309994914
0.0027618722365
-0.0453380740034
0.020814509707
0.142066426067
-0.0376188405101
0.128767273344
0.0227126186031
0.0745106879438
-0.0593314510438
-0.0176490703016
0.0749991168574
0.0540029609783
-0.0122060793403
0.02105660839
0.022819567395
0.0921139063843
0.101613536912
0.00401615176732
-0.0282916947657
-0.0474828776433
-0.0508298947463
0.101624322955
0.0457744321681
0.0529300417875
-0.008057751085
-0.0251415053519
0.0217463665225
0.0563361058293
0.0314657539469
0.0539176142561
-0.18924087996
0.112020142237
-0.0553552091623
0.053035479156
0.0681444923488
0.0437881072556
-0.0494250542072
0.0326828603811
0.0199092818643
0.0598804676643
0.0922937465057
0.0622552036933
-0.0175785076444
0.127353418849
0.095639379901
0.106938684543
-0.0313009868782
0.0263123071655
0.0351120800641
-0.0352241523521
0.0672288473594
-0.0361020980138
0.129318724269
-0.0116300564533
0.101473277232
0.0121090469036
-0.0377499269792
0.0752584777116
0.0851072962068
0.0565758644262
0.0477888775654
0.0948559133182
0.0598112642753
-0.0208425900029
0.0523553332552
0.0302833724047
0.0422965515058
0.00533773352111
-0.0113210858006
0.117066757057
-0.0350903557344
0.0803059810459
0.0265621412981
-0.0842460766522
0.103903802176
0.0904055400134
0.0569251426876
0.0136426465251
9.83732597994e-05
0.0678482294743
0.0459406145654
0.0293922650202
0.0727673138656
0.00596164580061
0.105034935999
-0.0493418814567
0.0723245165763
0.0259449103539
0.0642069424347
0.00687988560933
0.0639688175232
0.00822442366464
0.0918687054038
0.0605414788535
-0.0321570248192
-0.00530825763946
0.0500254319144
-0.0429598960861
0.0504148688455
-0.0150642600118
0.124899987029
0.0136776571342
0.0372220418713
0.0933421212661
0.0162265595693
-0.00673531473455
0.0152657468211
0.116632425566
0.0142211201956
-0.0375147563057
0.003987735332
0.0673715181166
-0.0916259937532
-0.121800698754
-0.00796624149735
0.0787301664428
0.0128741285131
-0.0409694209913
-0.0178689292818
0.0834047367484
0.0944963252002
0.0455387930935
0.0748158343339
0.0264987037569
0.110606952886
0.0784656794501
0.0583630285611
0.0219177556841
-0.0277794169281
0.0488867204934
0.0507899061535
-0.0403626514738
0.0798444381553
-0.0032644415265
-0.0157308386596
0.000296053896118
-0.093359764018
0.00161838178612
0.0389476229825
-0.0187556944199
0.0326479965479
-0.00151733940171
0.124393146122
-0.00977513493973
-0.0571898200623
0.0540205559569
0.126842118673
0.0874860254859
0.0387648903612
0.0967499230656
