-0.00160522085615
0.019776433197
0.00527012838243
0.00317416762186
0.0866823322516
-0.0151219914229
0.0257266010653
0.0188807548981
0.134964253445
-0.0413336129105
0.0136300104851
0.0501946271192
-0.0196067484352
-0.100757916511
0.0614130842589
0.0784298616244
0.021224124278
0.0828088196591
0.10217294269
0.00397315042244
0.062415327629
0.0511305243995
0.0312014801663
-0.00907333868186
-0.0489012925147
0.0499497146677
0.029766934716
0.0123961593516
-0.0152463183664
0.0534043067151
0.0161088104302
-0.000418071513082
-0.0580687904666
0.0273816629522
0.0701647709783
0.0296943273046
0.0174400500096
0.087112270601
0.0888628958141
0.00625120574575
0.0658359726279
0.0723116770704
0.120689198754
0.125481966038
-0.00469824468402
0.0755799658615
0.00994713621221
0.0245165450819
0.0569244338192
-0.147186734438
0.049030157416
0.0820897583521
0.0349398605352
0.121836847893
-0.0203500705879
-0.12711860978
0.023113515836
0.123845906148
0.0845344624577
0.0186303984969
0.0525440741536
0.0645820309292
-0.0142568835552
-0.0441407036695
0.0838844593717
0.049526398112
0.0145951406698
-0.0160282670799
0.0364122886456
0.00707294395606
0.00340328645235
0.0953904240812
0.0724626070311
0.0541573544541
0.00923431001723
0.0180153094447
0.0342211286835
0.0591529592681
0.126046331788
0.122030192559
0.123337981973
0.0769945339239
0.119639358714
0.0273276370417
0.0142297857473
0.0432444593439
0.105066226992
0.0246441101249
-0.0291784009483
-0.0758717343517
-0.00650240447014
0.0208601357643
0.0522459223729
-0.0118543588917
0.033443990487
0.0211681848477
0.034945896727
0.119105228435
0.0364242890966
0.0741493732485
0.102314956535
-0.0818624288814
0.0767424427371
0.0296234273386
0.0681488567536
0.0852212967655
-0.00965451388568
0.0437053225696
0.0467063267934
0.0714351382158
0.0400606221674
0.0240638889241
-0.0086653551863
0.0624727955622
0.0391809422411
-0.0312269239281
0.0638127475661
0.0759797506646
0.0860569395748
0.114864512208
0.0496047499951
-0.10336840745
-0.0517327411702
-0.0121228689671
0.134196654286
0.0440926029134
0.0690674048246
-0.0443453304938
-0.0340460891363
0.111071063377
0.138622594888
0.0618044262433
0.0730958218124
-0.0772055308586
0.0935286148649
0.106308211608
-0.0841716315656
0.0612484670409
0.0254218593968
-0.0264155459391
0.118736896331
0.0722598123033
0.0439936654805
0.02591613875
0.0216678867368
0.122710240324
0.105328689744
0.0850531191177
0.0867091163074
0.10579491371
0.0239880512796
0.0365930280119
0.101736443399
0.0982994413434
0.109980547909
0.0186519545704
-0.0392083012805
0.0509771671871
-0.00197117789153
0.0352498589611
0.0834819709579
0.0410037749251
0.0602015097912
0.126743384078
-0.0282033343441
0.126410856413
-0.0121270692617
0.0322777210267
0.0113287980564
-0.0252708086079
0.0721089380181
0.0350963220742
-0.0411744572482
0.0653273889536
0.0386726873179
-0.0337714812341
-0.0927722710521
0.103150890123
-0.00455789987535
0.0615467589825
0.0546454895498
0.0266384193094
0.0114783995053
0.0523275570415
0.129571156026
0.0649216780546
0.0756176293465
-0.0259774934421
0.10968290824
0.0280402172035
-0.0364850160863
0.00227194687446
0.0701242622496
0.133783421605
0.0423370744328
0.099081714438
0.074772778244
0.0483713682912
-0.0198574733371
0.0756466561057
0.0428709209431
0.025198972268
0.0725608803104
0.108192694989
-2.53498497393e-05
0.123508608749
0.126608424359
0.0289569295762
0.00486543449392
0.0493634267088
-0.00499967004442
0.0605496599314
0.00707495207382
0.0255960776311
0.0911732884909
0.0898825654594
-0.0121219462856
0.074828820035
-0.00840107150507
0.0603503736897
0.136964389138
0.0288081869529
0.0881531534556
0.0210867543755
-0.077164226204
0.0128123192356
0.0503353125831
0.0852158866062
0.135902938859
0.102861127642
0.0622337417651
0.0881748587587
-0.00402300695416
0.0437813504612
-0.0454553293842
0.0568294360266
0.0697600108208
0.0958931129661
0.0585519989631
0.040620929111
0.105902820011
-0.00665293634989
-0.00710808626309
0.0407142901563
-0.0208989908324
0.0656946611443
0.121456710193
-0.126675609531
0.0929129301928
0.00196971757832
0.0417616519449
0.0212720710498
-0.0235821846076
0.0697378765664
0.0840050834504
0.0435456770782
0.00578635928144
0.0312997648563
0.0944560022701
0.0148909250114
0.0627373243973
-0.035689106546
0.0568029455265
-0.049088495085
-0.101113869561
0.04592069412
0.0771017830532
0.101086399902
0.0123733243651
0.120603698687
-0.0438484198635
-0.0156479588659
0.0402704443921
0.129456957527
0.0709502916149
0.1005654248
0.0011484505774
-0.0670337691802
0.00542683985564
0.0464357284466
-0.0636800257049
0.0105688625082
0.0109039450037
0.0249425079172
0.0586288457341
0.0750744784495
0.125896486512
0.0452731912913
0.0833622072646
0.0155820044287
0.0961882952605
-0.0420095673544
0.0675431986099
0.0830268042046
0.0262028396866
0.00309905494608
0.00903861935362
0.0693922003154
-0.0535914581365
0.137593798191
-0.0476471930949
0.0451190095576
0.0938171211246
-0.0109849986942
0.0389827328907
-0.0549888764897
0.120272870489
0.114107109333
0.0260342731726
0.0363372098924
0.0656635612077
-0.00503872235073
-0.0359891031099
0.112022963033
0.013810578916
0.119834857217
-0.0066117242451
-0.0286182955674
0.0924587223658
-0.0290776299044
0.0737833119294
0.0260113212235
0.0444782445238
-0.022667201388
0.0896733460014
0.0989782596957
0.0157666212207
0.0127753257309
0.105596226644
-0.0094904233442
0.078263776636
-0.0322596921311
0.137118519922
0.105211096181
0.0192197427359
0.0571410641509
0.0738124417245
0.0827459711053
-0.0328146302763
0.0210222464145
-0.0133180151718
-0.0250272392091
-0.033526724897
0.0697885557466
-0.0160911206585
0.0748127165145
0.00709727178163
0.0137034733092
0.106655146766
0.00406334065877
-0.0548948177361
0.071645235749
-0.0353317336709
0.0383117490963
0.0516301275014
-0.0486323523735
0.0970262314179
-0.0562617310209
-0.131320310696
0.0187184384627
-0.169073442556
-0.0359369729151
0.113000258584
0.0687402761562
-0.0379704241804
0.0888319266613
-0.10673243333
0.102115521759
0.010875194551
0.0933176811947
0.0972556411831
0.130113507603
-0.00319036416902
0.128899785041
0.00174490314917
0.0882329071623
0.0999694528172
0.0010437195611
-0.0307725049183
-0.0839796645092
0.0650672166345
0.0444272577993
0.138075002077
0.05588170212
0.0507529243342
0.00938463413253
0.0503098074278
0.113141141712
0.0492332914533
0.112571390118
0.0115778456714
0.0807862193795
0.0743645238133
0.107291261695
0.094578325057
0.0839339871603
0.0399543226487
0.112712145917
0.0909613268143
-0.0742909970977
0.0549874781026
0.0207455497276
-0.015762263683
0.0230663866414
0.0485385408882
0.144292667829
-0.0155210929321
-0.0275770601709
-0.00105492783508
0.0723526737035
0.0800397321948
0.0519240101492
-0.0545149404048
-0.0829502543974
-0.0368489500538
-0.0225179862292
0.0472462133864
0.0718726319357
0.132630345666
0.0894978345993
0.066839930217
0.0704792226865
0.0380242609856
0.0250941680539
0.00335527603424
0.122760063285
0.108106102271
-0.00654048464576
0.0388524101034
-0.00465234688754
0.0994936378188
0.0875552897241
-0.0168068145942
0.116333481214
0.0335625930064
0.0465403096276
0.126819245756
0.0847453049479
0.0883512758204
0.0910789498107
0.0604674572935
0.100544242097
0.0976517919386
-0.0633969299766
-0.0705842031398
-0.0387941000058
0.110143679669
0.100579795545
0.0336446297024
0.0799224418545
0.0375199646893
0.0834974643898
-0.044689162119
0.0430429698856
0.116063954471
-0.0916018471903
0.0803897638248
0.0217346695412
0.0519626507754
0.0329953203849
0.104095765146
0.00634404954271
0.012287461364
0.040017167196
0.0590280278033
0.0619412057272
0.0876528178442
0.115583614774
0.0571526874188
-0.00932798777526
-0.121074456182
0.0828935610729
0.107323781965
0.0916206498399
-0.0135042559011
0.122625645181
0.0583425336949
0.0283630148076
0.0412560349644
0.0894406049742
-0.0411742466094
0.038938011811
0.117077755789
0.0556864202388
0.108312820228
0.00874531804915
0.0486491629402
0.111691392817
-0.0662490218381
0.0950182212953
0.00954852158975
0.0124475052686
0.0618273761766
-0.00132251775554
0.0913397879795
0.0544254564622
-0.00739534400529
0.0594841846612
-0.0132128431832
0.0351817756407
0.0546892414618
0.0864473238908
-0.00632988698065
0.111914659583
-0.0103777794244
0.0286643626213
0.0619046666771
0.11513907104
0.0382323892969
0.0340431356123
0.0284037380316
-0.0219309822009
-0.0017396808881
0.0483112620623
0.0511571803475
0.0339752846
-0.0148247350444
-0.0120569816621
-0.0288660041793
0.108898625887
0.0452157190827
-0.0676936620611
-0.0196496670231
-0.0091957745013
0.0245580578578
0.039294871699
0.0238356881642
0.056814018928
0.0498944717503
0.00769342973409
0.0138632981056
0.0627709537961
0.0903496019793
0.019030609596
0.0372368075436
0.0838331114982
0.0308256880255
-0.0046967959693
0.100865994688
0.0851181837212
0.0805858619997
0.0668751676452
0.0120797046816
-0.0142642875638
0.0757825321977
0.0980783317901
0.128791099125
-0.0244760751139
0.0815888828418
0.0856984591889
0.0985024173647
0.0557923868879
0.060415006817
-0.00946217830415
0.0562863520745
0.0182494952259
0.0265345956889
0.0350822188597
-0.0104297139613
0.0456581671766
0.0201669634705
0.0324486244423
-0.0294111186764
0.0095505412689
-0.00135977048447
-0.0115004863717
0.0479325654775
0.126436827034
-0.0845513764358
0.0619661844345
-0.0118888476966
0.00736464514475
0.103295748352
-0.0218949652047
0.147499367271
0.0968784183965
0.0915062255773
-0.0700622712771
0.120296654112
0.0759110409243
0.0201438898289
-0.0348751922739
0.085916900112
0.0639912314309
0.0862410968602
0.0923032895911
0.0608498785361
0.0528445216252
-0.0481135040019
0.0750667070041
0.0673538891004
0.0858253175331
0.0711308433945
0.0678134210632
0.0422565516989
0.0921251764826
0.110764233319
0.0168192374823
0.0297150332664
0.0327569708881
0.0117574950394
0.0288382725027
0.113568723908
0.0909262970814
0.103595000088
0.0430558223235
-0.0270944408971
0.09417632683
0.0959035390864
-0.0562312402505
0.0848552786194
0.0803525452072
0.0215273800832
0.0223644285799
0.0691794268749
0.0708648635464
0.00702312223967
0.0159828741635
0.0888861419892
0.130158317527
0.0855096899906
0.0517109549996
0.0825809634248
0.0986960093096
0.0832812856323
0.112648952032
0.100570269987
0.0588663721593
0.0303492143776
0.129609766537
0.0131964396166
-0.0330946473447
-0.0121971945015
0.0802818672969
0.0390833985212
0.139954715702
0.0200581771968
0.037942703127
0.125734428557
-0.0644285994021
0.014032808024
0.0153566138121
0.0421795637846
0.0187845357716
0.063575381983
0.0629201791222
0.0108941491219
-0.0152855751405
0.0857004755573
0.0631751700778
0.0572771926114
0.0110316783507
0.0759740736331
0.0144159088567
0.0226473783297
0.0647399909147
0.06482758983
0.0627193116689
0.0283039634752
0.0417464731439
-0.00744661242163
0.0367889203942
0.100325156002
0.0420526845655
0.101851676978
0.107453939131
0.118219992835
0.04803733687
0.0486727876136
0.0539490694727
0.051206822824
0.0693838854332
0.00358507670579
0.108081720249
0.0346058106291
0.123751597683
-0.0237179402611
0.0899885808453
0.0319896700543
0.0682978610806
0.0890144394742
0.111547704796
0.0775611433437
0.0952091470371
0.0835218243624
0.0356316412609
0.0682366515406
-0.086540378252
0.104312450446
0.0113287114922
-0.0557527349791
0.0697133776588
0.0177757688436
-0.0826626951183
-0.0163425515657
0.113817691153
-0.0334471210467
0.0677694473837
0.0435649158803
0.00499918150632
0.0965733446271
0.00519934797436
0.027596023019
0.0754996476907
0.0572725019714
0.0736550885606
0.0185788079841
0.0403858632217
0.0312441789343
0.141897587576
0.0236344214676
0.129644256426
0.0775487834868
0.111877954474
0.090831949646
0.0153757657265
0.108122242436
0.0716501256026
0.0299162672933
0.0274180621389
-0.0500060292131
0.0767133922689
0.00480012644666
-0.0234202152049
0.029331677714
0.106417332401
0.0648016229958
0.0932534867075
0.103697436765
0.00662818505465
0.0348777899672
0.0971819659775
-0.0255236049059
0.120451467559
0.0866629130159
0.118430208519
0.0183379187514
0.0805871781964
-0.00538914138545
0.0589916523258
0.0345975796987
0.0749064166379
0.0392411995627
0.115398664786
-0.0140673952515
0.0888820884665
0.0236779618934
0.0275004945703
0.051793482483
-0.0875329308451
-0.0309820420183
-0.026107097935
0.0200927295048
0.0138116040709
0.0985113707758
0.105892852162
-0.0133423833216
0.106155787628
0.0724735580749
0.00851920579114
0.0541431733813
0.0444131086129
0.0297980767841
-0.0176768902339
0.0185550874016
0.0339176022612
0.000524363875045
0.00787227008138
-0.0699768371266
0.0113311465704
0.0296901971709
0.0832579743776
0.0566446029314
0.0345007582157
0.0370062628228
0.124763544838
0.0697902493602
-0.0195848738914
-0.00328753270779
0.0616554047117
0.0731996243492
0.0651400146457
0.0532823319674
-0.0255948409054
0.0853199516632
0.0179158077537
0.0799161872694
0.134194323411
0.0999532280428
0.0546904021562
0.0245098002857
0.0774435651253
0.0792987307992
0.0770495819571
0.0510081622225
0.103090438388
0.0303262382085
0.00634280170356
-0.0301637077689
-0.0962013934402
0.041379707632
0.0398623556629
-0.116858951086
0.110128798428
0.0511331107621
-0.0547216789635
0.0635984117199
0.0606701080431
-0.0145811017624
0.115544164337
-0.0758635227195
0.0350640811573
0.0694187196568
0.0279203207023
0.0254086185002
0.0617409662324
0.100640875521
0.0123218790637
0.0293570140066
0.112162094128
0.0810227018782
0.129908274818
0.097530658431
0.108905703953
0.142116952361
0.0975782580522
0.126872205797
-0.0121347130525
0.0648252631383
-0.0254807686413
-0.0497023471088
0.0850090476069
0.0296787890305
0.0790229366947
0.105841774765
-0.0310954255069
0.0691196481518
-0.0497075760656
-0.0168064993111
0.0248461454964
0.04168636822
0.00815431643858
0.0397725364096
0.0919501261785
0.0894423291614
0.0658660057985
0.010375744032
-0.0300519526353
0.061873178017
0.0248288303434
-0.0504296772001
0.069828753477
0.00774375326628
-0.00814090382407
0.086829707803
0.0267993900154
-0.0045398157785
0.0551853131708
0.0126332379958
0.015537597163
-0.00957743624364
0.026857948808
0.0157207132518
-0.0147513505209
0.0804195253753
0.067588675292
0.0438997082576
0.0179042472752
0.0346588131687
0.00152303101905
0.0158456259287
0.0119683238685
0.00217246093083
0.0318113750792
0.0319435941495
-0.0098997907445
-0.00244903506541
0.10570623014
0.144394028176
0.0768330691195
0.12081396619
0.06741842267
-0.0554743773196
0.0467812154411
0.0407356364575
-0.0162380712352
0.0093828883153
0.0158971135475
0.051351058871
0.0814566687567
-0.0551770679952
0.0169252639467
0.0336019624005
-0.104883274217
0.102813048523
0.0831320262204
0.0280174280545
0.0827433414756
0.0426394993805
0.0376864670226
0.0192281596939
-0.00918963966207
-0.0717218687579
-0.0683503748023
0.134706216381
0.0578122616182
0.0114103926267
-0.0531698309249
0.0534242254819
0.0985294421511
-0.00466386997507
0.037307224026
0.0945674820444
0.116889860879
0.0678278814938
0.023978070852
0.0730982976149
0.10910872531
0.0447061434188
0.0515087856388
0.0654838328801
0.0174871928142
0.122102557126
0.0598789694476
0.0625142694137
0.0148164169475
0.0495772950124
0.0738096453251
0.02656306446
0.0325421113802
0.0137509669865
0.0745848717623
-0.0184591867043
0.0542764193853
0.0388485288529
0.0316998380248
0.111226019364
0.0350387397812
0.0652953356636
0.00284790352163
0.11217245731
0.0624443012407
0.0439443911145
-0.00893003918623
-0.00967802888772
-0.00690825946426
0.0462460457527
0.113284978912
0.0662709798931
-0.0597286972055
-0.0327707297457
0.0638721340292
0.0509450317438
0.0421231930847
0.0552376178089
0.0518104507425
-0.0663769135764
-0.0209324929214
0.00421597649209
0.0706046081019
0.0602272721221
-0.0500128985258
0.0302758952416
-0.00706757728309
-0.0243322942834
-0.0839657770634
0.0469066102078
0.0400563495605
0.00913654471915
-0.016232860651
0.012347438763
0.022076370491
0.0247338225379
0.0037905838775
0.102767739692
0.0407541808724
0.0733616443131
0.130594690003
-0.0487824124896
-0.00475396057384
0.0721661572929
0.0610967386809
-0.0370271933283
0.047202844543
0.027572591923
-0.0023206179252
0.0376706578954
0.10752013442
0.141615065061
0.0845607359864
0.0396983622918
0.0292441678192
-0.021002285345
-0.0330460572599
-0.0629967640607
0.0555130182917
-0.00248721143988
-0.0115744865778
0.0782056219625
0.063860902569
-0.0648104024257
0.0960401491467
-0.0234647429108
-0.00638118542043
0.0161116193509
-0.0526820887308
-0.00968471962373
-0.0332694804095
0.0809939298293
0.100586528516
0.0256219681503
0.129409075787
0.0765701580405
0.0586440263431
0.0299347235945
0.039870568991
0.0701613727376
0.0805506266471
0.0150057807283
0.0411494788061
0.0807532651452
0.040660770519
0.0901706731156
0.0139299961759
0.0256652359409
0.118834244728
0.0206375908032
0.0762584701822
0.112496293171
0.0557461411735
0.0505698683761
0.0668478759124
-0.0080367553588
0.050902031113
0.00204714362841
0.105456116932
-0.026829434551
-0.0162457506925
-0.0400957633962
0.108424707305
0.0784594490409
0.0667581815591
0.126405577318
0.0327092398831
0.0504191511196
-0.0436914896134
-0.0273224290636
0.108899618241
0.00552779578046
0.0184345982346
0.0402931654105
-0.0109051532851
0.115554550849
0.0597881314457
0.0841921480654
-0.0372946240429
0.0420579335312
0.0598468960323
0.114158780766
0.026680475308
0.0794893010332
0.0110137954336
0.113398106941
0.130093274919
-0.0315056745127
0.114596954476
0.115883076256
0.101123821683
0.0482438261678
0.137715740796
0.0846153820377
0.061165119053
-0.0252278407039
0.0666408874319
-0.00889188308469
0.0847312564651
0.0736093286741
0.0835683763813
-0.0287133533961
0.0148752135667
0.0463877254672
0.0653125137272
-0.0691234020678
0.0555732819245
-0.0371933725773
-0.0562245732864
0.115517637799
0.0386811191699
0.015970196388
0.0835686307136
0.0269307631121
0.10014974565
0.0415012977089
0.0864231556665
0.0536792683584
0.0889870030039
-0.00724230833212
0.0510025569886
0.0875029280521
0.0929006449699
0.0125503643844
0.0320897007888
0.0409813483907
0.00310821988919
0.0308336911936
0.0137490638109
0.0985788050075
0.0824374251482
-0.0754309844891
0.0278681877571
0.0669481953873
0.0111246967956
0.0113388357563
0.0478457623639
-0.0175783431118
0.0752184204947
0.088620626168
0.143754531799
0.052444483311
0.0577742526818
0.0769348059426
0.0107506678777
0.00671644641679
0.0455771612322
0.000783557474814
0.0887009951499
-0.017635497257
-0.0157541326823
0.0622537793664
0.0804123352377
0.0998615155577
0.0216331280147
0.0503015733196
0.0492025619508
0.055448920568
0.0932036593739
0.0726601417162
0.0948657677594
0.0353243312458
0.0240899710547
0.0819319663232
-0.00178891703045
0.0843577303532
0.0179419437891
0.0945376770275
0.0292195324549
0.0547428727088
0.0398694716277
0.00438331327205
0.061909387428
0.107190331935
-0.00299455264679
-0.000764317309964
0.0208263886211
0.0778793326824
0.0269115809364
0.0958037785395
0.103178313033
0.0220254687062
0.0918285048333
0.074133731596
0.114618995068
-0.0324415476071
0.0558584027203
0.00761962471316
0.115774794943
0.0216824395049
-0.0429995972279
-0.0122110169537
0.0765009282824
0.0562549981109
0.0798845558336
0.0129767348165
-0.00204653381513
0.146482118266
-0.108471896386
0.0250708859272
0.0686702329529
-0.0137729115674
-0.0474939280733
0.00171265075134
0.0410825198382
-0.0980949517977
0.105364985839
0.0397165195421
0.0246951932188
-0.0445524897993
0.0490573949436
-0.0218926709885
0.0710353059081
0.0885637164631
0.0943278900218
0.0715896909712
0.088540357828
0.125880559579
-0.0556128723752
0.0424673267416
0.0360851359196
0.0391680036827
0.0756097242499
-0.000276983970755
0.0412625318025
-0.00654535921962
0.0694046132201
0.0366423222144
0.0633005174473
-0.0150930665479
0.0999257057646
-0.00301821749676
0.0535937476889
0.117277593369
0.113815719074
0.0147454441632
0.085306316984
0.0828221553851
0.10183527599
0.0204805962004
0.0562829329216
-0.000899189816305
0.0465314513155
0.105668054928
-0.0626741371049
-0.0126987194016
0.0191164673175
-0.0279890732941
0.0345491976927
-0.0659558877737
-0.0260138539981
0.0732511761679
0.0635721827821
0.0741455322923
-0.0121778865375
0.035953731035
0.0897486501873
0.0483197031426
0.0721230799773
-0.0314551228493
-0.00961178118231
-0.00716284096499
-0.0255553885573
0.0103352672834
-0.0176271306411
0.0792801661057
-0.105737134758
0.0220187582086
-0.0127394126287
0.014084593684
0.121978340714
0.0814757746356
0.105626472314
-0.00298665626358
0.0521353309003
-0.0268011737321
0.102907901142
0.00321431232744
-0.0705916921355
0.0475619342542
0.0713141960119
0.069849088157
0.0315411428271
0.0180648345041
0.0242812623077
-0.00382401664023
0.076380433855
0.122020699712
-0.100317096364
0.0666590067501
0.0358649436339
0.0868688378604
0.0390026427433
0.11017457447
0.0773218675304
0.0223260556984
0.0377399947124
0.113410067869
0.0519236053348
0.0100493930495
0.128980089372
0.00035177358092
0.0367179726946
0.0809578666393
0.10592107398
0.0694325289521
0.0562941330602
-0.039722513832
-0.053693734117
-0.019221239281
0.0888662280541
0.129473789775
0.0564513468535
0.013687703598
0.018566650689
0.0780434154938
0.00121895351597
-0.0173461127905
0.00938916806669
-0.00386841652333
0.0364779473954
0.0929892777611
0.00779962912211
0.0449363144906
0.00631650192496
0.0301889493068
0.0286024378192
0.0062370349421
-0.0688307666167
0.0110002001148
-0.00615295537074
0.022205483131
-0.00031991482952
-0.00186435113872
0.0507097488676
0.0636349722265
0.057641370297
0.138024186716
0.128586937642
-0.0221923111363
0.045453697442
0.0469229992442
0.0828523676541
-0.0366839497859
0.000565001371079
0.091329581916
-0.0795611575472
0.00826700036507
0.0919901305176
0.107917373682
0.0115180923254
0.0807583550116
0.0657364640643
0.0474797493082
-0.0871285682186
0.0351964606179
0.018009621862
-0.0132988494926
0.0795236586595
-0.044311281942
0.0184187601269
0.0498830324203
0.00716185574554
0.0804183442375
-0.00389412680845
-0.0348420232438
0.00531147818194
-0.032019489928
0.053132312831
-0.0259386262752
-0.0886775403334
0.00131183321968
-0.017738363985
0.00732918996323
-0.0179342764338
0.0944887300125
0.0853577553776
-0.0665405172373
0.0367261869755
-0.0144398375625
0.0095801081732
0.0169901481349
-0.0393537497475
0.00466985928833
0.0776620568556
-0.0328207895072
0.00981362341188
-0.0734168366428
0.0897671007661
0.0612303341232
0.0873876074018
0.0242766611899
0.0146239953715
-0.0330132418802
0.0335097093554
0.0969741611734
0.0333001664376
-0.133544895845
0.0092414208871
0.0720169658394
0.0501857560796
0.0676092257525
0.0619549970042
0.023766017611
0.0164026404476
0.044112244292
0.0272895107247
0.0870591416413
0.0416371242925
0.0141525849037
0.0128155488392
-0.0940678769003
0.0632289456142
-0.024153853911
0.0771388248066
0.0719539260469
0.108230668142
0.03860256211
0.146669611589
0.041551070239
0.0552107549335
-0.0240718896422
0.0848918502097
0.0119500675136
0.0485363200022
0.0490868071498
0.0979935398048
0.0251450276851
0.105176982419
0.0377113919103
0.0410621157382
0.0209790587588
-0.0119573748423
-0.0444927021555
-0.00865375467431
0.0509511013447
0.0744112536917
0.096780102702
0.0697088476512
0.0650895318771
0.0516939176458
0.0172508300268
0.018911952906
0.0639562313272
0.0478793509697
0.0920211343666
0.0246561919652
0.0218146757042
0.00874494516976
0.0229226339277
0.00805527518332
0.0127868188156
0.0862206643011
0.0649295691402
0.103438813898
0.0260087363368
-0.0582240731428
0.0303449173393
0.0502586279928
0.0859661831138
0.110516143005
0.0250009357564
0.0685325247714
0.073625749235
0.110235840006
0.0246970836298
0.0160208744653
0.13601192092
0.0583289292206
0.0194746681208
0.0765775122221
0.0806144903346
0.0063694913634
0.039685403249
0.0813463794601
-0.0529463428673
0.0477006144273
0.0326101561656
0.0827628199089
0.0271270295033
-0.000380006868485
-0.0214431705379
0.0571120260349
0.127933024283
-0.0115680158948
0.0651894539865
0.0229332683414
-0.0174659565673
0.00877940845599
0.112173147289
0.0305005884271
0.0969189073824
0.0678607377605
0.00193263917776
0.0433309274274
0.134124099326
-0.00279256497872
0.0777939423067
-0.00669954593084
0.0706882913185
-0.188306303579
0.0424222895217
0.0237092311508
0.118807451977
0.0746791777434
0.061268504902
0.0691746042817
-0.0719472183239
0.0853767900104
0.0791896928425
0.0843749654433
0.0518312747824
0.0610442375476
0.00872853049735
0.0253913824307
0.103071314327
0.00136648114013
0.0170356019751
0.0676102307319
0.0508313471815
0.0345991240789
-0.0586472765294
0.0735764436587
0.0631581342926
0.0103431781318
0.0202798365478
0.101846091798
0.119197261335
0.0513186984209
-0.0247502580404
0.0859186310713
0.0141241168086
-0.00277197510309
0.12122224583
0.00192340163686
0.119523978954
0.0406338404161
0.0217167003581
0.114785888094
0.00816928119737
-0.0128001999418
0.0724836814436
0.0731610476265
0.0753003008834
0.0980430004197
0.068875349351
0.0605079933551
-0.0101668398266
0.0909352055301
-0.0209205390381
-0.00910727612842
0.114616977393
0.0276118318966
0.120517674093
0.0598417160871
0.0832343654705
-0.0277689745627
-0.0201146556541
0.0366943789171
-0.0124991389394
0.120420994759
0.00766098126134
0.128589883922
0.0192997880301
0.0766484064658
0.0892714878652
0.0994241656998
0.0484582535565
0.0412303737151
0.0308421545646
0.00669358855149
-0.0982612325433
0.0517066008344
0.0811686650007
0.0368538262063
0.0262388658538
-0.0234811676081
0.0302443365964
0.0272934687818
0.0703726825527
0.131363015461
0.0555280963485
-0.0425227977121
0.0462882857003
0.0313754589855
0.0663617098238
0.0174409367333
-0.00903616033925
0.087105266469
0.0778483439122
-0.0277574644624
0.0994219168606
-0.0412978997566
0.0117614816422
0.0131275506412
0.0662508731823
0.0476818395983
-0.0358519701423
-0.0193536459529
0.0759183284625
0.0893065783691
0.0639907279738
0.129283270736
0.123620233897
-0.00384505109361
0.069746170314
0.077320511628
0.0323134031201
-0.00513539176385
0.0188766379476
0.0714171236701
-0.076562905618
0.102490763668
0.0272303241953
-0.0902563733122
0.136593884808
0.113800807131
0.132017159682
0.119605031952
0.0727107354335
0.0516723531653
0.067767026205
0.134022570516
0.028828768355
-0.00313075678099
0.0731978208015
0.0819320825939
0.0474672735786
0.0766458806009
0.0892160497914
0.0753827926079
0.0738745294609
0.0642586150283
-0.0295104043602
0.0670276322155
0.00949523290045
-0.0680419478847
0.0154072211649
0.0338465238297
0.00764970909048
0.00672920280615
0.0179577781141
0.0736926251684
-0.0227042072733
0.0468577957722
0.0292474638454
0.00514997006557
0.118345682745
0.0570575552775
0.00880125160869
0.0597943825325
0.0451874217346
-0.0396217079142
0.125633757459
0.0810031166797
0.0787915318736
0.0577193261815
0.0592936731746
-0.0881567118646
0.125873953621
0.065403586181
-0.0247003947288
-0.108906496615
0.106211115515
0.0155181068797
-0.016280319238
0.0650068047703
0.0584531340045
0.0565465976747
0.0916492786744
-0.0700141637351
0.0276257669956
0.0312985969157
0.051623906899
-0.0124991680856
0.102911546966
0.0574124832483
0.00119334152021
0.0661834201922
0.0445444970271
0.108139578997
-0.00583152668479
-0.107646432456
0.0987370769782
0.0465037596294
0.0186060484626
0.109575549154
0.09428610672
0.0512912295341
0.00966230234515
0.0274835664112
0.0997643082631
0.0679386584695
0.0228372610909
0.0196629693274
0.106795227208
0.0774923952947
0.0600510664744
-0.0512307901132
0.017565527525
-0.0134297607768
-0.00703207544022
-0.0237258135443
-0.0893367219932
0.104372585115
0.0581622096196
0.0380205047772
-0.0270000700327
-0.00480639525147
0.0226593073082
0.0677846716865
-0.0502758946247
-0.0151627981666
-0.0538087924198
-0.0177247941561
0.0501889747677
-0.0283932672541
0.0673379487822
-0.0100079564196
-0.0186372656927
-0.026337689547
0.0280929332402
0.113572052462
-0.055335534737
0.0266845039663
0.00887204304481
0.0538578127222
0.0430208162594
0.0161809246256
0.0618484251685
0.094257326221
0.0228838025074
0.0269731249697
-0.120361273036
0.000767199889687
0.0870609049522
-0.010532904031
-0.000666071054161
0.0658127835878
0.031167606203
0.0903987161574
-0.019774876725
0.0540528819437
-0.0314490129743
0.0401783953344
0.110974779995
-0.0664797627605
0.0226207720621
0.0267079163805
0.104069611743
0.100589491352
-0.0872027175056
0.100366728472
0.024902136355
0.0698067742377
0.0899756177728
-0.0405593373427
0.0547940233954
0.0189040431699
-0.028492995835
0.0126255538275
-0.0419281631357
-0.0174084202504
-0.00744515146063
-0.0214426189085
0.0230176363561
0.100392747655
0.0627636624852
0.0339286734047
0.0688377842025
0.0722798424795
-0.0259152152134
0.00483618571006
0.124391916374
0.112162085618
0.0820637782115
0.065489273974
-0.0394955522379
0.0585680967179
-0.00489144405883
0.065546193739
0.0219866443034
-0.0073467269993
0.00476693698239
0.0357958653141
0.0303564523919
0.124174296142
0.0889499791814
0.0938644361987
-0.0526644850931
0.137111566042
0.0271434682597
0.115071591505
-0.0653098708529
0.0891095197607
0.0539029836639
0.065733348118
0.137691302173
0.0535202926019
0.0948909581043
-0.0441502165297
0.0217538367133
-0.0141214807304
0.0128858448698
0.0336843458242
0.0249582251424
0.122444684933
0.0144735758124
0.0664387248417
0.10678512751
0.138881554634
0.0927701324035
0.114200038251
0.00244201883503
0.0969426566457
0.0500808162128
0.069816321554
0.0334474273857
0.0563944512904
0.00059121288087
-0.00211207580387
0.031958211931
-0.0114258612587
0.0061345166993
0.0267430256563
-0.0207001879711
0.112397808883
0.0892171538473
0.00429881793953
-0.0515693977288
-0.00649982577195
0.0655457487333
0.020633982259
0.145809257624
0.0831193844762
0.0959988699952
0.0917592583781
0.0523959213935
0.0822406182566
0.103436453276
0.0576358794144
0.0852269266181
0.0656121705063
0.0164546855334
0.0114490730598
0.0583726476436
0.086094503842
0.0805540371534
0.0695170123034
0.10111795084
0.0601428827808
0.0310880510172
0.0974595751487
-0.0150473886377
0.0470429863617
0.0437495837911
0.0142315559306
0.0186088460593
-0.0300252080188
-0.00112403383078
0.0275686664414
0.0379932086114
-0.00915099917662
0.106369647871
0.0387314733185
0.0900578197514
-0.0686820477854
0.060106639526
-0.0334429034262
0.0964435064183
0.000418594466832
0.106548086034
0.0723311710495
0.0655860327204
0.0392666663994
0.0314179690014
0.0748071917286
0.0890121518091
0.0958405365945
0.0940081596711
0.124354967244
0.0380549532282
-0.0252468572494
0.0569185686365
0.0301333978243
0.125127904495
0.0179602627767
0.112428609912
0.0569177274225
0.0774451945664
0.124766095202
0.0866905658159
0.0529319902177
0.0799674926055
0.00317558784953
0.0910195603296
-0.0677420371824
0.123825730444
0.101550185468
0.0669825572164
0.048419379528
0.0958690053307
0.0612297057708
0.076667845415
0.0259447613974
0.0261153120707
0.103270598888
0.0274422315537
0.0239553823851
0.0127135189927
0.0303132043009
0.0562622001954
0.0589266112251
0.0760617755715
0.0271072960673
0.0293288570331
0.0287782454169
0.0193751246249
-0.00170759538596
0.057567437566
0.0472753923316
0.00453662793139
-0.0407142902701
0.0620333923085
0.0673781550171
0.00519045054933
-0.0425565435036
0.0671614719322
0.0630380993722
0.0347314363062
0.00349557935775
0.00183372678752
0.0643891826968
-0.00397819282195
0.131103914824
-0.0661656876926
0.118529447661
0.0258475200805
0.0494443230286
0.0464976192643
-0.0430911104044
0.0932807192327
0.10521958454
0.0326927015434
0.0749225932357
0.075629878229
0.0271156292751
0.126643702842
0.0187508035727
0.0603078607
0.0551881737854
0.0235415243627
-0.0228371926049
-0.0164313394487
0.0695716354482
0.0882526997247
0.115841300177
-0.0278064359732
-0.00339490526881
0.01402465575
0.057413949235
0.0630254573173
0.0254158600228
0.0290917975188
0.0268994986987
0.0502053664154
-0.00690842346493
-0.00840253703696
0.123486707236
0.00701825257871
0.024733648611
0.0514216114457
0.0878372268702
0.0826778095637
0.0117284646417
0.102254853764
0.0280142267327
0.0622931648223
-0.0145961794888
0.0560059505074
-0.00798346866203
-0.051279694446
0.0365527770754
0.124692648336
-0.00174423292652
0.0805713501999
0.0151557653146
0.0406773006398
0.0367089122488
0.0286754916809
-0.0181228583583
-0.0481317804286
0.110075678864
0.043330005593
0.00255625022381
0.00397903328867
0.0300700008461
0.11644747628
-0.0106921199364
0.0910548601821
0.0795398164664
-0.0101128525953
-0.00484405491042
-0.00639495931157
-0.0847103244152
0.0805116354664
-0.0430495121143
0.0928058895155
0.0248173410113
0.00589001451426
-0.00389400594207
0.0593182079983
0.139999536411
0.0012813469865
0.0444054658514
-0.0495472759978
-0.0716111496814
-0.0133992180136
-0.020888791642
0.0769281359169
0.0865046572965
0.068166428158
0.0383419302916
0.130864742469
-0.118365530791
0.0671835647815
0.0899256991359
0.00832112000141
0.0825402300205
0.0556740153434
-0.00101374686972
0.0225092837939
0.00214070003699
0.0833369467751
-0.0103433415495
0.0421933223752
0.0762139396777
0.024345205235
0.0597902491264
0.0761013690908
0.0221702994767
0.0194153087262
-0.00268505491279
0.0343678268046
0.0329089944943
-0.0235332996058
0.0571689043546
0.0833695879857
-0.12492601023
0.0380122208604
-0.046392937296
-0.0357548172123
0.114814552127
-0.0109590366408
0.0708891673434
0.0663398577897
0.0920295966187
-0.0029077967233
0.0670275391995
0.00793123923301
-0.0601893693269
-0.0394826985238
0.0712304440502
0.0573388530024
0.0710958787949
0.0825342174844
0.0450025208418
0.106795496109
0.0640377951664
0.0547670823261
0.0835773256627
0.000118651646582
0.026766931754
0.0203948874414
0.0777435417826
0.0806148847713
0.0369935225418
-0.0261683138923
-0.0133497593864
0.00841627900741
-0.00626896626494
0.0301211687459
-0.0289670180488
0.0341065368906
0.0915864486331
0.0731509104707
-0.0223439332453
0.0838347077374
0.0130186373967
-0.0395664663004
0.0117140798437
0.0518556335668
0.0933571218991
0.0357350026107
-0.0597244071628
-0.0955544976458
-0.00840667969077
0.0547183503701
-0.00808749268027
0.0952362781536
0.123174672832
-0.0696969901738
0.0952474341245
0.0758786327235
0.0873838467353
0.106212736232
0.00344891398526
0.0785278584042
-0.0340982794604
-0.0366952361995
0.0340942894561
0.109515467095
-0.037078341611
0.0829121334761
0.00200815563186
0.0132997842166
-0.0170399650079
0.074875855928
0.0694470971238
0.0221868093625
0.1213184116
-0.000257396479217
-0.00896612877844
-0.0532529045696
0.120824677454
-0.00579981083739
0.0081267154844
0.0282882108109
0.0721045813209
-0.0137690462331
0.0631012746622
-0.015852291979
0.0172903822831
-0.0312493661714
0.106803110435
0.0743604114392
0.0568611507781
0.0371366781634
-0.0190696124013
0.0291291827345
0.0170595398364
0.0252791994784
0.00787268377951
-0.0267641320632
0.0350486498709
-0.0609174004662
0.042709719176
0.00537627045108
0.0761794617115
-0.0964905026201
0.0505420125743
0.130228611365
0.0444235999296
0.0168820338439
0.123284617341
-0.0526700627882
0.083301031297
0.0236286734003
-0.0201175774389
0.0271269332585
0.082799125353
0.0775456164057
-0.00866920136052
-0.0256635088612
0.0577368816643
0.020912883077
0.121649427729
0.080195594666
-0.0799530212494
0.101695476947
0.0114009977452
0.0837284457063
-0.0230364734632
0.00734798486851
0.0646424690412
0.0413190921944
0.0299224964942
0.124711192856
0.0644098993728
-0.0061027093798
0.00597975057211
-0.0325280924361
0.109526970085
-0.0499927730907
0.073620764821
0.0106382128057
0.0222089406352
0.0788341710246
0.114810564587
0.0985738258704
-0.072280919321
0.0582810840677
0.0831452127658
0.0744311074615
0.0238202391302
0.0119079158802
0.00331539785862
-0.0296270003364
0.0323409561137
0.0228543986653
-0.00215258916301
0.0118352670585
-0.00251198944973
0.067560350411
0.0388185604211
-0.0190801454819
0.0912534081162
0.0764759458541
0.0653434191436
0.0956341494425
-0.0392312958383
0.0185349325695
0.0449234646813
-0.0268933701348
0.0416177212193
0.0972193630951
0.0538465474255
-0.050309765537
0.0047823561593
-0.0207331152605
0.0651832835932
0.0306421610015
0.112284628094
0.00431889080739
0.108269591337
0.00940278625525
0.0980913153727
0.059803255311
-0.0338437624403
0.108738919649
-0.00211249841262
0.109055539169
-0.0460307569891
0.103879234115
0.0499881680562
-0.0350522495192
0.0713907809017
0.0371338347016
-0.0205004869041
0.0752637369193
0.0535839784082
0.0889821440757
-0.082319767424
0.132538293918
0.0336203608648
0.0028029617505
0.0294760962951
-0.00496964433256
0.0310397205625
0.0668262672723
0.0510127902263
0.0222063169562
0.101568716222
0.108826089142
0.0033679832329
0.00224260572524
0.0820496337966
0.120165620839
0.00716501764507
0.0343696890898
-0.0943127286639
-0.0726520253449
0.0325906784521
0.100486550689
0.019196353363
0.0451771037071
0.0796645228972
0.0843663845431
0.0880231768157
-0.000363744438804
0.133976714942
-0.0384704122184
-0.0745006884222
0.0344288292197
0.0610068143109
0.00432764806385
0.0873632414341
0.0489063900614
0.0610066439962
-0.0180551776297
0.0207029544982
0.0911891522222
0.071375550098
0.0283022424146
0.0509481888516
0.103720914952
0.073984955597
-0.00800923714869
-0.0153144409587
0.00299407486974
0.0632489320201
0.0435032361567
0.0393733198753
-0.0079260865506
0.109423671814
0.0804493729698
0.110752715655
0.104086554163
0.059897121992
0.105377674237
0.0185667154836
0.00523816462293
0.110868892599
0.0132259549928
0.000350593371968
0.0358494844892
0.084914371315
0.0756607889224
-0.0242444601856
0.0403106151924
0.025044887338
0.0663401359464
0.0201320883123
-0.0656174459822
-0.0302323276112
0.0576139108161
0.130900019245
-0.0285240811893
0.0150300650318
0.0552907759846
0.0472692555377
0.0814942068774
0.127573043441
0.0735043841946
0.0355072606867
-0.0336672489447
0.00114177632966
0.0191274480988
0.0392033961112
0.00194071786877
-0.0211524083735
-0.0397799942521
0.0757746105126
0.0950451305893
-0.0336259231996
-0.0487640462938
-0.0112169664868
0.0306694276368
0.0733564626368
-0.0295896857304
0.0995995580066
0.0341736798992
-0.0446801083963
0.0713551568307
0.0969751054485
-0.0394898275341
0.0672486719082
0.139123665559
0.0218245326634
-0.0283259129664
0.0220458517692
0.0215422359537
0.0817503031446
0.0784943736766
0.0394430384269
0.042569960122
0.102284288337
0.0552996683715
-0.032976721268
0.0616015070469
-0.01106049383
0.128255217526
0.0511316769776
0.0129358017583
0.048182395002
0.0542907248139
0.0489524402658
0.096120734649
0.0761015202993
0.0482544199471
-0.0234828190733
0.124272169202
0.039726767482
0.0645569594534
0.0831925925509
-0.10421958334
0.0799481740616
0.0752906437122
0.039589945954
0.0672575665812
0.0745270375362
0.0151699129805
-0.00928953988367
0.0633965163689
0.11835550811
0.0340848996462
0.0504303176878
-0.0415470729783
0.0226047357875
-0.0350475952641
0.0937033910834
0.108610686544
0.021967317276
0.0718363166369
0.0184440736549
0.0510001194439
0.0740180178348
-0.0345996133359
0.0199416475811
-0.0300935968721
-0.0286069718301
0.0782409375955
0.00374942535281
0.0984838491497
0.0208617623165
0.056192810195
0.0654616395421
-0.077540958623
-0.00138185015137
0.0723985428596
0.0107281298693
-0.0204025085887
-0.076493765479
-0.0242451620815
0.0615641743024
0.0278292139318
0.065335128635
0.0590593796308
0.0919067617975
-0.0239450788571
0.0224374795358
0.0703080408988
0.0578547916668
-0.0583492815827
-0.0318702297434
0.0414252206442
0.0692734026806
0.0792002077149
-0.0388129844669
0.119891933689
0.0718987806837
0.107025559209
0.0342970548901
0.0732139648569
0.128457981444
0.0736174074644
0.0448981546764
0.03684950138
0.0756589935301
0.102157951998
0.0837428467981
0.0765957464328
0.106034561897
-0.00385228001059
0.126217795945
0.0121905654331
-0.0142006744239
0.108396629555
0.128711060995
0.131180182587
0.0267544276309
-0.0612798683006
0.010978065522
0.0445668072636
0.0230432093005
0.0485412291218
-0.071593647915
0.00404252904661
-0.0477664584496
0.0954245752551
0.120929605758
0.0800094973004
0.0225926842636
0.00611233380298
0.0505843433788
0.0575072201091
0.0840436366014
0.123687802047
-0.0432183292449
0.0881201434172
0.0491440674079
0.0759677597387
0.124474381712
0.0456243391608
0.0143268927473
0.0370772660833
-0.0345855700081
-0.00531264474662
-0.0520356666578
0.0853860417141
-0.0463151870651
0.112099190586
0.0972976150688
0.0359396756806
0.0810870984954
0.0654078231197
0.0332793683033
0.00963556967708
0.0850716475097
-0.00272688315616
0.115055979367
0.0219626531924
0.0289101315205
0.0870996943829
0.00439759109174
0.0702511254723
0.104835238132
-0.00380373907629
0.0213418436801
0.129924008125
0.0956987222018
0.0493545940362
0.102054523691
0.0434396534209
-0.018409968683
0.0636336893105
-0.0301997306621
0.098161725489
-0.0470581762581
0.0472015670029
0.0488010447104
-0.0233768676403
0.12691789149
0.0395592026111
0.0641551321588
0.0353985703784
0.00646876797511
0.0388910295739
-0.016225115205
0.0360122132016
0.0838404568643
0.0327674723384
0.0540873505123
0.0359613674324
0.0714881645739
0.031599437973
-0.0178478941247
0.0282913017338
0.12640688177
0.0463651738972
0.0723414153628
0.0842283045574
0.0669086377164
-0.00556067817015
-0.0615023299094
0.0599635399607
0.0282070968015
-0.054826253872
-0.0203723172289
0.117608295174
0.0256247851323
0.0736456655132
0.0534706712507
-0.00168401231135
-0.0569493923737
0.0916262891452
0.0551807465724
0.0735087995257
0.0487509184352
0.085834974452
0.110290539441
0.0484677445719
0.0911958775284
0.0388767320953
0.0701605456514
-0.0148457118295
0.093920441249
-0.0301943127414
0.118847286673
0.00433941184206
0.0139549130157
0.107733690349
0.094059783812
0.0931381967354
0.049808685274
-0.0254307172253
-0.0292426452288
0.0772147565805
0.007164915975
0.0600330585951
0.06048707783
-0.00405708372131
0.00125176460993
0.129339352992
0.069625994388
0.0699684398541
0.0227618847185
0.0932257902278
0.145226615088
-0.0151205850217
0.0303063732264
0.0437497453882
0.101558932266
-0.0202714547704
-0.0501469922597
0.0360881212649
0.0768736611093
0.0437312602616
-0.0647102574006
0.118801325488
0.0338433608095
0.0204330693228
0.0181374627644
0.101991140564
0.0974976614796
0.0936964152663
-0.0641572335651
0.0371858762915
-0.020420377008
0.00687509629337
0.0505435034297
0.0520280088407
0.0629749263289
0.0156968054912
0.0107082547763
-0.0231033210001
0.0840096109101
-0.0419748173585
0.0444064195873
-0.0139434530727
0.122112230194
0.0865236598829
-0.076751764343
0.00968127111185
0.00524766369693
0.0798213988722
0.0579239117918
0.0713018407685
0.0273424360367
0.0699875914118
-0.0191721055918
0.0118006576671
0.0995944715771
0.0907140608063
-0.017718477355
0.0259765079213
0.000507734486357
0.0520454367803
0.0983035621485
-0.0185294681214
-0.0494685755751
0.132186868843
0.0372210408494
0.0223637016338
0.11065570086
0.0886158770102
0.0114222528154
0.103131058081
0.0888467943987
0.0693253519248
0.0974889409454
6.90614972578e-05
0.0775083195846
0.0491920819793
-0.0831376264213
0.0725298208172
-0.0212684525918
0.0678542210073
-0.00805266190083
0.0753150927524
0.0557091240735
0.0443810630827
0.121392537002
0.0358539292097
0.0156724778208
0.00374151148083
0.031122751004
0.0372969071141
0.0445211617698
-0.0129607582402
0.0425678252807
0.0296557924085
0.00589242097685
-0.0325377220518
0.0456514646854
0.0255777268699
0.0569419785865
0.0751556207734
-0.0602829655276
-0.0291720221687
0.000240682737729
0.107349453278
0.00999749237688
-0.0510006328606
0.00828690951453
0.0218623537792
0.00325583914283
0.0620127044017
0.0451466998019
0.0485975510544
0.0760480949578
0.120004611505
0.0368071119574
0.0761970753369
0.0794987401354
0.0812203494337
0.038001844913
0.0262813853744
-0.0531739314244
-0.0459225936898
0.0818094728025
0.00991853557117
0.102831018405
0.0606733898828
0.104254511925
0.0656534305613
0.00522924220238
0.00854044359525
0.0449880902925
0.0679612732453
0.0682743659535
0.014943796154
0.113997113152
0.0386203276581
-0.0190387060382
-0.0869944902542
-0.00860695753211
-0.00263948889373
0.105341430182
-0.0533481785728
0.0247515856622
0.0323691651731
0.0711757987167
-0.00809092934068
0.000225474943373
-0.0134801446793
0.0172432670987
0.0892621307873
0.0384634528311
0.132707575371
0.103349638274
-0.0580957826954
-0.0195256844677
0.0611976107838
0.0507405564714
0.0457820957903
-0.0122943343679
0.0807773496304
0.0624439523922
-0.0239361543037
0.0754183762862
0.0289197566585
0.120083029889
-0.00472994680882
0.107596469817
0.0285294293994
-0.0185201262084
0.100433528342
0.0687380640664
-0.0941875136187
0.00523274529056
0.000383225300478
0.0871852090284
0.0348268271254
0.00402323639564
0.0366261877298
0.0356669185926
0.102546804394
0.0902991616385
-0.0111326240102
-0.0689099912524
-0.0456940425966
0.0747489812189
0.0606060397157
0.1332885198
0.0760353570348
0.101123268797
0.0230749795938
0.0947555715199
0.011417944145
0.00266245154787
0.111994457718
0.0578922932605
0.0606997458212
0.0157372549461
0.079909958294
0.0510644209432
0.125495384612
0.0449338214681
-0.0121470755546
0.0993500096378
-0.0117639237743
0.0808843913224
0.104039662935
0.0263169834434
0.0253066722978
0.011479921469
-0.00259840986251
0.132042132662
0.0687928883909
-0.0112914409791
0.088015220102
0.10113308137
0.0227106979221
0.0402896532014
0.103462612902
0.000908773140823
0.0661948756967
0.0327798170034
0.0919101124795
-0.0309455070059
-0.0440712407418
0.0160333037609
-0.00312248179777
0.0940520105124
0.0724530098317
0.0202720507805
-0.0578674113004
0.0949033770449
0.0953505931863
-0.0838054491425
0.11723131185
-0.0393057253358
0.10441827563
0.055100153672
0.00593649084042
-0.0592240856646
0.014421250103
-0.00419792121316
0.0476517121373
0.0619379950358
-0.0159166600585
0.019685584865
0.104242988624
0.0626783887108
0.0761208442802
0.0190217576569
0.0694208810442
0.0973847570194
0.0850174589866
0.116925977079
0.071816406014
0.0877466804163
-0.00211812193502
0.0611082511977
-0.0207684358098
0.00449386252049
0.0782444515169
0.0195221117267
0.0240959935396
0.0315302549961
0.0541998311936
0.0408331266816
0.0842923603113
0.0446926747017
-0.0350672103746
0.0938810073994
0.0343559644752
-0.089673736944
-0.017185916883
-0.00245715858777
0.00194499853605
0.0426007720023
0.0358336185925
0.00336775375506
0.0452494402924
0.0414304097551
0.00113347754172
0.010670281715
0.0133180066898
0.0433814363602
0.0149196559078
-0.0607087648016
0.0590088306544
0.0153545565819
-0.00993673340867
0.0658866612935
0.104012333461
0.0405478111646
-0.0184791499977
0.0619843127293
-0.00784527285181
0.13243989285
0.0359893247391
0.0179265449261
0.0607117042232
0.114584152969
0.0027945123261
-0.0510579190365
-0.0225605978738
0.0388649855131
0.0682680350905
0.0447762187147
0.133891625196
0.00880396216715
0.0951116741564
0.0575360621067
0.0985971970868
0.0396937559078
0.0615142857158
0.04100349124
0.0402452851599
0.102223124543
0.0383492231119
-0.0321414168725
-0.0223766551717
0.00313958445903
0.0372811384516
0.00605591123573
0.135251215758
0.0712771135852
0.105713896789
0.0973619771168
-0.0259873358243
-0.00029358971003
-0.0132672558832
0.0180718810504
0.0432062314577
0.0883578205839
0.0679095973178
0.0204168898473
0.0999116973127
0.0474941887166
0.0341805310122
0.0646082433197
0.115185519052
0.0254333784519
0.0212321338709
0.107756435153
0.113217471658
0.030161497509
0.0920608293023
-0.0641562248067
-0.00930386503328
0.0519323024787
0.0849274245451
0.0249834020629
0.0583224087912
0.0918137784881
0.0207782916082
0.0815031327645
0.0956028808818
0.0563671629585
0.0862435099253
0.0338785058715
-0.00106384095775
-0.00555408089306
0.0294203254637
0.00289015303305
-0.00613753917634
0.0699138357153
0.0446560957918
0.114836666294
-0.00791296268032
0.00409551542998
0.0676735604132
0.0400590211029
0.100772855584
0.0257680549807
0.08820963659
0.0232182687038
0.0674644131108
-0.0137130130524
0.0662394724013
0.0569113439802
0.0648706713667
0.0700419851718
0.0380857924411
-0.00931403882053
0.0501229492341
0.0316261263736
0.0975812170954
-0.0178141685091
0.0300202959669
0.0373570865058
0.100318448997
-0.0767196766094
-0.0684538209287
0.0584225088035
0.00380922170141
0.12039130058
0.103050355598
0.0654633893721
0.0452742877057
-0.0292463539166
0.0394666823292
0.12920201736
0.0920844737008
0.0386603517699
0.00278057717423
0.102983871257
-0.000572825542106
0.100921082006
0.030349523516
0.0988713408258
0.0447219325393
0.0974831750773
0.0642680336237
0.024821701589
0.107202856145
0.0732662602791
-0.0718498171995
0.110405401272
0.0176098739643
0.111386534454
0.0730228023614
0.10922429907
0.00232466768554
0.0644119279283
0.0381657157227
0.116898277906
0.0228510480069
0.00777976056607
0.0432763765674
0.0663729375707
0.0881156813753
-0.011160559262
0.0853495687007
0.0626728787049
0.0956617635209
-0.0435765053101
0.140373164573
0.0334609219015
0.0719738355801
0.0675762805865
0.0284725834456
0.0758115558672
0.0709390588116
0.0788817986974
0.0181046848362
0.0273570328803
0.0899568108906
0.0738585466817
0.0658937844052
0.0411198624503
-0.0130114455466
-0.00278883442438
0.0372790292333
0.0265607649309
0.0973297199385
-0.00803779464037
0.0659877740241
0.0177262704692
0.00642565172512
0.0609373653773
0.00272359509596
0.106160338798
0.0745718048043
0.0622990926436
0.039044684074
0.0337723463343
0.131808264909
0.0590490499156
-0.0646853495527
0.0482021900868
0.0653585738714
0.0675727133985
0.0136770843017
0.121683963202
0.0777578285371
0.0674994859756
0.0598824450624
-0.0167386018149
0.125151995636
-0.0815257542576
0.0350411469237
0.0331477175108
0.0832458147059
0.111427968147
0.0801777737462
0.056677317046
0.0683502098485
0.0115276345931
0.0616437656801
0.0759166369557
0.0589142161788
0.0261680683066
0.106831197019
0.00279585011335
-0.0107918437329
0.0914127395697
0.0256953906418
0.0975585595873
0.0362417754569
0.0497365913907
0.0749169631575
0.0201757920681
0.0964075643827
-0.0240946357029
0.0694062973693
-0.00871918095205
-0.0510575927164
0.0423467695529
0.0666603996332
0.0336621717695
-0.0562123633976
0.119827749548
0.0719695434607
0.0680109146624
-0.00468648153033
0.0276676817036
0.0712208402081
0.103112280159
0.112663568096
0.0983224251166
0.0592036094744
-0.0277146359354
0.0935452268005
0.0834411767037
0.00301047387082
0.0723894644121
0.0740023061772
0.0891567212915
0.0857032665632
-0.0372279444669
0.0227780506216
-0.018538285265
0.0181351535177
0.102236539516
0.0475702885194
0.0572798488613
-0.12332372222
-0.0303697765128
0.0331995649291
0.0106981867051
0.114635374645
0.102042233048
0.054422059533
0.103109570662
0.0120375556613
0.076155640941
0.0105211471699
0.0807326990064
0.0347146940716
-0.0673753825552
0.104051911887
0.0189787049738
0.0712636703546
0.127531992544
0.0756257442198
0.0542702936161
-0.0532708199221
0.0382728852391
0.0664916150605
0.0525216132364
0.000811684256139
0.0850519085767
0.0399069216781
-0.049106391494
0.0330219632103
0.0695890240991
0.0878386492568
0.0808385164345
0.0873709645963
0.113478167021
0.0979559476804
0.0439418987209
-0.0211079226275
-0.0478375108984
0.0117974317912
0.133914632074
0.0313281618766
0.0594044042017
-0.0227583547002
0.0395152475572
0.00986484053426
-0.0133410068706
0.130881062182
0.0538675547497
0.102381375741
0.0610858591087
0.0480135085342
0.0870205449141
0.0711378164875
0.113487187928
0.0857630865729
0.027625118089
0.104294961481
0.039366816762
0.0880723919288
0.0677662496923
0.0120650720795
0.0659623405315
0.0276383595161
-0.023205563604
0.107223046982
-0.06171138573
0.0356856177657
0.044649971615
0.00859340054667
0.0938398339194
0.0455550740908
-0.0262224463461
0.0309196727318
0.0787419229808
0.0785885796965
-0.0258760348528
-0.0420393221282
-0.0545390151371
0.0650286366505
0.0883189979483
0.0545552269075
0.016145349821
-0.00180657612822
-0.0948460299374
0.0455364242961
0.101210462289
-0.00359925201319
0.0193539031806
0.119017089148
0.0795219239284
-0.0552775087608
0.046818071922
0.0376696277616
0.0294152757656
0.00343652276625
0.0275290513563
0.0983341848574
0.0636671148598
0.00806745207262
-0.0356974994081
0.0294435837512
0.0812843354538
-0.0203628148986
0.0851063019442
0.0926661854178
0.0856835756043
0.0346043090367
0.044990021549
0.034708374303
-0.023051428226
0.00309099220429
0.0766539852109
0.11095185879
-0.0352267175069
0.0525440907948
0.0801776811785
0.0352275661845
-0.0322110885261
-0.0366925672122
0.100304136712
-0.065624921996
0.0887095802294
0.0365639999543
-0.0683398113849
0.0482932015634
0.13353716943
0.0254612547871
-0.0254000118913
0.0903078214234
0.0513664748697
0.0868722100483
0.00379352625858
0.0931009223424
0.116510920176
0.0338718158988
0.0481110681647
-0.044307907457
0.0674309280907
-0.0294288735801
-0.0183185697444
-0.0288913645415
0.0517671223788
0.0423758052422
0.0911945212683
0.0697909558004
0.104997426809
0.0618313620348
-0.0058177974316
0.0107511064206
0.0467900088451
0.0203339663936
0.0130300995082
0.0936735643721
0.104129976967
0.00657091736323
0.101832109817
0.00976703768272
0.0456134477507
0.0511207243292
0.077220881222
0.119180997722
-0.00350050610665
-0.0339949133396
0.0542360316236
0.0856171828274
0.0918674070747
-0.0802908137614
-0.00420945718918
-0.0460083301007
0.0924624009806
-0.0673007554227
-0.0252048277234
0.0146659633121
0.0219380601474
0.0824993555508
-0.0123555553104
0.0938316971118
0.00177665046856
0.14167076253
0.0241566491204
0.0940895990854
-0.0161184353322
0.0805094142613
0.0368642749461
0.0292949005682
0.0469342130707
0.135793407639
-0.0421986040848
-0.0540741954403
0.0639919382845
-0.0541742561529
0.0190007384645
0.0575557199627
-0.0155954692065
-0.0142601582132
-0.0406991111699
0.0246113832421
0.0200367340063
0.000941644159215
0.075568492344
0.0583853420545
0.0228844571272
-0.0110440409486
0.0167794527026
-0.0337798973112
-0.103272530544
-0.0189080327461
-0.00975257203333
0.0249272596864
-0.0106139660936
0.0659454927487
0.063478806337
0.00653772852713
0.0847132684751
-0.0122616764221
-0.00630686783331
0.123713791932
0.000514673346035
0.132560816836
0.0582634961523
0.117983540032
0.0618374759787
0.0245035658265
0.0192133454828
0.0379956972731
-0.0226831701003
-0.0095790714806
0.0376378012221
0.0953136563026
-0.0587539892199
0.00034228516897
0.00542902542977
0.00956793451887
0.113838858175
0.0863600532145
0.0764972361921
0.0753356293524
0.0339889370046
-0.0381621710068
0.0322634667477
0.0687786879138
0.0188950821417
0.0896251841427
0.0517172995949
0.0766591237809
0.0161287060048
-0.0516965946526
-0.0231010350985
0.085652828748
0.0502848596259
0.137599504996
0.0536181495932
0.000853718420556
0.112242848291
0.138219747454
0.116601297436
0.0731647426561
0.103171902203
-0.0155083926071
0.0241236472155
0.0459918409397
-0.00246545918044
-0.00164401881263
0.111770697875
0.00425028044229
0.110784024356
0.0260208698137
0.12025020707
-0.0179069467676
0.0259815981892
0.12117497381
0.111772887506
0.0795452115319
0.099942158327
0.0673222923926
0.139681587249
-0.026581947745
-0.00106984751161
0.0227274851813
0.0300560539196
0.0287166584345
0.0559028688632
0.0712951352874
0.0412496529863
0.00435011004424
0.0302195774383
0.0461747433508
-0.0681639839996
0.116489013112
-0.0348009424895
0.0418432824749
0.0388844802096
0.0675099534947
0.11273932763
0.0965003760424
0.0143582776278
0.0947132192082
0.0202125528634
0.0698757915644
0.133601310024
0.0705335334804
0.130051208006
-0.0375742234459
0.0937114892671
-0.0482979389054
0.0700253557489
0.0920954265617
0.0139144177322
0.00353497457321
0.0737022561774
0.0989378533555
0.0744332496066
0.0443404866112
0.107791884014
0.111979497799
0.00558378633086
0.0535420617729
0.0829806959553
-0.0139179601961
-0.0343304960755
0.128669144674
0.0681042316418
0.000726663796764
0.0550275566261
0.0439142729932
0.0320217396639
0.0554863326921
0.0201642995397
0.0315197406645
-0.0323079668237
0.109224968953
-0.0228796564836
-0.00979154307762
-0.00914234984049
0.0495490910321
0.0730764121541
0.0259822077374
0.100794549331
0.0531457438065
0.0619167806594
0.0682874527374
0.0640033034649
0.111185842264
0.116836548741
-0.00788763690228
0.13830367194
0.0821661510167
0.131130748996
0.0799917540243
0.00189769885237
0.114061884498
0.0438847818419
-0.0145020404441
0.0750071208155
0.00822738285705
0.0661406377696
0.0330119084864
0.0805041610053
0.0941136748472
0.0688502053459
0.0989091514041
-0.0850151323985
-0.00427870381581
0.0689306000325
0.000316170017758
0.112909129116
0.0591860353426
-0.0214407711061
-0.00446684411897
-0.00232497109883
0.0744731280588
0.00682160928877
0.0937386444293
0.0699814782063
-0.00594710814306
0.111872657152
0.112228076519
0.137781816883
0.0594028357195
0.0888036502436
0.0743066471034
0.00987433085967
0.035406641875
0.0348597391122
-0.161374207891
0.0706391133559
0.0309053304194
0.0803364541643
0.115316986575
0.0824151530244
0.112141418992
0.0891341644577
0.0132355686403
0.0766710539383
0.011485464457
0.0287425408355
-0.0228383535602
0.0507393128224
0.0506511325271
0.118180901347
0.0560744955217
0.0702769858206
0.0931428886687
0.0606922843599
-0.0275075146939
0.112502445536
0.0803539957145
-0.0326337743477
0.0834084552822
-0.0659282387361
0.0716549180552
0.0427613670048
0.0290905556809
-0.00312371628188
0.00597650020508
0.0452315785254
-0.0248186446129
0.0860774584751
0.0157231830102
0.02657772274
0.00600822515039
0.104751364951
0.0024930887081
-0.0277161180151
0.0610906356431
-0.0571237897738
0.0541027307224
0.0345753181293
-0.0277651599143
0.0774319193006
0.0583358191304
0.00243182120153
0.0462703708965
-0.0303757667488
-0.0167414696346
0.0546745764842
0.0231076296372
0.0973078215663
0.127901394475
0.0319543423472
0.0170637117999
0.0916919647291
0.0933309725194
0.00822628369319
-0.0433578962398
0.0636952916587
0.02795104255
0.0837730504986
0.0803248394678
-0.0875519457377
-0.071568008225
0.00988161220835
-0.000418169957204
0.108545774582
0.102061261067
0.0452210706895
0.0402551612294
0.0467637548441
0.0736265955011
-0.0366833201327
0.0992392236948
0.131535970233
0.0820849695032
-0.0152502421175
0.105141872886
-0.0693478543118
-0.00298142546263
-0.0171642509588
0.100666546948
0.0606538723818
0.0519504415366
0.0621861714961
-0.0114025035384
0.0258360925451
-0.100383129416
0.0544434273585
0.113742170936
0.00416956639025
0.0177789228669
-0.0094811601755
0.00797585301382
0.0221077099647
0.0481190217937
0.09292800228
-0.0143703520753
0.0658140689465
0.0610712671595
0.0781105659149
0.125132783233
-0.0755620056454
0.0556236300848
0.091792714406
0.0526265583433
0.0694651737299
0.056708485243
0.0430639312778
0.0331536123863
-0.0346397026771
-0.0181377147612
0.0522540169714
0.0668243998094
-0.0349117782776
0.0442231450891
0.125769281597
0.0612314928478
0.0742965065994
0.00722138324268
0.0247259728213
0.00490626024032
-0.0102050445858
0.105925354446
0.00452251096764
-0.0484279953636
-0.0256524702571
0.0300551037813
0.0551030548151
0.00537474661708
0.0717465176832
-0.0140593896996
-0.0125168421153
0.0661545408089
0.0244787688493
0.102205443695
-0.0060949759254
0.137520446525
-0.0690039681752
0.0102842389097
0.0136873574233
-0.0265595152754
0.0422869775996
-0.00343719372501
0.0792111803767
0.04052154951
-0.0495635364815
0.101432307559
0.077892936225
0.0463967637152
0.0314506190474
0.0810593955875
0.0482440506899
0.0039006184302
0.0644430263216
0.0643428750129
0.057574454127
0.0592385300012
-0.0906757254623
-0.0109226392092
0.0615092224797
0.0433670635951
0.102407507633
-0.00603892075621
0.0827112045881
0.087922778662
0.0601663819925
0.0793380994816
0.0862480243047
0.076598653855
-0.0420938395701
0.00881040321865
-0.00258541528697
0.140194619783
0.0621299003125
0.0381845654849
-0.00709117473919
0.116896907497
0.0892962597957
0.0856363368265
0.0148855579369
0.0568983500623
0.0877730962316
-0.108310756227
-0.0141713220753
0.0833626509416
0.12257171684
-0.0156696262781
0.00390330141552
0.113127865724
-0.0972674128075
0.0157026875251
-0.0589863418315
0.103561418352
0.0429561616446
0.0822477268062
0.0770303523097
-0.0730879157978
0.0254286751972
0.0371912185681
0.107568997751
0.0393065737896
0.113354904468
0.0916201804368
0.0796966518317
0.0113367603915
0.0103180979275
0.117347318059
0.0417653372312
0.056601391106
0.0246964226435
0.0593813097623
0.0173561236092
0.0265088726901
0.106946900236
0.0314557657065
0.111675533245
0.0901344859779
0.0803036590645
0.05870887651
-0.0245808746456
0.0593021517279
-0.0603264088077
0.058699461341
-0.041023037848
0.0148352458831
-0.00583439152136
0.099511510464
0.0661519806595
0.0362470453435
-0.000450675758227
0.117622488559
-0.0707225544209
0.0626516631759
0.0114251670926
0.0692085838448
0.0559230496709
0.00458426864303
0.0733275110854
-0.0560334405933
-0.0528191974453
-0.0714386812354
0.109280964451
0.0347644039618
-0.0185493384834
0.054534117999
0.0642035921729
0.0623308984432
0.0242498972928
-0.0223156997565
0.126422958658
0.0496507067769
0.0270357203446
0.0641060031644
0.111534133179
0.0700989027415
0.0155147259497
0.114163168835
-0.00186483496418
0.0842293841927
0.0604916161992
0.0630781397255
0.107142216036
0.023429095829
0.0808922984053
-0.0477039672086
0.0644589647329
0.0746936792804
-0.102098208185
0.117411609109
0.0370710868358
0.12608777023
-0.0385527202761
0.0886581661226
-0.0425587342875
-0.00177341482556
0.0268480427057
0.00424896846119
-0.0377521450611
0.018919407818
0.0160711527422
0.0768637202314
0.0745034644832
0.0491296016618
0.0325386362847
0.069542488672
0.0541674095114
0.08728942423
0.066140837862
-0.0301015579193
0.0522103059768
-0.0100688590256
0.122576902235
0.00805783038924
0.0856231738585
0.113940313024
0.00443146444236
0.0521452920752
0.010963843385
0.00928322227888
0.032609342134
0.0519863177807
0.0207667465703
0.0665011381273
0.126668236535
0.0636804344788
0.00973144127084
0.00399579422171
0.0594279627622
0.007388933407
-0.0014100402748
0.0537480186906
0.0280792482988
-0.020211374182
-0.0138609275175
-0.0334579463811
0.0755823635958
0.0651339910402
0.0953077858335
0.00242475128941
0.0450776591871
0.110126010041
0.013076240287
0.0108642455431
0.0312626880511
-0.0666193782413
0.041139382479
0.0479377892634
0.0239950751079
0.00505535501122
-0.0889615788257
0.0582933350216
0.0907741507467
0.101259460217
0.0658980855799
0.0390858457095
0.0150118971855
0.106087402202
0.116126530552
0.0967817425535
-0.0263980615173
-0.0513097931228
0.0243752065769
0.0607739542585
-0.00220487483414
0.122689422769
0.0131571809993
0.105538516566
0.0484454614475
-0.0873136760365
0.105359972509
0.0295529731625
0.0514509874151
0.0859127810405
0.0583659176943
0.0448954332564
0.109811691676
0.0863496976519
0.10284931345
0.0115237379112
0.0574218039927
0.0481194026023
0.0604430889075
0.0822836997625
-0.0067487551259
-0.0600806287255
0.0698560852061
0.138619714697
0.00332225566163
0.0582572285226
0.0196389574547
0.0920790916973
-0.01914221013
-0.0941359710602
0.105765904317
0.0292044936315
0.00869509102793
0.0227474805245
0.113039753363
0.019474457548
0.0756075498914
0.0698293060549
-0.0107498966936
-0.0167610774174
0.0813231040807
0.0810419567734
0.00815793895123
-0.0234945879216
-0.00353613672993
0.0559419635487
0.102587252489
0.0645159131181
0.062873286515
-0.0513943301039
0.0802608871121
-0.00671058660772
0.0300630868409
-0.0138383579153
0.0305007186779
0.0231079303288
-0.00109640682139
-0.0161284951999
0.0817736939274
0.0421627716691
0.0153378289622
0.084764426073
0.0936010579508
0.0136494357536
-0.0180655015362
0.0793146813375
0.0994752207396
0.0724186415689
0.0495716079006
0.0853676236445
0.0454962850537
0.00353686730934
-0.0197958824479
-0.0170010571204
0.0516547857478
0.0952128120288
0.0330497865255
0.126984919088
0.0552077487211
0.0158335872597
0.0565243552539
0.119730690083
0.0685062513472
-0.0173033614761
-0.0247843299197
0.0810426413523
0.0599497059941
0.0833545170234
0.0478183070039
0.060045149011
0.119216700406
-0.0108404068236
0.0537189095358
0.113852329633
0.109136146287
0.0790152640178
0.0237133990555
0.0168681897039
0.115974860765
0.110649320919
0.0839431229022
-0.158901401819
0.0885739741735
0.0601448356598
0.0638324207803
0.0425770825084
0.128699122533
0.0478901700787
-0.103622115783
0.0603226374318
0.00852209825988
0.0336542767217
0.028819362062
0.0592610158871
-0.0356848648611
0.0786300916068
0.0395304316292
-0.0271382312314
-0.0812549296083
0.0658195470293
-0.0020769756646
-0.0159613665376
0.0853268924427
0.0140218886742
0.0760573460211
0.0677149423297
0.0692730607899
0.0593376844304
0.0593752588015
0.112969357771
0.0312164985167
0.030199596769
0.0934854665948
0.0133805229392
0.101925159189
0.106311150994
0.0948038932838
0.10510137711
0.0836922701766
0.0756189070381
0.0415267042278
-0.0546184359177
0.0707660782938
0.0861400270836
-0.00954473116575
0.12878240671
-0.0156400724796
0.015300162403
-0.0824927843376
0.119998307574
0.0163772664868
0.0890832972595
0.0577253925026
0.0704529238441
0.0954048090119
-0.0669549549664
-0.0434568334666
0.00500947301358
-0.0135621197306
0.0198400947143
-0.000819409944603
0.0816563934225
0.0955650735418
0.11841868726
-0.029311325322
0.044480274453
0.0927423247042
0.00987828833485
0.0173722784314
0.0589190170606
0.106358391642
0.0753269380207
-0.033500460467
0.0869941046568
0.0599017840735
0.081754098665
0.0273987589855
-0.0539872320036
0.114497013241
0.037655575803
0.0414847813527
0.107841398313
0.0132225603421
0.0746553168
-0.0416233230154
0.0800679508512
0.0495830062419
0.102720302803
0.098228364028
0.0497188599754
0.0600250286265
0.0030508804467
0.119796863396
0.0939507331989
0.00834615052227
0.021237367576
-0.041323078514
0.0151745058532
-0.0287334958416
0.0114628590982
0.103230946814
0.0424614842729
0.0449832279387
0.0258534513505
0.0326611493543
0.0992430894882
0.012797252489
-0.0803871187843
0.037199086145
0.121317386577
0.0747973647743
0.0895722552822
-0.0490055387159
0.106120561377
-0.0252858662065
0.0413066497344
-0.0156889388184
-0.0190959538479
0.00674478880601
0.0221955032941
-0.0193965686769
-0.0257591501412
0.0555115121055
0.0488908836127
0.0938375861005
0.0929031887939
-0.111524879323
0.104039045555
0.0680639922244
0.0126824935299
0.0351915938728
0.037520912389
0.0996830126653
0.0257924596899
-0.0473007448885
0.0662736849715
0.00222026968894
-0.0261564181331
0.114252711721
-0.0154104819053
0.122604682568
0.0102323897402
-0.0237449686393
0.0843291271987
0.0297478018159
0.113579187467
-0.00258067655145
0.0743027151173
0.124417021253
-0.0697092030484
0.0906403556314
0.0716621655534
-0.0184096641907
0.0739542982199
0.00544102306353
0.0696808853093
0.043247582824
0.0629218114388
-0.0113438079358
0.07045985184
0.0450364495047
0.113980633109
0.0425074768284
-0.0151359412779
0.0548940517944
-0.0125888457489
-0.0048514479721
0.0156491567414
0.0786330868682
0.00781800260882
-0.0357195848785
0.0588335052868
0.0175110341973
0.0691615100492
0.0903704995156
0.0406380846919
-0.00671754852976
0.0660556746321
0.0562344403994
0.0845524342356
0.109660161812
0.0614701763541
0.0632437717169
0.135920825312
0.0957217897448
0.0465405814213
0.0777646142723
0.126000480414
0.00261542172014
0.00880020293293
0.0722689372813
-0.0472672689922
0.0285409101449
0.0545010133148
0.0330205910651
0.0268695632431
0.0614321460885
0.0860834287367
0.0305398375357
0.109482635293
0.0372691570996
0.0426359657259
0.0859048884431
0.0730692972455
0.041199046267
0.0622405763094
0.0700019940012
-0.00776664696021
0.0273363104467
-0.0392326531655
-0.000789400529697
0.0311718104634
0.0845191516145
0.0956241060553
0.0631190997169
0.0917640453582
0.0792610198647
-0.0256275708229
0.0273974275945
-0.0130423451033
0.0344646819058
-0.0215672377571
0.0739736619294
0.0443525144781
0.057919813256
-0.026468378665
0.111959255266
0.114642900989
0.0164626680721
0.0261191186212
-0.00417175056557
0.0711530987252
0.00349257468707
0.136237964371
0.0428783899252
0.0292343361191
-0.0735961391023
0.0709128174332
0.0414857162289
0.0888722163942
0.0583986520026
0.0343238508707
-0.0374662259858
-0.184030996882
0.0495752458001
-0.0242538680145
0.022440733534
0.0426748863095
0.087177970133
0.0613580488558
-0.0110980819956
0.00181938178706
-0.00154745101656
0.00644753788408
-0.0329836003327
0.119311164407
-0.054629104888
0.137577366707
-0.0685593294195
0.0658404834486
0.0820639796368
0.00716685528164
0.0150844822969
0.0291564644966
0.0468099001678
-0.0357645600661
-0.0105405976778
-0.0544985679161
-0.0822529336152
0.0763015864021
0.0958028969835
0.05521913974
0.014208582911
0.0889752959169
0.12332139793
0.0948707164862
0.012420150141
-0.0322270995534
-0.0161993955431
0.0981091942616
0.0162457169448
0.0111263726622
0.0375156705829
0.0375907190299
-0.0221125655601
-0.0915730711504
-0.0145391563027
-0.0277415006997
0.0866935415251
0.096806457837
0.00597439553836
0.0319269747314
0.0307414030494
0.0384471082374
0.0242055027889
0.132794213898
0.124876094513
-0.000477053243489
0.0132856597221
0.096026601948
0.0708828129509
0.00818063694018
0.079861814401
0.073057311155
-0.0619102638309
0.0616337249036
-0.0185358128008
-0.00404102139741
0.116903924613
0.101500595116
0.0797843649965
0.0416406329044
0.0939321037492
0.128776216751
0.0432931170301
0.077277837165
0.00151514852935
0.00745059962666
-0.000413955955924
0.0806439409668
0.123069364484
-0.0187213553235
0.0772090587306
0.0271447896062
0.133225687351
0.0317328647478
0.0225169481645
0.0813308763831
0.0691327581694
0.142852688094
0.112592348775
0.019626297812
0.0909545555667
0.0303720105335
0.0907495907446
-0.0254813756896
0.00770911025916
-0.00914678276145
0.0331933850876
0.0702228434037
0.0764603647693
0.0676091230349
0.0298538554116
0.0979937814219
0.113259950541
0.0101146807594
-0.0444576035716
0.0366653369656
0.0442353125669
0.0259519101809
0.077046595981
0.0427469496394
0.022434947233
0.0929064222641
0.0887898073417
0.0533539038882
0.0292838610296
0.10610239359
0.058002844536
0.102106451406
0.0481255082021
0.0577470611265
0.0789022144309
0.0862765329587
-0.0565132023301
0.00203364299795
0.0655022611567
0.04927536706
0.0692627098806
-0.00908626720975
0.0496786528034
0.0089114989025
0.0422603288783
0.053116881164
-0.0195174854447
0.018591854889
0.114422561993
0.130859753578
-0.080055327875
0.00856565653447
0.0567285241585
0.112782057469
0.0770152994987
0.00319749482393
0.0683970061187
0.0105804604573
0.0510363275699
-0.0236116098724
-0.00492645203422
0.0247496141522
0.12090371481
0.0297920595818
-0.0141971949364
0.0746036352693
0.0951444113321
0.0291609257498
-0.0173138550472
0.0076018482364
-0.0929441952359
-0.0357053686827
0.109114597356
0.0586694613833
0.0418243481058
0.0814651748175
-0.0456766015478
0.0244546985622
-0.0135259141491
0.0431823528437
0.0151836644111
0.0611877206716
-0.0670705197522
0.0715621700574
0.0629561682012
0.0986971147098
0.0777674460195
-0.0834993038178
-0.00404326377665
-0.0223471867417
0.0403884854114
0.073465845365
-0.0254510001971
0.0778363777296
0.0874185172567
0.0190815864156
0.0435830946081
-0.013287484742
-0.000216001711348
-0.0194135198329
0.0608759277595
0.010857805675
0.0985033611335
0.1256480429
0.0572172759644
0.121799707473
-0.0486603698129
0.0967772635598
0.0637541285586
0.0659781763702
-0.00895421992781
0.0904866006619
0.0767692085022
0.0493695790834
0.12421433372
0.0617053000406
-0.0420684255795
0.0920521627039
0.000189085997649
0.0733456343496
0.07196207302
0.0806019862526
0.0260870869393
0.0908730671707
0.10885538313
0.0347342010409
-0.00533072781918
-0.0561356941694
-0.00576024691353
0.049326618971
0.0383644738484
0.0343213701203
0.0573784524221
0.113372946387
-0.0676612098691
0.0708780282341
0.0170311682519
0.0142654799019
-0.00182108228045
0.1059042313
0.100621299373
0.0342247546221
-0.0709874776793
-0.00539173755417
0.0847382712438
0.0155022891345
0.00500925300359
0.0132726794511
0.0276283799818
-0.027570748074
0.0431182910525
0.0658036728352
-0.0692913560241
0.0682562035617
0.102783227642
0.046600903377
0.121190126076
0.0214195114733
0.127579071261
-0.0287896083636
0.127916797242
0.0739086736311
0.0294655198259
0.0819380485869
-0.0156864342544
0.131796742442
-0.000376290310684
-0.0136395760769
0.014436447981
0.113504929628
-0.0194865964513
0.0647703576705
0.067054678315
0.0583323632342
-0.0644516637923
0.0191736552915
0.0390632712685
0.0359840711788
0.0948406990924
0.032847485473
-0.0527478621484
0.0318393954114
0.0677277322873
0.0667141213773
-0.00202013729607
0.0798063085899
0.127045371327
0.0407403958279
0.0436262396413
0.0212851813598
0.0587394913582
0.0703286059056
0.1082807048
-0.110214901928
0.0292989390943
0.0147724412141
-0.0416435617485
0.044421465346
0.0134732714124
0.00777500467158
-0.0217260121601
0.110568221093
-0.0308578525142
0.0755946549596
-0.00497886150545
-0.0209711291305
0.116985823016
-0.027094170155
-0.0326969492978
0.0619476064285
0.0491282922527
0.0219773947921
0.133337236339
0.0529771760251
0.0682384193981
0.0934400000263
0.0232817947126
0.0933951979214
0.0398846602492
0.0818572656464
0.0944258685617
0.0160571391406
0.107399027287
0.0682056761694
0.00135643558413
0.0336358231104
-0.0385053166159
-0.0227533761828
-0.0604241108604
0.0386275543545
0.03177634095
-0.112313120808
0.0903143403387
0.0777348551549
0.00682023922279
0.0706356751591
0.0387081408743
0.111592580123
0.114325012325
0.045607960406
0.084506178177
-0.0393633347862
-0.0258103104758
0.0192133864992
0.12759051851
-0.0845007018248
-0.151123199774
0.0341538439618
0.0963328996718
0.135340290364
0.0423134190208
0.031296644519
0.112069291629
0.0559960373863
-0.0753071038171
0.0183846194879
0.040301108008
0.0644265984967
0.0546331231543
0.0480763641207
-0.0227434093386
0.097851056487
0.0341044962086
0.0789860782678
0.0417848876404
0.0106348064188
0.0875649824294
0.0400466101848
0.0374538140488
0.0787458525994
0.0133918727464
-0.0562790117001
0.108143130896
0.0182912164942
0.0611877289646
0.0821669514883
0.0129294015702
-0.0642466450108
0.0427556097146
0.0691337595343
-0.00539611694429
0.0795276984302
0.0161280475258
0.000111551877667
0.0299309347411
0.110765319908
0.0767936187527
-0.00598947557183
-0.0775712555418
0.103666305754
0.0146216392353
-0.00610793873405
-0.0145187539155
-0.0102784448679
-0.015256771533
0.00367141101326
0.0835643100512
-0.0334849969603
-0.00146185954672
0.0126761262851
0.0285013503808
0.120848234828
0.0399854584121
-0.0531174160729
0.105189100261
0.122781095971
0.116437420991
0.016202299576
-0.00171111041296
0.053733966287
-0.0371996365288
-0.0320074508127
-0.0489354297857
0.0963620305793
0.0276929654382
0.0313123322017
0.0592737512783
0.0287084801783
0.0372219586919
0.0328537597367
-0.0195682057195
0.0296551979974
0.110725737034
-0.0671000724364
-0.0204432899897
-0.050232443122
0.00546178189246
-0.014719873088
0.0205745209537
0.0600393592005
-0.00245490425106
0.062691348779
0.0378779106289
0.0890258677823
0.102038934107
0.0975497359897
0.0200071334621
0.0447274459699
0.000651091586636
0.090853485534
-0.0358046960903
0.102442437492
0.0859886758232
0.0514539831675
0.0184584262442
0.0733995795183
0.103997462643
-0.00147394288734
0.0233104861707
0.0524711503955
0.0376170120903
0.0339038384341
-0.0487006173384
-0.0503867244237
0.0698099629849
0.115998320625
0.081830388825
0.0296037024726
0.138511064709
-0.105646654894
0.016637095564
0.066541383408
0.097671673314
0.011673731362
0.0794138389616
0.0758539159465
0.0427092384251
0.0610089211328
0.109695948618
0.0749000686165
0.0987014021239
0.0984807550021
0.0704570705263
0.0582469469295
0.00778480199325
0.0598179943613
0.0740227415264
0.0659310510754
-0.026872183171
0.0246049790819
0.0972359611616
0.040032973219
-0.0117455244617
0.0728696988668
-0.00216993106705
0.0621991377611
0.0979115314827
0.0862722820051
0.00788495674818
-0.0256355881428
0.0847618844328
0.0280473733246
0.0324309380225
-0.0530000211719
-0.0263859473173
0.0105106756076
0.125816623182
0.0876455705286
0.0757651930994
-0.0485477979378
0.0978052743606
-0.00987471050317
0.0482314042652
0.106023510281
0.0343033661352
0.116409936606
0.088597680872
0.0302701123453
-0.074083380449
0.00747562541409
0.0746157501877
0.0205642129541
0.0769303539281
-0.0973860821276
0.0497956232769
-0.0240661850176
-0.0495523485096
-0.0368277874183
0.0845319175554
0.0721134865703
-0.0113568352792
0.0401975124583
0.0329427493271
0.135471197855
-0.053811114582
0.114320365408
0.052488508178
0.0378971209272
0.137400408545
0.00818389091044
0.118369190585
0.0596052428497
-0.049800771707
0.0887632927301
0.0378837328502
0.00251790791033
0.013375923326
0.104719773071
-0.0605634909458
-0.0291449690172
0.0785846634356
-0.00941467869032
0.114778907596
0.0787592411433
0.0293852116127
-0.0303181178529
0.0846657670025
0.109411079948
0.0801619967352
0.0606419426833
0.011315371577
-0.0323355340229
0.0371969723026
0.0488474301811
0.130744807953
0.116559271624
0.0109925819414
0.0627655443834
0.107453525498
0.124111610972
-0.0171537055331
0.00939993329631
-0.00214396967879
0.00835966125345
0.0138020518847
0.00983834905917
0.128043149583
-0.0736111304049
0.00757845988906
-0.10933322845
0.0135344935923
0.0238614689219
-0.106160498366
-0.0766137612647
0.0735472335694
0.0589433576456
0.0240663635535
0.034788139047
0.0484380326745
0.00104711870728
0.136515618033
0.0216927217941
-0.00717461797683
0.00109840897702
0.0448074910375
0.0928304986943
0.0250557691881
0.0691253920959
0.00534662249125
0.0763682793981
0.0565568960248
0.0532245376709
0.0177734609709
0.0256628800915
-0.044380988458
0.0512063267739
0.0494655505692
0.00706296210252
-0.0405902194328
-0.0113707008055
0.0233592012866
0.1375609649
0.0872616035216
-0.11711265103
0.0287669433004
0.0639813383965
0.12010210725
0.102170508584
0.0017486640456
0.0163328911552
0.068337376423
0.0689717734525
0.0611235328467
-0.135492669365
-0.0181862945554
0.12054177072
0.111043381868
0.0577819389183
0.0268757969596
0.0591616316396
0.067864716363
0.0592558250201
0.0777002130925
0.0746521019453
0.0531679912615
0.13591513824
0.0468604622937
-0.051906029826
0.100028264325
0.0769757217603
-0.00800269457427
0.00769233623987
0.0603860163357
-0.0629025917144
0.124305637426
0.00638587476741
0.0837451516832
0.0246255627998
0.0634743063437
0.122154818805
0.0835762324446
0.0763487935394
0.0129919265678
0.093869780755
0.0964306918676
-0.0510884795772
0.116460157061
-0.105892188745
0.0160188494732
0.0314658658749
0.0229857081225
0.0310544418101
-3.05067887529e-05
0.0683406662863
0.0724330271948
0.0593329464896
0.0747508911016
-0.112252059601
-0.0485629826822
0.034680473442
0.0557699708295
0.0673609939466
0.052378238525
-0.0606307892242
0.00440021233802
0.0550094804951
0.111509163076
0.110285414576
0.0253713758686
0.0416595918946
0.00558458912383
0.0434306639559
0.0362478192328
0.0882966240337
-0.00740581555297
0.127729212623
0.000234378611261
-0.0193207156591
0.0874554084789
-0.0237164391398
0.0739485962431
-0.0565870530693
0.0670680510535
0.0926971801012
0.0675731956575
0.0353738693341
0.0234898279614
0.0655650390104
0.051643093192
0.0906908792297
0.114694942879
-0.0382235863585
0.0686853565594
0.0266177493965
0.109144625425
0.0498263321856
0.0228770799317
0.0536173536409
0.0675858112764
-0.00944128004361
0.11687767331
0.0544927291101
-0.0139717223861
0.069720184894
0.0299653032554
0.0870642429508
0.0332167465651
0.0901459298647
0.0143426754783
0.00595370337949
0.0929290630877
-0.00462617761203
0.0868922016329
0.0846783085765
0.0251276238601
0.0308168662129
0.125771612335
0.122113152195
0.0681082096982
-0.0422026295238
0.00377845732482
0.0576371775799
0.0206222135585
0.0794144893426
0.0331361233872
0.113917532267
0.0845545984774
0.00805612624178
0.0702638468298
0.0513439712952
0.00274203943084
-0.0690000752523
-0.000550285790881
0.0567709358067
0.0138149293518
-0.0707754929284
0.00179246499798
0.0670439276795
0.0636215466854
0.114719604649
0.0354777242125
0.0577715289736
-0.00737036904954
0.0478010890276
-0.0505499200784
-0.0127018572378
0.0737982492828
0.0840149604229
0.0307793669315
-0.0115714581632
-0.0305868178173
0.0305937177468
-0.0159161244214
0.0639728758266
-0.0738232338661
0.0510570887275
0.000364602758644
0.0539924361174
-0.000736707731649
0.10174588251
-0.101897687375
0.0751336093562
0.101748902448
0.0219162650361
0.0689031238018
0.0586251725935
-0.0395126369866
0.0689832076232
0.112085262797
0.0825375285305
0.017876962447
0.0115212047658
0.098334112285
0.04872894506
0.0219881247218
0.100706904059
0.0546774408388
0.0498332387542
-0.0361316517028
-0.0404255521755
0.0529997990844
0.0683232237006
-0.0409344066365
-0.0188950216405
0.0791091439976
-0.0109291213152
-0.090175558203
-0.0263583260951
0.0506732571284
0.0812686613125
-0.0298720925234
0.077676817107
0.0746068287176
0.118817372776
0.0825870204594
0.111663914549
0.0899452679346
0.00834286720265
-0.0224031633436
0.119277167617
0.0545537429629
0.0445386228465
0.0291882921263
0.0775405527129
0.0177287015365
0.0880680110462
0.093453467315
-0.0342100200435
0.092925562149
0.00469184945
-0.0117730815597
0.0619986036574
-0.0322066592594
0.106417288989
0.0868544109997
-0.0151667512808
0.0925505187367
0.0287161982797
-0.0128461800793
0.061653457359
0.117465629338
0.0159631427794
0.078313528909
0.105114543964
-0.0282908092178
0.0537727658902
0.0128540364497
-0.0113190582918
0.0813075614409
0.0233710556831
0.0600997203533
0.0359674824842
0.0177399009171
0.0710502141064
0.0701907246002
0.0801594874598
-0.0452172828536
-0.0397718126629
-0.0525774471112
-0.0806106021961
-0.0160839305189
0.0328484853927
0.0569712182611
0.0427544740594
0.0350648884379
0.0679688430745
0.045497590317
0.0721332993341
0.0539744712083
0.00222270653061
0.0925415075139
-0.0117963034206
-0.0342132594978
0.0978440734535
0.0365545248109
0.0696677046688
0.0552147821721
-0.00205365900411
0.067815313149
0.00757982608604
-0.0768303053706
0.0448802285615
0.0442418080104
