0.0588385737195
-0.0136854838728
-0.0198592031638
-0.127254001765
0.0960559387339
0.0669688679143
0.0201548705549
0.0148106098916
0.126404858786
0.0820838284185
0.0181993986494
-0.00769517674802
0.00826167990088
0.0690660493424
0.0462454122292
0.105819737749
0.00582120212984
0.0444744749758
0.0670767983803
0.0457675432993
0.102516197049
0.0336452218483
0.0895827592667
0.114281282067
0.0692227955668
-0.0339776172303
0.0942609187695
0.0513661454763
0.0784273160277
0.115013707357
0.0639883939977
0.112187476355
-0.022338116512
0.0240257558265
-0.0125641058802
-0.0157369370403
-0.0920907942863
0.111939676418
0.0194767012732
0.0197274331537
0.098940116062
-0.0222868496193
0.00205845757378
-0.0299173689225
0.0520322607316
0.0347182539144
0.123621131646
0.0527179529358
0.0119123600129
0.01204595554
0.0953193804029
0.0771673593295
0.0326344010051
0.0260015394479
-0.00126195405641
-0.0521942649528
0.133821307714
-0.049242804391
-0.0368720281027
-0.0447764465981
0.00479067375105
0.0676717943207
0.0816630543192
0.102486288894
0.0724397875593
-0.0761186475661
0.0346106957636
-0.0590588455687
0.000964029819789
0.0636128433745
0.113036299697
0.0833639608088
0.128564986695
-0.034274490232
0.119181165145
3.91856303441e-05
0.0507633577069
0.0679804466592
0.0548994111626
0.109612626363
0.0522625457902
-0.0297818484522
0.0427987082522
0.0378630439699
-0.0425731884435
0.0730747002014
0.0525872932245
0.143426984238
0.0183925885438
0.0685789270623
-0.0401553446299
0.0858778429857
0.0363393861991
0.0854507429198
0.0795015234521
-0.0432764709079
0.11600230087
-0.0256572972918
-0.0260514053507
0.024476900789
0.026443648008
0.0617579569075
0.0937046535965
0.00235642193397
-0.0178688895925
0.0145224621135
0.121733838161
-0.0222851563969
0.0806946176083
0.01975647035
-0.00945316805876
0.100149996832
0.0943109051059
-0.0289739449939
0.0322267221137
-0.0483611187796
0.0856116030204
0.072356422564
0.0868111396227
0.0737975288532
-0.0154905265208
0.112604125551
0.0147084195356
0.0323716533263
0.0983000924305
0.0439154211918
-0.0846611117268
0.0692053126455
0.0532366051186
0.022727401386
0.0246853143021
0.0400994757248
0.0633724993153
0.0206521396509
-0.00826189607284
0.111558254923
0.0314693910293
-0.0403747312231
0.0493002156625
0.128891390574
-0.0227153091984
0.0181175337211
0.124218168428
0.0327922267073
0.0585123083249
0.0957501143175
0.0758462180791
0.102232468758
0.0674411360466
0.0494990745442
0.0892109270291
0.0281999720021
0.0802454036381
0.120229892215
0.0882723134276
0.0484210833421
-0.0307656311354
0.00527353413377
0.0292585009771
-0.117573190702
0.0940749562974
0.0603611149507
0.0237954455472
0.0553678532568
0.0826569681347
0.10179206962
0.100576390462
0.0142497515561
0.100793218078
-0.00689341682609
0.0372782232292
0.0557716853765
0.00931132419064
0.100402701031
0.0945981873036
0.112617158505
0.105911682067
0.0528399297929
0.0428206264402
-0.0359004721458
-0.0449347893999
-0.0158759288155
0.0395992556685
0.0275918219373
0.0423244407384
0.0527187471898
0.024433989921
0.0674665972798
0.0307123442208
0.0505778178352
0.0479833761351
0.0309782136538
0.111960974986
0.112444307646
0.00956209015455
0.0318444553631
0.127344994775
0.0187259678477
-0.0138572363606
-0.0453532803761
0.0370328872381
0.0101327289249
0.102816074485
-0.00692522111343
0.0516037197165
0.0811553144073
0.0845341201513
0.122421764732
0.0150418248685
-0.0663813049953
0.016590833519
0.121670167657
0.0463587942804
0.0608903109172
-0.0198658505331
0.0776024720787
0.109006719806
0.0352095656714
0.125899455126
0.0619982043494
-0.00145612441911
0.0231371154744
0.0887162264652
-0.0380625872975
0.0263344262436
0.0115444876562
0.0290393184865
0.0019698518987
0.0738038445643
0.100440103411
0.0371002587763
0.0430979700902
0.0891611828052
0.115651535446
-0.00764750348116
-0.00060913615118
-0.0191475551115
0.0489952806623
0.0990502172004
0.118691344136
0.0390857765
-0.0224736349426
0.0824325995219
0.0596062357433
-0.0813592224292
0.070872665763
0.0970809792997
-0.0447688577923
0.114800548542
0.0850748428673
0.0636142095637
0.1259468687
0.048339389563
0.105260556901
0.0242686093752
0.0495725528035
0.0915217742746
0.0169832382308
0.0552896596199
0.0674843229723
0.0542268299256
0.0306705130049
0.0208801733733
-0.00949614281837
0.0692925987726
0.0381002625919
0.00527467683352
0.126049927358
0.0115819507975
-0.00158824740935
0.0332683749771
0.0761842727751
0.146345331234
0.100412140982
0.06365653331
0.137014150137
0.084978251738
0.0875688519468
-0.0493173445484
0.0811461676109
0.0850915731848
0.0453839719467
0.100207995902
0.0837989727787
-0.0240701788146
0.0795794156299
0.00115841881204
0.022569024462
0.0700860798586
0.0973252233324
0.0455860898696
0.0322706283262
0.0743621061805
0.0813522900387
0.0766198218409
-0.021385043955
-0.0125017524686
0.103267647148
0.0245151372174
-0.0464971632652
0.035860724362
0.0491836014282
0.0487810928205
0.056676103126
0.0931013594243
0.0213000426441
0.00216537075029
0.021047295761
0.116515188692
0.076420162184
0.0728525209174
0.0287794722601
-0.0108754731639
0.0793178750864
0.115352146898
0.0293264039109
0.00475705390279
0.118432445224
0.0201584098993
0.0286279754451
0.0616354149921
-0.0126803584316
0.0897303327941
-0.0131306934825
0.000817885923764
-0.0216676528285
0.0435908089394
0.0828289083496
-0.0188385874217
0.00336916963183
-0.041638110101
0.0681662699131
0.0680456490277
0.0829639298488
0.0723897569641
-0.0841031961101
-0.0185406003818
-0.126557879604
-0.00864515008031
0.0732775354039
0.114386867957
0.141955242254
0.0960476749417
-0.0368446970675
0.110647098067
0.0142650752671
0.0450788484478
0.129577811243
0.0584941670191
0.0270856039572
0.0506475918255
0.103706762599
-0.00615940755335
0.120559355976
0.102888450887
0.0726995741969
0.027936304563
0.125734655064
0.0196177017337
0.0658165046236
0.0652280886064
0.0912522511877
0.00556992843477
-0.0412470647698
-0.00925645705122
0.0682266944407
0.0726672279332
0.0602905729201
0.113306370392
0.12833481849
0.0609926339624
0.0944699419521
0.107779388732
0.104004914919
0.0511122120621
0.00858516333441
0.147251361201
-0.150701091478
-0.0225769283556
0.0982641846646
0.0962854214539
0.0615958410876
0.017965649751
0.112319018671
-0.00157778834971
0.0439388514808
0.0441399356523
0.100171527303
-0.104069839195
0.0546973425126
0.0525918486056
-0.0992386540708
0.0713513752859
-0.00333011301851
0.0249347658411
-0.0012612686928
-0.000457145641182
0.138654129448
0.045567146303
0.0608947210065
0.108956108411
0.00503680599491
0.0253618544008
0.0939410343127
0.0420981286879
0.0975430608754
-0.00681155020889
0.0515462179518
0.0520403176132
0.0574941954291
0.055888618444
-0.0353365496266
0.0550752851169
-0.0301483424056
0.0522417947796
0.110267802659
0.0501096436773
0.0206278834166
0.00657880538847
0.040896311308
-0.0386050718774
-0.000142036028162
0.124757449199
0.0690155852055
0.0658374343404
0.0158382102178
0.0545162638429
0.0439257655834
-0.00760647730977
0.0768385114463
0.0686396456243
-0.0197384506482
-0.0545467916462
0.0592035820904
0.094788963345
0.000254506165133
0.111710561718
0.0616314108118
0.134019448012
-0.00814532728305
0.0678624152938
-0.009990046593
0.0351907079182
-0.0573330024946
0.0752075053976
0.0547199246094
0.0307481519236
0.0536533722881
0.00336127256701
0.0860674490598
0.0593241834382
0.0202761427333
0.0634941886868
0.0222359979455
0.0431220244473
0.113992613692
-0.0203471259702
0.0258448772749
0.0817796671989
-0.0133017710991
-0.0105918824035
0.11779664255
0.0426736981306
0.0629297775885
0.0320512222775
0.0563910271043
0.0887443883268
0.0316491226973
0.108632864345
0.0855278251288
0.0963937284777
-0.0422783641951
0.0104230187545
0.0258400064406
0.0208233129243
0.112442189611
0.111200384595
0.0994342961179
0.0546109496806
0.0135304595827
0.0107683792564
0.0961909449475
0.0397309371022
0.0666501123281
0.0927636244071
-0.00474118869789
0.0305326417259
-0.00279493317082
-0.0084633230395
0.0617869801293
0.065160106027
0.085902911896
0.073693810398
0.0760587959093
0.118293152651
-0.0736594622422
0.0146901499171
0.0667521980212
0.0258072002978
0.0133096048455
0.101148239162
-0.024346093362
0.0654602399903
0.0180876804793
0.0373849996707
-0.0623843368092
-0.0324424287896
0.0364815705518
0.125812498198
0.0997725681024
0.00845874956085
0.00132323201099
0.10916948584
0.0164144231977
0.0809764179358
0.0525615901345
0.11498032124
0.0316302420624
0.0445371766477
0.0403476656103
0.0465104346171
-0.00935885754895
-0.00898636153804
0.120537476481
0.131283851653
0.121253978222
0.0797358909247
0.114149807226
0.0490283423079
0.0434436497507
0.109932597946
0.126781396083
-0.00888530906305
0.130869002612
-0.0361807368363
0.0939953952439
-0.0110644218675
0.121875200517
-0.0193253851327
0.020399193886
0.117459510667
0.100767111697
0.0521611089121
0.0337553685367
0.0883532642392
-0.000644094303905
0.0778750797559
0.111279017931
0.0774454906663
0.0163789591443
-0.025561046033
0.0489445109147
-0.0160582076916
0.0270693654627
0.0484275229501
0.0465872676256
0.00828354578001
0.0968439800323
-0.00400540744264
0.036471888619
0.0522014485876
0.00226189278073
0.0621323799504
0.0619225834858
0.0547696093918
0.0573216666134
0.0622732314406
0.118910575863
0.105407612969
0.0406514061918
-0.0478367215803
0.0987818782742
0.0275580842321
0.0577838360592
0.0725894585055
0.0236339799753
-0.00436131813264
0.101720569628
0.0388735803075
0.0920316891462
0.0318380460512
0.0426395804734
0.0354459769108
0.101993256377
0.0970665690849
-0.0278398624307
-0.045437870178
0.0688337008923
-0.00221276784619
-0.0154644653086
0.103646158796
0.139077409347
0.0521540558249
0.0778449522598
0.0854443071108
0.102621217854
0.119964745389
0.0318344376052
0.0394998330453
-0.0528524915071
0.106002030038
-0.0133454126728
-0.0333910037319
0.0484001146239
0.132007415171
0.0538120784331
0.0994514444459
0.0459794551698
0.0853280073472
0.0660499661671
0.0465055096457
0.126455322283
0.0550121276311
0.116219967081
-0.0195727083397
0.0748970769732
-0.0328089071574
-0.0204634384869
0.103497933045
0.0714157088656
0.0685378930675
0.0619296573304
0.092332659216
-0.0447562564196
0.0227315883905
0.0733141538443
0.0304807830106
0.129399106948
-0.0301938522817
0.0341404223301
-0.0779403365489
0.0451062171829
0.130925074959
0.0448295435993
0.00793057239098
-0.0615457080371
0.0868596022361
-0.0700135642682
0.119317838687
0.00540499959827
0.0128052748885
0.117759146932
0.0202856894542
0.104974003956
0.0504734988878
0.0911302352362
0.109946703504
0.0256289914067
0.0902973285747
0.0819972046469
0.130135172811
0.0979530804596
0.0939615153356
0.0580255793729
0.0760597198334
0.0597990811565
0.0140607330156
0.0614443437947
0.0447388652698
-0.0332702362215
0.000132003370174
0.0947623189564
0.0714024362373
0.120641237887
0.0565632626141
-3.54326338154e-05
0.0834280654526
0.00159941979865
0.0415999145964
-0.00768126559894
0.0385818606767
-0.00152813658037
0.0312777000762
0.0739969865441
-0.0135544329887
-0.0304475993046
0.112514673755
0.0137582712056
0.113097934389
-0.0116675225379
0.0297176248637
0.0424467560052
-0.0372182837647
-0.0193696440347
0.0804840644525
0.0421857000185
0.0165643029062
0.0134165203333
0.0556865948378
0.0549875142574
0.0560591836536
-0.012471997412
-0.0120356433855
0.113744427553
0.132616243948
0.0175376846101
0.103803384343
0.0925182347744
0.0918997097895
0.11794322697
0.0103338165676
0.121683754074
0.034247329394
-0.0251693262259
0.0312282495859
0.0370881875661
0.030188735264
0.0525950411266
0.0367213571913
0.0556105715974
0.077710904439
0.00120530532858
0.087037732703
0.106149375584
-0.0240108068176
0.0630881073893
0.0279631669944
0.0824574982475
0.035445345395
0.0555401228213
0.0369055152301
0.0458684472131
0.0567239895812
0.0175504062849
0.0852902794631
0.106283687289
0.0402315088526
0.0133375455735
0.0458442314407
0.087569910658
0.0618954258993
0.00829358498319
0.00886309587953
0.0910330062139
-0.0152906194854
0.0727615845634
0.114501483748
0.0880215681041
0.0412504048801
0.114929528062
0.071560661267
-0.0212112383805
0.0344698031962
0.109005276008
0.111430180966
0.0515219336748
0.0783582415687
0.10702229284
-0.0071243540686
0.0249612196418
0.038708560501
0.0691415976692
0.0735496634372
0.046746921979
0.103347224077
0.029345601473
0.0240096486529
0.0721658571098
-0.0336024928812
0.110137352726
0.0530429225739
-0.00444886932049
0.0757491264222
0.0446320015599
-0.0314546114881
0.049689335576
0.0485662852898
0.0895425967784
-0.0386235778468
0.0372280664632
0.0678379030736
0.111638736512
0.00467051666784
0.0216718584594
0.0262172547902
0.0210726507851
0.121770723057
-0.00621500637607
0.032353802604
0.0392181572045
0.00176084952046
0.044050325605
0.0323010645108
0.110218567176
0.0363589616554
0.0462101977125
0.0588891360689
0.0188064447722
0.0803182327155
0.0984028194576
0.0384539925291
0.0356758535383
0.082296586413
0.0941698086665
0.0578743355931
0.0199573923635
0.0498237364753
0.0780550173692
0.026538895149
0.0380704879722
0.0309401338177
0.0999437219813
0.0512652541622
-0.0091426953215
0.135193928002
0.0771407997583
0.0351776549759
0.00109653063309
0.106184242545
0.063314839199
0.123065730254
0.107842530784
0.100768135301
0.0938810112623
0.106145696986
0.111644223659
0.0212548411637
0.0406106171249
0.0145099722259
0.12205886747
0.0739747924068
0.0640072192689
0.0681968726273
0.0908997194638
-0.0297101990894
0.121922415551
0.116470470067
0.042223269416
0.0841591779289
0.0279959731497
0.038357039916
0.068369895838
0.0980308317097
0.0881015837451
0.073081217516
-0.0216018924389
-0.000539735355309
0.0798165645238
0.108910652836
0.0636869346481
0.108964078789
-0.0117269518095
0.00483921874396
0.108166346594
0.0861360867862
0.0226798701006
-0.0789245583616
0.109316036266
-0.0375407365305
0.024231005383
0.104424410408
0.0212904648757
0.0308269892893
0.115239111029
0.0877836859508
0.0962375318019
0.0617158003182
0.026727689322
0.0912021836265
0.0891770921474
0.00813119275144
0.0834117416395
0.0437781950405
0.102316207582
0.0542815746389
0.0554434411131
-0.0100435288801
0.0949832611884
0.0435106723638
-0.0416175191678
0.0471365404773
0.059971857246
-0.0352587194203
-0.0183331332039
0.0657059774494
-0.154234969032
-0.0555462009627
0.0241394571488
0.0767483167984
0.00496994663638
-0.02882095897
0.011869455696
0.0641903068038
0.0944633338731
-0.0419258599356
-1.17675450184e-05
0.102742469224
0.0480851645026
0.0666856120495
-0.0960643123593
0.105772066597
0.00487635402019
0.0641109754305
0.127814877377
-0.0018403613853
0.00866556188282
-0.0310101352907
0.0253586881675
0.0960998478869
0.0223518846822
-0.00918076973525
0.0280503954911
0.0452023161745
-0.0482859000015
0.0611666807485
0.0269022097191
0.0717059978943
0.0373995902822
0.0479655361318
0.0783860123774
0.0264042259891
-0.0742373175886
0.109309867511
0.0235831879123
0.0549819168236
0.0514191576162
0.0576610886393
0.0500135690408
0.0798699860439
-0.0341254937081
0.119914887127
0.0383894861895
0.0429967836966
0.0586430977417
0.00474903132586
0.00815680040612
0.121215142119
-0.0484253882453
0.0481530430133
0.0639282069116
0.0110898744524
0.0497848257845
0.0152112841792
0.0366478787578
0.0237566354816
0.048609845044
5.23385533615e-05
0.0129809333252
0.0505292580111
0.0743403223341
-0.0163569938858
0.0702954396627
-0.0420762636563
0.060400836127
-0.00572159030439
0.0713322877296
0.0611999128716
-0.0428843089216
0.0183938708508
0.0491793498279
-0.0946936942315
0.0413668432191
-0.00530316607537
0.0833302087158
0.113821504695
0.0422571378715
0.0982257509014
0.0650464852011
0.00347441967486
0.0797846267633
0.023455796412
0.0912209255657
0.0584738074248
0.0516609317075
0.0964554430348
-0.0064652505582
0.12149888435
0.0959886065566
0.111989306598
0.12441945448
0.0853458399314
0.0369369805078
-0.0245665711637
0.0761463403503
0.0512316513121
0.115228352262
-0.0617680660386
0.0810790700067
0.102592971857
0.0268098767582
0.061741417372
0.0400378716669
0.127706835576
-0.0277994250829
0.0594362844804
0.102851362432
0.0180537614647
0.0540878729672
-0.0543195056183
-0.130374211976
0.0967207168148
0.0764954510635
0.114695017748
0.0189706426429
0.069078709821
0.0863509977072
-0.0102803355106
0.0700862855749
0.0869083759949
0.097491853267
-0.00488705035094
0.102876772923
-0.0237906578701
0.0298162618259
0.12708344591
0.00716210946578
0.0711068770388
0.123920643517
0.110439579207
0.123884989127
0.0141308183228
-0.00152603709439
0.134304285719
0.0043888044795
-0.0651475932981
0.023900777611
0.0413258929089
0.0682911101719
-0.0181142057586
-0.00137979020648
-0.0707333080177
0.0854287061285
0.0978165876265
-0.00158730440176
0.0923234138777
0.0585433433203
0.0497780558121
0.0782578244169
0.0609269868239
0.0381776721828
0.130575183766
0.0826657619609
0.0479170127044
0.0753892377186
0.102326297822
0.0344028004043
0.0619516578429
0.0263878933243
0.0719881186503
0.0269866456881
0.0233825650576
0.0620772175259
0.044034146528
-0.00260408779715
0.0420539406639
0.0111960216274
0.0052073432252
0.00906402353621
0.0452705895288
0.0747837102646
0.0901109508206
0.0827849485212
-0.00251644988562
0.089743256064
0.0725877368793
0.097952940348
0.0242577443814
0.0520870420793
0.137645839611
0.106853287017
0.0610099209442
0.0980884784422
-0.0158627620238
0.0384185360533
0.0400556651078
-0.0178179492828
0.0575278439156
-0.0205534202993
0.123043847416
0.119861456874
-0.0185262832939
-0.0482816436205
0.0155953969194
0.00878637164781
-0.0555623192139
0.0439074317179
0.0311969941194
0.0599933526208
0.0148510470755
-0.00545860203358
0.0927635967682
0.0383126242257
-0.00312888272307
0.0670157508145
0.0765299790504
0.038918182026
0.0738122879551
0.0472521593512
0.0988004668206
0.0823327992325
0.00083515863712
0.0980735637374
0.0153029713085
0.00616676394714
0.071144924006
0.0109905961122
-0.055265959745
0.0315245078483
0.00936694294458
0.0226925771155
0.0247519403217
0.0403104269856
-0.0190500629065
0.029983166808
-0.0356636100218
0.0481497743814
0.0355239492371
0.0801699803597
-0.0106992428628
0.0743346244348
0.0135013018667
0.0647654299935
-0.0663354501716
0.0375310728413
0.0481253190321
0.0739649914709
0.0875003965169
0.00308337407553
-0.0209509354873
0.13060112975
0.0740784187179
-0.0126749789759
0.0978793189758
0.0997891734871
0.0563365267664
0.0403795098253
0.0459745723681
0.0166040925874
0.0937792058042
0.0623061019111
-0.00696302578551
-0.105317105246
0.117707201489
0.117388930116
0.0448316358572
0.00348568405394
-0.0458643152434
0.0703223111525
0.0551966616371
-0.0122531228328
0.0832577195423
0.107638483236
-0.0392592413935
0.116597161679
-0.00971249909874
0.0731673258237
0.00605821149266
0.042391127808
-0.0163049586438
0.04241881205
0.0455087492237
0.044327111151
0.0763950268608
0.0955593954667
0.0810685322511
0.130129720938
0.0995151344972
-0.0693082459444
0.0879116026696
-0.104190706975
0.0166064424149
0.0239115688579
-0.113067837583
0.0725803867351
0.044603111714
-0.015857670506
0.0736919359565
0.0642260591137
0.0062082304747
-0.00296930090261
0.104255628108
-0.032504946429
-0.0192598119915
0.0175556715092
0.0213947247183
-0.121818748173
-0.0105847160412
0.0246145332938
0.104702878591
0.0158395848748
0.0344275733645
0.0859128182874
-0.0588158769074
0.0438032586455
-0.0383612105321
-0.017230391346
0.0553070712905
0.0948278597626
0.0662310715749
-0.00153015231965
0.0629503905384
0.124250859125
0.109243522327
-0.00616317734899
0.11879758782
0.041124744623
-0.0232154505582
0.0962852709432
-0.00659316270403
0.0571090944223
0.0114467159122
-0.0974226357837
0.0352822898559
0.00287774675604
-0.00192108505707
0.00792146907055
0.0789540679374
0.143897873985
0.0096208988262
0.107342279556
0.102765319119
-0.0376789994079
0.114985858188
0.0231813191606
0.1037470955
0.124254222835
0.063187009401
0.0233002642653
0.0379246077475
-0.00816948290547
0.068053722865
0.0360004263911
0.0911157749592
0.0635049182501
0.0481289520561
0.0553435049923
-0.0321704455626
-0.0627449217902
0.0628787836319
0.0178610546345
0.0796162004819
-0.0372876570616
0.0303521653826
0.0318812866133
0.041912187791
0.103013745964
-0.0844726286278
0.0166961154547
0.0589962175902
0.0110279245997
0.0899283312848
0.0936929596662
0.115551523843
0.0204728094731
0.11278839578
0.044128200636
0.0432766092499
-0.0447177404819
-0.036275192489
-0.00231383015626
0.0426107187845
0.0797969003126
0.0902584115612
0.0209397235234
0.0791041717854
0.0671214177261
0.012504157866
0.0875224414135
0.0246599921365
0.0325119151818
0.020189793064
0.112787645788
0.123248247174
0.0397906074132
0.0408091734089
-0.095480548053
0.0413220340668
0.12236734255
0.0101462080722
0.0869684613616
0.110466087468
0.0889040785424
0.034342772046
0.120142929975
-0.0239795922356
0.00519057754422
0.0791598849488
0.0414447572892
0.0128087515976
0.0655734765491
0.0620956227608
-0.108468846152
0.0257547853434
0.12266156448
-0.000415544706478
0.125750643755
-0.0258780345101
0.149636115697
0.0249016656413
0.034429230449
0.0270223726555
0.0792055457878
0.0404977687279
0.0368377841427
0.0135575527815
0.0057181577692
0.0335608539294
0.12325549209
-0.0496343337335
0.119120143372
0.117489414623
0.101549935572
-0.0216300520037
0.00182222281615
0.135927686203
0.0572222885409
0.0444428031348
0.0991293116107
0.102273796016
0.0160614872198
0.075303846925
-0.0122647829038
0.0646623482131
0.0804013872683
0.113505865711
0.0575079493876
0.106163516858
0.0186799606422
-0.0163661358044
0.0466469904847
0.054339460914
0.0468755861439
0.0383699990937
-0.00592341227958
0.0979094830261
0.0601519985155
0.0637739305962
0.121663970358
0.0805492014658
0.0435929074766
0.088774925425
0.0777953449333
0.0671577827476
0.0653949399465
0.0795018382918
0.0609369731155
-0.0505698614563
-0.00472318565527
0.103543893159
0.142555283176
0.0417495092565
-0.0486541571028
0.038974347378
-0.0640608237155
-0.0874511882765
-0.0285210269375
0.0774124163767
0.107899105182
0.0198463114786
0.0935073494346
0.0801751582485
0.0214788198795
-0.00463007767853
0.115171241723
0.00627438549177
0.0604384305363
-0.0364532179127
0.0418389059754
0.115009559216
0.0567019821455
-0.0299324240808
0.0436038832309
0.049496923961
0.0869879895284
0.118730542315
0.0368715480751
0.0607408868354
-0.0317094495144
-0.017959323619
-0.00410471494715
0.0886971836088
-0.0862647615535
-0.0195893095612
0.0869300586493
-0.0486111417464
0.105179128952
-0.00369948841811
0.0480949350717
0.0607301505853
0.0507733323708
-0.00172794654493
0.0322535277042
-0.0291507952942
0.121492950352
0.0483864442766
0.0635494148648
0.100795619158
-0.0852081956545
-0.0775905730726
0.0514049197628
0.0636777163689
-0.0241078311454
0.0655025189423
0.0224159440123
0.10992407088
0.000341140459719
0.021791265714
0.041003849234
-0.0764722570127
0.0341766751179
0.116546299373
0.104538685335
0.109829653433
0.00359596530653
-0.00484930429239
0.0889171138063
0.0792665423945
0.0306571214659
-0.0310707438719
0.069734821162
-0.0264137189862
0.0753444201595
0.0599003164804
0.0460564044505
0.0820554513129
0.101560875034
0.119856677193
0.0825259105038
0.0320735350217
-0.021462362722
0.0783864235121
0.0325760043297
0.047929398814
0.0546299566671
0.07595208831
-0.0129400454044
0.10378551976
0.030168771157
0.0204157688149
-0.0576885475428
0.105057561225
0.108871521674
0.0871846142944
0.0528471033247
-0.00404492789382
0.0401089070561
0.0352357394914
0.0259148781947
0.010315306614
-0.0465306865955
0.0262454370441
0.114832989364
-0.0105867680093
-0.0503563071649
0.0723976269433
0.107378749223
0.118327219314
0.0918279705557
0.0570198691456
0.103126584978
0.0352717481745
0.075443056762
-0.0307579138794
0.0174579723596
0.0242342655221
0.0468772142287
0.0649147849018
0.0660870765495
-0.0158227786294
0.00028657359359
0.0843419085419
0.0535745266774
0.00634286983315
0.0929317962636
0.0855185176426
0.000763306348883
0.067346297908
0.0344492756753
-0.0330910177148
0.0114630849966
0.0305768930538
0.064509901366
0.0590306167142
0.110819508614
0.120268181856
0.112466902328
0.0565222367135
0.0387117797272
0.0961734597027
-0.0723518270506
-0.0663785329742
0.101052040312
0.0444575188684
0.0537132265557
0.0487515807829
0.0704913837667
0.0237350531653
0.0302655345236
-0.0683614273721
0.000591221445191
-0.00188468668742
0.0762564696798
0.13458134344
-0.00100209468505
0.115161520516
0.0123269242534
0.00993905600969
0.0900486064905
-0.0231290115427
-0.00434429393233
0.050120714413
0.0261402012494
0.0989117459984
0.0398673276397
0.0365084076655
0.0264894077905
0.0883350279943
-0.0312278992455
0.109185649286
0.0654646930095
0.0705645100675
0.0348022679696
0.110168929032
0.0591156525654
0.00595769556816
0.0963168901755
0.0352412067052
0.091360784814
0.0918605638295
0.0949884523572
0.120626248417
0.118166889432
0.108944615107
-0.00473532353463
0.0381902268576
0.0565398227224
0.0231789225055
0.112187657247
0.122962395949
0.0475198664563
0.105462461861
0.0258709909506
0.111928734227
0.119538337567
0.0661961430532
-0.011252270074
0.0134845045481
-0.0221042689558
0.129195394026
0.056138041902
0.115083758472
-0.00529241302599
0.0902426940318
0.126152326279
-0.0302612842584
0.0241630839221
0.0149166625724
0.116840297925
0.0910056569393
0.115039903635
0.120658337252
-0.000954662041032
0.0971069312581
0.0690590570856
0.0285037599866
0.0464376592379
0.103690283132
0.0122996832954
0.0832794902976
0.0542160328295
0.0687221964215
0.0818641596775
0.0242620320963
0.10973104309
0.0192789827177
-0.0461910432371
0.0967337807294
0.0542652428651
0.0929919479852
0.0499359613155
-0.0662827784567
0.107804238572
0.123620162588
0.0330850324115
0.0420818474661
0.0979211022276
0.0103484382297
0.136341802122
0.107555032582
0.0834221593468
0.122101517089
0.129681387841
0.0858747743255
0.0776289909897
0.00131668191777
0.101003566295
-0.0216195629125
0.0524148727135
0.123911219053
0.0955408480243
0.109021081487
0.00492589484073
0.0276952969219
0.0197653779634
-0.0527288796226
0.0487190864171
-0.00153590545693
-0.0295402567617
0.00978558306963
0.0865609843867
0.059303885695
0.122952442916
0.00692644794868
-0.0177442968921
-0.0112234866327
0.0788515495728
0.0246348742268
0.126728096704
0.0852211458259
0.0648193054934
0.00269984105276
0.0504438744784
0.109701733999
0.0313251589588
0.0625017184407
0.00827980735925
-0.0121667098425
-0.0154834541861
0.0663248638788
0.0382191396926
0.0546763842366
0.117235387374
0.132118412363
0.0567967218912
0.029564089807
0.0263662810863
0.0050498606909
0.0430356841054
0.015454227629
0.125365671177
-0.035701686663
-0.0106197298903
0.0224348939
-0.0484515464379
0.110486693835
0.0486759924941
0.111772780221
0.063988844938
-0.064304763884
0.0481254284949
-0.109062746777
0.0412872113764
0.0402245693929
-0.047306747486
0.124346856155
0.0529878526134
0.0745050470458
-0.0571534121316
0.0351088905015
0.0754101675426
-0.0133453716542
0.0828481239151
0.10717142294
-0.00405756709727
0.02676773935
0.018363830714
0.111393526356
-0.0249534551613
0.0629807512229
0.123149357295
0.0669148919703
0.0935557322342
0.00876425354047
0.061921441399
0.0806296851434
0.107599197584
0.0877085935323
0.056349548674
0.108871623959
0.0605800155831
-0.0476009012945
0.0637442091744
0.0117717927112
-0.00649731868268
0.00335691861755
0.0916214346903
0.0765718436373
0.0344877946199
-0.050043564851
0.0302553067085
-0.0718346958251
0.107551523522
0.101942004753
0.026573302128
0.0187968471772
0.0273367873328
0.119139016218
0.0118931458624
-0.00679521782686
0.0672442849319
-0.0127414809441
0.138112612602
0.0723366738416
0.0766475286055
0.00489774315781
0.0721524618914
0.0399327404505
-0.0283483202528
0.0616178014799
-0.0185471507172
0.103494046769
0.00646901026453
0.0545841900238
0.0670575914128
0.000286284363302
0.111923322344
0.0828334114459
0.0396194090925
0.0997499873963
0.0566188213559
0.0920782429653
0.0134131501292
0.0924647296892
0.0643287218323
0.0364749372107
0.0220597117882
0.0165097474542
0.145417711295
0.0437165487665
-0.00999021713862
0.111025111045
0.0312866063738
0.0921350908591
-0.123023188257
0.0999039684697
0.0824807610891
0.0471429921344
0.0243798856717
0.0207703139196
0.00507343527943
0.060596824307
0.0686529250549
-0.0287158394553
0.0646987888192
0.0443705906491
-0.0193181740466
0.071191521827
-0.08482552763
0.00984003471474
0.00025024884965
0.091867629325
0.0113832960567
0.086738638737
0.0350772084354
0.0889337056731
-0.00135946481408
0.0126922015844
0.102831532494
0.0494814424474
0.0572502851576
0.0988168022016
0.0661438123537
0.0568332098253
0.0844228041464
0.0439678902943
0.106312550807
0.012382134398
0.0558953322113
0.0388838436807
0.0723892388311
0.0306026482944
0.0285136607922
0.0322377669438
0.0744321915609
0.057673790399
0.137387994553
0.0918864992054
0.0382629766364
-0.0517106952575
-0.00768813829551
0.0415817624648
0.0157605700561
-0.0393378859497
-0.0500886370275
-0.0402620438808
-0.000166709451635
0.0402885284008
0.000657868591171
0.0424038321309
0.0474350414813
-0.048023722685
-0.0388037760986
0.0494632998207
0.0381908795288
-0.0247956923234
0.0795775007694
-0.0703059771015
0.0334165057922
0.0639570008863
0.0134102721227
0.00277218504929
0.0644625546448
0.087168299114
0.0648517968901
0.0547750045528
0.0323784322954
0.059039779141
-0.0494628978325
0.0872168904373
0.0491541225646
0.0277933022132
0.111895372794
-0.0243187582851
-0.0560728053716
-0.0929418748983
0.0825177907237
0.051235974237
0.0688557676456
-0.00645604146295
0.013342350594
0.0486404310115
0.0275967868711
-0.0294627747813
0.119906862544
0.0300643640628
-0.0266813677646
0.123200821547
0.0353334248004
0.0546109954095
0.0869030162172
-0.00287726798729
0.0822650128148
0.126262948999
0.0802112140127
0.130569977644
0.0784829711351
0.00365040590762
0.0977021715904
0.0796802626559
0.0359821330649
0.0918741352049
0.00677186657612
0.093886126082
0.0790238446772
0.106108403838
0.132086833101
0.020778965838
-0.0894149144561
0.0457425641127
0.0440849246529
0.0568150979739
0.0608758388427
0.0111418077465
0.093346750037
-0.0364548630131
0.0724911753705
0.0295538068727
0.00845322925346
-0.0543356910494
0.0128755827016
0.0730445585956
0.0662158164837
0.0149085427874
-0.0145905974653
0.0880557242085
0.0929796197772
0.0900658288392
-0.0368949870374
0.11451416232
0.0775540343864
0.0166434238454
0.123294230256
0.0374709837289
-0.0246696547279
0.06424838241
0.0823134623777
0.0480821906797
-0.00505506861096
0.123405098494
0.0532921565304
0.0184137206404
0.0577429614624
0.0699071128394
0.0544922068412
0.0174369174398
-0.109236986065
0.100783737548
0.112376543736
-0.0150947915588
-0.0855488370138
0.0745854508763
-0.00258696374809
0.0964647291958
0.00589851680187
-0.0713968746939
0.0977728242743
0.0691151533546
0.0606361026728
0.0519703883654
-0.0841117009123
-0.0345874226594
0.0399201885776
0.0649705728613
0.0950446746124
-0.00166765560647
0.00646609038868
0.0314347196913
-0.0147161493353
0.0460867928866
-0.0125518373757
0.0600104056911
0.0833178945424
0.0533832143696
0.0668930221375
-0.0301964373069
0.092151006193
0.0801832210765
-0.0518592680091
0.0517710216146
0.105655756566
0.0317396643264
0.115499232538
0.0807503826628
0.0230864449116
-0.023490799614
0.13654663077
0.0657702106688
0.0919727329395
0.0803650326501
-0.0135187693606
-0.00774716331868
0.0188261488345
0.061031941842
-0.0707723587613
0.0685516680759
-0.0550968640455
-0.0301816169404
0.0892575652195
0.0836892574141
0.0702183739959
0.110867843686
0.0582038966638
0.0780482659072
0.0863170894911
0.105068611906
0.00727629821164
0.13411691943
0.0573877355668
0.00525329843139
0.0159575784774
0.0774013014835
0.0941854194038
0.0685234632965
0.0525741049228
0.088667673597
0.0922521871115
0.034512058559
-0.0260440266103
0.125094718634
-0.00144556852702
0.0262864736583
0.00642722653802
0.075447447286
0.107922049507
-0.0140379460992
-0.0485187660489
0.0957668152681
0.0143980261654
0.0787833062752
0.0823740950775
0.0323316861218
0.0760590900407
0.105070473129
0.0429372869336
-0.0717026392138
0.0357309195282
0.0594476712927
0.0510564647762
-0.0167490291835
0.105889013306
-0.0556703707649
-0.0322429755636
0.115007495041
-0.0476254470793
0.0476773890771
0.118182162963
-0.00112358225949
0.00180895003424
-0.0549510156072
0.0635288046808
0.0252830729517
0.0608372076325
-0.0039015960442
-0.00268998299309
0.0348083483572
0.00401603848805
-0.145146088743
0.0616802272849
-0.0369155399767
0.0512612154435
0.0190443077018
0.0471345108125
0.0262142712078
0.0804288432621
0.0106089443239
0.144402833268
0.10214351302
0.0554566866008
0.10517777337
0.115128604141
0.0515246780809
-0.0332199395207
0.0429294020118
0.0296384201274
0.087946508131
0.0655117581767
0.0661202068988
0.0930901626519
0.0407505716915
-0.00330649924657
0.0678303775953
0.00225306108105
0.0271659691299
0.0924323919205
0.0455733606443
-0.0285369929145
0.0912132027222
0.0434239632544
-0.0194681978406
-0.0084201292025
0.0331946588823
0.0115624589468
-0.0227463943518
0.0417579526004
0.119211163067
0.070793206448
-0.00924792631126
0.0586813547096
0.0442115148939
0.0427976006609
0.097733023279
0.0774665544336
0.0710749627783
0.1257254075
0.0414266437279
0.104931621432
0.0616070445814
-0.0960184003568
0.0437023223654
0.0117821043245
0.0548257120715
-0.0212621362143
0.0173435346746
-0.0488035865144
-0.00454864497626
-0.00843062299021
0.0964075753886
0.0192006740875
0.0208392281561
-0.0234063080355
0.114958692537
0.0804493974778
0.0452712037466
-0.0327603633249
0.0537807676119
-0.0187829896542
-0.0883215389354
0.111787871398
-0.0134353663931
0.0144716181138
0.0721017251239
0.0807829090127
0.0752588318656
0.0329653069361
0.123691302621
0.00330017145707
0.0164432838521
0.0788044865669
-0.0458034367244
0.0442462766931
0.0647657404095
-0.010322445527
0.0392940359617
0.0396892308412
-0.0351561193387
0.0765697804779
0.0498489453917
0.0762751309513
-0.000686183948009
0.0387015339461
0.0833067143887
-0.00859221909123
0.0632760964454
0.0385473571249
0.0258429469093
-0.0604641675915
-0.0182325128603
-0.0653848588162
0.0992710403906
0.0216750293582
-0.0355580898489
0.0878099927842
0.0699263485073
0.027044005317
-0.0893919065499
0.030054910665
-0.0233138091356
0.0129652926166
0.0636201329635
0.0439961159407
0.0736438617717
-0.00338817514321
0.0980268329334
0.0765947734706
0.0315098342293
0.0817486981943
0.0410617148738
0.0531454017961
-0.00113404812224
0.0269821644925
0.099840864768
-0.0634296434703
-0.0974718170809
0.108472203239
-0.0577723702089
0.132501222059
0.00417232941338
-0.0392185235992
0.0959677677474
0.0857837462053
-0.00361289195858
0.034435462552
0.0611302518942
-0.0912720819725
0.0576429704105
0.0043885747077
0.0499795591342
0.0621408397058
0.0714849842145
0.0568995288714
0.0902394429938
0.0158600686485
0.0930145450868
0.0402759106461
0.0883764764959
0.129151741518
0.0622851103739
0.10322306835
-0.0289118480112
0.0593020915257
-0.00938482413698
0.111279630864
0.0908274522886
0.100046674949
-0.0799462532077
0.00341388233563
0.132488306023
0.0479506978589
0.110774646969
0.110805841435
0.0579910962251
0.0410352018975
0.050958685618
-0.0386267592095
-0.00762249255691
0.0516354871973
0.0103208485179
0.11352938241
0.0958553756313
0.0927853785924
0.0804867967008
0.0342727173164
0.020073456509
0.0725270498486
0.0923677852296
0.0382594370494
0.0412780256846
0.0549785556165
0.120794770841
-0.0872034103728
-0.00249268562828
0.0912631778504
-0.0533357471804
0.0168716305615
0.0318114835144
0.0139080856541
0.0635996353227
0.0228068420931
-0.0351682404617
0.109979212907
0.0792605868323
0.00479305156472
0.0287812152314
0.0401380638105
0.100360594765
-0.0118764625334
-0.00610003534338
0.103969854023
0.021736167638
-0.0027418506868
0.109829071926
0.124595066529
0.114046476664
0.0428389814607
0.0868239586737
0.091114458551
-0.000110656787948
0.0152501300707
0.0458582023323
0.0266793981006
0.0657416427807
0.0995036301058
-0.0153677798254
0.000305534290336
0.032007963485
0.0509578866957
0.0908727431925
0.0390246216856
-0.0338333455114
0.0696053779887
0.0932030442101
0.00536700710006
0.0763783156413
-0.105956994821
0.139323593681
0.0522637813777
0.0372203074718
0.0513745792257
0.06307523044
0.0487041129239
-0.070703799864
0.0691242926741
-0.0011495551564
-0.00732623339923
0.050917405093
-0.000467746011745
0.0634081531189
0.0481875599921
0.111255206181
0.0846200247082
-0.0427673607887
0.0321144539067
-0.101780062817
-0.0335940788161
0.04040335981
0.0575375533468
0.104517534328
0.0643740007349
0.025007351291
-0.0394094109783
0.101072066206
0.0502370990468
0.0625371405747
0.0658926893298
0.0709445418797
0.0955863841498
0.108495401521
0.0949708413908
0.054654133511
0.107348273809
0.106725272032
0.0774877791301
0.0914887546431
0.028183678918
0.100728628249
0.106440550143
0.081759851627
0.00521928108738
0.00878907490696
-0.00233854553032
0.131052564995
0.0806857721252
0.0380689614185
0.0581842701926
-0.0358030685349
0.0451325030477
0.107657172392
0.110308030524
0.0693074084783
0.113417047672
0.0395165495463
-0.0820483873175
0.0792914320633
-0.0676996146662
0.0458334537092
0.0169652521338
0.0963846909915
0.0141337304313
0.0520727029526
-0.0120628302556
-0.0621075367974
-0.0274907235937
-0.00585593179107
0.0812855410417
0.080002943146
0.0486716560703
0.0942383022463
0.0955957991121
0.00716848863372
0.012045922877
0.00544154901915
0.0712237762216
0.0828851517953
0.0496544478515
0.0227270798901
0.00103031409905
0.021576606287
0.0449890171976
0.0248903786155
0.120978564792
0.0771372678446
0.0739241861399
0.0830012518057
-0.00491103257064
0.0251288944968
0.0307309049775
0.0492339087175
0.0136880626772
0.0182979885936
0.0164899141214
0.110252793228
-0.00178142047735
-0.0552062347942
-0.000891310218014
0.0191616735563
-0.0383735457932
0.0354646283542
0.0137091576131
0.0806152644878
-0.0133501787661
0.13209340076
-0.00522081787574
0.0596352117072
0.0455843453132
0.0826205568777
0.0892127674251
0.0859169871375
0.0816971737728
0.0154618087744
-0.012026662943
0.116705561842
0.0781853453051
0.0400443896658
-0.0598838656519
-0.014798708915
0.100481571616
0.0934985545615
-0.00716764594079
-0.00283110364798
0.0454927771764
0.0106955799457
0.0666287379388
0.0419362023158
0.132346055127
-0.0272339672129
-0.0294610409047
0.0351938671073
0.0946286226034
0.081132608181
0.112062802956
-0.0683720512755
0.0584485857728
0.0638959124192
0.0161910794055
0.131484722571
0.05542038333
0.124286004905
0.0928428550814
0.0718716440645
0.0768204638395
-0.02271013047
0.0619840967843
0.0762108360087
0.139939132498
0.0504490666854
0.135722187551
0.046409239723
0.0776260751314
0.0810043972717
0.00457528769245
0.00831383922337
-0.0495345607668
0.124824340707
0.0462854841055
0.102862671156
-0.0699682282583
0.0952009911213
0.0321626260242
0.127563131747
0.102924434923
0.0492813611624
-0.0364043688382
0.107412520948
0.0809959163379
0.0376746698379
0.121111631949
0.131313727585
0.0933185000084
-0.0194010417286
0.0400067767571
0.0138553916493
0.0090553206753
0.105490644373
0.0367274021421
0.100665324117
0.0555294087445
0.0993752719483
0.0422171631117
0.066698530355
0.0865598923434
-0.0219811093724
0.0453433988836
-0.0520136389697
0.014322681566
0.0606683875817
0.0597310121496
0.086417647982
0.0694363751993
-0.0406856247681
0.102893597697
0.103611195693
0.101462858045
0.0745927751254
0.0550107194281
-0.00873493464459
-0.0193987343418
0.0540440935234
0.110238581748
0.0180913643176
-0.0296666914464
0.076368083017
0.109220292327
-0.0413947254655
-0.0442894549505
0.118172510128
0.0891965087441
0.0303740733712
0.0844550700229
0.0728495177951
0.0402038896428
0.076786689716
0.0647621592989
0.0480458719106
-0.0193114715979
-0.013397805871
0.0281451851175
0.0392247692713
0.0765791294396
0.0636286737789
0.100196236005
0.0277937329114
0.0343413943514
0.0659784992419
0.0527687301771
-0.0139467264383
-0.0650199362435
0.000264523668177
0.0510983153487
0.13438088411
0.0147496690049
-0.0117056040464
0.0819034054236
0.0600449875274
0.112160785441
-0.0153453016965
0.146806451649
0.102405376331
0.134375950166
0.0034490936762
0.0997260422696
0.0366587958765
0.0110844727883
0.00256554050338
-0.0320507408087
-0.0612043065603
-0.0197451898844
0.0462044159889
0.0116862210054
-0.0319077449499
0.0794770966236
0.0397151346529
0.0697449961946
0.0161167257468
0.00829278728361
-0.00243618563091
0.070033159079
0.122176928498
0.034834877994
0.0692685854726
0.0554131427582
0.0139845338711
0.000932277273321
-0.0200589519122
0.0152022411218
-0.015780831978
-0.0184952859475
0.0511986517627
0.0652312289138
0.0692096414852
0.0914365034127
-0.035848162882
0.127384202481
-0.00286655315103
0.0414914645174
0.0839172793467
0.0893907661726
0.12483483006
0.0200649958764
0.133860647278
0.07819023567
0.0184277948199
0.0442997848053
0.026841719818
0.0156586682947
0.0869532930711
-0.118323900648
-0.0683071275547
0.0850016366062
0.00929859677202
0.102922777101
0.0189452156367
-0.033695113518
0.0612030737866
0.0316598343064
-0.0368949153341
0.132223694361
0.0614296591395
-0.00178348895366
0.0745885096138
-0.0440369645981
0.0921893766433
0.105081774716
0.0581274229355
0.105550856847
0.00828542212817
-0.00612697336831
0.03454880463
0.0682368437299
-0.00863640601978
0.0403378839229
0.0245791991047
0.103914681514
0.126028684162
0.0171427717832
0.0859245707147
0.12587609059
0.0909106786343
0.0744271732939
0.120466300183
0.0485925625091
0.0233015530164
0.0110495245737
0.0986643735927
0.0786490068953
0.0941443645822
0.108931845142
0.0403530864134
0.0330638198309
0.111914433992
0.0346816334359
0.137947098813
0.0217547634792
-0.0526673257474
-0.0947111353948
0.0617055668261
-0.0429078091411
0.0149975665048
0.0609560818729
0.0717560639343
0.106226269062
0.0103890049128
0.0455573483697
-0.01282191462
0.0788784761844
0.0697640557158
0.0808362314648
0.0140415930747
0.0874508733184
0.133681213174
0.0941407825604
0.0115679371375
0.0677654027205
0.022796880226
0.0978759570102
0.0114473240676
0.0183415491533
0.0400078071051
-0.028976665966
0.095667988745
0.0430599033838
0.0742064694889
-0.0156197661414
-0.0207860022137
0.0979689842085
0.0390585576433
0.0429310452749
-0.0451486662424
0.0385335598939
0.0683139594687
-0.0160172244272
0.0605772555727
0.0504530935943
0.110219603866
0.095140647371
0.00331361041703
0.0147560564835
0.0871457225013
0.0238807939978
0.0566848931884
0.0893513124137
0.0338134805675
0.0873303949722
-0.00147183431464
0.057378866142
0.0647976317819
-0.0403729013104
0.0965165191179
-0.00717691193125
-0.0522487961955
0.076700324875
0.0541186798328
-0.0675341799867
-0.0559294882795
0.0678786416474
0.139016906895
0.0127171744842
0.0892806869909
-0.00345910752106
0.0455269135043
-0.100476539399
0.0252268407526
0.0366784259138
-0.0653272305495
0.130214802636
0.0654000492578
0.0848717912336
0.127190448991
0.082373723678
0.102692719872
0.00923168155418
0.0874011444283
0.0171307693883
-0.00072478938006
0.0727390244081
0.0326132829682
0.121512381771
0.0878026707275
0.0690444173846
0.0577572015039
0.0809574541373
-0.0139703220297
0.136450921603
-0.0407812063256
0.097839487536
-0.00955902085055
0.0792330745968
0.0748140129709
0.0665547467178
0.00576098977771
-0.0936891551078
0.0525687486761
0.036044435891
0.0206059305223
-0.00480412899774
0.0843594664936
-0.0815021112941
0.0054228879574
0.00544777218688
0.0104134890963
0.064529719763
0.026512679719
0.0656025626836
0.0183330577969
0.0822912434963
-0.0244218710233
0.0555778726505
0.061111833096
0.0123293539123
0.0661710076476
0.100790835711
0.0368236002716
-0.0116658269947
0.0915425005764
0.018527381889
0.0475589758502
0.0744363994034
0.0879444150877
0.0654396021972
0.0538945893666
0.067524932108
0.0712928386853
0.120255498337
0.107833599105
0.0480774649928
0.129781875577
0.122992934697
0.052937658221
0.0898580949844
-0.0358203553241
0.00818511062458
0.0162990827719
0.0107369065514
0.0609843072594
0.0880252901629
0.0469643793427
-0.0554422720108
0.0100042654334
0.0632831503085
-0.0510742766828
-0.00045817666288
0.122286792515
0.133579527196
0.0449870758273
0.0375550339172
0.000490078021935
0.125453618174
0.135490555512
0.0428151832703
0.118816420814
0.00580582410897
0.0214425603073
0.0914444862406
0.0254348985786
-0.0134488670719
0.109393491113
0.0645722923833
0.057686723105
-0.0699037222352
0.0798157512465
-0.0100750377476
0.0443302619283
0.0959280307783
0.0485173393853
0.0224477817347
-0.0199229904502
0.0021412591764
0.00139527797195
0.140786356234
-0.0343370471174
-0.0134275929472
0.128954894393
0.0667005293678
0.0827859736433
0.0322837035225
-0.0204641948629
0.0341653991284
0.0942140470994
-0.0135570846088
0.0935799937943
0.0682198332579
0.0804626314609
0.0766034455001
0.0374693684694
0.0409781407243
-0.0486811932256
0.029098459555
0.00138042658909
0.00897288703434
0.0048953228872
0.0884370915908
0.0626381860617
-0.00260077081893
0.135316450804
0.0935151013729
0.0694279188586
0.0913862506525
-0.0064766929824
0.125417364265
0.0137784567837
0.0788541591899
0.0273407933454
0.031167754562
-0.046640452722
0.0610801968489
0.0442264639438
-0.0233834217092
-0.0128136366765
0.0493767751862
0.0196603642226
0.0837152295489
0.0608885216484
0.0845413240663
-0.114243788547
-0.0602092991351
0.0588641741356
0.0582508914169
0.0169299144671
0.00337147941705
0.018136263748
-0.0102662199546
0.0478479926046
0.093903643469
0.053857913834
0.10630674479
0.0872651693413
0.0256139438901
0.0544692238678
0.0302447092794
0.0479410476715
0.0965919989697
0.0101237452369
0.0240057785253
0.105913141461
0.101105268213
-0.00871377794995
0.100274667849
-0.00522944772017
-0.0345415780783
0.0509612378853
0.124606934377
0.0831691836493
0.0412003359205
0.123265399169
0.0774789028685
0.0182429453219
0.0828878340514
0.0391931775864
-0.0402532696342
0.0272981493962
0.0775692680914
0.036293941955
0.103645038403
0.0781035991876
0.114766387061
0.129798759678
0.0486085068823
0.136160263171
0.0721527893403
0.0253564143145
-0.0730574797772
0.0126199262787
-0.00823124567916
0.0589213874107
0.037124613337
-0.0504130243984
0.000119862222499
0.0537375624653
-0.000308913906586
-0.100457834941
0.0429864613624
0.109990811883
0.0942386830409
0.0499262565778
0.0139923561994
0.0619617507746
-0.0429901545161
-0.0157995968126
0.00460035634444
0.0692452593479
0.0461635109604
0.0434575356868
0.0427335785807
0.0160109123868
0.0220040384463
0.0192501115818
0.108427861467
0.0500994751661
-0.0970604999894
0.00456918404724
0.0727784777216
0.0625887955235
-0.0236602147487
0.00543641059201
0.0427095897344
-0.0173096341575
0.0520800759249
0.064635665692
0.0904856589383
0.0870291983329
0.103627474799
-0.00232696141843
0.0330758606195
0.12425441931
-0.0293782489931
0.0379646552981
0.0654414628258
0.0324976198829
0.0646687233015
0.0146495337704
0.0222296721388
0.0715255766455
0.0232338845993
0.0989718773057
0.104144086322
0.076423968049
0.0576974145593
0.0361357710271
-0.0107503595485
0.0884688767765
0.00642652816675
0.00202883392781
-0.004336063226
0.0404623300134
0.0671943096344
0.0258036116083
0.0765087095257
-0.0554937562039
-0.00777437109699
0.0656559759684
0.0711254769291
0.0117956969655
0.00121281518429
0.0243418018254
0.0385121333002
0.0567050368659
0.096683013133
0.102305700234
0.0399116176063
-0.0135824528969
0.0203231370494
-0.0523268341041
0.0858139168118
0.0114560357276
0.0295137812777
0.0219078861596
0.108737105828
0.0184909546695
0.103261415594
-0.00147196983213
0.0526217189831
0.0583956513743
0.0840218734768
0.0611200954106
0.0623489024967
0.0669311970779
0.00786644639416
0.0937219799889
0.0609465618268
-0.00291470909507
0.0033539123363
0.0831466610322
0.058727583515
0.021743255428
0.0822417765125
0.0433293726348
0.0282419197086
0.0752577491933
0.0169878473139
-0.0168560716871
0.0837294742754
0.117394503619
-0.0324332831173
-0.0412284139511
0.0346657672145
-0.0321592168325
0.00934649074201
0.0193152459285
-0.00703801921602
0.00616642088927
0.0952105775664
0.0357280212638
0.081747381425
0.132651057533
0.0993196769199
-0.00505163023468
0.107483132451
0.0239168053853
0.0338326232316
0.109922141912
0.0390062336417
0.0145699037193
0.0685841169948
0.0335096439462
0.0582984150914
0.126398239324
0.0658770860198
0.0628162803416
0.0808256156809
-0.0145022903908
0.0597710661821
0.131225526275
0.0610430483935
0.0520093697107
0.0595328843389
0.0806712586425
0.0601040642874
0.0429403980012
0.0338106873166
0.0151650746758
0.00898156427344
0.0431930184728
0.107279811655
0.000981369515531
0.0787018225159
0.0644947429904
0.0295067421678
0.0639791556334
0.0093361678468
0.0994988378419
-0.0846724895197
0.0581326738249
0.0267880774525
-0.0489268363003
0.0201815691428
-0.0793790449716
-0.177634652646
-0.0213169106271
-0.00591048127996
0.0494560766603
-0.0298068562398
0.0415811889197
0.0106187810161
-0.0119610583083
0.109715820454
0.0448655629954
0.0682163639415
0.0545440229243
0.0819746487082
0.0577926291444
0.0512332156119
0.0892606389364
0.123356392619
0.0929587728697
0.00439848275511
-0.104668224628
0.0853331552873
0.094762334723
0.0293551919361
0.0379748999054
0.0701277881069
-0.0105305923513
0.0609456056701
-0.0281452060369
0.0752285440161
0.0304316702286
0.0650219880321
0.053255509495
0.0979437686177
0.0812523310651
0.0521033908046
0.103843716872
0.115042824331
0.103027761779
0.0537700535406
0.0723645138172
0.137152487007
0.0954754209615
0.090869807795
0.099135276856
0.101463233403
0.0871955861036
0.100829231889
0.0372198429548
-0.003648719767
-0.0296229547624
0.0634790662797
0.107320746382
0.0246940188394
0.0707436640072
0.0226359805259
0.0955099878989
0.083628179646
0.132027074212
0.0575453998015
0.0991894589412
0.0759822802335
0.0368005146509
0.0354991940386
0.0673100684005
0.0789576017166
0.100776266773
0.113081705425
0.0788822564272
-0.000312842847277
4.54327220165e-05
0.0804771648059
0.0834347997956
0.00651771652099
0.0121220133895
0.116889216794
-0.00453030130823
0.078794934453
0.0451758035508
0.10073989009
0.0189017909967
0.0437978359028
0.122505870268
0.0271739378671
0.0492148846743
0.0783572351484
-0.0488812540981
0.0516652947133
0.0894928578671
0.0647765240143
0.0868402469152
0.0224065114945
0.0719488492549
0.0855827918238
0.0894877373257
0.0334057920394
0.00393636463738
0.00312444906365
-0.0220100721627
-0.0526424797061
0.117645136353
-0.022262205431
-0.143909610055
0.0711659718277
0.102817068969
-0.0404020119755
0.0101321140873
0.120838457413
0.0567539339455
0.0783541691643
0.0861434598082
0.0387492096794
-0.0577062886143
0.0925173779366
-0.0126478949039
0.0741362751231
-0.0211992457035
-0.0014728084512
0.095792728882
0.00667857185711
0.030135862675
0.0395448440811
-0.0428686674924
0.0376801956232
0.004212964551
0.00423452437579
0.00912108162929
0.0689045407397
0.046156852062
0.0317991188556
0.100673457012
-0.0531598494506
0.11462064254
-0.0451895519319
0.0983038812762
0.0389025924089
-0.0522048105397
0.015087966305
0.102554101843
0.0938143799471
0.120926798443
0.0633609837248
-0.0978325560288
0.0775654290146
-0.0183789870353
0.0597602161381
0.0870442568187
-0.00731970601858
-0.0684693537755
0.00981750316982
-0.0115879373055
0.0133591942084
0.0225110740716
0.0638625535632
0.0287523086654
0.121817014618
0.113237130707
-0.0139241103759
0.0674070122725
-0.0432878888437
-0.0292273092179
0.0532689527826
0.0271872249124
0.0191555010412
0.0989793602241
-0.0302705886053
0.110071850868
0.0817911732272
0.120351194646
0.0374065087708
0.049043871822
-0.0449742324129
0.0150260066573
0.074316421478
-0.0103359233128
-0.0118908697957
0.0474437420498
-0.0122676836493
0.0633869024072
0.0874575580004
0.0273462986777
0.121902518265
0.0531833656074
0.0776914152174
0.0723989122169
0.0309577482688
0.00347014720518
0.0805989629256
0.0217680741773
-0.015561943384
0.0342036934761
0.12293580563
0.0919626947974
0.0430916812358
0.00974833998287
-0.088463945308
0.0667259595425
0.0699248103336
0.086718293144
0.0374914351235
-0.00365541049327
0.105408746148
-0.099372439319
0.0352867905613
0.0695674868393
0.044430467701
0.107247517397
0.0661157834207
0.0284494231633
-0.0497280690215
-0.00510564622593
0.103023549463
-0.029759962901
0.0746312107375
0.0367682752093
0.0876284187112
0.097417293661
-0.0274603663246
0.0851218489151
0.07494596847
0.0682768259611
0.119523291395
0.0216008728268
0.0395182237442
-0.0146074790504
-0.00270113085986
0.03201741942
0.0785498732265
0.0167694522288
-0.0815928378573
-0.0231815918946
0.0575036385393
0.0991346570978
-0.0182462444966
0.0656957719256
0.0142470875111
0.0502513646881
0.118030632912
0.0308776840475
0.0831671747719
0.0592057689218
-0.0172369260408
0.0696707137598
0.0545273982023
0.0465231902086
-0.092652746756
-0.0271267946829
0.023131511192
0.0214266974616
0.0192443693471
0.0624149458953
-0.0116372978643
0.0759895122723
-0.0489201939968
0.0767333441901
0.0781276663345
0.000235006387902
0.141147395574
0.0456102120897
0.0454656787773
0.138266678233
0.117975340868
0.00291318933022
0.0209606655232
0.00766561606267
0.0879418309965
-0.0209662940349
0.0477129993835
0.0355543208624
0.118462356796
-0.034120372814
0.0754336911776
0.00295154218259
0.0603488174756
0.0904629246351
0.0574696845797
0.0971121190047
-0.0371808435418
-0.0544848624212
0.096828979582
0.0966725018156
-0.057925978103
0.0390670318845
0.0523996519248
0.0507406168793
0.0229398639249
-0.0264603785513
-0.0965153377797
0.0929319617125
-0.0356405313411
-0.00254301954931
0.118976415191
0.118089618868
0.0679925682932
-0.0358912010641
0.000552766565034
-0.0131044237789
0.0691783083198
0.0986958724513
0.036224541435
0.00652899616887
0.0941020425818
0.0910292990701
0.069246246583
0.0842987584675
0.0519405209074
0.0809931379146
-0.0126368594693
0.0355871639737
0.076855245531
0.0618450390663
0.0370055968101
0.0727805954359
0.016594587457
0.0154404893905
0.0769316490644
-0.0382578238559
0.0658816422432
-0.0193675846131
0.0713836631722
0.072584005678
-0.0341053508418
0.1004097643
0.00950127100687
0.0424784877944
0.0399399990665
0.113398084598
-0.0077521802577
0.0100506112335
0.0412561801585
-0.0763670717464
0.0903343320738
0.0459842181869
0.0263128160878
0.0889583383056
-0.0981811333702
0.0584244880353
-0.00499184819786
0.0914498432827
0.0454048529233
0.0935876914369
0.116574621231
0.0676666182136
0.0481901570557
-0.0519088879041
0.0595844459836
0.0588142101168
-0.00425921720483
0.0204281918432
0.0463561479542
0.0890284840869
0.00788144807371
-0.0135105472917
0.0177841177601
0.0933278054312
0.0699718780633
0.0845564796627
0.0442956810075
0.056043587366
0.0431769601069
0.0445764307748
0.0810650362828
0.0231095402495
-0.00755643229085
-0.0119230163952
0.0943262070343
0.0885778300877
0.0723872109897
-0.0468401605524
-0.0718496857972
-0.0577171756216
-0.0149299796371
0.0430004787122
0.0215159556617
0.0820821510138
0.00342886011818
0.0687096166599
-0.016918673947
0.109003366825
0.0840354793732
0.0285118732539
-0.0198989749994
0.0843003178696
-0.0050951053003
-0.000721245824298
0.020618583797
0.0276324247547
0.0220929171963
0.0151583610349
0.0446209460302
-0.00588050186248
0.0669562216834
-0.0158965491395
0.10038874949
0.0916442964894
0.0401671242122
-0.00257376263152
0.120447087373
-0.0662612402332
0.016632977118
-0.0176429046794
0.112417499952
0.0081630201924
0.0204236985469
0.0163587433192
0.0290222809409
0.0916976050514
0.0552186377207
0.0294497464503
0.0250317503803
-0.0012530494331
0.0363178179035
0.0192227308128
0.0437928424774
0.037900231555
0.101246913287
-0.0447218910762
0.0262147644586
-0.0195698199616
0.00575563731732
-0.0208720108494
0.00890146973647
0.0789446982617
0.0966487745318
0.0601084075218
0.041162780494
0.0620861981626
0.0914474874988
0.0653873667145
0.0232868982343
0.0953100331528
-0.0754784961549
0.110064902894
-0.0870247551776
0.055849872067
0.0590496383645
0.130768132905
0.0977656363411
0.0237364865298
0.0354573331598
-0.00401349541234
0.112513453224
0.060182899237
-0.0151168402697
0.0518897871361
0.0811334853374
0.0573712706423
0.00814688983934
0.074560093661
0.1081160904
-0.00358486588807
0.0526525812844
0.093697125261
0.0430855734115
0.112860745599
0.00370854569609
-0.012265721827
0.050631667149
0.133188268503
0.0826337330643
0.0720888604842
0.0916286117069
0.0713401454604
0.032623282447
0.045292487749
0.000920786712619
0.0802400349559
0.0725704625347
0.0300861723878
-0.21426333284
0.0531103742915
0.0720419446461
0.0331362847576
-0.0858939010842
0.0265801121178
-0.00634384572638
-0.025308997106
0.0153852987468
0.0319765579817
0.12125275614
0.0454404801557
0.0481471244853
0.0938579974285
0.0928738339629
0.00380041695776
0.0550533648178
0.0214337600105
-0.0436996685284
0.0656326694196
0.0434197255907
0.10161586539
0.094990537621
0.0666690837739
0.0410455768688
0.0352001066507
0.0985291289778
0.0739568375681
-0.00294145099564
0.0995496068059
0.000408348181672
0.0469973850958
0.025332088573
0.0805966176008
0.038454348267
0.0619298876173
0.0555101803477
0.107818441635
0.0163224290711
0.135610155387
0.00481830032998
9.41939038395e-05
0.00268120747267
0.00822040746634
0.0555356125485
0.140400868838
-0.0140969078764
-0.0411046114184
-0.0509449300513
0.101402692752
0.0975175549347
0.0899102958263
0.108026738768
0.00677198101505
0.0302000735301
0.0740035732927
0.0783384203154
0.0518597900949
0.0116020686313
0.03230169864
-0.0396293303278
0.0114331055487
0.0461952915896
0.119045213936
0.0330795961424
0.0764075356354
0.110006794843
-0.0750424141489
0.0918096405807
0.0645849282397
0.118941003052
0.0722695265797
-0.00475448817624
0.119363362091
0.025735606532
0.130804854153
0.096935207165
0.0729733023086
-0.0137472855886
0.0978002414009
0.0864985450889
-0.0777355104741
-0.0721813092841
0.0530554085634
0.0576645267419
0.0155838315006
0.0482937870653
0.0678755619449
0.123190791208
0.0497286152805
0.0996301566316
-0.0642850742815
0.142134621214
0.108765547838
0.044224624614
-0.00373571929392
0.0180946557669
0.131446545257
0.104681780537
0.0217772967118
0.0398184542454
0.0297482064376
0.101416700338
0.083071860026
0.0834005439827
0.0469444616716
0.00590823372264
0.0319559907871
0.0703153336208
0.00681620211033
0.0841679258393
0.0406533879636
0.00561970425762
0.0505892427979
0.0949576768333
0.00314772626021
0.0459327792419
0.0332123113303
0.087449608584
0.0847054525253
-0.0382549479098
0.127910477032
0.0437943893968
0.0727294295592
0.0872944136393
-0.0638534715132
0.0439486014379
0.0949814221817
0.0875915427742
0.0461556698279
0.121558321303
0.0353604485329
0.0784837510361
0.0786755946628
0.123853874632
0.0729181366214
-0.0202566460797
0.045217591927
0.112293174452
0.0485335089132
0.00407333598508
0.0428122613115
0.0625696653684
-0.0647044181348
0.0540362084269
-0.0172956547739
0.0979792505615
0.0863816022016
0.00654547719159
0.0472480362794
-0.0807577601694
0.0230240509521
0.031834185267
-0.0167825926813
0.0243135101289
0.0507796291143
0.0420016166227
0.0703235457074
0.0975081372814
0.00950736540335
-0.0438607497568
0.0806881146044
0.0686527008215
-0.0156724818274
0.0130802679644
-1.90722592741e-06
0.00262442739115
-0.0370056497761
0.0204880434329
0.0219498760506
-0.007141820782
0.0190934039954
0.0622957379881
0.0750026671442
0.0550630092662
0.134699065607
0.0706443901541
0.102493446364
0.0856709618698
-0.0154908604674
0.035720531256
0.1048430181
0.0883858822523
0.117971246874
-0.0187589420527
0.10308331962
-0.00914827061494
0.0418704483673
0.0319507249296
-0.00465379359991
0.019754198609
0.0609862393706
0.0544709284155
0.0639982748658
0.127778724482
0.0737320967348
0.0524454598741
0.136980310419
0.00520635942424
0.122566333251
0.0483177944315
0.0421913760369
-0.0724423924937
0.0449989545085
-0.02948691245
0.018669696764
0.0978283109127
0.0418510285102
0.0556141432631
-0.134681973558
0.0467899709062
0.0538889625222
-0.0131384492932
0.0158245676475
-0.0454683286094
0.0267163303034
0.116401399881
0.0515224814089
0.0222910299422
-0.014134477282
0.0981032780383
0.0249087168342
0.123205908346
0.083918678178
0.0261340754934
0.0428501345857
-0.00649128543327
0.0973599647186
0.0764668465002
0.0739135108969
0.0232171930256
0.0677290312004
0.0141463761414
-0.0663573267404
0.1074073005
0.0642075272353
0.0379860687081
0.122879073947
0.00208998994643
0.0894773598055
-0.0541638725346
-0.0127065332209
0.0895560083037
0.109810732346
0.0577833765089
0.00556916043598
0.0319132753779
0.114432111096
0.0703496852155
0.0199623801517
0.0818874100711
0.0367067417783
0.0725619110646
0.13290457489
-0.0377437642568
0.0943119207763
0.0561623792999
0.00781516014076
0.0545946444556
0.0559988286803
0.0636665256415
0.125986776774
0.0687296125034
0.100436795762
0.0762222070387
0.0152497453356
0.0617489185909
0.101922069017
0.122371966189
0.103912896533
0.0648420722863
0.0846335509037
0.125623722174
0.0984127248707
-0.0221791084567
-0.0711300844587
0.0247989035211
0.0369556429913
0.0165577753087
0.0786538182392
0.0106365782611
0.0033507596841
0.0652747456479
0.00248899130686
-0.00554484309392
0.117566252784
-0.0272286830199
0.00890448066302
-0.0823912940823
0.0641487611165
0.0696180883451
-0.00621602329352
0.0654658907666
0.0966487850521
-0.0148147761386
0.0936568910551
0.0106813190001
0.107624953864
-0.0112054908564
0.0217658294131
0.012934815481
0.0956996571984
0.0136349934264
-0.0429663360024
0.101600415207
0.0478569914336
0.114801158068
-0.0887280342041
0.00587185211475
-0.0643719953215
0.0199443266599
0.0228397766769
0.118294939177
-0.0187425198601
0.0840157406169
0.0549974641415
0.00450034078131
-0.0226476941726
0.0399402959899
-0.0848492365216
0.0511967851229
0.0179163458984
0.0267272625257
0.130342683525
0.0537039065093
-0.0431238119279
0.0602188562939
0.0451791981713
0.103224215378
0.0593196768647
0.0719703306809
0.0812530797167
0.0254632679969
0.0708649626709
0.0315552910094
0.036993061871
0.115378288466
-0.00578866436142
0.0696630917725
0.0352072095052
0.0589604808426
0.052097160146
0.0943846190319
0.0167707372593
0.0447415649582
-0.0272559156945
0.0618692223316
0.0883694583666
0.0838420605721
-0.0356051526725
0.0678797461117
0.010179362521
0.034589571457
0.109480318235
0.0337363741458
0.0695627342237
0.0515737267667
0.0298578613673
0.0564580607962
0.111820895731
-0.0305888000211
0.0976673700011
-0.0233049697113
0.0328504529586
0.0875508309082
-0.00266000280871
0.114524704208
-0.0231017563131
0.0369973632131
0.0863012398063
-0.0116008077428
0.115406858535
0.104410394203
-0.0200510579603
0.116365271512
0.0307046697588
0.0575244002068
0.105548734663
0.0880097916916
0.12291574411
0.0483547436161
-0.00334911428333
0.00940532028997
0.0181450721083
0.047758394804
0.0777080186106
-0.00648614658848
0.0629669289316
-0.0388927881635
0.0552467162376
0.12152505352
0.0795540818405
0.0973071405004
0.0912122998088
0.108299837027
0.108293245555
0.120634011214
0.0798705295194
-0.045026598577
0.0996841322473
-0.0262868276332
-0.0274793648032
-0.043157950889
0.108848529053
0.0871057330008
0.0861762853526
0.111505202279
0.0756512110219
-0.0291498948511
0.0208170864562
0.0514514804394
0.04036387708
0.135553949293
-0.0858008239353
0.0595460012457
-0.0239534205023
0.0643875327715
0.010528413224
0.0857914257297
-0.0993494686946
-0.0219243693384
-0.00118358528137
0.104463465113
-0.00211734864766
0.0870163910381
0.133289988806
0.0823595928808
0.039413263399
0.0108939469945
0.0823193391639
0.0025202953733
0.0673479307637
0.0324152426942
0.0836215809969
-0.0116678614721
-0.00180797883863
0.0875147618078
0.110170916524
0.076045367016
0.142887348296
0.116427350906
-0.0126154059637
0.0752635374185
0.0569101311104
-0.00763732220551
0.129238758077
0.0728819711029
0.0586140623311
0.0613819304399
0.0387142354794
-0.013437272173
0.0100861618497
0.0669632187053
0.134344438919
-0.077527210474
0.0569849692869
0.0594218277075
0.0905779956662
0.0741547044512
0.120335196897
0.0300462342084
0.112482887729
-0.00444513842242
-0.0191351305601
0.0399778189912
0.0978895441882
-0.0240143930875
0.046750618575
0.0704039413987
-0.0101929587672
0.0587492685548
0.0784839333714
0.030935811277
0.0552554915997
-0.00887681734677
0.0904914607518
0.0114614504702
-0.020298365977
0.0473879547185
0.0865647725356
0.0454078819687
0.0742711281584
0.0193736546886
0.0562399267222
0.0648512810273
0.0709037484488
0.104740947008
-0.147662104095
0.0826806141623
0.0577194500438
0.105007552595
0.00267566450598
0.00849974270671
0.0492859332168
0.0669907503485
0.12929985457
-0.0278180637611
0.045009177726
0.0104432080302
0.0513387744361
0.000815824663174
-0.0044410352741
0.00236200811139
0.09676712699
0.0859376087261
0.118103204751
0.106383612448
0.0461967978736
0.12068949245
0.106620006263
0.110278902309
0.116938427934
0.0640370156715
0.0697931569101
-0.0732884910774
0.0889161592845
0.0712813513935
0.0536189211741
0.00103239838326
0.0378101907466
-0.00027235035896
0.0216743815462
0.144906406098
0.00836161354618
0.0193133786126
-0.011233293719
0.1132015519
0.0336374287053
0.0705099319439
0.11160086708
0.122437747276
0.0177032169552
0.0320482932628
-0.0125468948783
0.136385185481
0.0372938111706
0.129575007929
-0.0135532988952
0.0913830627565
0.0768021848725
0.101774629294
0.100900270744
0.0318069260669
0.00570767076026
0.0749393970502
0.0372561934618
0.0020881541329
-0.00686400227092
0.0714373561774
0.0529656390781
0.0630093260505
0.11100834749
0.0585030283269
0.0451587670046
0.123651504253
-0.0505598994681
0.0143253981025
0.0531799822083
-0.0731318567601
0.0406529903379
0.0108509791733
-0.0279436853656
0.0539731699574
0.0439947256033
0.0354242861902
0.0376524081215
-0.0115298618254
0.0789894228482
0.0753159727123
0.0361895203069
0.110881806635
0.11055288784
-0.0442918986237
-0.0145467924955
0.0777187239207
-0.0015965402869
0.0989641986396
0.0360457912683
0.0480214791457
0.0378065776696
0.0975276045381
0.107987478717
-0.000329775559541
0.0295645130772
0.022119392035
-0.0227359275636
0.00201966726884
0.027042522628
-0.0450803386066
0.106416169276
-0.0355183889656
0.135249414714
-1.20520000984e-05
0.0366750283183
-0.0045904467983
0.119844550023
-0.0694528250619
0.0489748070952
0.120080900341
0.0364731313072
-0.0101996641313
0.0161723153319
0.0447384252564
0.0875186613926
0.0924484026759
0.0935468867256
-0.0912745803198
0.0778656505405
0.146134799526
0.0128346158947
0.0467136561526
0.0535062479896
-0.0882651329938
0.0858260539415
-0.0633205029072
0.0333714674317
0.0136941761902
0.0944822502072
0.025614254245
0.129614139557
0.040663167596
0.0651359689908
-0.0352875593477
0.0841831779061
0.0370557748024
0.0915717804686
0.0104021024349
0.122328129839
0.0518801346672
-0.00171270192208
-0.0124223600111
-0.0139055165533
0.0927490422526
0.0130870818194
0.0813464260662
0.0358792549319
0.0141438648037
0.0253096198237
0.0291240196453
0.127520797585
0.0153771481445
0.050115759991
0.094445092048
0.0773879465304
0.119029240789
-0.023960762443
-0.0783149869089
0.0751292716736
0.120456557996
0.0590721687466
0.0731345426577
0.0783338750944
0.0320244292483
-0.00071891963688
0.0178034959215
0.0405732616924
0.0301401959773
-0.0305095400918
0.0253676677675
0.0828649407939
0.108671839782
0.0264534255989
0.0945360550335
0.0160890304842
-0.0566980836267
0.097455039031
0.0189011953859
0.0324585046159
-0.0220214258049
0.0459360524423
-0.0551566314611
-0.0537791140592
0.0274790128455
0.0368348720938
-0.00386857136944
0.0946994102513
0.081924377867
0.0518540785297
0.0100838767192
0.0848946666348
-0.0060867013313
0.0181219118938
0.0301815553912
-0.00206799964569
0.0296299651874
0.0411950882166
0.0266737970186
0.121650623218
-0.00599165416583
0.0338565583102
0.0868165938838
0.109505151391
0.0839918806532
0.0457282628558
0.0690148745916
0.0815231667131
0.0783371899462
0.0150441962509
-0.0111880083456
-0.00555256879463
0.0194738786943
0.0945809932382
0.066140806086
0.0855011093492
0.0964728447757
0.0883669427316
0.0602270090199
0.0364560710189
0.113090351333
0.0679378767762
0.0261699189413
-0.119713783679
0.112234853577
0.0582261368067
0.0800723280662
0.101584608964
0.0149434818003
-0.0895768449232
0.0825327350237
0.0235752746079
0.0566887747693
0.0914792821096
0.0888731540208
0.105389591724
0.0917990037638
0.0217877137639
0.0543978588682
0.0912066248807
0.0457935254012
-0.0469191311474
0.00409818334305
0.114233942384
0.0258391976659
-0.0110712901468
0.0497753666966
0.00643851175712
0.0503640141341
0.0862646340906
0.0347090402386
0.0294671187002
-0.0157337742422
0.133600177463
0.0716164412177
0.143335860345
0.116234555231
-0.015538035818
0.0614667488123
0.107126592765
-0.00053950270434
-0.0508797567439
0.0769621244139
-0.0166135915752
0.089652043768
0.104335834666
0.109908032397
0.084383755035
0.0578623160754
0.00846453181936
0.039422762735
0.0377911688796
-1.5867654735e-05
0.00273113845462
0.00894152589338
0.0956273208968
0.0679931028715
0.0631611221681
0.00397324137191
0.00368157132839
-0.0744678559181
0.0725961558969
0.101686967722
0.0077329675674
0.0824263822803
0.0524903776877
0.064971682116
0.131244321275
-0.059023768956
0.120753801701
0.0756395031927
-0.00814321722192
0.0618041215877
0.0283927092379
0.087507864239
-0.0125146203576
0.0552542642323
0.0447757485552
-0.0136631385471
-0.0418338091741
0.0735155251071
0.0937969533524
0.120077595317
-0.0315551552521
0.109412931138
0.0842115378734
0.0799293375576
0.101162428695
0.0712007600193
0.0642120923309
-0.0863550988992
-0.0102747528047
-0.0453052176841
-0.0215563942563
0.0853034083769
0.0482792616869
-0.0272368998382
0.112121086355
-0.0121721491865
0.0425099372953
0.0861593134406
0.0864957161318
0.0874980885923
0.110457379768
0.0532560199405
0.00693821384155
0.0352018656252
0.0993010496266
0.109223245421
0.066555554
-0.00733391269176
0.136726300378
0.0717668998694
-0.0148851379112
0.0921992733874
0.0914127907002
0.0691526472044
0.0283026906421
-0.0248340132831
0.0526485932882
0.0559753748153
0.110720698984
0.032337172822
0.110814435013
0.0101832829866
0.107225571052
0.0252439785878
0.0672234114705
0.0577546697833
0.0642401928441
-0.0114220087753
0.0363137842708
0.0412649588104
0.0677445961643
0.0655385751752
0.0882868101458
0.0547746887421
-0.000860829237746
0.0197694814178
-0.0150330915387
0.0637159296537
0.0539178377508
0.118943373427
0.0187804662865
0.0840030389789
0.105864537622
-0.11623709259
0.0856471148014
0.0498285477523
0.0133458924798
-0.00498195365229
-0.042510465861
0.0102688192433
0.0496206181249
-0.0086298630758
0.0616982904735
0.0553290112759
-0.0221116668549
0.0101890074903
0.0013774862271
0.121818757993
0.0553020067631
0.0850368369699
-0.00650506026698
-0.00669736786686
0.0511880728598
0.067797106643
0.0233019261804
-0.00678811397215
0.0449046081239
0.0399272518577
0.11050888538
-0.00363972304081
0.0774521217237
0.0195586993052
0.0835915881185
0.00940123735098
0.0682263901441
-0.0224236163401
0.0198471450968
-0.0809450326366
0.0889793249947
0.0126524279579
0.0355837065929
-0.0113683851498
0.0303991280363
0.0180464628412
0.0504938263205
0.0765767710008
0.0281426356412
0.0730137395091
0.0857056998588
0.0204331156327
0.0188906297651
-0.0260842795317
0.0377621654573
0.0916513959348
0.0231603726135
0.064767352459
-0.000598648015258
0.0181895446445
0.0626359318197
0.0284235843562
0.103111102193
0.0504671054293
-0.0208473174967
0.135114525624
0.0524585864704
0.0401702822375
0.0564662170751
0.0617625309252
0.0567219080192
0.0388658260988
-0.0201593416397
-0.00347375357907
0.0367874060311
0.0819348260542
0.105459765704
0.106443196376
-0.0386347441571
0.0646805749486
-0.0132324061702
0.0412562625842
0.0501467144834
0.000423056645472
0.0793302117266
0.0294570507497
0.102811679581
-0.0252050506262
0.126815637224
0.065441724887
0.0103641088475
0.0783075756185
-0.0149169916892
0.124647420877
0.12573970827
0.0597057449558
0.0645927757188
0.114386822078
0.0936999134642
0.0337185954208
-0.0947491335833
-0.00124954936206
0.061801119195
0.0573112419328
0.0206918456587
-0.0413585872479
0.0504954039219
0.053924051627
0.0495196149663
0.094170845363
0.062984191646
0.00410687667179
-0.0113281204015
-0.00841792939131
0.0788509007532
-0.0356860025832
0.0280289585451
0.102804174598
0.0760865799877
0.0425977086577
0.13347816466
0.00534322138651
0.0379675327442
0.0104531118635
0.118982123475
0.0566751696049
0.10291644535
0.00427323338853
0.0159172389072
0.13360205312
0.0241328433821
0.0604301698489
0.0206032027785
0.0627200714344
0.0814560253667
0.0800049568654
0.0525538913855
0.10369060746
0.102097831662
0.0236017472078
0.0938291935191
0.00585383560488
0.0828850203489
0.0701824523476
0.0259982562234
0.068927793004
0.0589054901421
0.0543149798209
0.0663583351943
0.0657818198008
0.0445065110504
-0.0181008581123
0.0213134786085
0.0489388894167
0.0828390663936
0.116765358786
0.0745467255166
0.116527176467
0.0222463725952
0.0214265669446
-0.0245940507004
0.0756621958149
-0.0273039873433
0.0018438562631
0.00366641221723
0.101193193525
0.0731315369137
0.00842019991703
0.00886647057344
0.022631326571
0.141096333255
0.0972182009863
0.105913200246
-0.0974602749841
0.124143138325
-0.131556213411
0.0562025100399
0.0439624611135
0.0345022621498
-0.0690037233902
0.0626805754796
-0.0427704361846
0.0478065586789
0.129631426951
-0.0048542994534
0.0886526507517
0.0976614297235
0.0482597450587
0.0756130687846
0.00149044499344
0.0190662264576
0.0720933044341
0.146931535627
0.00459980504616
0.0552304994237
0.0338236797591
0.00114870156495
0.0629016601249
0.0960253274992
0.0504742625499
-0.0984215004627
0.0889488924418
0.0259185931465
0.0957237568646
0.00759339260275
-0.0320280046094
0.0902663998159
0.0979456282127
0.0852254451582
0.0117537388251
0.034824325983
0.0996729818298
0.107177429028
0.000901538378548
-0.00909275886623
0.0331102063177
0.110911710917
0.0487923951468
0.0368583830387
0.065247403603
0.0549208121043
0.10391788044
0.0315502328097
-0.0424708841069
0.0425272875748
0.0270278269254
0.0162838278943
0.0520475004116
0.00944928693272
-0.0210379966772
0.0350790748294
-0.0133539308303
0.0438818537416
-0.0397476977693
0.0867813285637
0.0514450691174
0.0664129952258
0.073601333007
0.0663606797516
0.0884776111602
0.097591985388
0.0847109808575
0.0641466433606
-0.00531992083008
-0.00429934976081
0.0855069998211
0.101149929707
0.0571941103425
0.084247658302
0.0865601715594
0.120803949716
0.0170847807702
0.0930617810435
-0.00789856555074
0.0529885639844
-0.0438404969351
0.00522835440275
0.0116688851907
-0.0397936732437
-0.123387904236
0.0158649462397
-0.0393718762734
0.09131391372
0.0493084737377
0.135752694364
0.0271627882027
0.139645213095
0.0577591407709
-0.0121859835148
0.0898543851675
0.0258311354888
0.0385529172638
0.0190994845965
0.0809945523193
0.0716563126984
0.118747687284
0.0788932067531
0.120905910884
-0.0121904709111
0.00462023218656
0.092186672637
0.00734576530372
-0.0215756624491
0.0449449521919
0.118952839715
-0.00589120778475
0.0621745843767
-0.021911556184
-0.0162102618531
0.13754614888
0.0362275895107
0.124629310052
0.0822968130611
0.0344253449161
0.0931782323095
0.00752665121358
0.0430204475351
0.116491693411
0.106795886624
0.0708331855757
0.0926242303026
0.0902273285259
0.0165517552239
0.0891046882703
0.0424782690951
0.0936482132673
0.0798671452283
0.0119433057062
0.0393852265019
-0.00861233599133
0.0409922811157
0.0751001308589
0.0238863027885
0.0869966468622
0.0541867143142
-0.0305471989681
0.0768492516211
0.0685031254124
-0.0652498027656
0.0303089324441
0.0178409315749
0.097300513066
0.0264528403284
0.0802384006162
0.0290906167977
0.0112185997834
0.121263850938
0.0738946479208
0.00953263031884
-0.0253533529179
0.119961146274
0.00814713494733
0.0696978559666
0.0879643734645
-0.0131032778136
-0.0245264846489
0.0104877165304
-0.0314064155829
-0.0161093746646
0.0828302478099
-0.0552158375672
0.0890315277449
0.0893868554425
0.0968946345042
0.108676655863
-0.0322255544801
0.0853670329644
0.0661579157933
0.0171299631001
-0.0334527593591
0.0209926004738
0.0322312781719
0.0149367684352
0.0970094439041
0.00355519711154
0.0841044392146
-0.0458867297098
0.00877105797005
0.0123822161318
0.0327940129153
0.105224640909
-0.056214452931
0.00634036623682
0.0567721932102
0.0253778723926
0.0586012971023
0.0568514643598
0.0682075386568
0.126858918312
0.119887949385
0.109242417934
0.128801543583
-0.0295739628881
0.120143782744
-0.0156209370652
0.0159465824677
-0.100353803029
0.0646035405889
0.110789298964
0.0532265414594
0.0383900092692
0.0164353712742
-0.0851416237064
0.0329856116439
0.040059988278
0.051652609877
-0.0403813227833
0.00478528065532
0.102703809684
0.0589812800983
0.0336513920314
-0.0594786308226
-0.0622138505494
0.0559482975514
-0.00952850370527
0.00924459494278
0.0528329268385
0.0677109336841
-0.005770027851
-0.0252600134695
0.0587570883683
-0.0303667568549
0.112836695406
0.0809331804829
0.00461713874052
0.0111401607679
-0.0553358091824
0.094524944113
0.0688062498914
0.121163001789
0.0552473512993
0.0999479677543
0.113289387515
0.00749704611069
0.0323441566937
0.0739588686747
0.0315842346109
0.0817817049242
0.084617053534
0.0713065998718
0.136528448515
0.0460370507427
0.0592125099112
0.082885233907
0.0156905403971
0.046066597804
-0.0363833107949
0.0305198369848
0.0881804740509
0.00847592771156
0.0308357642457
0.0764521055042
0.086213673464
0.115976548069
0.0255050057128
0.107239823342
0.0577708873291
0.0046761591064
0.123985820454
0.0117859837797
0.0745468421031
0.0713762097576
-0.0150357179919
0.0662762683313
-0.0199144811142
0.076840650137
0.00798499966283
0.0817075869477
-0.0035661760473
0.010296983446
-0.00716892699878
0.0446468252608
0.0896017176249
0.0969423228049
0.101705151351
-0.0247223186131
-0.0182774254804
0.0619725111394
0.0852785407032
0.0769041270422
0.0336236354139
0.0895831933441
-0.0657852339722
0.0549583518066
0.00338445433671
0.0951041269765
0.132046179895
0.038827256161
-0.0915246092845
-0.0124414309521
0.10967609742
0.0304600369727
0.107720752733
0.0879060883772
-0.0983976094118
0.00176404877748
0.0575506122134
0.031052897057
0.0337929871385
0.117069610344
-0.0116756559132
0.113955150772
0.0766181613136
0.0366487522494
0.0851046240802
-0.0301213747981
0.0423458685702
0.079022594606
0.0933878362386
0.0783971058791
0.0551313630704
0.0776815898423
0.103505688739
-0.0400736679418
0.013028686462
0.0645723683491
0.114620643047
0.0587372434286
0.0825682719623
0.104310228348
0.0633843649398
0.081441260897
-0.11108911377
-0.0464917554699
0.0694784802601
-0.154937993422
0.0161851774872
0.0052763225627
0.107787953754
0.0613159807874
0.027069842084
-0.0262002357834
-0.08931776897
0.027400520022
0.0831563218383
0.0173516588376
0.0538865063328
0.0804939142463
0.0855314920166
0.0554956927378
0.0442211216309
0.0330531397578
0.096354665871
0.0633261160041
0.110913457472
0.0947151830366
-0.0436262166871
0.0431616310443
0.0187425349294
0.0593046285293
0.0265264638868
0.10662761668
0.000812724859594
0.110798232275
-0.00444719298853
0.12711181319
0.0457387708778
-0.105162791104
-0.0364620561012
0.0495178004382
0.0153020134254
-0.0160900313205
0.099808296978
-0.00934971128329
0.0406793158462
0.0172902573169
0.056148976532
0.0181219153651
0.13487035376
0.0894588645732
0.0946046542037
0.0300240650438
0.0455074098743
-0.0282487573954
0.0988819650381
0.0968582459385
0.025169076736
0.0656618030338
0.00832043728884
0.111750017269
-0.0371787631851
0.0181498521252
0.0647094588545
0.109952613755
0.128115092721
0.0357592181619
0.0211743223196
0.0651431446074
0.110563340571
0.123262159974
0.0684543462041
0.0723232078521
-0.0196447287123
-0.0111343510684
-0.0931336803984
0.056025656429
-0.0112414313899
0.0729646197563
0.0930495879463
0.0281540174421
0.0382968758589
0.00604442635182
0.142708109369
0.0724901413601
0.105126141261
-0.000933543791673
-0.076282622964
-0.000162172586116
-0.121736632186
-0.010637527444
0.104299036079
0.0272807633407
0.0478223257496
0.0933004874685
0.0492427541946
0.0915013518688
0.106542466225
-0.00482937837292
0.0379216092113
-0.02275336935
0.0757518361917
0.100202414431
0.1144622794
0.0091674540828
-0.0403367294184
0.111459728358
0.025175362666
0.0603032732724
0.0244187295443
-0.069961030099
0.0193004329393
0.074595423296
-0.00403334410443
0.136589454583
-0.0411738560306
0.111219429369
0.0985374229283
0.0478717970641
0.0951937912338
-0.0100804629752
0.00498322032946
0.0370131377325
0.0726540335184
0.0345493159364
0.114326970282
-0.0225204089087
-0.0371378987721
0.0236833546643
-0.0454495513512
0.12315204889
0.0374076760101
0.106353612915
0.0803204659961
-0.0852263157417
0.0482749860434
0.0598609910416
0.103144223882
0.0835297805825
0.107562377087
0.0824373738174
0.0939893742289
0.00999601298622
0.0179024479116
0.0491171124184
-0.059510518525
0.0675013642205
0.091971256152
-0.00273701259413
0.0499786340872
-0.0350959084191
-0.00573884799232
0.0727370045691
-0.0390193356901
0.0232752279532
0.0536195066692
0.0118304217992
0.0818489352257
0.0512028226034
0.0878511767469
-0.00946706095699
0.0219953781373
-0.0387625492071
-0.00541283096011
0.0646459482148
-0.0471643604554
-0.0130900790791
0.0754784133378
0.104096287644
0.0644019329639
0.105368293469
0.0410612315237
0.117433352348
0.00238604549369
0.0731150208307
0.108855959642
0.0387256519503
-0.0318774274414
0.0711239500801
0.0251370479056
0.0932917600831
0.0857131597206
0.0114517097513
-0.0177027973966
0.0714703241648
0.112341126666
0.00525661878176
0.0666586449434
0.000620459023162
0.103205891629
0.128026886807
0.112463894912
0.0720165196385
0.0694544527498
0.082399382053
0.0695786839329
-0.00934297686765
-0.0442732813779
-0.0627203307919
