0.0378916444278
0.071751928954
0.0031638743851
0.108550822642
0.0382399748609
0.0045428820594
0.0265501578281
-0.057250603866
0.101405868633
-0.0928053036447
-0.0199098264805
0.0121760173105
0.0597651416892
0.0769566122134
0.0325843117807
0.136953417037
-0.00537235762127
0.0276986891552
-0.0316319948712
0.0963936070854
0.000118237603667
0.0497139372959
0.0296221980429
0.0262716237105
-0.00504901774327
-0.00161862121076
-0.0595354099961
0.0441197789979
0.0510444020745
0.0524294210478
0.0322599543015
-0.105295445343
0.106762041531
0.0698643423089
0.069091798323
0.0118647453882
-0.106901156649
0.0324045363984
0.0603627280807
0.0386259814209
0.0404370749027
-0.0677843986125
0.0357861684517
-0.00941078659986
-0.0645750457105
-0.0117541509105
-0.0338688518337
0.094024663807
-0.0173244638814
0.00878883971004
-0.0242827585166
-0.022880633213
0.0669125509831
0.029807128669
0.0712159438044
-0.0259490839678
-0.0137681663027
0.11299235391
-0.0279679423489
-0.0373876414506
0.0620116527921
-0.0155271243706
0.0309188625403
0.0480445383409
0.0418356246772
0.10505374855
0.0804625745164
0.0692948687455
-0.0141593056485
0.00811236512652
-0.162091795684
0.0179726586773
-0.0851599120084
0.119783773516
0.0343481355061
0.105137702708
0.0170462413193
-0.0108376154933
0.0179010973386
0.0464754076676
0.110382177553
0.0333232133593
0.127024910374
0.0556634805361
0.137418178893
0.0590948470961
0.0997247946737
0.0231574598152
0.0440571515354
0.078278506331
0.112013967335
0.0783910568651
0.0412563864209
0.103564443397
0.096561724957
0.0678969653035
0.141146072093
0.0486126332475
0.0692019804435
0.0299732549656
0.0145647486699
0.0229146435363
0.0429153530621
-0.0155740178193
0.0309189384975
0.110345804647
-0.000584888326138
0.0312592061886
0.0223606737673
0.0465836787513
0.0475728473795
0.106177959929
0.0210681553931
-0.0927387392743
0.0382819035326
-0.0029706192206
0.105637376574
0.0456576693068
0.081408942518
0.0533299690418
0.101840165883
0.034332317111
0.0436314237778
0.0955579441392
-0.0743179266129
0.0565905523765
0.0535317132308
-0.0762926993234
-0.0121925481748
0.0660187210709
0.051885280551
0.0947350941944
0.0536759395493
0.0289626836027
0.0407704704103
0.0120235061301
0.0944492965526
0.019669114971
0.0148644078604
0.0856491264348
0.112345574042
0.0378163333773
0.0739912256154
0.0544568383815
0.0559929558202
0.0805209824385
0.0822991491183
0.103866405295
0.0153001357933
0.0464803656009
0.0161357606262
0.0140625256504
0.0398244325363
0.047943408585
0.0479222909897
0.0269799102365
-0.0441777593173
0.0726822290097
0.012854511756
-0.0637106612353
0.104254235674
0.0635472601614
0.0953677960675
0.0338670122167
0.0260990570893
-0.0130100003768
0.0857915310932
0.0894825575515
0.121749862276
0.0664325011753
0.000234784130744
-0.10391875191
0.0360621888424
0.0736145381704
0.0130494870983
0.0669642969414
0.124706661983
0.0509912701211
0.0811362113719
0.027578721272
-0.0256791773397
0.0505671135208
0.0262717857348
-0.0113727107825
0.0274262634181
0.010113839554
0.0438070903938
0.0243478525769
0.0215937091199
-0.0539850816706
0.0488365202209
-0.00670400051689
0.051019898567
0.0331259670407
0.0620213138375
0.0907815756714
0.0061309188316
0.116198953804
0.0533490844585
0.040652949269
-0.00584729598681
0.0296084834841
0.0489826097071
0.104422165536
0.0774487309405
0.0785099999112
0.0967226352392
0.0748918581141
-0.00716620941948
0.0742259833085
-0.00469560677293
0.0544867683587
-0.00636632770296
-0.106097781976
0.0106473818611
0.120555726694
0.120254304648
0.0763694978474
-0.00885882809427
0.0750318581033
0.0171660716512
-0.0696079822826
0.0338729508972
0.0909298137274
0.0537672803686
0.0262521576401
0.0198318494479
0.0696046226794
0.0632408092415
0.0326799071938
0.0771961353718
-0.0264132731849
0.00540181266413
0.0253755503321
-0.100927175005
0.0689952319508
0.0128634821981
-0.0469423844499
0.0110409804397
0.0426089677281
0.0705030834851
0.110262316321
0.0876022510384
-0.0201128046118
0.00849925737951
0.0659291724571
-0.0521736761199
0.121993211904
0.0132652452804
0.11651172114
-0.0448324612932
-0.0147654272601
0.0449496875184
0.0400386069585
0.0259007373735
-0.0353391546625
0.0747505461941
0.080070617616
0.0578167872837
0.0528511630606
-0.0755916056887
0.0820770637876
0.0493305411507
0.00316423738559
0.0614908996975
0.099493929784
0.0888855643023
0.0043630117957
0.0411966787231
0.0566609954043
0.075004614604
0.00156848356023
0.0378342277349
0.0837603732001
-0.00236269595682
-0.0413355720495
-0.00615995034377
0.069166819528
0.114878757605
0.0240918036956
0.0283236175111
0.0866801371528
0.0372742603861
-0.0519672253768
0.0169823565155
0.0329470180905
-0.00798837300599
0.0969717900278
0.00610062723717
0.0417147905485
0.105307662184
0.0341643531544
0.0494801944467
0.0266601716654
-0.00373062648592
0.0753103071668
0.106330117831
0.0994706715763
0.133685499893
-0.0290783459108
-0.015472480749
0.0428760139527
0.0420277186537
0.0574519148454
-0.0401031295047
0.0766959034356
0.0536092190992
0.11998748838
0.0236161730516
0.0143158517296
0.0217380458419
0.125802716068
0.0842227508994
0.0448427118359
0.0714314323384
0.127254561954
0.0891094675754
0.0830356088517
0.128373212476
-0.120333056116
0.0401517193121
0.112291547794
0.0406165238676
-0.0063792116977
0.0604249561115
0.0840320622708
0.0734895726457
0.0756096279545
0.0661495288819
0.00894107462076
0.080514195818
-0.102798536552
0.0515142057327
-0.0322880893568
0.0236227243243
0.101250685788
-0.0180756982469
-0.159057002583
0.0577594293133
0.00508361190511
0.051897668911
0.115236260126
0.0744244014009
-0.00859976322129
0.0303775963525
0.0790730432227
-0.0262854145996
0.123719846262
0.0959238782213
0.0101457317425
0.0936133517285
-0.0179702440138
0.0191625497019
0.0270426256061
0.0124339729118
0.0505754308045
0.0586273166777
-0.0175242203128
0.0310915887241
-0.00275527458122
0.0653650886163
0.0301943343995
0.104123768966
0.0960885607478
0.0395714224492
0.0362084800139
-0.0625277035683
-0.0261908680444
0.061628412727
-0.0104267169325
0.100669196612
0.0753768092894
0.104046836663
0.116678372996
0.0482834123891
-0.0181402552221
0.0150321053223
0.0613271758812
0.0709314694233
0.0711688623253
-0.0117340890082
-0.00148060719648
0.0470382791852
0.0565293576478
-0.0510986201724
-0.0136190245309
0.0775357188726
0.0572073054961
-0.0594279566088
0.0376799939362
0.130047452584
0.0738060885914
0.0843287723838
0.0668693607556
0.0126454064347
0.0166690126875
0.0419964475873
0.0857349549483
0.00443226194643
0.0355686119072
0.0674652054875
0.0350730442456
0.0919930189824
-0.00110378885004
0.053461486568
-0.0322747397543
-0.00460984228633
-0.0215357986617
0.0274092152465
0.122463311651
0.125492244479
0.0606723228484
0.0180592528765
0.0537598360664
-0.0452463851781
0.100543744654
0.0561160154201
0.0668604010233
0.0878374842795
0.0592650108065
-0.0387741875375
0.0247688390321
0.0533053189504
0.0421447534559
0.049584407685
0.0107748945809
0.0218205112671
0.0201205597353
0.0548840689372
0.0848708247226
0.107757022341
0.0908458089057
0.0729750687895
0.0384483042523
0.0610957152248
0.0851258175467
0.0895419728959
0.0277617307012
0.0903742943485
-0.0434734963339
0.0433948770559
0.07918366995
0.0917878455853
0.0964021486837
-0.0614767027366
-0.0534524653816
-0.0207411525115
0.0388325670787
0.0668866920063
0.0905086001937
0.0585354400599
0.0196216991904
0.126318374411
0.0650798885201
0.0584895269081
0.0143606648152
-0.000456086882838
0.0305651321018
0.0361864355676
0.0369310377911
0.0831940300699
0.0793661940344
0.106709417712
0.116773877244
0.0309463305208
0.0217353994572
0.0685025474991
0.0826351860554
0.0322305423822
0.0609948428702
0.0413793354818
0.0527301903644
0.0238330269889
0.0900244037664
0.0386058341051
0.1123648552
0.0637773907742
0.120025836105
-0.0348792817536
0.0557739871907
0.00413410475109
0.0871753867894
0.00748261282353
0.0458225364618
-0.0180826421451
-0.032672978105
0.063378540217
0.0917176382073
0.0703182055635
-0.105654333323
0.045145544513
-0.0638156039026
0.0277412669463
0.0917216178751
0.104918575358
0.0698774506627
-0.0139753459246
0.140969708009
0.0707338767488
0.0885557478108
0.0164282605661
0.0623415426351
0.04487263747
0.098055295216
0.0597825482349
0.0164957679648
0.0657938801276
0.131091879513
-0.116945342007
0.0991437806206
-0.0773594165121
0.0642311409976
0.0428567383433
-0.0342854408952
0.0738353977186
-0.0105984027219
-0.00090889853817
0.135743351868
0.0385834453787
0.0919417990951
-0.00433666639995
0.0325220353174
0.0108897293992
0.0229354982827
0.0477428521077
0.0287529390772
0.07630668268
0.0511692157758
0.117407038498
-0.0486395441884
0.141746869264
-0.016447051258
0.0717738597402
0.0176330990221
0.103214738493
-0.0200017429199
0.0218694660415
0.0751444311414
-0.0223843787573
0.0577719129353
0.108479951383
0.0893268052514
0.120644904549
0.0638214895242
0.0302237560422
0.0736964620316
-0.0519576614833
0.0721042312032
-0.0124830008529
-0.00442378038183
0.0407628840932
0.0942335829408
0.0938293609935
0.0112112001107
0.0076595722783
0.0720459294847
0.123966685367
-0.0121061634128
0.102922172278
0.050955049574
0.0963213858394
0.053111416588
0.0510214373781
-0.052915563171
0.112354984777
0.123724819343
0.0515103062655
0.0363885663209
0.12103164214
0.0426020684405
-0.0466442511355
0.0705761282696
0.0864540693649
0.0129632087596
0.0943042490174
0.0787799777675
0.021744380457
0.0247753650438
0.056679570384
-0.0383281434704
0.0492155935823
0.109999134797
-0.0291040161858
0.0312730568411
0.01012700793
-0.0157264967261
0.106527910079
0.0437266770574
0.0448245216962
0.0392780887141
0.0735092649506
0.0622428630906
0.0591421972259
-0.0886133735842
-0.00895215932527
0.0824250125776
0.100425800724
0.105987596587
0.0689400250559
0.124984182071
0.0882891841461
0.0198317339418
-0.0260633837813
0.0990612104541
0.101724365211
-0.00607314202834
0.0762909506526
-0.0134149373357
0.0702478458951
0.077944811937
0.133844784747
0.0509129388279
-0.00854742840246
0.134207446007
0.0215611397685
0.110078721811
0.0623669040585
0.0542975498487
0.00933837924875
-0.0268046812467
0.0389299131347
0.0542464124832
0.00160928650808
-0.00970700675985
0.07919331697
-0.0718524759934
0.00702668876126
0.111086432621
0.0261005770261
0.0540205040291
0.0780937099056
0.0428504116437
-0.00603070621394
0.126947058909
0.0773574353877
0.0532954479486
0.0859644932757
0.0710741024874
-0.0581020494719
0.063175402077
0.115398447169
-0.00192781221552
0.0654166482169
0.0823641971183
-0.016181928187
0.056429403031
0.00895057870322
0.146895195539
0.0433832813399
0.136053812258
0.0284845394742
0.119059426007
0.0085750442352
0.0939849298389
0.082738594812
0.11335786298
0.0420786315559
0.0924916102457
0.040771103092
0.0306614550166
-0.00903437910044
0.0768423503601
-0.00473767475729
0.111170133323
0.0172095620397
0.0796759277581
-0.00826656945114
0.11503842859
0.0356130782095
0.0379164002148
0.0509601950208
0.0853111963977
0.0644067379351
0.0760161217138
-0.0206545261276
-0.12175796435
0.130058014261
-0.0505652507662
-0.0293693951964
-0.0755942841745
-0.0170129168388
0.04524394371
0.0813575296333
-0.00732945785538
-0.0154542933147
0.00944211619537
0.0730998351709
0.0871119612028
0.0252468403888
0.0606035524028
0.0867328023751
0.069472442561
-0.00457980795199
0.095861542737
0.0765186439838
-0.0590435273254
0.0424126281303
-9.58532874886e-05
0.092900018943
0.139725221359
0.0346790519758
0.0184321102389
0.0677711244318
0.0922649046368
0.125362754518
0.0737503281352
0.0664998299366
0.018222060841
-0.0299674173953
0.111929265778
0.0161999012647
-0.0198261763472
0.0542583996963
-0.00705895281983
-0.00491685817914
0.0997155131121
0.0139839366598
0.015390864046
0.117665200958
0.0147053525968
0.047225929729
0.0844584353328
-0.0291278982265
0.082792034533
-0.0483311559509
0.0619024053185
0.00956830977067
0.0982300854466
0.0130217860922
0.00136017220026
0.100921766232
0.125201517942
0.0856784673115
0.0492472302015
0.0290435315928
0.0853214112198
0.0572807250143
0.0039373479122
0.0437248752706
0.0948491500956
0.0773385064873
0.0666432724127
0.0871966001285
0.00705254401388
0.0536841830131
0.14249299826
0.0595251593084
0.0112179813851
-0.0433781787128
0.0724960394216
0.00972804198288
0.0906151497336
0.0307750594493
0.0545824914625
0.132271826675
0.00487970643038
0.102989984215
0.0813128867295
0.0993933076413
0.0417551083475
0.0305776312865
0.0320773889178
-0.00667119329466
0.0717477167744
0.086293146312
0.0343819127872
0.0228248714812
0.1036283352
-0.00500934127839
-0.00493442354026
0.068749320272
0.0703754729966
0.092141508083
0.0708663541223
0.106896424333
0.0109531549254
-0.0318618986957
0.0780591725262
0.135483059565
0.101449342318
0.0624047941705
0.0258442948132
0.0153384296713
0.0812357553965
0.0945725466882
0.0617908949097
0.0222249766212
0.0657249196072
0.00691104088396
0.061518687446
0.0635658181819
0.0630107715749
-0.0516637145504
0.0623726547961
0.0171348159101
-0.0107347157229
-0.0102297837694
0.0713198538624
0.0905679967586
0.0414562328673
-0.00631348551455
0.108517918887
0.110539735419
0.0691876769929
0.0349724565426
0.0453458160488
0.00674853655798
0.0255498172564
0.0770045461797
0.081544985898
0.0739489484492
0.061957871291
0.0202072446843
-0.0202988816282
0.069439448562
0.0305319121314
0.113169410612
0.081196568623
0.0294434422496
0.0365793802766
0.0523960789815
-0.0713001362947
0.126276984684
-0.0883054393498
0.14355835108
-0.0414450078126
0.0484023797795
-0.101023168857
0.0120934806355
0.0715939259449
0.0130307688351
0.0672675290611
0.0318682213012
0.0940363377972
-0.0512972561742
0.00676661005786
0.14265209438
0.0352965720788
0.118400829595
0.0979979417791
0.00265353577867
0.0602314057691
0.0342313191873
0.0820392612876
0.0773268273714
0.0683197174696
-0.0450258641515
0.0895656416888
0.0446536200086
0.00616573268491
0.114901387081
0.112955738558
0.0363921340018
0.058389391895
0.0498510462782
0.049262184651
0.0714228232436
0.0104533019518
0.0599426037489
0.040878554753
0.0831718250603
0.0211059672821
-0.0589257089502
0.120649160644
0.024577276924
0.0638937578475
0.128485863466
0.0439319925861
0.00704254095959
-0.000996244990535
0.0300668507004
-0.0223505054217
0.0178188430868
0.0319724672588
0.113285438651
-0.0295650224172
0.105979113278
0.00467666286979
0.105819401136
0.00371313995675
0.141973923612
0.079173432493
0.0897642787766
-0.0208400659693
-0.000688346772273
-0.0334448772885
0.0697142070898
0.00355429850661
0.0718869035118
-0.0302653973716
-0.0288055464722
0.107435678326
-0.0503943068786
-0.102807169498
-0.013307265791
0.118773819593
-0.0818937462479
0.0378565390495
0.119341728743
-0.00573880487273
0.0518418938003
0.0157085766195
0.100926891948
0.0811979068886
0.0570281095997
0.0746823156452
0.0634913018685
0.0638092402004
0.0291481142193
0.00992935715399
0.0193153010782
0.0593423779679
0.000198211352695
0.110777551913
0.0495623221155
0.0246227602161
0.0799619712649
0.110721772941
0.039758226571
0.0672560225126
0.06317664296
0.102615433374
0.105335485149
0.0450367405521
-0.000317277605078
0.0771775791772
-0.0579304509515
0.122972134921
0.073285047557
0.0819591480072
0.0650854628131
-0.0331846396824
0.0546077052071
0.0551247451384
-0.0019549536278
0.0321558271951
0.0285080512011
0.0226989184195
0.0575093515892
0.0155034920188
-0.00929471742466
0.0925830412065
0.0624101873195
0.0665142281043
0.0952082719933
-0.0506035305757
0.108528514203
0.0579602848703
0.0447349074855
0.0806850998508
0.0207626123255
0.102759313113
0.0692845319691
0.00586241096855
0.145726103741
-0.0384251135536
0.080542666407
0.0310210314522
0.0218925933258
-0.0211292769071
0.0597840888126
0.117364158605
0.0714532153922
0.0449994996098
0.0686001161438
0.00298253822343
0.12742412054
-0.00793426735297
0.112976808075
-0.0641090488216
0.0282818050098
-0.00975464116268
0.102791129456
0.0535338376151
0.0887158262045
0.0570471162949
0.0968446477815
-1.19683676765e-05
0.0900395655103
0.0774423717949
0.0428176926591
0.104734244803
0.0540278639609
0.0679228410895
0.0364278585863
0.105081200735
-0.0107092673845
0.0823028269802
0.00869245890949
0.0839947723525
0.0732319330323
0.0670626711787
0.0804299029319
0.0342468058714
-0.0299268066464
0.0518252975503
0.0033327987748
0.0836022599501
0.0685164670084
-0.00725269101202
0.0385531626503
0.0291356284488
0.000804773257345
0.122406987504
0.091099894296
0.008028984787
-0.0490990110566
0.125222069029
0.0332430241147
0.0103410232434
0.100079490554
-0.0477730627888
0.107398441584
0.0582336932438
0.109317121599
-0.0251978079867
0.0443044314893
0.0035214858529
0.0774772567236
0.00935358479622
0.106172110404
0.106594551281
0.0807214409487
-0.00707281911457
-0.0008276958585
0.0943459275713
-0.00106164113977
0.123841099174
-0.00639086063479
0.0999557523301
0.070618867992
0.0172623969505
0.0664574590662
0.0431577272421
0.0741432924421
0.0410853627725
0.0855444032402
0.0476155565223
0.0584708613965
0.053328660891
-0.00795389536012
0.00478221386999
0.112426300483
0.0616160436773
-0.0416778329334
0.0800376633098
0.0180356421622
-0.0344028282759
0.0453656447915
0.0520382048016
-0.000772332114151
0.0124441940749
0.12598634495
0.126487159011
0.0629397574086
0.026497557573
0.0276412867129
0.104758721808
0.131932446009
-0.0807733397349
0.10876655734
-0.0711897818882
0.0761016037192
-0.0492817416134
0.013369898454
-0.0525578408743
0.065323124917
0.00247075245163
0.0718787086796
0.0190606673702
0.0621771094152
0.0370242208057
-0.0160292875325
-0.0485968161607
0.0280064942532
0.0108268579959
0.0619340963978
0.113900817938
0.0348985477239
0.028166231017
-0.0127288637458
-0.0291551716656
0.0744624051361
0.0641099756641
0.115616514194
0.0512156804576
0.078626463193
0.0391436501559
0.0435930155292
0.134735199258
0.0132680585259
0.106960673178
0.0577969759459
0.122454524922
0.0775411979548
-0.00174513548513
0.0416960190957
0.0264844485421
0.000170600820169
0.0665078680043
0.00438730916658
0.0639605956228
-0.00545289949328
0.0517584832181
0.0349998672514
0.104641446154
0.00731084490267
0.0893494235683
0.10311832967
0.00485804424271
-0.129296437866
0.00939810884776
0.0109747988172
0.0164008386778
-0.0159239398837
0.0759302183851
0.0544702653138
0.0117721770659
-0.0947113231831
0.0567173176744
-0.0191440148018
-0.0108739461179
0.0610606692612
0.0838494622012
-0.0189921584155
0.00367097598791
0.0604851253728
-0.00240310393765
0.0535772132483
0.0588586924253
0.115733374
0.0195355103344
0.0538968751918
0.102443041839
0.074973285118
0.00672662180207
0.10150709876
0.0302140024271
0.00948426118299
0.0217978661383
0.0312201546725
0.116064074581
0.00231315801723
0.0688616874411
0.092931338273
0.0805818655937
0.0160704676011
0.138562903374
0.0625352512796
0.029513254186
0.102993950779
0.120613268597
0.0190497838968
0.0542175722484
0.0918959802604
0.0842830827006
-0.0763868146279
0.109870107721
-0.14517849269
0.0985288128919
0.0120934238398
-0.00353472518773
0.0801407020796
0.00611965269929
0.0618386081439
0.0696438488842
0.00241714638579
0.0606024920267
0.00510425115507
0.102587436672
0.0571949307478
0.0159088776992
0.0285125907547
0.0844380352521
0.119694274898
0.101720974801
0.0811656498471
-0.0333576658103
0.117022123801
0.0380569529519
0.0597095908793
0.0468771474048
0.0936780968456
0.0649232015654
0.0303302475494
-0.0160171967815
-0.00278241261105
0.0105074458036
0.130391355285
0.0709479788828
0.0787103130977
0.0370684532054
0.12698662823
0.0250257637659
-0.0175632376784
-0.0147081003009
0.0317255595556
-0.00461417815604
-0.0125224601649
0.0608099289858
-0.0199922104075
0.0250041284467
0.0835414111213
0.0115345662614
-0.0131871779508
0.0378964129398
0.00343426132372
0.137773981881
0.0812805268571
0.022349607416
-0.082732417035
-0.116168045499
0.0023277962391
-0.0395850088353
0.0546244401461
0.00640624627889
-0.0533378332915
0.0498459305158
-0.0162620098342
0.0874681615651
0.0127336734729
0.125447835122
0.108501481306
0.00271175593236
0.0942360271108
0.0664227951456
0.111783813522
-0.0253974070246
0.0821368655601
0.000318337918047
0.0553314155266
0.108937958645
-0.0195289071816
0.0901382277118
0.021780899796
0.110967254124
0.0355185966719
0.0816799914151
0.0732415069344
-0.0267962687609
-0.0570416979057
0.0982956860378
0.0372871289272
0.0471691104904
-0.0830838965147
0.072034651799
0.150026875395
0.0731555242726
-0.0134679438073
-0.0744265745731
-0.0236637361935
0.00889087885159
-0.0655193421369
0.0865381887978
0.0855399717155
0.0670169704583
0.0200514063604
0.0388067913935
-0.00756360497477
0.0710741984597
-0.0372653045369
0.0484093553176
0.0889739975937
0.0816013716503
0.114468896106
0.087841710004
0.0819508192088
-0.0145818023264
0.0397662584049
-0.0313952438676
-0.0194252942969
0.0559789299202
0.0785126942108
0.0562789662958
0.0199414599297
0.113503880541
0.121266080774
0.00639538540169
0.0358173580753
0.0283012942501
0.00957848833759
-0.14402140175
0.000427800438611
0.0374076805943
0.11258225987
0.00702364969495
0.124780248648
-0.0331295357193
0.0375334139565
0.043733496806
-0.0594923547591
0.0075412571643
0.114853518749
0.0992019991705
0.0483597593613
0.0978063423345
-0.153577840148
0.00375723836605
-0.0563130354272
0.0663639115066
0.019803759356
-0.0517485870867
0.124972040967
0.114996897053
-0.0133440528279
0.041821680338
0.0823465160265
-0.0947670125722
-0.0134802757676
0.104785292143
0.0520917355855
0.117626070735
0.0528159455218
0.0976194270281
0.0502502741928
-0.0125102074744
0.0786936012374
-0.0823785189907
-0.048780282952
0.0915618772805
0.028949261013
-0.0221551594499
0.0122323058081
-0.0198043839099
0.062396218839
0.0841262943836
-0.0206642297124
-0.0415894267704
-0.0205153121197
-0.0293099755433
-0.0126742318215
0.0737888800228
0.0409171787775
0.04142047462
0.0485147989758
0.0515248165849
-0.0307613113642
0.0691692171865
0.0821566816511
-0.0360438831238
0.127092844563
0.0779445434542
0.065186461065
-0.0125765934958
0.0666423621202
0.011507281045
0.0439160026152
-0.0142308465555
-0.048879510554
0.0549564348099
0.0987261734214
0.0667393105836
0.0311823878643
-0.0202292576912
0.0253028283892
0.0343098300381
0.0990898325307
0.0721003288451
0.0518271308588
0.0379726360871
0.0573974729976
0.0286010004916
0.0605010651586
0.0684049306251
0.0920246676964
-0.0108809765095
0.0681195578555
-0.015340516149
0.000291550655527
-0.0341422787353
0.119877119212
0.0978370528753
0.100275316963
-0.0301255055859
0.0650018049695
0.00371293855
0.119600074871
0.043572838409
0.0461738440301
0.0516138044269
0.0594483527444
0.0276715889062
0.100229997981
-0.0186380283976
0.00302954573148
-0.0448446511177
0.0385486888946
0.0309676388231
0.0423107235488
-0.054295851848
-0.0349321326681
0.0241813168075
0.0949357206535
-0.0264360532996
0.142703324558
0.105317125638
0.077335825701
0.0923152156988
0.0650113100429
0.131493915287
0.0348446400131
0.0420004644427
0.0715441083734
0.104230262219
0.0457714200459
0.0445031491599
0.0219368916571
0.0334821111132
0.0858953573402
0.103211406379
0.0984354002642
0.0396317640762
-0.00420892162991
0.12178057959
0.00313562843961
0.0901753035401
0.0969562300099
0.0355274259715
0.0354039377357
0.0474563996432
0.0389435489668
-0.00931593965672
-0.0175802706975
0.126275621436
0.0139255227267
0.125450489534
0.143629816226
0.0148876149969
0.0612288973737
0.0730726575008
0.0301324352245
0.030311065884
0.0878601088938
0.0673037935324
0.0965332538816
-0.0155963710364
0.0389068661661
0.0047928824193
0.0241137508511
0.0843448491293
0.0915733536184
0.0902639753114
-0.0196200522596
0.0124103620041
0.0947543409887
0.0202353026536
0.0278175912481
0.0745993717273
0.0692200738654
0.010036208424
0.087519090047
0.0631473670449
0.0911363335071
0.0077906640323
0.107715522429
-0.0453051513799
0.0962252330023
0.055547680759
0.00458555037801
0.109100273896
0.0297493180171
0.0884378729682
0.0698625717441
-0.0480434372947
-0.0014055711953
0.05881721171
0.0661323389428
-0.101231439104
0.0334464771587
-0.012020900554
0.11405193671
0.113162045467
-0.0796438423758
0.0500762202493
0.0655191025542
0.0700856690232
0.0878928326011
0.111866731927
-0.00824509374816
0.0386479324195
0.0216053485688
0.0743311783194
-0.0170186928374
0.062161506527
0.0442686382364
0.0640383704241
0.0919013272743
-0.168329206096
0.0831886805088
0.035154498712
0.00311828596435
-0.00110534880693
-0.0119834264762
0.0932582325955
0.024333637444
0.0160002932994
0.0788263927041
0.0471821954977
0.0859367222795
0.09726300079
-0.020234363126
-0.00434781334021
0.0668813474159
0.0537786745388
0.0684063954603
0.00414655593421
-0.00522651826985
0.0850369160368
-0.0789481251017
-0.00417488979961
0.0192383307767
-0.0473023276582
0.0776926120654
0.0550534923568
0.0933581224595
0.0672063419393
0.00332134197925
-0.0188350286996
0.0795859317057
0.0859098179336
0.112093614573
0.0508008178565
0.08699093209
0.123247358295
0.0088357507753
0.00198700466521
0.0775326033432
0.0908078531956
0.069848114123
-0.0623303414018
-0.00355796951809
0.107383251256
0.0403323945894
0.10312379809
0.0250774851294
0.0851282728081
-0.0261932836339
0.104140322245
-0.0209284482724
0.014824221829
0.0329205031047
0.0654467144607
0.0107949957817
0.0376865383283
0.0557476664634
0.00501556429217
0.062636819873
0.0877598445486
0.100582102343
0.0138901109937
0.030138524494
0.0816107186079
0.0512662564397
0.0331086248502
0.112816367657
0.0559499822731
0.0930369793868
-0.0233776992849
0.0785482860516
0.088043045163
0.0607268242104
0.093653399695
0.00878767641159
0.0976613923979
0.0244945107223
-0.0222565489593
0.00916105495219
0.0422255356963
0.0893156411209
-0.0865012359813
-0.000876224656364
0.0588428912661
0.0666396107154
0.00837051978544
0.0619448427755
0.0981367183419
0.0516045587228
-0.0107944032538
-0.00627887395193
0.0181317067366
-0.0350072596679
0.0128463549401
-0.000437378917905
0.0736356727608
0.0196975141743
0.0961484272477
-0.0348115236155
0.06597107432
0.0713839163903
0.0161028527926
0.112787285575
0.00595729219733
0.0697252910439
0.112043258542
0.0599702841925
-0.0371044756084
0.0816403816473
-0.123511011203
0.0420069792292
0.0864645890164
0.0497613267142
0.0422042737297
-0.01590597571
0.100489718587
0.0406331059122
0.121424614401
0.0233800113521
0.0944336643188
0.0919829145447
0.0594005886893
0.104039203745
0.0324377257563
0.0610456855439
0.0435555115683
0.0859610897611
0.107442818525
0.0163977734199
0.117697336242
0.10234616826
0.0494676444256
0.0224061746751
0.00904190181735
0.0246489159878
0.114235621727
0.018359117709
0.0180232042015
-0.0175806954991
0.00248466198631
0.114137400333
0.0458151376449
0.0116739072305
-0.0696769215071
0.0763531673944
0.0120989411642
0.0839213319566
0.00377227511178
0.123515714933
0.0547181880002
0.112784102155
0.0702362139749
0.0385936863879
0.0473744276049
0.043246529229
0.092736363061
0.0896281246486
0.0246796426068
0.081988027008
0.110323863845
0.133201405519
0.0292901711727
0.0233126032868
-0.0300254063395
0.056131892475
0.0735448614525
0.00789236138285
-0.0287277197701
0.0524100431069
0.0156411394636
-0.048454824522
0.103152497221
0.00327217322936
0.0110312011443
0.0345350878098
0.0851360798649
0.106464072289
0.0733526323105
-0.0182185880929
0.0347457482531
0.0704415145236
0.0586435967734
0.051435997133
0.0238823782826
0.0145370369579
0.0947086912207
-0.0309221384201
-0.000121443922198
0.113877705049
0.0898342575067
0.0762859168681
-0.0152154855954
0.0450697118225
0.0432932352261
0.0327108424404
0.0721707621387
0.0805023506643
0.0708734911995
0.0347277227772
0.093727236697
0.0855610252785
0.103226822903
0.0896940117636
0.0465791113288
0.0126450380109
0.0752451042641
0.0384819147344
0.0596062369673
-0.0706338158551
0.0145005406832
0.0940166439943
0.0860169742082
-0.0172539168248
0.106970410705
0.0379921058279
0.0870523756044
0.0223488342344
0.0331490439323
0.0684879974477
0.00786009977576
0.0364634416858
0.0991730662012
0.0976169768046
0.0085778531615
-0.0388536039481
-0.0354349335872
0.010485453935
-0.0293431675841
0.0833738004865
0.104376726761
0.10860812287
-0.0421164362718
0.120899055744
0.0112346288445
0.0777706929988
0.0152163498687
0.0646824496151
0.0776150643466
0.126359872497
0.117428961216
-0.0231079506011
-0.0306764335815
0.0618608184533
0.127045494066
0.0555466951826
0.0791786516466
0.0495071369129
-0.0396614239081
-0.00328262081209
0.0464385564188
0.0430657869502
-0.0248517276691
0.133366995618
-0.0369066209061
-0.0856234012556
0.0957601255372
-0.0763786513032
0.0477403179264
0.038627459826
0.00366112653141
0.0923789436829
-0.0913163867596
0.127806265472
0.0232770791624
0.0171254630788
0.0590038060542
0.0837421090652
-0.00304378798627
0.0384379206179
-0.0273449636516
-0.0821953773212
0.0692090388406
0.0570487490633
0.119611842455
0.0162716084084
-0.0459346777716
-0.0308108054192
0.0576395153474
0.00509001370827
0.0296121522314
0.0456513480247
0.0510283473627
0.0529111759036
0.00382522592628
0.0842924460756
-0.00384174108382
0.0824985489902
0.0162764753374
0.023236613458
0.0910867579159
0.0326903785864
0.0569849971755
0.0632612826671
0.0337245597817
0.0761668966485
-0.0184364293349
0.0359905960187
0.0674333621065
0.0227096978509
-0.00692637720543
0.0966195513712
0.0465808557329
0.085992472046
-0.045385038219
0.0997114984707
0.0780140126649
-0.094583974514
0.0452491898022
0.0826651235714
0.102272977806
0.0547530600864
0.10530799396
-0.00301439642353
0.0320714025111
0.0151228835883
0.0956337440471
-0.0130291092368
0.0615672922265
0.00806682177866
0.114629511242
-0.0353976787923
0.0230677844605
0.0973775505687
-0.0311470750451
0.105178407405
0.0140367365009
-0.151368742517
0.0257358186434
-0.0147628877342
-0.098301056663
-0.0078728605554
0.0728353538254
-0.00229972094715
0.0522940650312
0.0594473774355
0.0635996107988
0.00470441941517
0.0865114954136
-0.00417698502943
0.0648892378847
0.0317409128702
-0.00720107977829
-0.0695126408783
0.0841829987448
0.0416838632818
-0.06273039181
0.096549406626
0.0277017670825
0.103543619563
0.0493806728152
-0.0191292465204
0.127464309931
0.0166585158395
0.0560216232992
0.0927774817462
0.0565151269346
0.0471175707628
0.0322814081383
0.073171899732
0.0468118418385
0.0986740649948
-0.0445295211952
0.0325730538036
0.0963047163187
0.0991345809667
0.112883714599
0.119134011408
-0.0182290760682
0.0757875916012
0.00690474662626
0.0152922964908
-0.00170582607967
0.0011990226662
-0.0222299714477
0.0347592221226
0.0688142072994
-0.0173858192829
0.0184525158937
0.0106464722524
-0.0197436426356
-0.0495916003332
0.0228833360773
0.0189279978398
0.0726613897112
-0.0259777439467
0.0250857487851
0.0179484598229
-0.0761428130465
0.085971503135
-0.0113012250117
0.0183643328416
0.105227631477
0.0113860065665
-0.0120102321404
0.0104381973983
0.0334499004229
0.0815506067961
-0.104902539317
0.0551333814642
0.0843555251214
0.0238334652082
-0.00355768988368
0.0112103675847
0.0775600586926
0.111910145391
-0.116869804756
-0.0675837197117
0.0180618522433
0.0817705450084
0.00125069488307
-0.0140863510469
0.120549180467
0.0662653805639
-0.0444797273329
0.0348785536404
0.0901115149145
0.116787004278
0.0451662305594
0.103762723662
-0.0886447536669
0.0360326105995
0.0565919484602
-0.0195853146065
0.0945877183446
0.02844798285
-0.0811152824448
-0.0101352541799
0.0278340537785
0.0638805497747
0.0357602868714
0.129232716388
-0.0391501681934
0.0375251750258
-0.0269600084653
0.0904851733869
0.146205393656
0.134251494063
0.0245300056652
-0.0262011596073
0.0161568714118
0.0202190471249
0.0353582700319
0.119686948649
0.0096157985147
0.0933937044796
0.06810171363
0.000852756291515
0.126087035068
0.0452877598036
0.0728729624342
0.129075927099
0.063068274549
-0.0128433061689
-0.00185145969274
-0.149600470637
-0.0476269435001
-0.0543875352482
0.108685294077
0.0447397874202
0.0313070585222
0.124344017343
-0.0313315649859
-0.0144949343286
0.110629794145
0.0490277092049
0.0296420370243
0.0700411377991
0.0627391422307
-0.00995114915235
0.132166787435
0.079013993808
0.0958550819181
0.0617071632891
0.0847647788929
0.027296126205
0.0232176555943
0.0876729552483
0.023841467137
0.047788072887
0.0267187204035
0.097519934439
0.0338715183515
0.0870399735612
-0.00808988475371
0.0303342713407
-0.0054200171142
-0.0135874554023
0.0104555789619
-0.00623938571873
-0.0572337191849
0.092013583389
0.0150446800051
0.0657514198115
-0.0340631415424
-0.00534223293689
0.0114992559876
0.0592987855977
0.064774035654
0.0557078981833
0.0814546745443
-0.0785957272486
0.0739799650549
0.0307328918125
0.0756440285857
0.0320868567318
0.0474209422834
0.0819150692924
0.0482415743842
0.0339071843629
-0.0595861157764
0.109374345174
0.0175980181714
0.0720618211149
0.0784894785414
0.0815007250191
-0.00119043831653
0.0565496089205
0.0186342561006
0.0443401601492
0.0451729700071
0.04126697535
0.0884101081805
0.0277650451178
0.00200487737298
0.0694133222679
0.110915271392
-0.0189095924728
0.00395620179152
0.0364758553523
0.00521462480672
0.0840827622314
0.104579555555
-0.0215156456168
-0.00555968460733
0.021990124358
0.0327514539974
-0.00833923682146
0.141623828055
0.0667483183509
0.0917327277959
0.0463448526588
0.0610449132834
0.113520708794
0.0342079158926
0.134472534597
-0.0203472816732
-0.00935593434813
-0.024861278954
-0.00115698658483
-0.0131556431863
-0.0102117551242
0.0425479983907
0.0977406441592
0.0408746824968
0.0213979403169
0.0230851270218
-0.148251714941
0.118039727682
0.0422724447126
-0.00202291106777
-0.0331497166979
0.0670578972731
0.0627699146457
-0.0644572350402
0.0672026308957
-0.105782067506
-0.00335395580879
0.0284864799081
0.107474479823
0.0486381421763
-0.0270056709468
0.0423648226324
0.0468969769409
-0.00692969651129
-0.0127186907728
-0.00979924174972
0.0700133816514
0.0790714276212
0.0731198700377
-0.0145918052306
0.089195993459
0.030529852335
0.0742194165631
0.0655231736071
0.100210252303
0.0788453641486
0.0718145401733
0.0249252383175
0.0980845105122
0.025970430429
0.0303093598114
0.0748982072836
0.0639601983694
0.0576145076721
0.105016756037
0.0692351558478
0.0409814747531
0.0595131064643
0.128004855557
-0.0551586362633
0.0707422893044
0.0587439308293
0.109414975307
0.0355234274491
0.0804837723637
0.026489878345
0.0240693284168
0.0693780213338
0.11185598477
0.00882481201077
0.0591428258423
0.0352937766496
0.0188106849026
0.0632308866249
-0.0271574801295
0.137697794812
-0.00909772655785
-0.0229422655592
-0.0208931189708
0.0757234204102
0.0711488569633
0.120572457168
0.0913459402204
0.0850556007856
-0.0278775313365
0.0728549143963
0.0684010960298
0.0863275224535
0.123604687008
0.0853503474364
0.0927818771128
0.00838763723127
0.0305874166999
0.0579971471796
0.0418174012824
0.0427624666452
0.052150436445
0.0368863035813
0.0205554564405
0.00736908897394
0.0635845718037
0.112624478486
0.0893782844603
0.00125682451887
0.0800532288675
0.0988146631174
0.0400232958275
0.119662915784
0.0488357798189
0.093168288338
-0.0129101778808
0.120625525404
0.0952324439178
0.0979231449584
0.0273875986987
0.012924766419
0.0207664117761
0.112003097541
0.0801135964121
0.0995162439187
0.0594896688147
0.0434932421098
0.122691614616
0.0314114885537
0.121356922686
0.102335932165
0.00324892555673
0.0592490682922
0.0534112277693
0.0886890099852
0.0439973633165
-0.0296435549481
0.0277322437087
0.0286911955185
-0.102549936624
0.0141711144345
0.0100587533909
0.0970414408265
-0.0201632401325
-0.0752853235419
0.0963773259725
-0.0213771879703
0.106485232926
0.102339349723
0.0708191528299
0.122630795824
0.102274177907
0.0927728301221
0.0713025736886
0.0378358731928
-0.0147954716888
0.0533894320598
0.0834434181134
0.0552266015047
0.0241630853756
0.115956406381
0.00328468046486
0.0492010408996
0.0583465043162
0.0979243287194
-0.0160144184822
0.0533877248355
0.0921946446596
0.0927838744801
0.100667144765
0.00111732537464
-0.0549611352217
-0.0173091255986
0.0191403211421
-0.00233124112333
0.0163413072835
-0.0262420035001
-0.0553505261859
0.0658618256674
0.126443945825
0.0114001012252
0.0889842175646
0.0780748701809
-0.000464480639679
0.0773990675216
0.0716861608255
0.131029233122
0.0511880431604
0.0549966037456
0.129489660194
-0.0917269779389
0.0818945712484
0.0733031513338
0.121977039473
0.0146826829822
0.0704668960553
0.131868248716
0.116791042119
0.0789549948215
-0.016118584004
0.0397954788656
0.020426874916
0.103598588651
0.00556380380354
0.0632234064252
0.107535171711
0.0731355236762
0.106179236287
0.084738436387
-0.0104621865275
-0.102727656516
-0.00787134529507
-0.0282549285093
0.0932770930025
0.0961505667569
0.0727835351151
-0.0216063644247
0.0179758088226
0.0661009335784
0.0425182668996
0.0720654092566
-0.0175672386842
0.0167273081252
0.0694368013121
0.0942671974806
0.0823800873709
-0.0870185531799
0.1152358127
0.0481683787927
0.108845359168
-0.0304379804484
-0.00318560499831
-0.0139380305188
0.0907938426006
0.0668092565262
-0.0231330566652
0.103648334623
0.0786187007215
-0.114577374193
0.121910697258
0.126558550747
0.0952523663813
0.133322220791
0.041549913793
0.0630450496724
0.034158286102
0.0524439320677
0.0039152813896
0.0607967608584
-0.0211269401553
-0.0221380902664
0.0589804079536
0.0436736719284
0.0895595355153
0.110974336927
-0.0041742092046
0.0280476097359
-0.123627130864
0.0139338703875
-0.0334145945755
0.0876612109755
0.100437658652
0.0324776189258
-0.0458998650158
0.0110075409561
0.0589485404316
-0.0172008110099
0.0932283980318
0.0456783733975
0.0281801930763
0.0375891064504
0.0199238638746
0.0630175247249
0.0629813202017
0.0540132954065
0.0288066601509
0.0474113614015
0.0557295623124
0.104342239157
0.0294517157418
0.105928572567
-0.0282272568406
0.0396557082966
0.0585784472965
0.122086409407
0.0103882884556
0.0365774441872
0.0831751573719
0.0650671337534
0.0174326846334
0.0853948073945
0.08597631944
0.122421327369
0.0483375960424
-0.00522952140008
0.0487042288102
0.0369337644892
-0.0903227482843
0.027204447568
-0.0722236402688
-0.0947204148633
-0.0784730569213
0.00733263703473
0.0166364673795
-0.0218830010606
-0.0194081221934
0.117916267731
0.137076328865
0.0478061358751
-0.0337517692959
0.0361604011949
0.0967912397616
0.0283892263951
0.0865927349283
-0.0369100018644
0.0398022837253
0.0536104533784
0.12824921201
0.0562165605462
0.0742849078535
0.0432796427836
0.0162247657482
0.0843565780292
0.0944458251309
0.0630612028868
0.132563171623
0.0566253057531
0.0493265063923
0.0241005358046
0.0172135824392
-0.0679955632072
0.100359489594
0.0627500908189
-0.0534722374943
0.129530410008
0.0122502848733
0.0581646170758
0.026569743504
0.124432627373
0.0447894970153
0.0168818313144
0.121613247323
0.0563559529633
0.125550884768
0.0293075503157
0.0243673644388
0.00525843171144
0.0904986726995
0.103648079013
0.0380887637375
0.0533226327718
0.123512329711
0.0281160893977
0.0710258223457
0.0976300715983
0.0882682035457
0.0981521124418
0.0200412038511
0.0131504649977
0.136341634702
0.0655297230892
0.042142795073
0.0900056564412
0.030026547244
-0.00354116984946
0.0375078843611
0.0369661142812
0.125560343548
0.0423367126281
0.0891458736623
0.0510377478207
0.121162474301
0.0142771471729
0.0446961962311
-0.00276878724248
0.0576601757599
0.0024292219886
0.0350551819801
-0.00370464133236
0.0638536268596
0.109776583419
0.0731834229546
0.0401491551807
0.0660977911979
0.079163940843
0.0102139391858
-0.00845790221491
0.0754232866289
-0.0126883981345
0.117212468575
-0.0109028553276
0.109078060151
0.0312969417355
0.0631908727163
0.0881002155875
-0.0329527749398
0.0481820570288
0.120884029212
0.00684128190774
0.0339913242874
-0.0101074769415
-0.00242867723081
0.0177658974952
0.0296504469176
0.133229123092
0.100236851329
-0.0079897912162
0.00113359154823
0.100285517567
0.1063230476
0.00343747953815
-0.0354543981831
0.0519217314417
0.0933524328654
0.0883308364165
0.0968787023125
0.103822035616
0.0300395929285
0.00645857180206
0.112564274002
-0.0236776194719
0.000141575915139
-0.00768911969323
0.116021820611
0.108557476503
0.0692893712057
0.110562262382
-0.00307660811634
-0.0061520197113
0.0997696771927
0.0465777522967
0.0859562379599
0.0489616663057
0.0315961541954
-0.0359492751193
-0.0466006574597
-0.00939250830497
-0.0160020618953
0.0239623876043
0.0755864578855
-0.0565452032587
0.0297028717731
-0.00818760568141
0.0648970572682
0.0378355798827
0.0520098516571
0.0599438954668
-0.0149291627954
-0.0915510024556
0.0776757648984
0.050653324456
0.131973975303
0.0546690534502
-0.02783811818
0.0244173470884
0.0240487123878
0.0554760460819
-0.00361086186958
0.0592610889205
0.0780028565769
0.0888089252944
-0.0467922842922
0.0865197240784
0.104063479741
-0.0456445928195
0.0541267529901
0.0108399421759
0.109298911338
-0.024594329858
0.144101937623
0.0431479080517
0.01493385151
0.0896237216744
0.044573445406
0.124838213618
0.00773628106167
0.0928550166135
-0.0278670637179
-0.0313115447864
0.0294818692754
0.00746718293543
0.0529012458789
0.117177754395
0.0896720840896
0.0754335794116
-0.039082429464
0.0769265100369
-0.023452658186
0.0610164953264
0.0759417338983
0.0246451547195
0.115073582433
0.011866781669
0.10001213327
0.032261539477
-0.0465745291983
0.0448280817865
0.0968001106168
0.0593118385384
0.143303558628
0.0305759124216
-0.0725774841066
0.0690627976034
0.0586873180043
0.0307740034318
0.103538388335
0.127369584984
-0.0299880521707
0.014894654993
0.0935777175896
0.0406012532647
0.0657814456292
0.0158925818049
0.0887456456981
0.131977431159
0.0977233303123
-0.00493013631585
0.0799970569134
0.0523187049604
0.0913380453017
0.0478892630883
0.0763874138009
0.0612065903411
0.0141415185767
0.130928665288
0.045507299848
-9.62400702491e-05
0.0474006630055
0.0154536125175
0.0990471553267
0.0760660191758
0.0658989885443
0.123432872562
-0.00225703680072
0.134447967587
-0.00736842614713
-0.0267953463356
-0.0471554806131
-0.003587821492
0.0653708835946
0.00523533829746
0.0430850431406
0.0356840489404
0.0896496886496
0.065866383941
0.00720888236247
0.042040156572
-0.0326318646924
-0.0203407416339
0.069654410959
0.064842584828
0.00953646614627
0.0409955939938
0.122210043514
0.084225660373
0.0986793244365
0.0774299000719
0.0761860320849
0.0511458000773
0.076602226701
0.0147876523047
0.0186305246899
0.0340312893765
0.0526956083111
-0.0351872516072
0.0208545849391
0.0801372264093
0.0845839813585
0.0512573953627
0.0948480130318
0.075892736238
-0.0293378064237
0.0756981262908
0.0597025794839
-0.00409744024127
0.00172902928896
0.0676695486191
0.0625805767276
-0.00996725810171
0.0546052430794
0.0255380122597
-0.0429440709616
0.0295751761588
-0.000566535390069
0.100499972764
0.0653346575084
0.108690428938
0.0565238967574
0.103641374264
0.0143549550256
0.0936790189211
0.109070471695
0.0994079311208
-0.0132623005813
0.0443848522722
0.0043050415469
0.0838956141182
0.0164147164828
0.0439389224263
-0.0109186455082
-0.0152366784055
0.0917697561052
-0.0910610999607
0.0430224990181
0.00252125488778
0.0949363814858
0.0559791303778
0.0243651246971
0.143498034313
0.0125108455374
0.0735962471876
0.125248372743
0.0284276959888
0.0306788696655
0.0320927204091
0.0742612615274
0.0917760691575
0.0176347904744
0.0883256428017
0.0149991900198
0.0438978843867
0.0880002841231
-0.00866983974287
0.0190514343362
0.0310516054133
0.108832287222
0.0563186880708
0.00933637650605
0.0433382951085
0.0522362729781
0.0567048105985
0.0474652250111
0.0200763385133
0.0555951739394
0.0637495850344
0.0266012211543
0.0910900182537
-0.0047200535065
0.00153400625189
-0.0115759848669
0.0213857627669
0.0256076832143
0.122196811417
-0.0190341599765
-0.0335080242844
0.0559605688208
-0.0148445183515
0.00247265281811
0.0865036637676
0.0840632031748
-0.00617863645601
0.058626717813
0.120976541866
0.0467810259014
0.0171745688397
-0.0169479654436
0.0962382810417
0.0166576561875
0.0156795624074
-0.0127964929715
0.0370807858029
-0.0266851596326
0.0322714556194
0.114745836487
-0.0819639312853
0.0305406244504
-0.111456305376
0.100077664673
0.11279028422
0.0445942005893
0.020143702285
0.102871393334
-0.0941194206533
0.0723637803961
-0.00943443658541
0.0984939759778
0.00775612249017
0.0339586384209
0.0603096975639
0.0672653684816
0.0769440360285
0.0984381822458
0.0548382197558
0.0854902131489
-0.00157743081307
0.00421688032662
0.0843985481875
0.0932041013897
-0.0224320064274
0.0212015977963
0.0677709732662
0.0751602169581
-0.0508545182752
-0.00115876419284
0.0729479496954
-0.0366694576798
-0.00483774952543
0.0953494263429
0.0963760858678
0.0494832235507
0.0426563269435
0.023351779906
0.00957571529099
0.111316463154
0.0300460988548
-0.00949575486119
0.0399760810274
0.0260949884473
0.0563956612472
0.0509661285284
0.0253568443979
0.0443240479066
0.0863731281047
0.00357684257169
0.0820255640555
0.0853776604609
0.0690869227092
0.10860269012
0.105535096129
0.0621600760655
0.0812222806166
0.0218047027055
0.113688905869
0.015492539477
0.0511991841771
0.102310734572
0.0795374678686
0.058504303973
0.0777579246867
0.0275361449894
0.082035936888
0.0228547317873
0.132204381046
0.0472095559568
0.0698781152071
0.00512064152468
0.0631373934001
0.0926480847115
0.123777879309
0.0426530781018
-0.0410065327315
0.110460815986
0.0396193724621
0.0765397556001
0.00213775521503
0.00152027595018
0.0895177284279
0.0665304320142
-0.0262772150823
0.0398906109042
0.0796513845883
0.0444889443931
-0.0219756253478
0.0767554678575
-0.00225950707899
0.0735009168881
0.0551568411078
-0.0873452404472
0.0352114278299
0.0483856935158
0.0168746057638
0.0470639012111
0.00266919787376
0.00402584809323
0.0680434592762
0.0685933108324
0.0718431468255
0.0968446251978
0.0436596315428
0.101639293414
0.0737793801546
-0.00260583543145
0.0839081800067
0.0877969251726
0.0757215901819
0.0847678780111
0.0469694158891
-0.0144585902681
0.106506062181
0.0781883210007
-0.0632574316499
0.0608333726342
0.0763372268805
0.0370850744685
0.0232653646842
0.0472494981726
0.0722578630118
0.0694444868648
0.0889486826159
0.0705807661105
0.0708263585633
-0.020812229175
-0.0355497721053
0.0587726539889
-0.0378357029432
0.0370814464015
0.0906519841158
0.0830898800647
0.0891656931261
-0.0125101577244
-0.00945680273494
0.00520404612892
0.0429083220332
0.133188430673
0.0295393612248
0.127809877741
0.137232101461
0.0740894276136
0.0992330918362
0.000777175391741
0.0147410518971
0.00244886408854
0.0585109654985
0.046341631759
0.0532024164542
0.00237209921018
0.00171348703333
0.0632449446694
0.0695189919992
0.0270617194677
-0.0119169486768
-0.0774046063362
0.0773429103259
0.0418608111199
0.0180520998213
0.0106870141224
0.09850484913
0.0302107824054
0.107410469397
0.0132599381399
-0.0232413466853
0.0551117744405
0.101161282086
0.0510586526212
-0.0137842170158
0.128929442322
0.0685614287099
0.0720914320544
0.127660393423
0.0639820784803
-0.0296064705398
0.0322443407872
0.0424175368849
0.0296780872665
0.0729108624458
0.00303011368378
0.0754486727495
0.0948082348208
-0.0542308820722
0.0961743727852
0.060121738207
0.116107530565
0.0955294690622
0.0403312133188
0.0317699529923
0.0942143784815
0.0746710027308
0.0494783533615
0.0154454902642
0.140935902435
-0.0207132296939
0.037277882191
-0.00353085474793
0.0558342539575
-0.000103918838009
0.0566931932806
-0.0344827834763
0.0615851019074
0.0540850657953
0.0300866645317
0.0122687249718
0.00508262344352
0.0694387831453
0.0350705936016
0.0210357486598
0.11898751242
0.0901119904632
0.0512293433254
0.00635586922419
-0.00150493193455
0.0283511683886
0.077996315629
0.0725727079404
0.092494354902
0.1309930549
0.00750602273198
0.0820923253054
0.108703970168
0.06779382218
0.111288450104
0.096939422787
0.00772907701244
0.0829597138857
0.06513239339
0.00806333498184
0.0515423737351
0.0218882914996
0.0169275760382
0.0777590071807
0.0829643506142
0.0529533254713
0.113123310894
-0.0521509510974
0.12194957854
-0.00379446131641
0.0449796750789
0.0185614558513
0.0833486968068
-0.0276797096393
0.10570474358
0.118418650433
0.117040102154
0.0812663045145
-0.000773949290505
-0.0257571084295
0.111075704217
0.0651287668613
0.113066344191
-0.102677923233
0.0466001814872
0.0371906196242
0.110706952861
0.0381932596023
0.0544813905498
0.0853202744956
0.0155969858783
-0.0144992508989
0.0442769699901
0.0277229627653
0.104390336561
0.00735520362476
0.0290341644358
0.116951607899
0.0402278246875
0.0366060342349
0.0387160383901
0.0961307170195
0.0291869576582
0.107163431958
0.111404636025
0.0414274184106
-0.0150585747004
0.0621224592062
0.0691809588998
0.102092373298
0.00597380672819
0.0915048770229
0.0779985590352
0.0355901268659
0.0512701264749
-0.0878264473382
-0.0606359028687
-0.0978815082719
0.118287651485
-0.015248348206
0.0164023337136
0.121790474765
0.0116375960249
0.0823605273944
0.0556057142928
0.092452503183
-0.104210021833
0.107157162445
-0.0164059484715
-0.0442443433607
-0.00800514196532
-0.0373807822575
0.0963631112032
0.0392506375075
0.0172070528189
0.0204628770175
-0.0161683550186
0.0511534918505
0.10068727792
-0.0132116430768
0.0144929651967
-0.0433417450473
0.0664558522545
0.00768197003508
-0.0595051949721
0.111484724687
-0.0113378815475
0.113498792977
0.0390689144008
0.115261301867
0.0361881493976
0.0859205411166
0.0698961899013
0.0674985621638
0.00684571553353
0.128334268384
-0.0200192445088
0.100343608508
0.0651394467551
0.091125641525
0.0324218673671
0.0952617408563
0.0466195891986
0.0278082022168
0.101234024699
-0.00819532867078
0.088780456095
0.085688737577
-0.0208567313071
-0.0910182935884
0.0908880311819
0.0771876207686
0.105563577747
0.100268542072
0.105238188014
0.0936420187221
-0.0378177061857
-0.00269037496509
-0.0513442463103
0.0227990546308
0.0335168095485
0.0774320019317
0.0169519798522
-0.0278074891396
0.0408432956261
0.00918382402567
0.0445238438123
0.0499949342351
0.0338316377155
0.00343014747433
0.104660336298
-0.00336983797635
0.101652483359
-0.00723282159006
0.128741570056
0.122754068741
0.0369778307969
0.0590098836908
0.0359302567003
0.104038943042
0.0365495036518
0.0883673095203
0.0256299639634
0.126784581563
0.0337812422014
0.0215097584635
0.104008030836
0.133835473595
0.0246450098599
0.0683610146373
0.127485287653
0.110895439202
0.123019941281
0.108317010347
-0.00128671939512
0.0868732518031
0.106235567143
-0.107868364032
-0.00546049781412
0.0051820045952
0.10838595812
0.0961904754813
0.0740865656922
0.0836943176299
0.0127445142852
0.0228662461093
0.0849665703933
0.0463563806165
0.0952600216725
-0.0677222167877
0.0263934927717
-0.0793848474075
0.0289988890622
0.111420063626
0.0529124400674
-0.0122075045073
0.0623805355133
0.111176311484
0.0391962597868
0.107586718484
0.122348136399
0.0214952047254
0.0794549747785
-0.00495688897554
-0.0434734341912
0.0657757793525
0.0531264795713
0.117351574786
-0.0443729485014
0.0470424919086
-0.0160764434797
0.101984217541
0.0438187323249
-0.00495589259556
0.00253880456926
0.0277274614125
0.0912276177654
0.123951045721
0.000120889502565
0.0195864511124
0.00055143337828
0.054913699426
0.0816447427213
0.0579458067282
0.0634534971923
-0.0313885050253
-0.018375555972
0.0698343498676
-0.0501913145318
0.0467833815565
0.057632413709
0.038523180045
-0.0411909988984
0.0456044725194
-0.040656010179
0.0130320934941
-0.074678641694
0.103060153422
-0.0662955727879
0.118283773244
-0.0393949527931
-0.0323686961467
-0.205098366586
0.0562366930334
0.0657792277078
-0.0106637512713
0.0738323533288
0.046975037894
0.0125393050039
0.0599247134408
-0.0642062133433
0.0407943714461
0.0480886507943
0.0848826438244
0.10618856793
0.0476614607023
0.0352267814184
0.0190716336311
0.00565967169272
0.0193795704757
0.0923796263892
0.0782358144589
0.0127771423561
-0.0531885620092
0.0941685747553
-0.0500971012276
0.0711760675417
0.0186656166091
0.0443980542617
0.082262305286
0.0762221919536
0.0890789559638
0.02342191713
0.0449403452972
0.0260787128945
-0.0209918385906
0.0583739418877
-0.00227952911322
-0.0824011773975
0.0934954163607
0.0927205696
0.0358962362387
0.0269655003939
-0.00139954897098
0.122449976965
0.0902378104924
0.104602660768
-0.0280331962068
0.079217515226
-0.0141948331486
-0.0074984716605
-0.0465701815878
0.140233396445
-0.0128069013211
-0.0280860927664
0.0114207449695
0.10425226309
0.0452246383884
0.0129445317741
0.0297246687464
-0.0216347093514
0.143746869947
-0.0355265075083
0.113331485693
0.0306133451838
0.0299846805937
0.0594080649964
0.0610654162884
0.0118940235247
0.0503024171085
0.0668574610365
0.03821639817
0.0812387841281
0.0498789722028
0.0473839342394
-0.00579158143192
0.108818787001
0.045445268648
-0.0193266618374
0.0384240400461
-0.00558494602766
0.0607171589863
0.00480762153742
0.0967870402334
0.108503953401
0.117980351198
0.118315206436
-0.143932741006
0.120991960489
-0.00188829360308
0.05627303942
0.0130619181809
-0.00317055442807
0.100479766739
0.0836085271368
-0.00615947133248
-0.000850859488799
0.0966076621485
0.143224357038
-0.0412241174765
0.068446114385
0.0981514608852
0.0486681298379
0.0514197975869
0.0198222158441
0.0667274999152
-0.0575454441721
0.0172448611633
-0.0390211827022
0.0352941428844
0.0299774920142
0.0222565492744
0.0906997252341
0.0272988942981
-0.0558023644657
0.0143298153736
0.0264483165785
0.0343700170508
0.0756380900907
0.116124875337
0.109624249181
0.0970871359656
0.0610149924374
0.0585229916056
0.110091478023
-0.016422101625
0.0111471971217
0.0183983419108
-0.0144522870964
0.00387679426182
0.0845031096724
0.0715578149552
0.04648743304
0.087714821761
0.040422719686
0.0899393145263
0.0295117014916
0.104677255214
-0.00656135709708
0.134201664557
-0.020190204312
0.031436543328
0.0234792357825
0.0211274113034
0.0574119464487
0.000175447419027
0.0355037360322
0.0227476541632
-0.00190100085236
0.0282361862324
-0.00617465910608
0.0257303209683
0.0886888309866
0.0957230995122
0.105371617547
0.0835853761762
-0.0423084515887
-0.0483908258629
0.0421359953998
-0.00666290628426
0.101217757168
0.091548738683
0.0623669098792
0.0591834482476
0.0596849527847
0.0616274097513
-0.0112039746183
0.000713938232002
0.0748942807922
0.0823517616101
0.0455492548331
0.0646722432813
-0.00792085603507
0.0756036436869
-0.0745894037908
-0.00207649416969
0.0531333221388
0.128745045568
-0.0153483633016
0.0182409351127
-0.00463643938676
0.114331425819
0.0430405611115
0.0717181728549
0.111035352538
0.00297819728108
0.0106620227337
0.0979463132825
-0.0155284017485
0.0619762363277
0.126696114758
0.0396322142032
0.070226351595
0.10876878938
0.0692128880059
0.140482524145
0.019256486055
0.0340882030219
0.0216686581508
-0.00918603366225
0.0839454819966
-0.0898433545883
0.0229946200056
0.0244008616095
0.105993814052
0.0506008037304
0.101894594479
0.0296793261989
0.0147154373602
0.0481749337958
0.113553952889
0.0296088399064
0.0412796170494
0.0700028515011
0.0823285649828
0.0599392387874
0.015982535976
0.0194797278138
-0.0252766205688
-0.00719275620932
0.128489236658
0.00604437949785
-0.0436224459906
0.0157851139546
0.0866922306816
0.131614727185
0.0609105766553
-0.00815168574075
0.0864395916844
0.0598657486212
0.0581882669219
0.0112393965229
-0.0137256204807
-0.0264852267698
0.0737790244484
0.0846539911675
0.0819761752711
0.0105352065756
0.0164144215443
0.0175264052751
0.0459436033403
0.0521131471058
0.100548711852
0.0330482091347
0.0151671911359
-0.0363241266073
-0.0388756011312
0.0973290578863
0.0242638559992
0.0515937671003
-0.0269562607241
0.0931375988017
0.0489948739048
0.00887390529998
0.0999188641772
0.0983926215751
0.0337841484461
0.0974821644043
-0.0753555930496
0.0229580573467
0.0132260090686
0.0129468765327
0.135665063178
0.0976725731982
0.0243296961228
0.0584136637081
0.105204368117
0.0935659437872
0.0964711149166
0.0221450005075
0.0511430712978
0.0286328634018
0.0944683602373
0.117498650138
0.0390026133576
0.010017099942
-0.0700485643455
-0.00984058298789
-0.180858148543
0.0341419901674
0.0720193578588
0.0664207390234
0.0228521802794
0.0946104101156
0.106016580312
0.123177149195
-0.00711252443507
0.0184224318939
-0.011636292938
0.0680954706821
0.0637347592823
0.0180693351392
-0.0531313302321
0.0286902941609
0.0507745796088
0.0475746408957
0.035525849367
0.074817354549
0.0832741554811
0.0743834954944
0.0448631378462
0.0430666814119
0.0239980643437
0.00487607508219
0.101673006736
0.0348982512445
-0.0248326081141
0.0540089064498
0.0904128053435
-0.0320736179138
0.0948273868025
0.074322784963
0.0847235211041
-0.0158660950493
0.127508162773
0.0286070192523
0.139832791181
-8.5485835382e-05
0.112913656902
-0.0219145559856
0.0634738601233
-0.0617093635076
-0.105630615176
0.0925058287382
0.114872751913
0.0390477628596
-0.00622993372271
0.0402353128523
0.110784976686
0.0332114954841
0.0906806930369
0.0560098204252
0.0453479380389
0.0573382262618
0.0506133236223
-0.00140097210231
0.0455467409924
0.0585366358144
0.0678058773815
-0.0105665719345
-0.00249512751162
-0.021134307913
0.0330161902064
-0.0151744604573
-0.0130960746004
0.00897052129547
0.0578552618829
-0.0194221059008
0.0534539070887
0.0612660024759
-0.0454449062461
0.0095526195358
0.0875805946649
0.0353997771641
0.115292336397
-0.00392985130939
0.0189336817609
0.0829586241353
-0.0206440929722
-0.0182259801142
0.0259169021201
0.0116688949936
0.0464578184153
0.0345055386101
0.0274204161881
0.0448724150922
0.0551876608683
0.0156351801711
-0.0298120435727
0.0708907457677
0.0866367168497
0.0515059010526
0.077738228224
-0.0152091119445
0.0616653418041
0.0263388558516
0.0656043376944
0.100931069199
0.0935392155829
0.0703270448959
0.0175716577053
0.0421146639019
0.0609494457589
0.0122033358857
0.030456701145
0.097386902457
-0.0171806836699
0.133743622387
-0.0493556964909
0.0384288017131
0.0418105986812
0.0802775171654
-0.0405717017712
0.0276872613304
-0.06766913806
0.019492387058
0.0885372933784
0.103467051295
-0.00717956541041
0.0377339843023
-0.0301489096975
-0.0507375480118
0.0827512262859
0.0819130479148
0.137106041319
0.114658840862
-0.00885614342819
0.0453083604326
0.118435991418
-0.0149380049978
-0.0285302731168
0.0823784180017
0.100407063952
0.0610390962193
0.0744483057636
-0.0129142704412
0.036636442298
-0.0414019756009
0.0980481291739
0.099037334089
0.0474628421392
0.0255366294379
0.117315269151
0.0812941309796
0.0326089484006
-0.0196671340528
0.074495261304
-0.0651904121793
0.0803004456882
-0.0180601750932
0.0181136922219
0.0823642254991
0.107942554965
-0.043373686368
-0.0625598977963
0.0309882038885
0.0387187911432
-0.0604541016487
0.0494730859701
-0.00374562975429
0.114615218837
0.0152501692531
0.0602295377892
0.000897164601669
-0.0587156846414
0.14246898278
0.106158676017
-0.00752357676537
0.0498210816958
0.0713036016038
0.00159182495731
-0.0075107853003
0.0621081338488
0.0644451702086
0.131469838717
-0.00926780890908
0.0787697799371
0.0988937584814
0.0819075936341
0.0907194971189
0.08500042071
-0.0424618600222
0.025232522858
-0.013408201438
0.0583503046418
0.0186961126132
0.0793487726486
0.0316014853327
-0.0230321345482
0.0498134089489
-0.0173150298133
0.106272324669
-0.0335005168384
0.0114705829499
0.0604451141793
0.105624699664
0.122030502364
0.0890695237835
-0.0709202570616
-0.053179992972
0.0804668435882
-0.0052125831254
0.0726200479304
-0.12805067554
-0.0175201574743
0.067203115761
0.0484140562295
0.0621668575193
0.125303843363
0.06622422973
0.109902301908
0.0828805551636
-0.0420615301728
0.0886611097523
0.0495545097162
-0.0421894809866
0.074367595971
0.103125239247
0.0462647048521
-0.058141866628
0.0605184792967
-0.0151653634375
0.0931672640257
-0.00826316441247
0.118417027787
-0.0178664190951
0.0692278606587
0.0539206157966
0.0447580058531
0.0219744229236
0.0983831615252
-0.00960403593349
0.0956043691475
0.0753592542807
0.0880750650339
-0.0112731576015
0.0531538730095
0.0187680218369
0.0134589230426
-0.0268045549546
0.0750433565666
0.0401260404008
0.0934832067553
0.0244432291774
0.03899123397
0.0724456929145
0.135298369951
0.0957646690439
-0.00903095754169
0.0666319122042
0.0516309487213
0.0310514832364
0.0372800427842
0.0875118138059
0.0390742525334
-0.00686932562459
0.0844476298608
0.000585293365065
-0.00420699041394
-0.0261040924427
-0.000175505462307
-0.0137457349085
0.0996578098412
0.0739616877147
-0.00523366969901
-0.0101497885383
0.102175528237
0.0432828397422
-0.0169978940643
0.0369348857052
0.0644748066272
0.0880955588767
0.0739276024714
0.115622184371
-0.0502263745598
0.0795209768587
0.0228203927454
0.0157260921023
0.0356318909202
0.0456834501187
0.0352995258503
0.0356530746764
0.000900743877907
0.0924469452164
0.0828064071359
0.0391550689582
-0.000253170204244
0.104447828583
0.129191485857
0.0711072897932
-0.022879692825
0.0269561735142
-0.0238767220251
-0.0235657202089
0.00340446868289
0.0964874254977
-0.000179855757358
0.0831622865759
-0.0480614447936
-0.0578774405542
0.0169091747049
0.08790733183
0.142009863086
-0.0717454165082
0.100963528201
0.0906402050106
0.0949540097943
-0.0759879110498
0.0760160641767
0.0190978177697
0.0997197828894
0.071780351015
0.086920680856
0.0496267907371
0.0315138649231
-0.0369596325707
-0.0194475257711
0.033476793536
0.0872103879366
0.110162717606
-0.00602443787044
0.0955412315179
0.0331136634654
0.111203863614
0.117015459914
0.0354885162564
0.0614467509544
0.125767467698
-0.0707405491457
0.00437672911679
0.124936513165
0.0527142135931
0.12512740605
-0.0407005104468
0.0392732164949
0.0533386220424
0.0961367162583
0.0131567427011
0.0755426004434
-0.0392368750096
-0.0239062026241
0.046290669658
0.116143096335
0.121282576617
0.0198740509359
0.0384046676903
0.0918693529837
-0.025923130267
0.062639296449
-0.0503662041644
0.123726181675
0.0747190612916
0.0358136510863
0.0121946526155
0.0598883955515
0.0382557014581
0.0376942395682
-0.0277248144179
0.0391648704241
0.119730765866
0.040678150865
-0.0243145774917
0.0862208035674
0.00800696417753
0.0345598117939
0.110201798083
0.0492517425497
-0.060076454824
-0.0282557829243
0.055443238912
0.0633718005251
0.0421548387838
0.0931667380332
0.0723848444524
0.0843830375311
0.138710866048
-0.0166559194151
0.0657998509439
0.0601842700537
0.0955516030998
0.099290009892
0.126996789657
-0.0558735960449
0.0975833915117
0.0742124742754
-0.0295572061621
0.139658333
0.0824047107727
0.100813102687
0.111396175803
0.101740155506
0.0650002663492
0.00365596956677
0.0168377839253
0.00854168006275
0.108967957417
-0.0104865265622
0.0908877863073
0.0167701745588
0.0813968404892
0.0848702216762
0.0534179980506
0.0552228604502
0.0817144499584
0.051917973834
-0.0153773382041
0.120840915932
0.00829704104026
-0.00233615482258
0.060728413794
0.0388822985814
0.00662842934043
0.108093092703
0.103521166366
-0.0525439453328
0.0802883428232
0.113263582347
-0.11773208726
0.0278370033771
-8.61992050316e-05
0.0390067964361
0.0127095080881
0.0979532961681
0.0142375427378
0.0938893557537
0.0557898583379
0.088644072347
-0.00127031670267
0.141451102466
0.00713387921994
0.0677123973471
0.0514059476332
-0.0227067682169
0.0491675693808
0.00169742580208
-0.00573251163237
0.0583478841057
-0.0116892406602
0.0810812786132
0.0453230951221
0.0686084183921
0.0841100161227
0.0679298851748
0.0623456173561
0.0299629937767
-0.0617890619529
-0.0758283964396
0.0699717905254
-0.0696091596879
0.120695051831
0.0921514355207
0.0245192503703
0.120704890529
0.0196893189854
-0.0604633120789
0.0201675831816
-0.0187704460834
0.0438399723164
0.0753722138009
-0.00163355367156
-0.0648920197906
0.0366056318508
0.0361876679527
0.0946925710352
0.0759933581173
0.0311918612556
0.0549810079721
0.0649509797752
0.0137503557103
0.0904273520707
0.00381004403324
-0.00963451083379
0.0189067042301
0.0292129619138
-0.0819187028741
0.0270618093645
-0.0160727605933
0.0719261044817
0.0670208463039
0.00569027492754
0.0371522381603
-0.0115183409192
0.0923073942373
0.0375339528578
0.0964493222032
0.0880855628425
0.0417610572921
-0.0860756683901
0.00934148100883
0.00706544537422
0.0562511622653
0.068509410366
0.0370143117222
0.0892262402757
-0.00741950560607
0.0279883262174
0.0462751155222
-0.0379280909498
0.0470658679256
0.0424956762608
0.0811146247077
-0.0324525562775
0.109920478919
0.0528823772222
0.0578236046042
0.0203337135572
0.0248003169063
0.0312871843061
0.130184042012
0.0850238187827
0.044984632712
0.0575768349315
-0.0328033809168
0.0803682151023
0.0229224563414
0.0130039577097
0.0492843213833
0.0292002897108
0.0455146711854
0.0860777340862
0.00806062693953
0.0453101264039
-0.00433518062252
-0.00374132528736
0.061108065958
0.0962272824245
0.0608824737273
-0.0594408518396
0.0373159209841
0.105281742568
0.0928208218754
0.0732780809323
0.11358098725
0.0530914313436
0.0675234022154
0.0940032272312
0.0620872146009
0.0176414069235
0.0282542492711
0.0597991961207
-0.0164749315581
0.121696206732
0.0435505481542
0.0267839556106
0.0877615200266
0.00816244498828
0.0755196372078
0.0740918161885
0.0491683140975
0.0348929261685
-0.0339764009108
0.0386415658424
0.0530562737965
0.0276490469446
0.0631024478807
0.0227666985918
-0.0765892442076
0.0307502345432
-0.0198960817153
0.0555497306234
0.0800221537609
0.0865725245274
0.126570849967
0.00595383359139
0.0208432712855
0.095538394372
0.0893425139227
0.113321663398
0.0624336343364
0.0178509773575
-0.0246368171687
0.0815380585762
-0.0167556947625
0.0470723860442
-0.0222991062197
0.0597400609291
-0.135047562807
-0.00134806959246
0.053711183597
-0.0667402995685
0.0095033130513
0.0979307017004
0.014009405983
0.0166960485415
0.100791231674
0.0090891094246
0.0548635670849
0.106197926382
0.0365977424601
0.0499246893331
0.0700308394356
0.0528590947878
0.0516142774188
-0.044716582466
0.069045015439
-0.00116366085782
0.0944861326346
0.0969580254774
0.130537606037
0.0943579168777
-0.119559005929
-0.0253499365655
0.00653055483174
0.0206466449006
-0.0418102181306
0.0803362760083
0.0734398789725
0.0483941586362
0.10513364989
0.080566480955
-0.0192472221779
0.0122060883566
0.0527714227295
0.0958031483384
0.111959591373
-0.0022687841204
0.107907985329
0.0325611737313
0.0575740781336
0.0473858990406
0.105877440083
0.0595313735278
0.0608379462745
0.0790018718941
0.0314611846321
0.082705575531
0.0585297192892
0.0994027550903
0.0142256798655
0.0155802378775
0.091040190223
0.0214915105897
0.0435107500467
0.0612923560294
0.118191959788
0.0994730847131
0.0858093223147
0.100691635111
0.0415974498325
0.0472419343393
0.0188245068299
0.0686542396181
0.125637008573
0.0633453241579
0.0395124274944
0.00231247315607
0.0262310298484
-0.0191698671341
0.112143139897
0.0428269850234
0.0577523215226
0.0271710830247
-0.0438502683239
-0.0280357032999
-0.00677420562155
0.0227439410226
0.0673284877303
0.076862945305
0.0318685318047
0.113242143257
0.0244479820429
0.108642293178
0.0111437881069
-0.0343900318639
0.0598397356338
0.0962007716385
0.137820451055
-0.0331084919282
0.0828026120578
-0.0105077893146
0.045039768096
0.0145958751499
0.00949642188273
0.095283235089
0.084366231915
-0.00339012740438
0.0757813929055
0.124341147453
0.0578552737723
0.0618779607784
0.062227375582
0.0363305875413
-0.0356017900583
0.0548398078822
0.00245290915897
0.0995049840439
0.0275721490084
0.012848992258
0.0539145030519
0.0291573566738
-0.0259484437953
-0.0451250195899
0.0952967081179
0.0392408473006
0.0644459425006
0.109756184194
0.00110723797563
0.11411593965
0.00145227979717
0.0852622813714
0.104240252143
-0.0834204321949
0.00197745699062
0.0270423241694
-0.0242604841553
0.00249933981381
-0.0638780461767
0.127453055892
-0.0239592241527
0.0576613963724
0.0732603673534
0.00473706707417
0.0192626166512
0.134965116534
0.056516615782
-0.016340238411
0.0130449301766
0.0496132859201
0.080969953145
0.0421994916273
0.0568531925213
0.0817018810878
0.141698938024
0.00490529952123
-0.0134796636314
0.107392917968
-0.0132930684662
0.00997012825296
0.046661994452
0.0606180625283
-0.022662722591
0.0654093575967
0.0908413203401
0.105027542867
-0.00773979278779
0.024705151686
0.0452810570058
0.0397726775949
0.131877848987
0.013055775522
0.0776087547604
0.0723214700629
-0.00717363194988
-0.0127988464423
0.0814047645277
0.0923455587936
-0.0645145334106
0.0224160184794
0.0662995187617
-0.0715629410795
0.11092281004
-0.0468430691507
0.000988019431643
0.0888454461988
0.0442279591459
0.0907133904312
0.114689675134
0.0699065366266
0.0684760381723
0.117377628387
-0.0101265180581
0.00152477904877
0.087098253985
0.0738981897403
0.0541983987344
0.0673661893864
0.0901041828044
0.0841746911099
0.0548301028198
-0.000661112801854
0.0783623574139
0.097619272327
0.0781013389798
0.0642171094145
0.1125108583
0.071898143103
0.0672855071515
0.0144780929884
0.0492801426262
-0.0160507498428
0.0750644928065
0.0745661446754
0.0974204823928
0.0953497345005
-0.0368953268411
0.0058324683474
0.100165340154
0.0211211186942
0.0710975279786
-0.00509310426816
0.0821693862328
0.0620997050283
0.0293755621044
0.0125543104974
0.0676607995156
-0.0238260760782
0.119568872445
0.0285138832555
0.0162388634711
0.116529521926
-0.0258591172767
0.0585094892658
0.0942668011509
0.0669028942683
0.0598849547676
-0.0105961498096
0.0787907855523
0.0751505693334
0.00805652715798
0.0672191543072
0.065548831589
0.0995045280777
0.0393188844803
0.029808796446
0.109284472367
-0.00567232809098
-0.0166974266476
0.0288019516407
0.0324813252433
0.105477914712
0.0205293135894
0.0200779664334
0.0575025146886
-0.0392287440135
0.0972332338077
0.0679806014894
0.0227261351171
0.0327126585057
0.0628948633071
-0.0145414356545
-0.0250233658062
0.021457427765
0.0426333859006
0.011533798039
0.0439765777111
0.0843692579966
-0.00392984055055
0.096812006428
0.081843742905
0.0227824176851
0.0855068426528
0.00178934628032
-0.00713370703522
0.0876994259521
0.103988301296
0.0489086544885
0.0935837097638
0.0202775101605
-0.0238723075862
-0.0150843363047
0.0574922358236
0.0854779066015
-0.0181432350925
0.0910951601784
0.110274902657
0.124445277114
0.0544237690541
0.0829548634114
0.00300209815382
0.0687747010126
-0.0319520792962
-0.0204151384566
0.0297229100001
-0.0539387728598
-0.00190586809499
0.0316198451833
0.0159155617639
0.125002761483
0.0305521823053
0.132866153756
0.0504402072215
0.0153667983018
0.0993598867248
0.0146581956946
0.0476171876199
0.102695209333
0.00249703494032
0.0684730107331
0.0106459659902
0.0882882118178
0.00333862226883
0.0153552194607
0.117255690347
0.0993494274363
0.0281831993028
0.0525722373894
0.00593811268273
-0.0439171974551
0.0836844086462
0.120101327977
0.0164634659574
0.0732083598394
0.0216234129208
0.0937434545795
0.0119796763142
0.104369834765
0.116953756606
0.124199882054
0.102240711026
-0.000658861752992
0.00565441551223
0.0304504341824
0.0442353702704
0.0345545975761
0.0459349918462
0.00333701938209
0.0619524285768
-0.0216501862974
0.0448198656814
0.0962019636502
0.0635615571869
0.0303091252052
0.0600862578025
0.058654861355
0.0943921110793
-0.0550664221367
0.0646822173423
0.126325171268
0.0451872804461
0.0589677409856
-0.0558186692214
0.0727584006722
-0.0406946809459
-0.0380591297518
0.0320283655201
0.0390860637972
0.100545423758
0.0695746980339
0.0838002163053
0.0609065371214
0.0933408865902
0.0373233771027
0.077345219208
0.0859742417748
0.0448705077968
0.025437209658
0.0506850115278
0.11697082525
0.0264159999031
0.0619401359684
0.0199459279664
-0.012634464254
0.0849307524595
-0.00928166279663
0.034794879023
0.0604643415653
0.0239719261702
0.102111197935
0.0143799627218
0.122327706907
0.00384648493752
-0.0519173084763
0.0509161523461
0.105000015271
0.104382527094
-0.00510541377181
0.104070900307
0.0416680358208
-0.0450171739559
0.00804462194828
0.0540712415293
0.0914051110708
0.0465289070728
0.0512736811375
0.0338751295419
0.100651929769
0.0120904471037
0.0757955511033
0.0646957086349
0.067644018903
0.0288867097791
0.129287360977
-0.114025915258
0.070464612898
0.0178333564957
0.01724161083
0.012496175513
0.0863067867794
0.0452323305874
0.0670604353483
0.0672133782037
-0.0329940096838
0.0491272018746
0.112448386999
0.087493626811
-0.0526393100625
0.0982781491792
0.0523271627245
0.0402274519256
0.0142879289234
0.0310707297761
0.110732903623
-0.0296021534529
0.104722190667
0.0795894433714
0.0547840895545
0.0904675189665
0.0106431819458
0.0100840787871
0.0339773396992
-0.0375190976359
0.07036865592
-0.0204461264259
0.133684672976
-0.0366501073082
0.0710730263593
0.0290964622334
-0.0160138936416
0.0131357127361
0.022220545607
0.0962735339443
0.125855702166
0.0172310785744
-0.00643523089129
0.0194410397919
-0.0409594499878
-0.0517159406392
0.0811265609821
0.00342502702488
0.017826000359
0.0585708556785
-0.0633324716743
0.0766008232276
0.0446882624125
0.0720782923611
0.0816834299624
0.005740564352
0.0567361967497
0.0589914287095
0.13635380111
0.095027740825
0.133302496842
0.0279792348297
-0.0761767182513
-0.0226187399556
0.109983687451
0.0971188368259
0.0594268520693
0.0722873786627
0.0974590762869
-0.0242561132643
0.0567189785678
0.0763455051353
0.0191702037953
0.116349134815
-0.0133688368051
0.00586985763699
0.0610380193446
-0.0401181930302
0.0499524985114
0.12720982681
-0.0323404474958
0.090014481723
0.0177914523888
0.0188954352323
0.136472137742
0.0763118718827
-0.0194848854947
0.0482413233619
0.0838458220478
0.0366814320637
0.0112161112329
0.0912324439193
0.0369804069006
0.0596070106479
0.0173627759269
-0.0967980690271
0.0294357278124
0.0846275839322
0.0420474345866
0.0993197162872
0.00876408578159
0.0752656889725
0.122050624792
0.0586971728097
-0.0458593358373
0.0955210920769
0.112658556683
-0.0308822738769
0.0558538581096
0.0854167062657
0.0914111552598
0.121874555164
0.0501955530514
0.0483052715853
0.0866107704031
0.0466879871332
-0.0127055308218
0.0684338258226
-0.111819207877
7.12709049502e-05
-0.0104189484715
0.0684235247366
0.128478693499
0.0264732398631
0.0634037610143
0.100769207566
-0.0552423663019
0.0158274960708
0.0678070203274
0.0680535854972
-0.0308320582354
0.0125921894658
-0.0167803216374
0.0558496995271
0.00228241410623
0.065583359915
0.106813915825
-0.00424737066278
0.0317342232186
0.00502748528157
0.0777013030857
0.112723119074
0.0323427600841
0.0525839912765
0.0952827083662
0.063512392316
0.0472402092133
0.0487407086263
-0.00412235095428
0.10744062569
0.0579015007405
0.0214748122347
0.0115695972584
0.0358143549433
0.0988372350348
0.0811140842427
0.0239261198739
0.00628879676317
0.0690656052122
0.0171776893111
0.11375197046
0.0713286581873
0.118500169482
0.0111617383523
-0.0455241439661
0.00068314875663
0.0178174864924
-0.0584241561821
-0.0106725374208
0.129837988793
-0.0246424566181
0.00953499850553
-0.0166420498273
0.00633917070333
0.069300450021
-0.0394054922071
0.0527484579949
-0.0309960511281
0.057223766169
0.0158171402605
-0.00577124070603
0.0310914407328
0.0172528097308
0.000429049979361
-0.0243389001774
0.0540422492551
-0.00486057912733
0.0841284987158
0.0590558559927
0.115155217046
0.0688567162397
0.0121165815258
0.0383070246823
0.070837826654
-0.150046171416
0.0968138264331
0.104874776215
0.071373730074
0.0315339444617
0.0764523530665
0.0527848592859
-0.0402744221403
-0.0933799510381
-0.0669631701383
0.0867912275232
0.0534183288156
0.00972113227637
-0.00515366723423
-0.0623181699163
-0.0263786310107
0.0516537164567
0.0680500739703
0.128071678227
0.0471198434009
-0.030550935519
0.00233376595625
0.0632446722414
0.0790047088342
0.0363448714939
-0.00418800339141
0.00680409419752
0.077034060113
0.0445955386306
0.0883593279948
-0.0250120799158
0.00176726005596
-0.0476840509738
0.120012007842
0.0825398367709
0.0424635623078
-0.0122175823651
0.110189807482
0.0842404234003
0.0395387288395
0.108683284305
0.0830753551028
0.00362545896836
0.0270332761142
0.0224306281192
0.0647253772483
-0.0249502642882
0.0285594771676
0.0984474465366
0.0867241651548
-0.0942290813228
0.0932920081208
-0.0171585745671
0.0756434072928
0.0954045445421
0.0114104639379
-0.0451294505539
0.0872487054918
0.0331433712722
-0.0301517375845
0.0550329545407
-0.0128255655668
0.0933400569919
0.131791447325
0.115165659326
0.0136431611698
0.105042534005
0.00422604403075
0.0671432828964
0.0552186777413
-0.0377619879347
0.0238024342509
0.00985147155978
0.0353558989014
0.0617882685349
0.0156711319106
0.0296670971827
0.0308509391824
0.0766706986165
0.0944355022368
0.0327509260715
-0.0584573587462
0.125993712908
-0.0207691613225
0.0873290297805
0.0297527006136
0.0538513554114
0.0198231685247
0.0321636693938
0.0774292831733
0.0604235744075
0.0101243893937
0.0421334835819
0.0901056553015
0.036450740839
0.0891196298996
0.09770249634
-0.0223874105499
0.0538037368393
0.143781401585
0.0777746496657
0.0417391026592
0.0858461519171
0.0771239510708
0.00754747156982
0.0365162569795
0.060411265629
-0.0567483865398
0.0325726380658
-0.00521266092671
0.0856680772496
0.130019799935
0.0519594943989
0.0986428665944
0.0348913821203
0.0312810272888
0.0509199620911
0.0304029884495
0.0267011533377
-0.0117751324728
0.0717229649485
0.00873503104352
0.138191143837
0.0107715346604
0.0204080412968
0.0302916033538
0.0574344170032
0.0762756558164
0.0188398010263
0.0342248679368
0.111737279373
0.131907706114
-0.0506961040741
-0.0220230816753
0.084666038216
-0.0637152663427
0.126644269277
-0.0592713918604
0.107239923834
0.107758364732
-0.00235130554835
0.101608546574
0.0727151433803
0.0668883203378
0.0957383577828
0.0900178387688
0.0669334605258
0.0316524272638
0.0711581428642
-0.0207370719364
0.025053060195
0.0523791060541
0.0512996666402
-0.105274384481
0.0220150815842
0.0189024198788
0.0252837896104
0.00505346910461
0.0793481833033
0.0630376599851
0.050478023947
0.113100619232
-0.00508185120775
0.0878031101294
-0.0237051491576
0.0647487615438
0.12216675298
0.0592155497537
0.0746660356502
-0.0608604791345
0.0538285352413
0.0228559604475
0.0915241221658
0.048917930688
0.12775183724
0.0996286577157
0.0422176385933
0.0769418690284
0.0369244733568
0.0593884623342
0.0282765194241
0.0938066876793
-0.0202246751763
0.0185438018519
0.0462491606975
0.0726177568232
-0.0810199421667
0.0243476357733
0.0754481562006
-0.010802451072
0.00245539638731
0.112540962464
0.023015510163
-0.0531999909465
0.0326099960578
0.0485056347167
0.129614745273
0.125813515711
0.12175664322
0.104510683866
0.0219083159444
0.0841779797926
0.0894442931852
0.0126598998104
0.0457563559191
0.0662338697972
-0.0154409758955
0.108596286921
0.0932819972833
0.0851414031251
-0.0158451306535
0.0152743483007
0.0437252383252
0.0984031633702
0.0637256266051
0.0111029686714
0.0373800864
0.0467605415428
0.0259603219294
0.117334075632
-0.00968113974596
0.0540817701169
-0.0023241834832
0.125553192255
0.0892150707944
0.0322376076487
0.0131077762918
0.0967921196973
0.0418089678485
0.0736082135781
0.0580133862265
0.0826916550708
0.0299680036988
0.0371527900182
0.0494564206445
0.111265222097
0.0317112806018
0.0748541862579
0.00473193218562
0.0325714633651
0.0352507504865
0.044491485937
0.0630939845689
0.109720498095
0.0306142571396
0.0115532180186
0.0779982447809
0.0739667822136
0.10864906128
0.0599300038893
0.0472708824262
0.0685791469886
-0.0115263765384
0.0752067681269
0.0481113877443
-0.00453398744003
0.0840608301327
0.101895323441
0.0425785257597
0.089341817625
0.0355109492475
0.124415484759
0.0498514153399
0.0968947538831
0.0164397803756
-0.00478419686799
0.0102675356862
0.0295586628245
0.0789567730382
0.0129299955993
0.0736666770713
0.0904549124909
0.0504454578055
0.0128944185545
0.115846336068
0.0701841867993
0.0244756794445
0.062328194869
-0.043872571505
0.0871548755713
-0.0141339566242
0.0929467577091
0.0341608394476
0.0524692514601
0.0300151350007
0.0712467311906
0.0372580512757
0.00475796391162
0.0879531099788
0.0361939654379
-0.00473346584349
0.118568694169
-0.0371485955498
-0.0793407552813
0.00931111061907
-0.0630309163558
0.0771721807885
0.0226057594713
0.023594581106
0.0805483725831
0.0901984938673
0.0756353065048
0.121521911654
-0.0294705103746
-0.0101195893738
-0.0472502203151
0.0970776194086
0.0143840325829
0.00392560854268
0.0802734556525
0.104358027746
0.0551391143062
0.0421024532384
-0.0808380242956
0.114089906455
0.0300141652718
0.0013810239716
-0.0115070583396
-0.00751725822247
0.0124514911622
0.114337526077
-0.0855154133828
0.0933994930813
0.0689035033055
0.0743958020241
0.135683266422
0.0401391830661
0.0676345212529
0.0256410605576
0.123085737425
-0.020683292773
0.0948396709401
0.0783998436479
0.130622203409
0.0966255551108
0.0778030384128
0.0502969563564
-0.0105830436285
0.0720980286827
0.115574805541
-0.0130311657415
0.110637573002
0.0195439203121
0.0944002578029
0.0993787243673
0.101949724701
0.0413187632022
0.0227513741428
0.113298335735
-0.0129060243655
-0.0394736887877
0.00309188090798
-0.0096435143805
-0.0413834748805
-0.00132516880502
0.114220769787
0.0558574899919
0.0746479808661
0.119589292912
0.0579171221655
-0.0145541682112
0.0711933874268
0.133106432181
0.0407874601691
0.0152702039108
0.0340437117881
0.0330074378284
0.117419418946
-0.0409566009076
0.0492433198254
0.0501799737932
-0.00121946414677
0.0922499113446
0.110462303997
0.103647782703
-0.0142101511633
0.0454602997441
0.141382534551
0.0261020134165
-0.0192881138913
0.105499954895
0.0469960433532
0.044641974987
0.0585247282323
-0.038764777947
0.129669099084
0.129737914716
0.103043901484
0.0122511565592
0.0456240848485
0.0325666772214
0.125617337827
0.104700128936
-0.059665267923
0.100694259193
0.0664834553917
0.064285728603
0.0529557881357
0.0553321024675
0.0423637557496
0.00480441048373
0.0596799144351
0.120865704983
-0.0263504638346
0.102026657229
0.0794579857807
-0.00179010700805
0.055477370028
0.0796871845647
0.00882811641776
0.0929830254147
0.0670681293155
0.122670204405
0.146939646977
0.0606314644862
0.133372471767
0.0713294287519
